START 19044 3348 2076 71 8629 25084 END
START 21660 -808 3384 -628 -1789 25012 END
START 16736 -1796 15624 -149 -6110 22478 END
START 32767 324 14972 1120 -4406 15683 END
START 32767 2320 13212 1082 1204 3988 END
START 32767 1452 9876 -2118 5309 -7755 END
START 32640 -320 10440 -3503 4754 -15462 END
START 32596 -1528 10652 -3887 3810 -22307 END
START 32767 -2804 10480 -4306 4805 -29897 END
START 32767 -4828 9268 -5422 7070 -32768 END
START 28972 -9168 9784 -6523 6519 -32768 END
START 25188 -12212 11344 -6054 3377 -32768 END
START 23124 -15508 11100 -6576 1139 -32768 END
START 22196 -18428 12196 -7029 -2285 -32768 END
START 19840 -22832 13956 -7502 -4055 -32768 END
START 10384 -27184 16112 -7528 -6027 -32768 END
START 2320 -28088 20060 -5349 -10314 -32768 END
START -2216 -27932 22612 -2636 -13365 -32768 END
START -4216 -27880 22260 -2031 -11952 -32768 END
START -7672 -27372 22484 -3450 -8970 -32768 END