START 8856 5684 16464 1076 -2365 3293 END
START 11952 1168 7012 2332 -1938 3041 END
START 12224 7220 14096 1277 -2643 2618 END
START 8396 4300 18212 2302 -1954 2202 END
START 12028 4768 14152 2358 -2123 1868 END
START 9640 4812 17484 2590 -2530 1502 END
START 11296 5284 15640 2725 -2304 1173 END
START 10616 5092 15824 3016 -2357 730 END
START 11248 5156 15552 3305 -1748 397 END
START 11172 4928 15244 3612 -1570 -7 END
START 10320 4836 15352 3836 -1115 -302 END
START 10620 4864 14072 4051 -911 -540 END
START 9440 4736 14948 4092 -915 -749 END
START 10348 4840 13032 4024 -669 -829 END
START 10412 4896 12708 3818 -748 -793 END
START 9424 4876 13568 3434 -727 -718 END
START 10608 5220 12088 3019 -667 -640 END
START 10492 5368 12684 2547 -672 -559 END
START 11716 5468 12080 2059 -520 -554 END
START 12500 5140 12152 1631 -479 -605 END
START 13168 4856 12012 1349 -393 -741 END
START 13884 4712 11828 1065 -581 -1070 END
START 14056 4668 12340 771 -892 -1505 END
START 15012 4696 12104 519 -1321 -1973 END
START 15340 4672 12636 253 -1706 -2486 END
START 16576 4620 12220 18 -1977 -3047 END
START 16936 4492 13124 -263 -2310 -3627 END
START 18248 4180 12808 -452 -2492 -4245 END
START 18512 3840 13556 -664 -2718 -4826 END
START 19512 3680 13740 -714 -2864 -5566 END
START 20200 3280 14220 -755 -3035 -6308 END
START 21160 3036 14532 -683 -3038 -7102 END
START 22092 2740 14504 -599 -3026 -7956 END
START 23168 2268 14640 -480 -2892 -8848 END
START 24228 1808 14596 -284 -2765 -9822 END
START 25104 1532 14436 -119 -2657 -10870 END
START 25460 1320 13728 73 -2517 -11965 END
START 25964 1248 13648 234 -2551 -13200 END
START 26212 1320 12820 301 -2577 -14457 END
START 25932 1124 12252 320 -2686 -15735 END
START 25812 1128 11680 192 -2877 -17024 END
START 25104 1008 11112 -76 -3112 -18237 END
START 24544 1004 10896 -403 -3417 -19374 END
START 24092 804 10664 -839 -3758 -20364 END
START 23532 568 10576 -1335 -4121 -21264 END
START 23220 308 10616 -1852 -4448 -22049 END
START 23004 160 10928 -2333 -4778 -22874 END
START 22760 -132 11180 -2722 -5017 -23623 END
START 22636 -420 11556 -3065 -5297 -24369 END
START 22464 -784 11868 -3226 -5571 -25147 END
START 22052 -1148 12196 -3356 -5889 -25989 END
START 21772 -1336 12340 -3430 -6230 -26857 END
START 21344 -1600 12336 -3453 -6573 -27741 END
START 21056 -1820 12456 -3509 -6945 -28621 END
START 20652 -1996 12220 -3600 -7373 -29459 END
START 20204 -2300 12340 -3695 -7878 -30292 END
START 19768 -2380 12472 -3829 -8508 -31086 END
START 19584 -2584 12248 -4037 -9203 -31963 END
START 19532 -2684 12360 -4289 -9969 -32768 END
START 19564 -2696 12184 -4506 -10716 -32768 END
START 19228 -2912 12840 -4834 -11764 -32768 END
START 19104 -3044 13056 -5121 -12769 -32768 END
START 18912 -3084 13436 -5402 -13926 -32768 END
START 18452 -3096 13968 -5654 -15237 -32768 END
START 17984 -3344 14092 -5893 -16610 -32768 END
START 17160 -3408 14584 -6122 -18025 -32768 END
START 16284 -3744 15136 -6346 -19483 -32768 END
START 15696 -4472 14932 -6093 -20929 -32768 END
START 14736 -3364 16452 -6770 -22470 -32768 END
START 13468 -3812 16104 -6721 -23479 -32768 END
START 12868 -4020 16480 -6931 -24360 -32768 END
START 12092 -4100 16732 -6919 -24987 -32768 END
START 11468 -4084 17100 -7035 -25353 -32768 END
START 11088 -3788 16876 -7243 -25529 -32768 END
START 10476 -3776 16936 -7417 -25332 -32768 END
START 10228 -3776 17412 -7689 -24974 -32768 END
START 9588 -3664 17196 -7965 -24438 -32768 END
START 9096 -3700 17320 -8313 -23739 -32768 END
START 8192 -4140 17316 -8534 -22836 -32768 END
START 7104 -4252 17496 -8760 -21904 -32768 END
START 5520 -4264 17788 -8939 -21158 -32768 END
START 3908 -4308 18104 -9169 -20468 -32768 END
START 2104 -3796 18200 -9416 -19873 -32768 END
START 412 -3448 18420 -9642 -19299 -32768 END
START -1140 -3272 18552 -9950 -18780 -32768 END
START -2592 -3336 18868 -10214 -18399 -32768 END
START -3896 -3448 19168 -10546 -18216 -32768 END
START -4868 -3756 19568 -10813 -18106 -32768 END
START -5944 -3908 20192 -11044 -18072 -32768 END
START -7600 -4216 21348 -11172 -18256 -32768 END
START -8608 -4460 22132 -11300 -18611 -32768 END
START -9920 -4884 23548 -11224 -19150 -32768 END
START -11116 -4996 24520 -11056 -20036 -32768 END
START -12432 -5168 25880 -10842 -20941 -32768 END
START -13528 -5060 26900 -10510 -21748 -32768 END
START -14972 -4880 28776 -10061 -22496 -32768 END
START -16088 -4676 30336 -9429 -23134 -32768 END
START -17092 -4712 31632 -8657 -23265 -32768 END
START -17992 -4868 32660 -7619 -23085 -32768 END
START -18924 -5028 32767 -6460 -22520 -32768 END
START -19516 -5116 32767 -5067 -21799 -32768 END
START -20280 -5236 32767 -3598 -20784 -32768 END
START -21360 -5064 32767 -2141 -19493 -32768 END
START -23156 -4620 32767 -648 -18133 -32768 END
START -24232 -4112 32767 771 -17083 -32699 END
START -25400 -3756 32452 1918 -16019 -30880 END
START -26328 -3404 31724 2915 -15378 -28907 END
START -27000 -2956 31060 3920 -14977 -26867 END
START -27412 -2556 29920 4715 -14737 -24889 END
START -27580 -2044 28700 5461 -14687 -22781 END
START -27664 -1884 27948 6169 -14605 -20689 END
START -27340 -1596 26920 6732 -14659 -18635 END
START -26556 -1084 25568 7139 -14575 -16693 END
START -25796 -632 24276 7534 -14398 -14918 END
START -24980 -372 23320 7845 -14043 -13329 END
START -24376 -52 22204 8016 -13764 -11739 END
START -23712 584 21304 7973 -13351 -10329 END
START -23108 732 20504 7852 -12827 -8898 END
START -22684 1032 19784 7598 -12298 -7553 END
START -22088 1116 19116 7355 -11662 -6180 END
START -21316 1448 17912 7005 -10768 -4926 END
START -20608 1684 17192 6681 -9666 -3558 END
START -19684 2264 16916 6274 -8514 -2305 END
START -18732 2268 16020 5804 -7254 -1191 END
START -17648 2288 16088 5260 -6142 -153 END
START -16620 2300 16232 4854 -5227 689 END
START -15784 2792 16452 4254 -4251 1430 END
START -14300 2280 17368 3412 -3801 2001 END
START -12100 864 12400 3350 -2847 2488 END
START -12384 3156 16316 3260 -1882 3001 END
START -11520 2928 15188 2758 -1367 3524 END