START 24708 5896 2700 1397 -1446 12599 END
START 18508 -1108 7576 -183 -7893 10443 END
START 16212 -1124 11736 -718 -9045 9044 END
START 18172 -1980 14944 -891 -7119 7317 END
START 18780 -2880 17280 226 -5559 5006 END
START 20596 -3336 18652 3121 -5903 3509 END
START 25056 -3164 16312 4640 -6681 -1276 END
START 31768 -2920 13112 3508 -5702 -10071 END
START 32767 -4132 10800 907 -3415 -20442 END
START 32632 -6588 10716 -2068 -914 -29888 END
START 32767 -8504 11144 -2928 2214 -32768 END
START 32767 -11804 8348 -4848 7252 -32768 END
START 30164 -15464 8700 -4840 9672 -32768 END
START 29552 -17908 8776 -3415 6568 -32768 END
START 18976 -23216 6512 -7300 714 -32768 END
START 11288 -27968 12220 -7661 -6859 -32768 END
START 4284 -30768 13548 -6579 -10880 -32768 END
START -9596 -32188 16036 -5095 -13606 -32768 END
START -23876 -32768 21316 -6620 -12440 -32768 END
START -32768 -32768 26244 -4840 -8629 -32768 END
START -32768 -31196 27048 -2444 -5102 -32768 END