START 32767 296 5872 1129 2133 15896 END
START 30220 -656 9684 -1341 -7768 8604 END
START 27492 -2956 15648 -1380 -6682 1103 END
START 32767 -1448 13644 -2122 -6905 -6982 END
START 32767 -1776 13700 -2035 -5641 -17459 END
START 32767 -4136 11068 -3110 -861 -28247 END
START 32556 -7188 10908 -4704 2068 -32768 END
START 30964 -9280 12388 -6138 3236 -32768 END
START 28296 -11632 15040 -6093 2987 -32768 END
START 27344 -13652 15432 -6032 2604 -32768 END
START 23228 -17388 16096 -5752 3530 -32768 END
START 19180 -19960 15724 -5217 4043 -32768 END
START 10792 -24028 14976 -4900 678 -32768 END
START 3044 -25068 17472 -3430 -6284 -32768 END
START -2652 -25112 19908 -1407 -11122 -32768 END
START -7372 -25024 19588 -484 -11339 -32768 END
START -19208 -26084 19720 39 -9052 -32768 END
START -30908 -27500 19696 668 -7772 -32768 END