START 27296 3352 4660 9952 51 1728 END
START 3372 1520 14028 9387 -4128 -4001 END
START 8792 92 9188 5890 -1424 -7447 END
START 16664 -1096 6740 2355 -1294 -9048 END
START 18528 -1140 9544 579 -2312 -11614 END
START 20192 -2928 10528 -138 -1414 -14044 END
START 23416 -3156 11044 -1101 477 -17591 END
START 23172 -4396 11076 -2369 2219 -22445 END
START 21748 -6028 11584 -3535 1730 -26011 END
START 23112 -6580 12192 -4649 461 -30616 END
START 22364 -8720 13572 -6000 1816 -32768 END
START 18300 -11472 15256 -7367 3510 -32768 END
START 16484 -12520 16840 -7791 4603 -32768 END
START 13444 -13704 18208 -8051 5368 -32768 END
START 5460 -15004 21080 -6162 2010 -32768 END
START -2432 -16144 22748 -2801 -6402 -32768 END
START -9552 -16168 23800 -126 -14211 -32768 END
START -16328 -15856 26024 1102 -15580 -32768 END
START -25948 -16472 26924 1689 -10082 -32768 END