START 32767 10900 8540 -3936 -649 17354 END
START 32767 -3940 9836 -2367 -8350 10058 END
START 32767 -2228 12160 -548 -8947 -990 END
START 32767 -2896 11480 -1973 -5132 -12194 END
START 32767 -5396 14004 -4545 495 -21838 END
START 30760 -8324 14372 -5585 3401 -29537 END
START 27124 -10088 17400 -4681 2153 -32768 END
START 29908 -10004 16040 -4253 769 -32768 END
START 31004 -10936 15224 -5039 589 -32768 END
START 29096 -14652 13980 -5829 781 -32768 END
START 22660 -20120 14504 -7026 -773 -32768 END
START 17940 -23300 16904 -6040 -169 -32768 END
START 12408 -25268 16724 -4824 -159 -32768 END
START 6684 -26664 16864 -3830 -4127 -32768 END
START 2188 -28180 19272 -3396 -7324 -32768 END
START -6988 -29048 21772 -1026 -11304 -32768 END
START -16344 -28504 23872 1420 -13608 -32768 END
START -19808 -25220 21852 3007 -11258 -32768 END