START 32767 11612 -5300 1722 6281 25566 END
START 32767 1292 -7712 -3062 4051 19434 END
START 32767 276 1064 -5457 1864 12082 END
START 32767 1072 4140 -5121 299 5170 END
START 29612 1172 6592 -5361 2803 -2995 END
START 28800 88 2632 -7277 6979 -9633 END
START 27436 -428 1936 -10571 9521 -14789 END
START 23064 -1992 2208 -13427 8871 -19737 END
START 23124 -2712 5888 -15502 6091 -24531 END
START 24164 -3420 12712 -15116 2733 -30692 END
START 26960 -4052 16592 -13944 -2367 -32768 END
START 27760 -5892 18784 -13240 -8422 -32768 END
START 20596 -11224 25088 -10077 -15068 -32768 END
START 16728 -11656 27456 -6145 -19684 -32768 END
START 21952 -11564 27132 -5055 -16433 -32768 END
START 19912 -14620 25096 -7028 -9041 -32768 END
START 7904 -19684 26948 -7238 -5656 -32768 END
START -3208 -21928 29504 -3117 -6184 -32768 END