START 31828 8408 8208 5303 12337 4526 END
START 21168 1812 11732 377 9081 -6022 END
START 11744 -1652 15468 -1343 6111 -11102 END
START 11240 -2424 17668 -1207 3717 -12783 END
START 16740 -1952 16188 -409 6950 -16395 END
START 17664 -2448 15320 -606 8629 -21433 END
START 19360 -3088 15148 -296 7763 -29240 END
START 16864 -4976 15984 975 3193 -32768 END
START 16608 -6496 18028 2519 -39 -32768 END
START 15764 -7764 19304 4512 101 -32768 END
START 9676 -8940 17136 4519 2145 -32768 END
START 4256 -8724 16292 3148 1245 -32768 END
START 940 -9064 16188 1400 -16 -32768 END
START -9648 -11496 21224 876 -47 -32768 END
START -17656 -14716 23176 4051 2699 -32768 END
START -26060 -17684 22648 8004 1766 -32768 END
START -31112 -17444 20032 10964 1895 -32056 END
START -31088 -14884 15680 11581 2051 -21675 END