START 10124 6040 12392 -763 687 -1287 END
START 10044 1312 6300 723 1303 -1100 END
START 14420 8572 9240 -1222 956 -1341 END
START 8392 4944 13856 -204 889 -1453 END
START 10056 5340 11028 -645 1004 -1382 END
START 9328 5560 11692 -848 -41 -1387 END
START 7920 5512 12852 -1046 -166 -1281 END
START 9732 5396 10568 -1176 -490 -1217 END
START 8076 5084 13044 -1285 -862 -1114 END
START 9676 5056 11048 -1337 -956 -975 END
START 8760 4508 12908 -1421 -1406 -838 END
START 9536 4412 12132 -1419 -1490 -712 END
START 8836 4120 13336 -1457 -1910 -654 END
START 9132 3984 13052 -1408 -2191 -534 END
START 8940 4048 13328 -1358 -2440 -314 END
START 9124 3764 13396 -1241 -2838 -99 END
START 8956 3520 13688 -1116 -2895 195 END
START 9580 3396 12996 -1022 -3072 430 END
START 9316 3364 13656 -1006 -2959 703 END
START 10252 3412 13008 -985 -2985 867 END
START 10236 3384 13596 -1021 -2992 1006 END
START 11484 3344 13088 -1034 -2933 1039 END
START 11888 3180 13584 -1110 -2968 1027 END
START 13144 3204 13060 -1187 -2842 847 END
START 13680 3036 13688 -1279 -2839 606 END
START 14628 2840 13560 -1385 -2757 273 END
START 15304 2628 14100 -1422 -2788 -137 END
START 16236 2408 13952 -1377 -2591 -513 END
START 17188 2260 13860 -1335 -2519 -965 END
START 18044 2020 14112 -1217 -2379 -1483 END
START 19284 2148 13860 -1160 -2319 -2135 END
START 20192 2012 13796 -1111 -2228 -2861 END
START 21396 2004 13260 -1108 -2147 -3745 END
START 22008 1916 13048 -1159 -2086 -4738 END
START 22804 1700 12544 -1234 -1959 -5691 END
START 23036 1468 12404 -1360 -1843 -6742 END
START 23420 1300 11752 -1505 -1702 -7765 END
START 23408 1124 11528 -1653 -1626 -8721 END
START 23480 1012 10828 -1803 -1554 -9710 END
START 23240 1012 10192 -2014 -1609 -10634 END
START 23472 1080 9744 -2310 -1742 -11562 END
START 23636 1140 8984 -2704 -1954 -12486 END
START 23880 1076 8452 -3142 -2098 -13490 END
START 24124 1092 8208 -3706 -2273 -14500 END
START 24120 964 8004 -4211 -2384 -15529 END
START 24364 1088 8164 -4758 -2537 -16473 END
START 24232 1140 8020 -5280 -2640 -17496 END
START 24636 1148 8216 -5774 -2851 -18469 END
START 24816 1036 8324 -6183 -2956 -19546 END
START 25200 1036 8604 -6551 -3069 -20573 END
START 25272 916 8876 -6828 -3173 -21765 END
START 25248 896 8968 -7044 -3327 -22923 END
START 25024 940 9208 -7261 -3461 -24037 END
START 24816 936 9444 -7383 -3669 -25131 END
START 24576 732 9456 -7562 -3868 -26253 END
START 24352 780 9776 -7712 -4123 -27319 END
START 24312 848 9776 -7809 -4445 -28374 END
START 24148 868 10068 -7945 -4834 -29466 END
START 24428 824 9820 -8092 -5176 -30599 END
START 24568 828 9840 -8269 -5529 -31828 END
START 24724 684 9684 -8478 -5878 -32768 END
START 24560 568 9532 -8708 -6277 -32768 END
START 24272 380 9332 -8928 -6733 -32768 END
START 23776 212 9304 -9233 -7354 -32768 END
START 23268 20 9592 -9653 -8149 -32768 END
START 22484 0 9820 -10059 -9048 -32768 END
START 21744 -48 10140 -10488 -10010 -32768 END
START 21376 -192 10500 -10877 -11077 -32768 END
START 21160 -368 10964 -11237 -12140 -32768 END
START 20776 -668 11332 -11549 -13213 -32768 END
START 20404 -880 11884 -11778 -14203 -32768 END
START 19500 -1352 12548 -12000 -15187 -32768 END
START 18564 -1692 12920 -12231 -16076 -32768 END
START 17532 -2088 13248 -12495 -16860 -32768 END
START 16364 -2464 13668 -12723 -17529 -32768 END
START 14908 -3156 14048 -12940 -18029 -32768 END
START 13300 -3768 14708 -13185 -18399 -32768 END
START 11640 -4432 15276 -13316 -18514 -32768 END
START 8960 -5156 16088 -13344 -18445 -32768 END
START 6712 -4828 16708 -13348 -18173 -32768 END
START 4608 -4372 17252 -13289 -17730 -32768 END
START 2924 -4132 17528 -13229 -17050 -32768 END
START 1284 -4168 17724 -13136 -16035 -32768 END
START -264 -4168 17916 -13032 -14937 -32768 END
START -2000 -4212 18036 -12975 -13735 -32768 END
START -3596 -4244 18324 -12900 -12677 -32768 END
START -5188 -4116 18404 -12847 -11690 -32768 END
START -7148 -4064 18460 -12849 -10771 -32768 END
START -8600 -4152 18604 -12898 -9983 -32768 END
START -9740 -4064 18968 -12937 -9285 -32768 END
START -10800 -4032 19388 -13087 -8743 -32768 END
START -11576 -3956 19640 -13193 -8098 -32768 END
START -12152 -3932 20240 -13272 -7525 -32768 END
START -12548 -4036 20396 -13330 -6775 -32768 END
START -12904 -4120 21092 -13266 -6067 -32768 END
START -13540 -4588 22440 -13118 -5524 -32768 END
START -14332 -4852 23480 -12842 -5187 -32768 END
START -14964 -4912 24412 -12405 -5058 -32768 END
START -15808 -4928 25380 -11801 -5225 -32768 END
START -16256 -5076 26484 -11103 -5529 -32768 END
START -17460 -5220 26844 -10249 -5777 -32768 END
START -18676 -5056 27532 -9289 -6128 -32768 END
START -19908 -5004 28336 -8411 -6738 -32768 END
START -21220 -5140 28980 -7361 -7424 -32755 END
START -23048 -4984 28548 -6175 -7550 -31431 END
START -24168 -4312 29760 -5070 -8321 -29914 END
START -24700 -4268 29312 -3934 -8812 -28406 END
START -25604 -4092 29532 -2822 -9252 -26985 END
START -26068 -4072 29084 -1738 -9656 -25485 END
START -27428 -3404 28520 -549 -9314 -23742 END
START -27792 -2760 28712 279 -9709 -21854 END
START -28184 -2308 27764 1245 -9624 -19944 END
START -28624 -2068 26636 1902 -9323 -17998 END
START -28788 -1808 25884 2600 -8952 -15990 END
START -28284 -1452 24808 3073 -8625 -13969 END
START -29096 -724 23360 3604 -7745 -11814 END
START -28616 -152 23792 3896 -7452 -9681 END
START -28044 84 22244 4119 -6936 -7635 END
START -27728 336 21548 4303 -6375 -5713 END
START -26968 496 20772 4437 -5973 -3726 END
START -25780 756 19688 4486 -5548 -1827 END
START -24568 1124 19192 4438 -5120 -32 END
START -23752 1360 18776 4368 -4679 1592 END
START -22236 1532 18136 4267 -4224 3131 END
START -20692 1672 17736 4109 -3752 4496 END
START -18868 1972 17116 3852 -3254 5707 END
START -16388 2328 16720 3608 -2675 6747 END
START -14368 2552 16668 3360 -2079 7558 END
START -12588 2756 16560 3087 -1548 8203 END
START -10608 2940 16532 2835 -1098 8639 END
START -8852 3340 16496 2566 -748 8834 END
START -7580 3508 16632 2367 -451 8875 END
START -5776 3864 16528 2105 -139 8717 END
START -4324 4388 16672 1928 78 8457 END
START -2984 4740 16952 1746 395 8106 END
START -1792 5088 16972 1662 664 7634 END
START -704 5412 17284 1605 843 7080 END
START 240 5456 17520 1615 998 6422 END
START 1068 5560 17508 1730 1043 5670 END
START 952 5608 18156 1908 806 4923 END
START 1504 5892 17996 2122 698 4155 END
START 120 5496 18796 2448 -129 3477 END