START 11256 4780 2980 205 3293 26736 END
START 14596 -360 7844 1241 -5478 28245 END
START 21256 540 13132 866 -8104 25399 END
START 31568 3444 14832 98 -4764 15685 END
START 32767 4968 14108 -307 -1108 2480 END
START 32767 4272 11116 -1097 -2467 -11152 END
START 32767 2768 11448 -1918 -5390 -22869 END
START 32767 804 10932 -2933 -4650 -32768 END
START 32767 -1084 10348 -5100 -710 -32768 END
START 32767 -3808 10428 -7845 5409 -32768 END
START 32767 -7536 9648 -10306 11920 -32768 END
START 32767 -13100 12148 -11018 14255 -32768 END
START 19232 -18112 18924 -6543 6730 -32768 END
START 8064 -24616 21144 1126 -3351 -32768 END
START -1152 -25704 21584 7828 -12034 -32768 END
START -12240 -23700 17188 10681 -13850 -32768 END