START 32767 10012 8688 -1312 -1307 5630 END
START 32767 1948 10216 -1967 -5915 -3718 END
START 32767 1548 13112 -1416 -5986 -13408 END
START 30824 -604 16348 -287 -7432 -22211 END
START 32632 -2076 15372 1198 -12119 -30621 END
START 27564 -4052 18928 1493 -13584 -32768 END
START 30052 -5084 16444 665 -9237 -32768 END
START 32767 -6516 14004 -821 -3199 -32768 END
START 32767 -8868 13576 -2194 -1022 -32768 END
START 31976 -14024 11664 -3832 -438 -32768 END
START 29696 -16916 9348 -5847 -413 -32768 END
START 22500 -21240 10892 -7627 -919 -32768 END
START 10284 -23728 13840 -6283 -3487 -32768 END
START 1648 -23272 15464 -3658 -7352 -32768 END
START -1360 -22424 15068 -2679 -9184 -32768 END
START -7636 -22716 14700 -3711 -8044 -32768 END