START 32767 5832 10264 -1427 -4243 13541 END
START 32767 -4976 12812 -570 -7426 5705 END
START 32767 -2624 13116 -21 -5725 -5404 END
START 32767 -2176 12684 -666 -3601 -18758 END
START 32767 -5728 13496 -2718 -917 -31604 END
START 32767 -9216 16544 -3212 1091 -32768 END
START 32767 -12032 17876 -2934 3120 -32768 END
START 32767 -14476 14180 -4696 9350 -32768 END
START 32767 -23948 12352 -8135 17752 -32768 END
START 31192 -31712 10676 -9689 19129 -32768 END
START 19352 -32768 10672 -7877 19013 -32768 END
START 3228 -32768 15372 -2869 13878 -32768 END
START -14844 -32768 21492 5277 2813 -32768 END
START -29452 -32768 25768 15277 -8662 -32768 END