START 15848 3772 13464 4697 1256 13492 END
START 19224 -2072 -588 6601 2142 13470 END
START 19756 5828 7836 4734 1561 12995 END
START 13660 4040 15976 5691 1438 12548 END
START 18628 4396 8544 5402 1079 12497 END
START 15960 4620 11844 5041 5 11920 END
START 18016 4876 9420 4633 61 11515 END
START 19056 4552 8564 4290 -247 11039 END
START 19260 4152 9348 3852 28 10568 END
START 21236 3964 7116 3442 360 10129 END
START 20356 3564 8568 3034 670 9582 END
START 22516 3820 6184 2562 1357 9086 END
START 21528 3808 7824 2022 1655 8428 END
START 21840 3916 7640 1437 2173 7769 END
START 23300 4328 6656 802 2443 6999 END
START 22876 4276 7772 153 2673 6190 END
START 23640 4080 7220 -394 3083 5410 END
START 23524 3864 7780 -933 3109 4592 END
START 23016 3632 8632 -1349 3228 3842 END
START 23000 3464 9100 -1635 2944 3092 END
START 22560 3216 10120 -1783 2683 2446 END
START 23044 3172 9984 -1831 2321 1905 END
START 22856 2904 10820 -1844 2004 1398 END
START 23456 2756 10640 -1819 1692 901 END
START 23496 2664 11096 -1820 1351 368 END
START 24268 2628 10872 -1761 1040 -171 END
START 24492 2416 11520 -1746 662 -799 END
START 25336 2264 11360 -1685 400 -1454 END
START 25796 2228 11420 -1657 36 -2151 END
START 26440 2172 11128 -1596 -249 -3006 END
START 27004 2188 10972 -1608 -527 -3918 END
START 27548 2140 10620 -1655 -659 -4879 END
START 28060 2148 10192 -1722 -693 -5962 END
START 27824 2028 10144 -1872 -825 -7090 END
START 28008 1828 9636 -2073 -890 -8148 END
START 27944 1868 9516 -2237 -1047 -9186 END
START 27696 1588 9396 -2508 -1212 -10216 END
START 27868 1608 9044 -2790 -1371 -11215 END
START 27632 1572 9028 -3074 -1557 -12189 END
START 27864 1532 8788 -3359 -1835 -13202 END
START 28188 1252 8764 -3641 -2034 -14301 END
START 28272 1100 8900 -3899 -2258 -15408 END
START 28328 800 8580 -4092 -2482 -16550 END
START 28444 700 8464 -4388 -2606 -17705 END
START 28384 568 8384 -4663 -2674 -18862 END
START 28368 544 8248 -4894 -2682 -19973 END
START 28056 532 7896 -5140 -2696 -21115 END
START 27716 300 7780 -5464 -2706 -22256 END
START 27436 132 7344 -5752 -2749 -23362 END
START 27016 -76 7288 -6131 -2762 -24436 END
START 26620 -320 6692 -6529 -2826 -25464 END
START 25944 -512 6600 -7035 -2941 -26482 END
START 25596 -604 6492 -7569 -3179 -27412 END
START 25200 -744 6584 -8126 -3424 -28354 END
START 24896 -824 6844 -8658 -3685 -29264 END
START 24600 -996 7264 -9169 -4067 -30162 END
START 24312 -1180 7600 -9597 -4391 -31112 END
START 24024 -1420 7892 -9943 -4776 -32065 END
START 23776 -1600 8392 -10149 -5101 -32768 END
START 23396 -1736 9028 -10322 -5496 -32768 END
START 23408 -1928 9240 -10426 -5894 -32768 END
START 23176 -2176 9484 -10553 -6290 -32768 END
START 22724 -2396 9552 -10681 -6601 -32768 END
START 22248 -2620 9692 -10809 -6904 -32768 END
START 21872 -2804 9736 -11008 -7228 -32768 END
START 21348 -2992 9868 -11235 -7478 -32768 END
START 20552 -3208 9968 -11500 -7749 -32768 END
START 20180 -3264 10080 -11795 -7931 -32768 END
START 19616 -3580 9956 -12088 -8007 -32768 END
START 19044 -3692 10060 -12395 -7978 -32768 END
START 18304 -4044 9972 -12721 -7842 -32768 END
START 17344 -4484 10372 -13076 -7807 -32768 END
START 15616 -4892 10860 -13401 -7894 -32768 END
START 14392 -4956 11176 -13686 -8056 -32768 END
START 12768 -5056 11600 -13967 -8221 -32768 END
START 11296 -5200 11772 -14144 -8419 -32768 END
START 9660 -5416 12172 -14567 -8831 -32768 END
START 7972 -5536 12868 -14778 -9400 -32768 END
START 6400 -5664 13472 -14739 -10044 -32768 END
START 5096 -5956 14276 -14692 -10817 -32768 END
START 4088 -5964 14744 -14864 -11529 -32768 END
START 2904 -6112 15536 -15011 -12154 -32768 END
START 1904 -6140 16452 -15189 -12751 -32768 END
START 940 -6624 17328 -15285 -13342 -32768 END
START -260 -7040 18360 -15348 -13702 -32768 END
START -1772 -7104 19288 -15258 -14010 -32768 END
START -2880 -7064 20228 -15128 -14180 -32768 END
START -4060 -7052 20392 -15012 -13935 -32768 END
START -5696 -6724 21400 -14572 -13499 -32768 END
START -6864 -6580 22000 -14505 -13140 -32768 END
START -7920 -6320 22852 -13970 -12612 -32768 END
START -8764 -6656 22104 -13727 -11799 -32768 END
START -10452 -5932 23644 -13338 -11039 -32768 END
START -10780 -6036 23796 -13042 -10684 -32768 END
START -11784 -5944 23976 -12720 -10307 -32768 END
START -12596 -5964 24228 -12404 -9987 -32768 END
START -13080 -6016 25124 -12021 -9968 -32768 END
START -14292 -6160 24424 -11575 -9645 -32768 END
START -15280 -5872 26380 -11165 -10250 -32768 END
START -15716 -6212 26192 -10696 -10778 -32768 END
START -16464 -6116 26184 -10210 -11266 -32768 END
START -16912 -6276 26544 -9742 -11705 -32768 END
START -17544 -6028 26940 -9316 -12179 -32768 END
START -18196 -5808 27564 -8765 -12670 -32768 END
START -19016 -5632 28000 -8229 -13199 -32768 END
START -19368 -5524 28164 -7567 -13608 -32768 END
START -19648 -5524 28072 -6942 -13956 -31823 END
START -20028 -5336 28164 -6235 -14192 -30662 END
START -20316 -4812 28100 -5569 -14445 -29469 END
START -20564 -4364 27848 -4949 -14586 -28231 END
START -20504 -4004 27460 -4411 -14539 -26973 END
START -20260 -3688 27056 -3963 -14233 -25827 END
START -19988 -3488 26476 -3614 -13719 -24621 END
START -20032 -3352 26136 -3330 -12982 -23450 END
START -20136 -2960 26056 -3148 -12172 -22255 END
START -20512 -2800 25648 -2924 -11363 -20995 END
START -20916 -2452 25740 -2656 -10672 -19672 END
START -21288 -2236 25804 -2278 -10250 -18265 END
START -21448 -1928 25932 -1860 -10093 -16870 END
START -21352 -1768 25812 -1427 -10087 -15521 END
START -20956 -1344 25964 -864 -10150 -14126 END
START -20472 -1112 25676 -286 -10269 -12852 END
START -19816 -896 25832 399 -10310 -11625 END
START -19052 -664 25468 1040 -10266 -10516 END
START -18176 -280 24972 1733 -10063 -9469 END
START -17336 48 24516 2346 -9805 -8560 END
START -16732 380 24124 2965 -9572 -7683 END
START -16020 668 23492 3505 -9375 -6853 END
START -15500 888 22804 3962 -9388 -6101 END
START -14788 1280 21772 4387 -9469 -5415 END
START -13772 1668 20908 4662 -9558 -4774 END
START -12780 2004 19848 4867 -9530 -4235 END
START -11848 2264 19028 4959 -9426 -3697 END
START -11056 2592 18296 4977 -9286 -3241 END
START -10216 2876 17696 4947 -8985 -2827 END
START -9536 3080 17308 4918 -8652 -2405 END
START -8792 3388 16824 4854 -8259 -2083 END
START -8148 3656 16524 4852 -7813 -1757 END
START -7208 4000 15924 4850 -7188 -1472 END
START -6696 4220 15496 4739 -6428 -1185 END
START -6044 4512 15284 4625 -5695 -981 END