START 32767 5688 8672 13969 -1335 28897 END
START 32536 2292 6420 11738 -6446 23019 END
START 32767 5540 3840 8092 -1740 13284 END
START 32767 5160 4476 2113 5066 3326 END
START 27264 3736 7524 -1060 10981 -4065 END
START 22952 1488 6656 -2805 13997 -9774 END
START 18936 12 6384 -3888 12508 -13755 END
START 18756 -1544 7832 -3998 7799 -17507 END
START 20664 -2168 8948 -3721 3060 -22019 END
START 25104 -2636 10736 -3662 1485 -27841 END
START 28704 -2480 11328 -4542 4985 -32768 END
START 31268 -3420 12220 -5854 8095 -32768 END
START 32767 -5284 12552 -6935 9780 -32768 END
START 32767 -10356 13576 -6964 9319 -32768 END
START 25428 -16764 14356 -5050 6357 -32768 END
START 15772 -22804 16688 -2262 479 -32768 END
START 9432 -26512 19308 2863 -5733 -32768 END
START 1104 -31160 21048 6376 -11442 -32768 END
START -9076 -32768 20872 5310 -7203 -32768 END
START -20776 -32768 22432 4548 -2210 -32768 END