START 10932 4616 12692 -1438 140 5117 END
START 15588 -548 208 105 926 5494 END
START 14612 6488 9624 -1694 590 5547 END
START 8672 3024 14592 -740 541 5608 END
START 9928 3084 12596 -894 724 5893 END
START 9992 3980 13052 -851 -304 6094 END
START 8492 3752 14984 -924 -300 6445 END
START 11780 3652 12060 -880 -135 6714 END
START 10552 2812 15176 -779 -198 6934 END
START 13548 2420 13172 -585 247 7052 END
START 12536 1996 15296 -398 122 7028 END
START 13440 1932 15380 -210 355 6907 END
START 15556 2336 14688 91 531 6603 END
START 16208 2480 14956 341 680 6110 END
START 17428 2824 14900 606 1087 5522 END
START 18504 2824 14664 796 1142 4660 END
START 18508 2628 15020 981 1420 3838 END
START 19392 2532 13580 1018 1474 2906 END
START 18692 2412 14116 989 1516 2000 END
START 19328 2456 13052 832 1472 1249 END
START 18540 2312 13772 657 1228 474 END
START 19300 2268 12576 392 1006 -97 END
START 18824 2116 12960 112 694 -685 END
START 18888 2056 12800 -129 445 -1115 END
START 19456 1960 12460 -466 74 -1627 END
START 19612 1724 12736 -745 -252 -2114 END
START 20180 1492 12844 -997 -484 -2630 END
START 20728 1108 12964 -1201 -823 -3076 END
START 21464 1148 12964 -1344 -971 -3594 END
START 22424 996 12980 -1390 -1216 -4181 END
START 23036 984 13268 -1486 -1418 -4848 END
START 23860 1036 13120 -1570 -1653 -5633 END
START 24224 1116 13384 -1608 -1862 -6431 END
START 24928 1056 13104 -1621 -2113 -7273 END
START 24740 956 13116 -1647 -2339 -8166 END
START 25220 964 12940 -1655 -2645 -9014 END
START 25300 832 12716 -1705 -2909 -9818 END
START 25956 724 12384 -1686 -3057 -10592 END
START 26684 728 12164 -1747 -3072 -11414 END
START 27292 728 11696 -1773 -3061 -12329 END
START 27892 692 11352 -1838 -3042 -13319 END
START 28452 468 10876 -1964 -2967 -14416 END
START 28724 460 10604 -2090 -2903 -15633 END
START 28804 312 9928 -2335 -2861 -16830 END
START 28584 328 9344 -2648 -2827 -17982 END
START 28312 236 8752 -3040 -2716 -19118 END
START 28220 60 8240 -3548 -2651 -20148 END
START 28308 -96 7968 -4051 -2576 -21091 END
START 28416 -208 7624 -4579 -2494 -21997 END
START 28432 -572 7692 -5040 -2465 -22991 END
START 28504 -728 7392 -5490 -2504 -24061 END
START 28456 -728 7080 -5883 -2620 -25152 END
START 28068 -732 6832 -6394 -2868 -26285 END
START 27796 -760 6816 -6914 -3164 -27446 END
START 27476 -592 6932 -7462 -3437 -28639 END
START 27200 -640 6964 -8027 -3652 -29752 END
START 26792 -848 7112 -8527 -3857 -30876 END
START 26412 -968 7484 -8957 -4055 -31987 END
START 26220 -1140 7584 -9335 -4170 -32768 END
START 26096 -1208 7864 -9703 -4290 -32768 END
START 25980 -1408 8048 -10030 -4433 -32768 END
START 25656 -1548 8064 -10356 -4656 -32768 END
START 25436 -1680 8620 -10675 -4936 -32768 END
START 25132 -1628 8784 -10902 -5298 -32768 END
START 24596 -1608 9112 -11272 -5785 -32768 END
START 23916 -1776 9392 -11592 -6339 -32768 END
START 22888 -1984 9668 -11950 -6990 -32768 END
START 21944 -2160 9800 -12340 -7575 -32768 END
START 21008 -2360 10220 -12719 -8175 -32768 END
START 20008 -2656 10584 -13117 -8738 -32768 END
START 18976 -3160 11316 -13553 -9265 -32768 END
START 18188 -3672 11872 -13910 -9727 -32768 END
START 17892 -4092 12576 -14305 -9947 -32768 END
START 17728 -4176 13508 -14356 -9870 -32768 END
START 17588 -4136 14368 -14634 -9383 -32768 END
START 17224 -4748 14976 -14640 -8713 -32768 END
START 16316 -5464 15384 -14630 -7845 -32768 END
START 15160 -6140 16104 -14655 -7023 -32768 END
START 13668 -6712 16632 -14657 -6265 -32768 END
START 12248 -6888 17024 -14668 -5499 -32768 END
START 10396 -7152 17552 -14652 -4855 -32768 END
START 8604 -7520 18116 -14696 -4402 -32768 END
START 6828 -7892 18888 -14642 -4315 -32768 END
START 4980 -8268 19832 -14509 -4510 -32768 END
START 3260 -8512 20828 -14549 -4974 -32768 END
START 1092 -8928 22304 -14346 -5701 -32768 END
START -228 -9068 23028 -13724 -6510 -32768 END
START -1508 -9048 23972 -13193 -7311 -32768 END
START -2512 -9036 24624 -12556 -8037 -32768 END
START -3608 -9148 25460 -11840 -8544 -32768 END
START -4932 -9284 26092 -11017 -8983 -32768 END
START -6212 -9288 26680 -10138 -9337 -32768 END
START -7348 -9360 26868 -9215 -9482 -32768 END
START -8356 -9432 26864 -8311 -9579 -32768 END
START -9668 -9592 26732 -7410 -9481 -32768 END
START -10928 -9796 26160 -6609 -9290 -32768 END
START -12400 -9808 25860 -5829 -9139 -32768 END
START -13752 -9800 25204 -5254 -8974 -32768 END
START -15116 -9852 24540 -4794 -8769 -32768 END
START -16900 -9792 24072 -4419 -8507 -32768 END
START -18008 -9680 23928 -4159 -8397 -32768 END
START -19204 -9684 23512 -3924 -8413 -32768 END
START -20460 -9560 23584 -3745 -8555 -32768 END
START -21616 -9592 23512 -3529 -8784 -32768 END
START -22580 -9532 23624 -3315 -8950 -32768 END
START -23388 -9528 23544 -3057 -9093 -32482 END
START -24228 -9548 23584 -2731 -9076 -30707 END
START -24856 -9464 23452 -2449 -8998 -28940 END
START -25804 -9060 23556 -2163 -8854 -27160 END
START -26860 -8704 23500 -1916 -8662 -25237 END
START -28432 -8372 23712 -1634 -8648 -23277 END
START -29092 -8044 22960 -1337 -8340 -21081 END
START -29920 -8124 22620 -1095 -8027 -18912 END
START -30720 -7732 22528 -952 -7852 -16662 END
START -30600 -7424 22264 -868 -7546 -14456 END
START -30652 -7280 21984 -820 -7146 -12183 END
START -30292 -7072 21740 -811 -6687 -10033 END
START -29548 -6904 21712 -792 -6231 -7981 END
START -28612 -6776 21928 -774 -5675 -5968 END
START -27500 -6808 22096 -721 -5107 -4209 END
START -26276 -6648 22284 -655 -4569 -2543 END
START -24988 -6516 22552 -516 -4017 -1033 END
START -23704 -6176 22708 -296 -3586 306 END
START -22320 -5952 23264 -46 -3273 1405 END
START -20960 -5676 23464 252 -3208 2397 END
START -19268 -5520 23652 662 -3259 3190 END
START -17764 -5160 23980 1094 -3339 3781 END
START -16048 -4848 23832 1605 -3522 4210 END
START -14732 -4456 23720 2098 -3606 4509 END
START -13308 -3868 23772 2599 -3786 4659 END
START -11884 -3476 23572 3108 -3962 4738 END
START -10828 -3180 23212 3642 -4160 4671 END
START -9784 -2492 22624 4137 -4370 4482 END
START -9024 -2124 22164 4600 -4586 4276 END
START -8596 -1480 21496 4987 -4942 4026 END
START -7996 -948 20764 5339 -5273 3772 END
START -7456 -368 19564 5582 -5564 3539 END
START -6760 40 18952 5759 -5760 3339 END
START -6164 456 17972 5835 -5789 3128 END
START -5564 896 17144 5880 -5744 3024 END
START -5036 1396 16204 5844 -5501 2895 END
START -4592 1844 15844 5706 -5133 2779 END
START -4244 2452 15120 5481 -4665 2732 END
START -4052 3064 14512 5219 -4192 2702 END
START -3836 3580 14288 4926 -3670 2696 END
START -3864 3164 13920 4598 -3239 2763 END
START -4344 3536 14132 4081 -3182 2882 END
START -5268 4128 14248 3867 -3485 3185 END
START -5136 4700 13468 3639 -3272 3581 END