START 32767 7084 3300 -2398 15785 16566 END
START 29060 -104 11952 -4188 10391 9890 END
START 27560 -1452 15652 -1808 6488 655 END
START 20380 -2780 14660 418 -1367 -4486 END
START 20308 -4484 14480 737 -8920 -6640 END
START 26876 -4748 12808 850 -9292 -9626 END
START 30796 -4092 10560 -1838 -3001 -15018 END
START 31288 -4728 8956 -4916 2728 -21882 END
START 27012 -6540 8480 -6272 3380 -27952 END
START 24036 -7692 9344 -7508 292 -32544 END
START 22972 -9316 12384 -7988 -1396 -32768 END
START 19280 -11276 13068 -7469 -1658 -32768 END
START 15112 -13016 13456 -8103 -2653 -32768 END
START 13172 -13804 14596 -9582 -1219 -32768 END
START 8088 -15696 16072 -10849 109 -32768 END
START 2240 -16580 19068 -10091 -1070 -32768 END
START -3364 -16024 22496 -7942 -3206 -32768 END
START -9028 -16412 24816 -5592 -3565 -32768 END
START -17148 -17364 27348 -2431 -3266 -32768 END
START -25204 -17012 27524 1472 -4176 -32768 END