START 15616 2600 6764 3828 1008 18136 END
START 19740 -2112 -8268 5266 1876 17936 END
START 17592 4448 3524 2679 1660 17491 END
START 13908 2724 10660 3365 1672 17033 END
START 18000 2912 5208 2817 1743 16600 END
START 14868 2732 9760 2375 862 15962 END
START 17972 3248 6988 1938 1158 15386 END
START 17044 2952 8912 1738 940 14730 END
START 18024 3116 8784 1553 1171 14191 END
START 18100 2948 9528 1473 1000 13652 END
START 18076 2656 10832 1486 967 13137 END
START 19552 2692 10228 1564 962 12461 END
START 18936 2656 12048 1676 790 11839 END
START 20516 3028 11052 1787 969 11152 END
START 19312 3028 12652 1926 634 10391 END
START 20456 3548 11512 2081 630 9598 END
START 19480 3572 12604 2109 306 8801 END
START 20116 3564 11964 2125 194 8077 END
START 20136 3508 12116 2160 61 7387 END
START 19592 3372 12528 2165 -121 6766 END
START 19556 3280 12564 2150 -172 6227 END
START 19440 3544 12244 2194 -270 5740 END
START 18988 3468 12372 2244 -205 5329 END
START 18900 3708 11920 2195 -299 4954 END
START 18284 3484 12080 2163 -395 4602 END
START 18420 3392 11316 2057 -515 4360 END
START 17900 3460 11592 1885 -753 4151 END
START 17840 3576 11216 1624 -981 4043 END
START 17928 3836 11304 1333 -1183 3988 END
START 18544 3976 10960 982 -1330 3886 END
START 19224 4112 11268 533 -1451 3737 END
START 20436 4036 11824 175 -1531 3524 END
START 21700 3988 12152 -146 -1645 3202 END
START 22864 3788 12756 -412 -1743 2767 END
START 24192 3664 13384 -533 -1810 2181 END
START 25360 3640 14040 -579 -1832 1465 END
START 26644 3700 14424 -552 -1893 675 END
START 27796 3736 14716 -491 -1912 -221 END
START 28884 3780 15160 -423 -1914 -1165 END
START 29836 3604 15360 -279 -1939 -2219 END
START 30768 3504 15456 -116 -1966 -3355 END
START 31560 3568 15300 52 -2011 -4548 END
START 32284 3320 15360 229 -2057 -5848 END
START 32767 3252 15068 439 -2127 -7239 END
START 32767 3308 14744 568 -2247 -8648 END
START 32767 3128 14348 662 -2510 -10016 END
START 32767 3144 13728 625 -2745 -11392 END
START 32767 2740 13264 492 -3113 -12704 END
START 32767 2552 12936 321 -3543 -14018 END
START 32767 2212 12336 178 -3910 -15260 END
START 32767 1768 12024 -26 -4249 -16497 END
START 32767 1436 11360 -174 -4506 -17747 END
START 32767 1160 11016 -383 -4844 -19038 END
START 32767 628 10728 -593 -5247 -20378 END
START 32767 264 10112 -832 -5679 -21740 END
START 32767 -60 9580 -1150 -6131 -23092 END
START 32767 -160 8912 -1517 -6599 -24429 END
START 32767 -444 8176 -1973 -6974 -25800 END
START 32767 -856 7552 -2522 -7332 -27172 END
START 32767 -1172 6948 -3173 -7533 -28604 END
START 32767 -1436 6532 -3856 -7774 -30087 END
START 32767 -1804 6156 -4595 -7898 -31613 END
START 32767 -2044 6120 -5326 -8020 -32768 END
START 32767 -2388 6032 -6039 -8137 -32768 END
START 32767 -2716 6012 -6701 -8216 -32768 END
START 32767 -3028 6028 -7315 -8241 -32768 END
START 32767 -3540 6680 -7885 -8233 -32768 END
START 31692 -4168 7428 -8394 -8376 -32768 END
START 31908 -3876 6412 -8646 -8127 -32768 END
START 31352 -4440 6424 -9072 -7826 -32768 END
START 30312 -4700 6696 -9519 -7834 -32768 END
START 29356 -4716 6748 -10046 -8076 -32768 END
START 28648 -4972 6752 -10657 -8366 -32768 END
START 27928 -5260 6536 -11243 -8664 -32768 END
START 27088 -5836 6336 -11799 -8924 -32768 END
START 26544 -6388 6384 -12381 -9264 -32768 END
START 25824 -6804 6400 -12984 -9729 -32768 END
START 25456 -7144 6444 -13613 -10276 -32768 END
START 25092 -7612 6392 -14323 -10762 -32768 END
START 24740 -8272 6340 -14957 -11255 -32768 END
START 23324 -9536 6624 -15955 -11792 -32768 END
START 21404 -10552 7160 -16749 -12287 -32768 END
START 19196 -11376 8128 -17584 -12881 -32768 END
START 16440 -11956 8728 -18324 -13473 -32768 END
START 13740 -12624 10056 -18879 -14059 -32768 END
START 11104 -13544 10916 -19302 -14472 -32768 END
START 7152 -14808 12684 -19595 -14768 -32768 END
START 3792 -15168 14200 -19808 -15056 -32768 END
START 800 -14804 15860 -19787 -15321 -32768 END
START -2136 -14236 17136 -19672 -15442 -32768 END
START -4732 -13612 18472 -19309 -15470 -32768 END
START -6668 -13312 19264 -18843 -15269 -32768 END
START -8688 -13128 20032 -18287 -14863 -32768 END
START -11132 -13212 21164 -17613 -14474 -32768 END
START -13116 -13188 22032 -16995 -14169 -32768 END
START -14768 -12952 22452 -16307 -13919 -32768 END
START -16468 -12484 23116 -15596 -13657 -32768 END
START -17848 -11468 23372 -14904 -13347 -32768 END
START -19860 -10892 23884 -14557 -13022 -32768 END
START -20800 -10540 23824 -13790 -12599 -32768 END
START -22220 -10152 24188 -13254 -12235 -32768 END
START -23056 -9932 24508 -12766 -11877 -32768 END
START -23768 -9588 24872 -12274 -11489 -32768 END
START -24252 -9224 24940 -11828 -11043 -32768 END
START -24360 -8996 25312 -11336 -10641 -32768 END
START -24692 -8824 25132 -10854 -10028 -32768 END
START -25048 -8372 26132 -10446 -9924 -32258 END
START -25032 -8248 26156 -9985 -9726 -30468 END
START -25512 -8084 26536 -9564 -9670 -28712 END
START -26088 -8024 26716 -9117 -9711 -26949 END
START -26632 -7760 27020 -8658 -9769 -25227 END
START -27332 -7488 27304 -8203 -9876 -23386 END
START -27564 -7116 27480 -7710 -9887 -21461 END
START -27520 -6920 27588 -7218 -9854 -19550 END
START -27088 -6664 27772 -6723 -9632 -17656 END
START -26252 -6600 27984 -6236 -9253 -15937 END
START -25456 -6556 28064 -5728 -8644 -14246 END
START -24548 -6368 28152 -5172 -7915 -12759 END
START -23864 -6244 28192 -4653 -7157 -11303 END
START -23264 -5980 28100 -4159 -6479 -10033 END
START -22524 -5396 28340 -3620 -5856 -8781 END
START -21844 -4972 28504 -3156 -5399 -7623 END
START -21060 -4560 28368 -2624 -5045 -6599 END
START -20088 -4056 28248 -2034 -4814 -5592 END
START -19176 -3692 28144 -1326 -4628 -4667 END
START -18456 -3392 27912 -617 -4592 -3844 END
START -17668 -3076 27608 125 -4553 -3134 END
START -16920 -2716 27288 853 -4613 -2479 END
START -16292 -2248 26720 1637 -4582 -1861 END
START -15380 -1880 25960 2315 -4555 -1294 END
START -14616 -1432 25212 3021 -4430 -769 END
START -13740 -1060 24248 3587 -4202 -288 END
START -12996 -496 23376 4106 -3956 117 END
START -12588 152 22456 4509 -3695 477 END
START -12304 680 21468 4824 -3480 840 END
START -12120 1108 20636 5139 -3307 1234 END
START -11732 1632 19456 5369 -3213 1612 END
START -11752 2264 18772 5563 -3086 2102 END
START -11424 2652 17720 5633 -3069 2560 END
START -10844 3092 16764 5659 -3105 3068 END
START -10184 3648 15708 5594 -3007 3540 END
START -9336 4112 14828 5339 -2754 3987 END
START -8528 4508 14168 5105 -2485 4310 END
START -7816 5024 13644 4796 -2178 4632 END