START 32767 1528 6916 -2421 -4797 4974 END
START 30668 -3340 12204 -1843 -5934 -3296 END
START 25156 -3184 11056 -4448 -1324 -11031 END
START 21156 -5016 14540 -5055 -2608 -13564 END
START 20580 -6216 17212 -4584 -3787 -16144 END
START 20864 -6932 17788 -3993 -3284 -19705 END
START 21720 -7080 16460 -4046 -2350 -24831 END
START 21340 -7684 16172 -3767 -1812 -30724 END
START 17368 -8804 15564 -3432 -2427 -32768 END
START 15252 -9792 16236 -4108 -2212 -32768 END
START 14524 -10420 15964 -4761 -101 -32768 END
START 11120 -11484 16032 -5642 1586 -32768 END
START 8700 -11916 16716 -5359 843 -32768 END
START 3064 -12536 17228 -4675 -2685 -32768 END
START -1784 -12940 18596 -4375 -7070 -32768 END
START -7464 -14544 21180 -3661 -6982 -32768 END
START -17084 -16268 24500 -343 -8839 -32768 END
START -23716 -15920 25000 3414 -9326 -32768 END