START 32767 2112 1896 6534 4569 11018 END
START 22240 -1376 13024 4946 -3301 5469 END
START 25460 280 12576 1087 -3230 -1538 END
START 28344 -1300 14276 -2235 -865 -10256 END
START 28580 -3064 14716 -3607 1309 -18446 END
START 29500 -5464 12816 -4826 6770 -26137 END
START 28164 -7836 12500 -5126 9237 -32252 END
START 27984 -8844 12224 -4341 9319 -32768 END
START 29648 -9608 9188 -4804 9087 -32768 END
START 30724 -12088 6248 -8417 11011 -32768 END
START 23932 -18928 6956 -11254 12412 -32768 END
START 16820 -22728 8068 -12006 10996 -32768 END
START 16020 -25604 8696 -12585 9235 -32768 END
START 11472 -30260 7460 -14229 11641 -32768 END
START -2452 -32768 11296 -14449 6785 -32768 END
START -17708 -32768 20388 -9783 -3618 -32768 END
START -24436 -32768 24580 -5524 -4322 -32768 END
START -30752 -32768 22960 -3584 5376 -32768 END