START 24124 8492 6356 7110 -2327 18041 END
START 24868 848 9640 5403 -4905 12811 END
START 20144 2028 8100 3131 -3504 7312 END
START 21360 -1016 9880 221 -4848 2904 END
START 25776 -368 9784 -1952 -4212 -2513 END
START 26784 -1052 9992 -3102 -3292 -9031 END
START 29772 -1288 9504 -3392 -4104 -14796 END
START 32756 -1224 9208 -4594 -2718 -22711 END
START 30616 -3256 9132 -5650 -1406 -30608 END
START 28132 -5364 10388 -6425 -1705 -32768 END
START 31296 -6692 11344 -6973 -1231 -32768 END
START 31276 -9380 11560 -8217 696 -32768 END
START 25264 -14264 12668 -9385 620 -32768 END
START 23180 -17700 13844 -9388 -694 -32768 END
START 21260 -20772 15696 -10284 -641 -32768 END
START 23632 -24196 13724 -13096 8133 -32768 END
START 18724 -30332 12184 -17766 19377 -32768 END
START 13396 -32768 15212 -19329 26704 -32768 END
START 2028 -32768 23052 -12690 23130 -32768 END
START -11640 -32768 27272 -1863 12627 -32768 END
START -18720 -32768 27676 7381 8767 -32768 END