START 32767 6060 3656 5093 5912 19287 END
START 23376 860 6284 2936 608 14413 END
START 21956 724 9468 1562 -1490 7685 END
START 29928 664 5732 -412 -1073 -488 END
START 29596 580 6956 -2032 -2646 -8033 END
START 28912 508 8576 -3438 -2093 -16575 END
START 29400 -824 8580 -5385 1882 -25181 END
START 26444 -3712 9588 -6028 4155 -32309 END
START 30632 -3576 8628 -6334 3394 -32768 END
START 30816 -6496 8964 -8395 5572 -32768 END
START 28756 -8856 8128 -9966 9751 -32768 END
START 22280 -13640 8088 -11757 10502 -32768 END
START 19588 -16400 8124 -12592 6317 -32768 END
START 13756 -21248 9976 -13620 10 -32768 END
START 8312 -24284 12620 -13707 -4240 -32768 END
START 1036 -25572 14124 -14327 -3453 -32768 END
START -7576 -24780 18008 -13237 -2402 -32768 END
START -11896 -24124 17492 -13121 1566 -32768 END
START -12572 -22944 20732 -12183 924 -32768 END