START 16360 4784 -584 3655 8948 32076 END
START 11104 1236 6524 1214 -1963 27394 END
START 15436 720 7812 -719 -7455 19200 END
START 15644 -1572 9572 -2735 -11849 12936 END
START 19552 -3124 11752 -3639 -14342 9122 END
START 30144 -2596 11548 -3101 -11459 3987 END
START 32767 -1792 12104 -2765 -4855 -4187 END
START 32767 -1276 9692 -3051 643 -15213 END
START 32767 -2616 10620 -3329 1674 -26428 END
START 32767 -3660 9988 -3533 4202 -32768 END
START 32767 -5876 8076 -4250 7364 -32768 END
START 32767 -11292 5128 -7472 9952 -32768 END
START 32767 -22336 3616 -12609 9625 -32768 END
START 24240 -32768 7540 -14604 5452 -32768 END
START 7324 -32768 12944 -12263 -3440 -32768 END
START -14532 -32768 21636 -9873 -6772 -32768 END
START -32768 -32768 26320 -5727 -1887 -32768 END