START 21160 9432 7752 -208 2439 14373 END
START 20196 -4728 2116 619 -7723 16228 END
START 10648 -2512 14736 988 -10024 16244 END
START 26684 -136 10004 623 -4762 10436 END
START 25396 -580 12448 -1653 3111 2368 END
START 20324 -2056 12092 -3632 5014 -2992 END
START 19632 -3000 13156 -4388 908 -6030 END
START 23928 -3056 15840 -3174 -3179 -9233 END
START 30124 -1800 16536 -2301 -4792 -15983 END
START 32000 -2056 17676 -2163 -1906 -25054 END
START 29776 -3500 16680 -2025 4187 -32448 END
START 27804 -4656 16316 -3006 9733 -32768 END
START 30664 -4272 16148 -3059 10192 -32768 END
START 28840 -8032 16444 -2304 4714 -32768 END
START 24112 -13212 18016 -1480 909 -32768 END
START 16644 -17652 18504 739 -2748 -32768 END
START 7848 -20848 17320 2103 -5561 -32768 END
START -2052 -22200 18656 3089 -7239 -32768 END
START -9980 -21036 15328 1961 -663 -32768 END