START 8540 2572 31960 4035 16153 4382 END
START -416 796 21048 3603 -5295 1729 END
START 15280 -1648 7732 1903 3151 -904 END
START 18124 -1476 7300 -468 5494 -4001 END
START 12628 -2792 13116 -3578 6369 -9511 END
START 12884 -5024 12108 -4519 7200 -13257 END
START 9752 -5764 13972 -4690 6790 -15107 END
START 12820 -6232 14092 -5052 5863 -17591 END
START 15568 -7080 15836 -4561 4450 -21158 END
START 18520 -6864 16480 -3014 5075 -26662 END
START 15716 -6776 15300 -2449 4617 -32755 END
START 12376 -6472 16940 -3106 2308 -32768 END
START 12924 -7832 16248 -3193 3615 -32768 END
START 14416 -8480 15676 -3717 -55 -32768 END
START 13188 -9140 16000 -3295 -2749 -32768 END
START 6128 -11364 18148 -1955 -3480 -32768 END
START -4120 -11956 19368 772 -1422 -32768 END
START -11724 -11848 19204 3193 -823 -32768 END