START 24684 2060 10804 7748 4463 17759 END
START 30844 -2016 -4576 9126 5355 16854 END
START 25440 2008 6652 6324 5163 15245 END
START 26944 3212 8372 6574 5151 13801 END
START 28144 2580 6112 5300 4550 12294 END
START 26432 2344 8316 4148 3276 10434 END
START 29020 2380 4988 2959 2705 8717 END
START 26416 2188 7244 1874 1720 6867 END
START 26384 2352 7212 887 1405 5288 END
START 27756 2828 5188 -103 940 3829 END
START 25436 2872 7136 -927 373 2606 END
START 25160 2796 7012 -1644 -101 1569 END
START 24044 2500 8464 -2183 -1059 647 END
START 23236 2328 9564 -2610 -1811 -139 END
START 23296 2068 9956 -2913 -2778 -889 END
START 22484 1756 11384 -3036 -3495 -1593 END
START 22712 1520 11444 -2987 -4139 -2277 END
START 21820 1236 12720 -2834 -4652 -2941 END
START 22140 1140 12548 -2546 -5049 -3499 END
START 21312 1164 13648 -2211 -5420 -3964 END
START 21684 1244 13320 -1817 -5599 -4341 END
START 21344 1000 13560 -1482 -5719 -4748 END
START 21760 1016 13292 -1142 -5613 -5152 END
START 21864 1032 13104 -905 -5482 -5584 END
START 22392 1068 13140 -756 -5106 -6037 END
START 22664 1144 12836 -603 -4749 -6552 END
START 23272 1104 12508 -525 -4184 -7049 END
START 23908 1200 11932 -467 -3612 -7672 END
START 23920 1112 11808 -351 -2984 -8334 END
START 24520 1180 10756 -343 -2404 -9039 END
START 24480 1196 10552 -455 -1984 -9827 END
START 24968 1392 9888 -526 -1609 -10609 END
START 25000 1496 9768 -738 -1550 -11503 END
START 25572 1660 9220 -1040 -1538 -12438 END
START 25784 1724 8852 -1395 -1592 -13465 END
START 26304 1744 8272 -1813 -1622 -14575 END
START 26620 1532 8280 -2299 -1706 -15708 END
START 26612 1444 7972 -2799 -1861 -16879 END
START 26832 1404 7852 -3331 -2096 -18087 END
START 26840 1188 7912 -3850 -2257 -19323 END
START 27020 1036 8064 -4345 -2543 -20543 END
START 26536 696 7960 -4745 -2815 -21784 END
START 26196 344 7828 -5179 -3112 -22983 END
START 25440 292 8004 -5565 -3335 -24091 END
START 24820 92 7884 -5965 -3585 -25116 END
START 24036 -168 8036 -6359 -3850 -26020 END
START 23472 -320 8100 -6722 -4065 -26847 END
START 22636 -468 8396 -7131 -4313 -27671 END
START 21812 -604 8340 -7555 -4587 -28378 END
START 21204 -912 8892 -7929 -4857 -29100 END
START 20684 -1016 9184 -8230 -5053 -29747 END
START 19912 -1264 9416 -8448 -5236 -30341 END
START 19240 -1480 9740 -8622 -5424 -30894 END
START 18576 -1432 10052 -8686 -5593 -31342 END
START 17924 -1532 10128 -8737 -5869 -31680 END
START 17628 -1552 10252 -8771 -6034 -32002 END
START 17640 -1472 10268 -8797 -6093 -32287 END
START 17828 -1376 10156 -8860 -6168 -32622 END
START 18152 -1344 9900 -8924 -6060 -32768 END
START 18444 -1356 9880 -9023 -6056 -32768 END
START 19112 -1376 9604 -9170 -6057 -32768 END
START 19648 -1348 9168 -9370 -6063 -32768 END
START 19840 -1296 8912 -9644 -6044 -32768 END
START 20040 -1292 8812 -10009 -6037 -32768 END
START 19920 -1360 8320 -10467 -6068 -32768 END
START 19888 -1544 8196 -10960 -6081 -32768 END
START 19628 -1784 7996 -11519 -6186 -32768 END
START 19012 -1944 8160 -12110 -6417 -32768 END
START 18560 -2160 8164 -12710 -6730 -32768 END
START 18152 -2112 8624 -13315 -7092 -32768 END
START 17568 -2192 8776 -13903 -7446 -32768 END
START 17060 -2420 9108 -14369 -7922 -32768 END
START 16184 -2504 9588 -14821 -8463 -32768 END
START 15392 -2912 10072 -15057 -9086 -32768 END
START 14372 -3088 10692 -15513 -9770 -32768 END
START 12840 -3384 11184 -15773 -10566 -32768 END
START 11856 -3596 11740 -15996 -11478 -32768 END
START 10772 -3720 12512 -16142 -12504 -32768 END
START 9680 -4000 12800 -16281 -13540 -32768 END
START 8708 -4376 13352 -16352 -14456 -32768 END
START 7632 -4800 14080 -16325 -15263 -32768 END
START 6304 -5032 14620 -16302 -15998 -32768 END
START 5156 -5076 15268 -16155 -16468 -32768 END
START 3972 -4784 15992 -15962 -16707 -32768 END
START 3112 -4676 16104 -15802 -16588 -32768 END
START 2840 -4800 16100 -15682 -16140 -32768 END
START 2448 -4920 15816 -15691 -15246 -32768 END
START 2232 -5252 15308 -15797 -14036 -32768 END
START 1888 -5788 14868 -16250 -12491 -32768 END
START 1208 -6468 14740 -16905 -10857 -32768 END
START 60 -7236 14872 -17801 -9203 -32768 END
START -1576 -7788 15388 -18757 -7798 -32768 END
START -3500 -8188 16404 -19701 -6666 -32768 END
START -6276 -8872 18048 -20515 -5763 -32768 END
START -8580 -9168 19532 -21169 -5278 -32768 END
START -10680 -9236 21716 -21533 -5306 -32768 END
START -12384 -9452 23612 -21702 -5677 -32768 END
START -13504 -9616 25588 -21666 -6179 -32768 END
START -14636 -9908 27344 -21333 -6579 -32768 END
START -15844 -9896 29692 -20796 -7084 -32768 END
START -16600 -9828 31620 -19987 -7527 -32768 END
START -17568 -10032 32767 -18895 -7726 -32768 END
START -18368 -10112 32767 -17403 -7766 -32768 END
START -18980 -10244 32767 -15789 -7561 -32768 END
START -19624 -10268 32767 -14075 -7290 -32768 END
START -20660 -10080 32767 -12210 -7009 -32768 END
START -21508 -9748 32767 -10397 -6846 -32768 END
START -22368 -9300 32767 -8647 -6652 -32768 END
START -23312 -8844 32767 -6986 -6555 -32768 END
START -24604 -8104 32767 -5445 -6544 -32768 END
START -25788 -7608 32767 -4000 -6596 -31024 END
START -26716 -6808 32767 -2695 -6749 -29088 END
START -27620 -6056 32767 -1489 -7076 -27015 END
START -28048 -5028 32024 -415 -7320 -24942 END
START -28308 -4140 30852 589 -7536 -22687 END
START -28264 -3668 30044 1490 -7580 -20566 END
START -27828 -3196 28976 2363 -7609 -18348 END
START -27436 -2680 28040 3116 -7484 -16270 END
START -26652 -2312 27024 3835 -7269 -14245 END
START -25856 -1772 25720 4488 -6907 -12352 END
START -25032 -1256 24688 5044 -6423 -10453 END
START -24336 -464 23512 5497 -5886 -8775 END
START -23596 -112 22372 5876 -5344 -7198 END
START -22920 148 21504 6109 -4811 -5639 END
START -22232 544 20408 6298 -4352 -4190 END
START -21632 896 19252 6376 -3897 -2845 END
START -21080 1156 18660 6399 -3525 -1501 END
START -20444 1496 17748 6392 -3155 -261 END
START -19784 1984 17028 6309 -2843 969 END
START -18772 2336 16452 6210 -2605 2062 END
START -17548 2380 15848 6052 -2309 3055 END
START -16232 2496 15340 5939 -1994 3874 END
START -14976 2740 14868 5784 -1581 4612 END
START -13760 2984 14336 5600 -1081 5161 END
START -12756 3412 14080 5430 -525 5700 END
START -11792 3712 13600 5224 43 6152 END
START -11016 4036 13360 5044 642 6575 END
START -10304 4080 13100 4888 1140 6930 END
START -9548 4344 12948 4687 1586 7272 END
START -8840 4496 12796 4551 1949 7584 END
START -8092 4488 12856 4395 2232 7823 END
START -7516 4688 12980 4254 2461 8070 END
START -6792 4772 12956 4151 2706 8227 END
START -5900 4968 12924 4115 2990 8322 END
START -5240 4948 13012 4114 3246 8354 END
START -4796 4968 13088 4175 3420 8337 END
START -4676 4868 13004 4339 3354 8317 END
START -4352 4840 12840 4509 3202 8304 END
START -4024 4932 12592 4688 2945 8325 END
START -3552 5156 11996 4729 2731 8286 END
START -2992 5456 11332 4726 2616 8247 END