START 29860 4204 6912 -5159 -1649 17596 END
START 32767 -2220 6860 -2711 -8005 13033 END
START 32767 -1508 12080 338 -8113 6310 END
START 32767 636 11360 537 -3099 -3973 END
START 32767 -916 12408 -1001 3902 -14680 END
START 32767 -2280 9196 -2886 7942 -23392 END
START 31164 -3588 10172 -4328 9188 -31427 END
START 29712 -4996 9120 -4998 9045 -32768 END
START 27816 -6448 9812 -6039 7565 -32768 END
START 24836 -8492 10604 -6579 3770 -32768 END
START 23380 -11956 11396 -7068 1688 -32768 END
START 18792 -15792 12248 -7301 1107 -32768 END
START 16028 -18564 13944 -6960 -1195 -32768 END
START 7268 -23468 18144 -5786 -5413 -32768 END
START 1532 -24700 22648 -2216 -10310 -32768 END
START -4272 -25964 24004 -1089 -8148 -32768 END
START -11732 -27220 24228 -453 -2407 -32768 END