START 22920 3084 14756 533 6901 -1029 END
START 9216 -4180 19488 2582 -589 -5047 END
START 6024 -4232 21944 3759 -1648 -8879 END
START 7272 -4624 20664 3332 -1253 -12565 END
START 11116 -4936 21316 3390 -555 -16584 END
START 11024 -6560 20488 4427 1401 -20869 END
START 10136 -7264 19056 5493 3182 -22911 END
START 11916 -7172 17068 5118 4611 -24788 END
START 12380 -7652 17900 5660 5845 -27920 END
START 11632 -8428 17416 6878 5597 -31698 END
START 9412 -8688 15588 6897 5698 -32768 END
START 7988 -9464 16172 6934 5169 -32768 END
START 5632 -10276 16720 7465 4726 -32768 END
START 2928 -11016 17312 8007 1807 -32768 END
START 184 -11136 17324 8425 -1045 -32768 END
START -4484 -11176 17060 7442 -2544 -32768 END
START -10476 -12880 18728 7104 -1985 -32768 END
START -18184 -13112 20736 8748 -1268 -32768 END
START -23052 -12588 20460 10850 -1426 -32768 END
START -25220 -12232 17596 11920 1465 -29324 END