START 21904 5484 6600 5648 4473 8359 END
START 20248 2072 10740 7487 -1576 4703 END
START 14324 1344 12476 7130 -1671 2321 END
START 12140 828 13556 5435 -776 1071 END
START 16068 1464 12632 4143 -29 -703 END
START 22748 1464 10444 3840 -1189 -3678 END
START 26240 3120 7120 2604 -2116 -8512 END
START 26420 3108 8464 305 -1538 -14233 END
START 27460 2476 6292 -1978 671 -19641 END
START 24144 1056 6280 -5265 3479 -24180 END
START 23320 -216 7856 -6475 5099 -26938 END
START 23468 -1296 6960 -7649 6157 -31087 END
START 22788 -2848 8148 -8794 4893 -32768 END
START 20584 -5100 10056 -9121 723 -32768 END
START 18444 -7092 11652 -9328 -4400 -32768 END
START 18380 -9904 12796 -9816 -8573 -32768 END
START 16392 -13800 13760 -11064 -7809 -32768 END
START 10476 -17704 14624 -11845 -4551 -32768 END
START 1108 -22912 18852 -11028 -4436 -32768 END
START -5528 -25252 21640 -7463 -7681 -32768 END