START 32767 2908 2936 -780 3722 -582 END
START 27616 -408 9768 -3706 561 -6194 END
START 18900 -128 15472 -3277 2745 -11309 END
START 16860 -1856 15624 -3728 1321 -14611 END
START 18524 -2832 15172 -3227 -1974 -16424 END
START 21832 -2852 14212 -2445 -4347 -19441 END
START 22624 -3540 12736 -3741 -5569 -23100 END
START 22788 -4252 13192 -6398 -5329 -26664 END
START 22096 -5760 14992 -8266 -4058 -31030 END
START 18040 -7024 15656 -9061 -2269 -32768 END
START 14708 -7068 15480 -9270 -2248 -32768 END
START 12820 -6644 15072 -9981 -1559 -32768 END
START 9160 -6940 16092 -10246 -2034 -32768 END
START 988 -7752 18768 -8996 -6047 -32768 END
START -3652 -7464 20792 -7688 -10328 -32768 END
START -9256 -7336 23580 -6276 -10783 -32768 END
START -15308 -7324 24488 -4728 -9744 -32768 END
START -18256 -6516 23144 -4316 -6473 -31572 END
START -21652 -6468 23680 -4604 56 -26094 END