START 16328 -632 9744 1332 -5337 18881 END
START 17728 -4392 12712 1766 -10275 16207 END
START 22336 -4060 15448 2660 -7089 9325 END
START 22828 -5792 15604 2359 -4036 1047 END
START 20580 -9064 15804 1121 -3199 -4757 END
START 21416 -10708 18932 104 -6961 -7957 END
START 28492 -9648 18520 1510 -8409 -12367 END
START 31036 -9132 18696 1698 -7730 -20562 END
START 30576 -9560 16040 1610 -5003 -28972 END
START 27400 -12064 13872 -251 243 -32768 END
START 23788 -13156 13764 -1354 3895 -32768 END
START 20056 -14512 11776 -2567 7408 -32768 END
START 13712 -14892 11016 -3344 7308 -32768 END
START 7216 -14644 11812 -4152 4291 -32768 END
START -716 -12744 14128 -5219 -5 -32768 END
START -7524 -11748 17124 -4896 -4084 -32768 END
START -18196 -12952 20952 -2867 -9353 -32768 END
START -28936 -14208 22720 -905 -11513 -32768 END
START -32768 -15084 26452 2830 -10353 -32768 END
START -32768 -11064 22296 3934 -6512 -24558 END