START 17420 656 11580 8305 4205 28160 END
START 23860 -2924 -2372 9900 4697 27822 END
START 20180 160 8408 8071 4223 26860 END
START 21328 1176 11572 9070 4177 25970 END
START 23648 1296 8264 8757 3969 24821 END
START 21628 1768 11244 8502 3039 23539 END
START 24768 2268 6956 8252 2952 22226 END
START 22308 2000 8900 7975 2120 20827 END
START 24456 2348 5868 7638 2049 19623 END
START 22452 2304 6800 7202 1486 18492 END
START 23508 2576 4792 6600 1421 17526 END
START 22840 2772 4716 5847 1147 16657 END
START 22952 3052 4444 5017 1016 15812 END
START 23484 3256 3960 4089 1009 15039 END
START 23104 3136 4948 3103 747 14153 END
START 23220 3220 5396 2240 844 13418 END
START 24584 2844 4716 1444 635 12338 END
START 23832 2596 6324 776 781 11737 END
START 24996 2688 6216 234 618 10801 END
START 24376 2720 8104 -171 537 10006 END
START 25204 2696 8456 -392 412 9193 END
START 24948 2668 9696 -489 161 8353 END
START 25580 2680 9808 -475 45 7497 END
START 25596 2576 10308 -394 -259 6651 END
START 25676 2584 10532 -269 -405 5719 END
START 25676 2636 10564 -203 -498 4821 END
START 25712 2848 10080 -192 -680 3889 END
START 25236 2924 10092 -234 -715 2935 END
START 25308 3004 9768 -391 -840 2015 END
START 24772 3096 9952 -547 -913 1141 END
START 24472 3212 9504 -779 -1015 314 END
START 23808 3220 9624 -1031 -1036 -488 END
START 23436 3380 9388 -1291 -1059 -1305 END
START 22708 3400 9692 -1546 -1115 -2117 END
START 21824 3516 9980 -1789 -1219 -2911 END
START 20796 3604 10288 -1991 -1398 -3627 END
START 19812 3636 10540 -2172 -1650 -4323 END
START 18928 3568 10688 -2287 -1842 -4935 END
START 17968 3668 11052 -2351 -1940 -5459 END
START 17048 3520 11128 -2398 -1993 -5968 END
START 16032 3432 11344 -2429 -2019 -6356 END
START 14924 3528 11628 -2484 -2008 -6654 END
START 13824 3588 11588 -2481 -2039 -6901 END
START 12804 3544 11960 -2521 -1974 -7058 END
START 12024 3752 12108 -2512 -1823 -7141 END
START 11204 3672 12244 -2503 -1585 -7199 END
START 10552 3472 12180 -2464 -1178 -7219 END
START 9640 3320 12348 -2420 -658 -7161 END
START 8948 3312 12288 -2455 -101 -7079 END
START 8044 3268 12280 -2392 431 -6875 END
START 7072 3288 12072 -2463 905 -6674 END
START 6084 3332 12124 -2585 1263 -6386 END
START 5268 3312 12064 -2772 1566 -6060 END
START 4528 3448 12316 -2987 1790 -5708 END
START 4032 3652 12360 -3186 1947 -5334 END
START 3468 3520 12564 -3387 2119 -4932 END
START 3124 3572 12956 -3509 2206 -4546 END
START 2916 3496 13496 -3563 2323 -4152 END
START 2676 3484 13876 -3568 2381 -3794 END
START 2452 3544 14296 -3507 2413 -3461 END
START 2408 3504 14624 -3420 2394 -3121 END
START 2556 3620 14872 -3279 2337 -2818 END
START 2852 3736 14988 -3105 2206 -2599 END
START 3188 3840 15356 -2976 1986 -2427 END
START 3668 3744 15400 -2762 1669 -2323 END
START 4036 3780 15684 -2545 1241 -2287 END
START 4680 3804 15624 -2320 805 -2332 END
START 5300 3880 15596 -2065 301 -2459 END
START 5912 4072 15080 -1855 -181 -2604 END
START 6220 4116 14932 -1771 -691 -2829 END
START 6700 4220 14404 -1724 -1229 -3032 END
START 7088 4240 14024 -1807 -1707 -3211 END
START 7688 4308 13764 -1981 -2161 -3379 END
START 8716 4272 13468 -2193 -2532 -3488 END
START 9908 4344 13600 -2307 -2855 -3708 END
START 11284 4404 13632 -2465 -3038 -4046 END
START 12456 4384 13396 -2481 -3086 -4524 END
START 13376 4176 13148 -2514 -2957 -5086 END
START 14188 4100 13024 -2547 -2761 -5738 END
START 14748 4012 12648 -2606 -2446 -6293 END
START 15204 3964 12368 -2731 -2114 -6851 END
START 15596 3936 11872 -2880 -1746 -7360 END
START 16284 3884 11576 -3021 -1423 -7852 END
START 16700 3696 11208 -3215 -1126 -8404 END
START 17256 3572 10676 -3380 -779 -8982 END
START 17480 3368 10256 -3642 -567 -9480 END
START 17792 3128 10080 -3860 -434 -9961 END
START 18324 3040 9816 -4117 -309 -10412 END
START 19008 2772 9508 -4332 -210 -10831 END
START 19804 2644 8848 -4642 -67 -11321 END
START 20656 2568 8696 -4890 126 -11906 END
START 21488 2488 8396 -5148 387 -12572 END
START 22112 2252 7948 -5436 602 -13294 END
START 22676 2124 7296 -5677 850 -14066 END
START 23328 2116 7004 -6016 1130 -14898 END
START 24024 1984 6516 -6403 1392 -15739 END
START 24440 1924 6384 -6846 1654 -16711 END
START 25052 1952 6124 -7267 1845 -17715 END
START 25576 1788 5960 -7730 1957 -18832 END
START 26204 1936 5908 -8235 2065 -20013 END
START 26536 1996 5680 -8735 2086 -21237 END
START 26620 1928 5836 -9205 2121 -22547 END
START 26576 1904 5800 -9693 2038 -23922 END
START 26288 1860 5656 -10102 1931 -25244 END
START 25996 1780 5696 -10485 1783 -26529 END
START 25568 1740 5488 -10907 1583 -27758 END
START 25056 1636 5732 -11344 1380 -29046 END
START 24540 1464 5800 -11729 1157 -30210 END
START 23948 1196 5800 -12135 933 -31325 END
START 23296 1084 5820 -12495 663 -32368 END
START 22736 724 6004 -12866 450 -32768 END
START 22140 596 6204 -13277 270 -32768 END
START 21756 188 6124 -13669 162 -32768 END
START 21228 -12 6340 -14008 117 -32768 END
START 20784 -252 6420 -14211 136 -32768 END
START 20384 -480 6588 -14786 284 -32768 END
START 19968 -792 6548 -14833 504 -32768 END
START 19496 -1304 6972 -15478 746 -32768 END
START 18992 -1792 7272 -15965 1069 -32768 END
START 18088 -2404 7536 -16419 1361 -32768 END
START 17248 -3024 8252 -16840 1609 -32768 END
START 16180 -3492 9028 -17208 1727 -32768 END
START 14804 -3836 10048 -17562 1680 -32768 END
START 13352 -4112 11204 -17741 1369 -32768 END
START 12056 -4080 12348 -17818 854 -32768 END
START 10816 -4268 13556 -17720 206 -32768 END
START 9684 -4368 14452 -17541 -480 -32768 END
START 8360 -4564 15368 -17277 -1176 -32768 END
START 7128 -4888 16276 -16906 -1917 -32768 END
START 5396 -5172 17424 -16497 -2694 -32768 END
START 4160 -5168 18416 -16020 -3579 -32768 END
START 3300 -5276 19048 -15510 -4403 -32768 END
START 2432 -5140 19584 -15096 -5035 -32768 END
START 1780 -5212 19856 -14485 -5565 -32768 END
START 1152 -5296 20220 -14304 -5847 -32768 END
START 616 -5460 20564 -13619 -6031 -32768 END
START 128 -5584 20680 -13159 -6088 -32768 END
START -632 -5852 20804 -12689 -6135 -32768 END
START -1348 -5904 21008 -12224 -6145 -32768 END
START -2084 -5992 20804 -11860 -6102 -32768 END
START -2568 -6100 20760 -11542 -5933 -32768 END
START -3144 -5960 20668 -11318 -5773 -32768 END
START -3928 -5960 20648 -11206 -5517 -32768 END
START -4552 -5976 20508 -11121 -5273 -32768 END
START -5220 -5932 20616 -11024 -4955 -32768 END
START -5932 -5908 20780 -11027 -4701 -32768 END
START -6536 -5956 20876 -10940 -4486 -32768 END
START -7068 -6120 21260 -10862 -4306 -32768 END
START -7840 -6304 21456 -10755 -4245 -32768 END
START -8628 -6368 22032 -10557 -4275 -32768 END
START -9344 -6336 22160 -10311 -4377 -32768 END
START -10072 -6616 22520 -10006 -4478 -32768 END
START -10660 -6692 22840 -9690 -4660 -32768 END
START -11172 -6900 22972 -9322 -4840 -32768 END
START -12164 -7036 23256 -8998 -5032 -32768 END
START -12792 -7044 23436 -8679 -5170 -32039 END
START -13580 -7092 23788 -8374 -5291 -31170 END
START -14292 -7000 23880 -8084 -5418 -30166 END
START -14896 -7060 24124 -7795 -5443 -29179 END
START -15540 -7104 24544 -7444 -5515 -28095 END
START -16052 -7340 24788 -7174 -5525 -26917 END
START -16456 -7432 25036 -6700 -5513 -25815 END
START -16932 -7520 25320 -6304 -5475 -24600 END
START -17320 -7592 25632 -5766 -5424 -23414 END
START -17788 -7580 25944 -5235 -5438 -22277 END
START -18252 -7416 26304 -4679 -5386 -21078 END
START -18600 -7368 26568 -3984 -5477 -19899 END
START -18828 -7268 26568 -3327 -5463 -18724 END
START -19156 -7124 26536 -2621 -5388 -17590 END
START -20220 -7484 26488 -1893 -4996 -16362 END
START -20900 -7516 26704 -1048 -5116 -14999 END
START -21164 -7584 25596 -576 -4833 -13605 END
START -21556 -7740 25800 54 -4421 -12162 END
START -22360 -7852 25388 782 -4225 -10628 END
START -22404 -7052 24900 1307 -4096 -9023 END
START -22120 -7276 24112 1817 -3945 -7324 END
START -22704 -6788 22932 2097 -3106 -5572 END
START -23276 -6512 23336 2556 -2721 -3800 END