START 8176 5184 11460 3505 -1632 10054 END
START 12960 308 -1756 4929 -796 10590 END
START 7136 3940 6972 3086 -1063 10591 END
START 7012 5388 9964 3589 -1003 11011 END
START 7092 5284 8268 2990 -1047 11504 END
START 7452 5784 8252 2359 -1919 11927 END
START 6800 5668 9884 1569 -1576 12507 END
START 10728 5648 7104 918 -1640 12425 END
START 9964 5164 10504 322 -952 12736 END
START 13600 5084 8816 -79 -657 12646 END
START 13632 4672 11340 -318 -277 12578 END
START 16536 4788 10660 -383 470 12243 END
START 17296 4668 12092 -317 845 11533 END
START 18852 4728 11796 -132 1616 10738 END
START 19792 5056 12060 44 1946 9752 END
START 20000 5188 12372 239 2477 8758 END
START 20964 5360 11332 381 2581 7658 END
START 20300 5264 11864 424 2626 6609 END
START 21088 5352 10412 341 2550 5595 END
START 19824 5216 10784 157 2140 4667 END
START 20372 4996 9344 -137 1948 3834 END
START 20288 5044 9292 -526 1648 3181 END
START 20052 4748 9180 -1013 1386 2525 END
START 20164 4796 8584 -1602 1052 1993 END
START 19992 4556 8856 -2124 790 1543 END
START 20216 4604 8836 -2679 493 1067 END
START 20416 4656 9136 -3163 178 595 END
START 21012 4560 9344 -3507 -45 106 END
START 21700 4456 9864 -3838 -337 -480 END
START 22284 4512 10364 -4009 -619 -1152 END
START 23060 4380 10824 -4210 -921 -1808 END
START 23764 4288 11104 -4284 -1173 -2636 END
START 24576 4084 11428 -4286 -1385 -3503 END
START 25124 4200 11520 -4274 -1518 -4447 END
START 25440 4160 11836 -4219 -1615 -5441 END
START 25464 4096 11916 -4148 -1765 -6465 END
START 25356 4080 11728 -4034 -1911 -7553 END
START 25168 3920 11816 -3969 -2124 -8567 END
START 24820 3764 11688 -3977 -2255 -9503 END
START 24316 3652 11392 -3938 -2426 -10408 END
START 23860 3520 11284 -4010 -2638 -11253 END
START 23380 3520 11212 -4044 -2893 -11997 END
START 22984 3312 10960 -4127 -3238 -12731 END
START 22672 2984 10860 -4178 -3542 -13453 END
START 22504 2856 10612 -4298 -3772 -14131 END
START 22376 3008 10112 -4422 -3913 -14863 END
START 22076 3004 9904 -4642 -3968 -15553 END
START 21796 2952 9640 -4870 -4049 -16259 END
START 21220 3032 9808 -5150 -4085 -16943 END
START 20736 2812 9888 -5444 -4058 -17637 END
START 20252 2616 9856 -5708 -4080 -18257 END
START 19420 2332 10228 -5951 -4090 -18822 END
START 18912 2140 10284 -6211 -4064 -19357 END
START 18216 2092 10492 -6470 -4023 -19860 END
START 17656 2000 10884 -6681 -4012 -20348 END
START 17060 1952 11300 -6909 -4058 -20788 END
START 16428 1920 11812 -7126 -4166 -21190 END
START 15868 1764 12144 -7285 -4253 -21534 END
START 15712 1612 12684 -7365 -4275 -21802 END
START 15588 1384 13168 -7455 -4250 -22105 END
START 15664 1232 13476 -7444 -4277 -22417 END
START 15840 1100 14124 -7485 -4284 -22747 END
START 15956 1132 14796 -7464 -4367 -23086 END
START 16340 1020 15260 -7379 -4368 -23445 END
START 16980 908 15336 -7268 -4278 -23895 END
START 17696 840 15848 -7130 -4201 -24389 END
START 18248 444 16128 -6869 -4064 -25027 END
START 18772 468 16072 -6651 -3955 -25694 END
START 19156 216 16004 -6470 -3920 -26487 END
START 19348 264 15832 -6244 -3978 -27272 END
START 19344 128 15288 -6130 -4138 -28064 END
START 19192 124 14848 -6050 -4336 -28773 END
START 19100 8 14588 -6080 -4657 -29431 END
START 19396 -32 14156 -6163 -5034 -30034 END
START 19536 -32 13860 -6285 -5403 -30713 END
START 20088 -168 13576 -6383 -5819 -31410 END
START 20404 -324 13304 -6415 -6168 -32145 END
START 20584 -408 13112 -6487 -6589 -32768 END
START 20664 -364 12840 -6458 -7022 -32768 END
START 20884 -492 12332 -6505 -7454 -32768 END
START 20664 -500 11948 -6530 -7849 -32768 END
START 20428 -424 11748 -6649 -8314 -32768 END
START 19680 -284 11568 -6843 -8877 -32768 END
START 18948 -156 11372 -7002 -9549 -32768 END
START 18264 -292 10992 -7140 -10192 -32768 END
START 18256 -220 10788 -7336 -10580 -32768 END
START 17680 -364 10620 -7486 -10847 -32768 END
START 17320 -540 10396 -7662 -11035 -32768 END
START 17024 -812 9868 -7832 -11016 -32768 END
START 16696 -952 9480 -7985 -10805 -32768 END
START 16128 -1132 9036 -8273 -10430 -32768 END
START 15284 -1300 8548 -8617 -9988 -32768 END
START 14520 -1356 7980 -9082 -9474 -32768 END
START 13732 -1428 7748 -9535 -8953 -32768 END
START 13036 -1596 7312 -10095 -8404 -32768 END
START 12412 -1920 7272 -10686 -7953 -32768 END
START 11692 -2256 7292 -11324 -7691 -32768 END
START 11364 -2636 7440 -11993 -7640 -32768 END
START 10756 -3068 7640 -12614 -7666 -32768 END
START 10340 -3536 7812 -13235 -7725 -32768 END
START 9780 -4056 8376 -13803 -7870 -32768 END
START 8948 -4600 8848 -14296 -8075 -32768 END
START 7480 -5408 9860 -14859 -8362 -32768 END
START 6116 -5848 10988 -15547 -8779 -32768 END
START 4912 -6308 11796 -16129 -9194 -32768 END
START 3548 -6772 13140 -16527 -9578 -32768 END
START 2040 -7176 14528 -16751 -9916 -32768 END
START 644 -7612 15772 -16802 -10267 -32768 END
START -916 -7860 17420 -16673 -10629 -32768 END
START -2168 -8140 18680 -16399 -11030 -32768 END
START -3488 -8380 19944 -15968 -11383 -32768 END
START -4840 -8820 21000 -15479 -11756 -32768 END
START -6012 -9064 22124 -14828 -12104 -32768 END
START -7560 -9248 22924 -14331 -12251 -32768 END
START -8792 -9276 23636 -13840 -12209 -32768 END
START -9876 -9264 23956 -13140 -11988 -32768 END
START -10992 -9348 24416 -12420 -11650 -32768 END
START -12232 -9644 24568 -11764 -11258 -32768 END
START -13384 -9676 24684 -11155 -10974 -32768 END
START -14732 -9808 24752 -10612 -10767 -32768 END
START -16384 -9820 24924 -10146 -10612 -32768 END
START -17732 -9676 24832 -9794 -10573 -32768 END
START -18976 -9424 24788 -9511 -10526 -32089 END
START -20200 -9320 24948 -9220 -10452 -30419 END
START -21204 -9108 25072 -8957 -10324 -28645 END
START -22168 -9104 25268 -8672 -10137 -26774 END
START -22984 -8976 25384 -8421 -9849 -24849 END
START -23756 -8736 25868 -8115 -9632 -22829 END
START -23864 -8724 26208 -7773 -9302 -20780 END
START -23748 -8436 26468 -7395 -8899 -18868 END
START -23336 -8344 26572 -7050 -8340 -16898 END
START -23024 -8280 26860 -6652 -7723 -15039 END
START -22488 -8104 27108 -6223 -7185 -13339 END
START -21792 -7796 27176 -5790 -6554 -11687 END
START -20956 -7640 27296 -5368 -6002 -10255 END
START -20512 -7480 27316 -4971 -5516 -8972 END
START -19588 -7276 27404 -4538 -4972 -7822 END
START -18740 -7072 26980 -4143 -4378 -6747 END
START -18068 -6664 26968 -3722 -3662 -5784 END
START -17328 -6380 26572 -3390 -2989 -4913 END
START -16620 -6060 26372 -3046 -2408 -4151 END
START -16092 -5716 26172 -2684 -1934 -3437 END
START -15424 -5208 25920 -2331 -1513 -2771 END
START -14932 -4748 25848 -2017 -1244 -2184 END
START -14340 -4408 25512 -1683 -1035 -1655 END