START 25168 2280 4948 5962 -5171 13146 END
START 28248 -3916 -9316 7191 -3723 12271 END
START 29628 5708 -680 3883 -3521 10979 END
START 21984 2940 10352 4104 -3722 9898 END
START 27560 2956 1900 3237 -2963 9017 END
START 24152 2816 6528 2325 -3308 8068 END
START 25948 2548 4632 1426 -2316 7248 END
START 25600 2116 5304 677 -2350 6416 END
START 24864 2304 6496 -132 -1975 5826 END
START 25948 2548 6064 -826 -1996 5244 END
START 24724 2308 8392 -1513 -2103 4645 END
START 26512 2504 7412 -2031 -1948 4072 END
START 25408 1908 10224 -2490 -2192 3406 END
START 27036 1784 9480 -2705 -1941 2786 END
START 26332 1652 11580 -2817 -1980 2099 END
START 27460 1528 11532 -2690 -1651 1406 END
START 27372 1404 12512 -2488 -1467 670 END
START 27804 1512 12592 -2222 -1117 -37 END
START 27948 1792 12844 -1893 -893 -819 END
START 27976 1884 12816 -1634 -766 -1639 END
START 27740 1944 12980 -1368 -533 -2529 END
START 28508 1940 12032 -1148 -435 -3451 END
START 28180 1736 12168 -955 -163 -4394 END
START 28652 1644 11176 -874 -128 -5351 END
START 28192 1472 10948 -838 -26 -6288 END
START 28648 1488 10036 -886 -54 -7244 END
START 28624 1388 9868 -1061 -117 -8150 END
START 28936 1536 8916 -1276 -117 -9130 END
START 28972 1592 8464 -1562 -182 -10226 END
START 29232 1628 7900 -1928 -335 -11364 END
START 29096 1592 7632 -2338 -556 -12629 END
START 29068 1512 7160 -2747 -687 -13860 END
START 28564 1372 6744 -3201 -1011 -15130 END
START 27792 1072 6480 -3775 -1266 -16370 END
START 26844 916 6256 -4318 -1685 -17465 END
START 25808 824 6124 -4905 -2097 -18430 END
START 24864 580 5980 -5435 -2522 -19241 END
START 23908 572 6200 -5987 -3009 -19919 END
START 23192 436 6428 -6547 -3544 -20434 END
START 22600 340 6536 -7035 -4085 -20948 END
START 22460 96 6780 -7516 -4483 -21342 END
START 22276 -80 7172 -7878 -4764 -21686 END
START 22440 -276 7360 -8240 -4943 -22081 END
START 23124 -388 7408 -8502 -4836 -22475 END
START 23384 -404 7784 -8764 -4747 -22996 END
START 23340 -572 8220 -9017 -4714 -23554 END
START 23700 -440 8648 -9268 -4756 -24145 END
START 24056 -676 8976 -9489 -4772 -24760 END
START 24648 -704 8972 -9699 -4670 -25349 END
START 25132 -708 9124 -9854 -4482 -26083 END
START 25328 -764 9212 -9910 -4315 -26887 END
START 25556 -856 9148 -9986 -4067 -27769 END
START 25488 -808 8968 -10166 -3890 -28668 END
START 25620 -820 8716 -10329 -3633 -29606 END
START 25572 -776 8556 -10651 -3393 -30496 END
START 25780 -640 8116 -11058 -3005 -31518 END
START 25832 -700 7992 -11523 -2668 -32492 END
START 26024 -656 7900 -11999 -2307 -32768 END
START 26284 -848 8124 -12473 -2077 -32768 END
START 26668 -1072 8148 -12899 -1884 -32768 END
START 26600 -916 8340 -13346 -1950 -32768 END
START 26500 -1228 8268 -13841 -2026 -32768 END
START 25796 -1656 8308 -14223 -2286 -32768 END
START 24888 -1924 8500 -14844 -2682 -32768 END
START 23692 -2252 8916 -15096 -3277 -32768 END
START 22396 -2508 9324 -15627 -3927 -32768 END
START 20600 -3180 10064 -16009 -4706 -32768 END
START 19160 -3544 10516 -16301 -5388 -32768 END
START 17820 -4068 11484 -16480 -6111 -32768 END
START 16232 -4180 12468 -16490 -6868 -32768 END
START 15072 -4184 13012 -16390 -7630 -32768 END
START 14396 -4136 13500 -16296 -8235 -32768 END
START 13724 -4200 13912 -16181 -8761 -32768 END
START 13064 -4140 14524 -16084 -9262 -32768 END
START 12328 -4368 15128 -15935 -9665 -32768 END
START 10804 -4440 16088 -15831 -10042 -32768 END
START 9844 -4664 16564 -15631 -10311 -32768 END
START 8656 -5044 16628 -15238 -10478 -32768 END
START 7000 -5188 16128 -14862 -10208 -32768 END
START 5168 -5000 16780 -15049 -10307 -32768 END
START 4216 -5120 16480 -14590 -10189 -32768 END
START 2744 -5156 16328 -14644 -9944 -32768 END
START 1952 -5192 16204 -14671 -9592 -32768 END
START 184 -5316 15164 -14729 -8785 -32768 END
START -1640 -4876 17028 -15375 -8931 -32768 END
START -3296 -5420 16764 -15604 -8740 -32768 END
START -4800 -5352 17348 -15848 -8601 -32768 END
START -6208 -5424 18004 -15943 -8491 -32768 END
START -7064 -5616 19440 -15888 -8550 -32768 END
START -8956 -5712 18788 -15560 -8175 -32768 END
START -10868 -5264 21788 -15190 -8777 -32768 END
START -11476 -5980 21616 -14727 -9144 -32768 END
START -12708 -6152 22384 -14490 -9549 -32768 END
START -14028 -6640 23408 -13956 -10029 -32768 END
START -15976 -6764 24632 -13460 -10683 -32768 END
START -18064 -6604 25644 -12877 -11421 -32768 END
START -19672 -6476 26644 -12186 -12264 -32768 END
START -20860 -6448 27228 -11357 -13005 -32768 END
START -22728 -5964 27100 -10332 -13016 -31502 END
START -23532 -5680 28404 -9526 -13927 -29602 END
START -24336 -5788 27984 -8508 -13922 -27722 END
START -24704 -5816 27604 -7648 -13811 -25826 END
START -24756 -5844 27160 -6835 -13259 -23966 END
START -24624 -5728 26396 -6275 -12523 -22144 END
START -24732 -5612 25936 -5815 -11574 -20326 END
START -24780 -5396 25300 -5552 -10614 -18565 END
START -24932 -5200 24608 -5365 -9614 -16849 END
START -25056 -5008 24196 -5284 -8667 -15092 END
START -25188 -4752 23952 -5283 -7785 -13428 END
START -24848 -4476 23480 -5285 -6959 -11683 END
START -24484 -4252 23368 -5298 -6103 -10030 END
START -23740 -4020 23556 -5330 -5282 -8451 END
START -22824 -3840 23864 -5267 -4541 -7054 END
START -21608 -3636 24484 -5166 -3827 -5790 END
START -20448 -3664 24948 -4925 -3322 -4766 END
START -19124 -3412 25624 -4558 -2855 -3981 END
START -17960 -3200 25736 -4022 -2435 -3306 END
START -16852 -2960 25904 -3521 -2120 -2793 END
START -15824 -2812 26208 -2977 -1927 -2346 END
START -14936 -2636 26372 -2482 -1851 -2037 END
START -14156 -2220 26328 -1841 -1805 -1732 END
START -13492 -1992 26112 -1216 -1804 -1453 END
START -12976 -1604 25960 -578 -1918 -1189 END
START -12616 -1376 25544 114 -2227 -948 END
START -12140 -1032 24976 735 -2723 -737 END
START -11648 -672 24296 1292 -3180 -544 END
START -11148 -276 23728 1727 -3612 -343 END
START -10644 156 22944 2104 -3967 -109 END
START -9844 568 22240 2423 -4053 155 END
START -10200 1508 21732 2796 -4300 361 END
START -10220 1800 20900 2938 -4213 664 END
START -9544 2212 20196 3247 -4125 1040 END
START -9196 2320 19460 3459 -3797 1417 END
START -8748 2484 18372 3738 -3281 1861 END