START 16568 4260 9440 3347 8739 19608 END
START 18124 -1180 -1636 4833 8189 19200 END
START 20164 6644 6172 2619 6769 18654 END
START 14564 4304 13080 3622 5953 18293 END
START 18904 4268 6616 3345 5024 18040 END
START 15836 4296 11340 3273 3346 17643 END
START 17960 4464 9100 3261 2533 17298 END
START 18224 4432 9508 3366 1340 16831 END
START 18524 4584 9928 3515 1006 16393 END
START 20192 4756 8520 3636 179 15848 END
START 19184 4580 9744 3667 -109 15234 END
START 21136 5016 7728 3582 -620 14552 END
START 20072 4944 8992 3525 -906 13829 END
START 21768 5120 6960 3276 -962 13021 END
START 21116 4948 7684 2957 -1046 12308 END
START 22268 4916 6216 2549 -729 11754 END
START 21836 4860 6392 2070 -584 10992 END
START 22628 4828 5508 1525 -110 10309 END
START 22988 5128 5272 913 347 9540 END
START 23320 5396 5352 206 821 8768 END
START 23416 5552 5396 -475 1267 7930 END
START 24156 5820 5260 -1217 1540 6879 END
START 23976 5716 6180 -1907 1871 5745 END
START 24604 5624 5948 -2516 2066 4601 END
START 23788 5492 6928 -3051 2196 3424 END
START 23604 5656 7028 -3429 2159 2312 END
START 22560 5716 7584 -3777 2079 1292 END
START 21940 5868 7920 -4064 1963 384 END
START 21112 5852 8452 -4307 1588 -473 END
START 20228 5764 9128 -4567 1203 -1248 END
START 19232 5672 9504 -4724 700 -1921 END
START 18332 5552 10416 -4845 122 -2548 END
START 17316 5480 10812 -4898 -475 -3011 END
START 16380 5552 11376 -4857 -1075 -3475 END
START 15696 5496 11644 -4794 -1619 -3796 END
START 14868 5332 12188 -4686 -2101 -4134 END
START 14056 5312 12316 -4590 -2546 -4395 END
START 13148 5084 12916 -4522 -2969 -4657 END
START 12016 5008 13300 -4414 -3465 -4748 END
START 11060 5088 13808 -4260 -3913 -4852 END
START 10280 5092 14172 -4029 -4282 -4878 END
START 9508 5072 14240 -3791 -4545 -4814 END
START 8976 5152 14604 -3589 -4662 -4738 END
START 8332 5104 14468 -3389 -4578 -4685 END
START 7824 5036 14584 -3234 -4349 -4587 END
START 7300 5148 14528 -3092 -3932 -4477 END
START 6708 5104 14628 -3028 -3395 -4310 END
START 6308 5108 14588 -2977 -2674 -4134 END
START 5876 4960 14400 -2920 -1827 -3919 END
START 5424 5044 14432 -2943 -900 -3634 END
START 5120 4976 14612 -2959 59 -3345 END
START 5084 4876 14712 -2965 953 -3035 END
START 5148 4628 15284 -2948 1731 -2757 END
START 5168 4644 15500 -2873 2262 -2558 END
START 5404 4656 15800 -2746 2662 -2474 END
START 5648 4680 15768 -2639 2882 -2457 END
START 5896 4824 15704 -2508 3043 -2515 END
START 6124 4824 15816 -2526 3124 -2608 END
START 6176 4872 15584 -2541 3162 -2633 END
START 6524 4888 15652 -2646 3097 -2752 END
START 6700 5084 15840 -2715 2876 -2923 END
START 6896 4948 16192 -2830 2689 -3124 END
START 7164 4824 16424 -2877 2314 -3368 END
START 7136 4852 17020 -2931 1914 -3641 END
START 7168 5008 17568 -2869 1466 -3873 END
START 7172 5120 18136 -2698 1001 -4098 END
START 7236 5036 18672 -2438 514 -4321 END
START 7488 5144 18756 -2169 -27 -4557 END
START 7632 5360 18992 -1793 -522 -4819 END
START 7632 5512 19168 -1446 -1146 -5088 END
START 7664 5568 19132 -1120 -1758 -5373 END
START 7708 5628 19156 -813 -2380 -5652 END
START 7656 5524 18964 -458 -2823 -5773 END
START 7580 5556 18528 -141 -3162 -5791 END
START 7756 5588 18068 133 -3364 -5695 END
START 8168 5924 17648 405 -3443 -5628 END
START 8876 5940 17228 647 -3418 -5503 END
START 9564 5884 16688 838 -3432 -5471 END
START 10076 5848 16236 1004 -3373 -5502 END
START 11056 5728 15740 1113 -3280 -5613 END
START 11972 5856 15096 1210 -3216 -5715 END
START 12964 5920 14452 1236 -3125 -5992 END
START 13932 6004 13868 1261 -2998 -6303 END
START 14892 5828 13160 1261 -2916 -6712 END
START 15448 5816 12404 1265 -2829 -7166 END
START 16152 5628 11708 1244 -2802 -7669 END
START 16628 5536 10756 1194 -2821 -8149 END
START 17108 5512 9964 978 -2794 -8629 END
START 17824 5592 8964 744 -2691 -9117 END
START 18628 5608 8076 387 -2526 -9692 END
START 19256 5604 7128 -2 -2359 -10301 END
START 19868 5392 6496 -524 -2246 -10963 END
START 20420 5204 6004 -1062 -2166 -11700 END
START 20848 5084 5528 -1661 -2139 -12491 END
START 21484 5076 5532 -2326 -2145 -13326 END
START 21916 4904 5348 -2933 -2236 -14194 END
START 22272 4780 5280 -3486 -2331 -15085 END
START 22376 4572 5464 -3978 -2519 -16023 END
START 22132 4320 5640 -4353 -2763 -16949 END
START 21804 4024 5760 -4700 -3099 -17782 END
START 21376 3896 5704 -5004 -3500 -18568 END
START 21048 3712 5792 -5308 -3854 -19260 END
START 20980 3672 5732 -5626 -4234 -19902 END
START 20628 3520 5628 -5997 -4476 -20523 END
START 20504 3476 5772 -6327 -4719 -21179 END
START 20336 3212 5436 -6656 -4892 -21817 END
START 19840 3040 5356 -6926 -5135 -22404 END
START 19192 2948 5340 -7204 -5365 -22961 END
START 18900 2912 4776 -7549 -5579 -23402 END
START 18900 2932 4376 -7976 -5779 -23849 END
START 19200 3068 4264 -8526 -5795 -24255 END
START 19564 3192 4016 -9152 -5689 -24736 END
START 20200 3228 3900 -9852 -5360 -25226 END
START 20756 3176 4040 -10505 -4981 -25862 END
START 21192 3088 4424 -11152 -4579 -26596 END
START 21508 2908 4668 -11727 -4115 -27463 END
START 22004 2812 4960 -12248 -3758 -28442 END
START 22568 2732 5136 -12783 -3321 -29561 END
START 23136 2448 5464 -13275 -2944 -30849 END
START 23544 2192 5668 -13809 -2540 -32194 END
START 23516 1980 5760 -14394 -2251 -32768 END
START 23236 1516 5880 -14575 -2081 -32768 END
START 22780 1220 6092 -15255 -2110 -32768 END
START 22268 688 6288 -15702 -2205 -32768 END
START 21504 452 6544 -16296 -2462 -32768 END
START 20712 -68 7080 -16919 -2725 -32768 END
START 19692 -688 7656 -17515 -3088 -32768 END
START 18532 -1428 8320 -18131 -3490 -32768 END
START 17212 -2048 9048 -18656 -3915 -32768 END
START 15724 -2652 10172 -19089 -4438 -32768 END
START 13792 -3560 11800 -19460 -4966 -32768 END
START 12236 -4144 12888 -19664 -5476 -32768 END
START 10672 -4784 14104 -19726 -5964 -32768 END
START 9024 -5344 15148 -19659 -6412 -32768 END
START 7232 -5732 16352 -19480 -6844 -32768 END
START 5712 -5952 17112 -19313 -7244 -32768 END
START 4200 -6644 17876 -19059 -7502 -32768 END
START 2668 -6832 18504 -18874 -7755 -32768 END
START 1064 -7276 19492 -18696 -7887 -32768 END
START -268 -7624 20264 -18395 -8010 -32768 END
START -1772 -7884 21140 -17988 -8056 -32768 END
START -3344 -8036 21816 -17514 -8137 -32768 END
START -5712 -8052 22832 -16940 -8239 -32768 END
START -7408 -8140 23528 -16273 -8381 -32768 END
START -9164 -8096 24364 -15611 -8672 -32768 END
START -10668 -7912 24644 -14951 -8934 -32768 END
START -12196 -8012 25232 -14467 -9211 -32768 END
START -13384 -7920 25360 -13632 -9441 -32768 END
START -14304 -8068 25424 -12963 -9540 -32768 END
START -15064 -7996 25536 -12258 -9440 -32768 END
START -15788 -8088 25032 -11677 -9167 -32768 END
START -16708 -8024 25112 -11039 -8760 -32768 END
START -17472 -7924 25020 -10564 -8289 -32768 END
START -18352 -7876 24912 -10172 -7868 -32768 END
START -19056 -7776 24932 -9900 -7375 -32768 END
START -19532 -7684 25052 -9663 -6875 -32636 END