START 31880 10236 4836 2022 8129 9284 END
START 19968 1524 3944 1993 -1231 7923 END
START 10644 940 14896 2570 -5368 5847 END
START 16184 2140 12028 1335 -5217 1988 END
START 22668 296 11100 -328 -4439 -2140 END
START 25104 -20 10964 -1343 -1284 -5008 END
START 25884 -612 11208 -2502 3017 -8831 END
START 25568 -2236 10556 -3634 5173 -12650 END
START 26304 -3248 10084 -4104 4623 -16989 END
START 27252 -3804 8344 -5100 3739 -22869 END
START 27412 -5120 7768 -6514 3406 -29445 END
START 24852 -7144 8264 -7977 3167 -32768 END
START 23960 -8384 9324 -8876 3556 -32768 END
START 23256 -9516 9368 -10782 4110 -32768 END
START 22912 -11296 12656 -12233 3624 -32768 END
START 20228 -13300 14200 -12869 1768 -32768 END
START 15072 -16980 17412 -11562 -4285 -32768 END
START 7956 -20744 19800 -8388 -10681 -32768 END
START 1756 -20620 21640 -7040 -12527 -32768 END
START -3860 -21464 22528 -7754 -8737 -32768 END
START -6396 -22524 24320 -9702 -1235 -32768 END
START -13512 -25220 28000 -8430 3774 -32768 END