START 17048 1208 9492 10257 4246 24828 END
START 18068 -3876 -1800 11933 4559 24400 END
START 21744 4420 3908 9675 4057 23532 END
START 15360 2540 10680 10540 3937 22950 END
START 19756 3320 4388 9848 3407 22113 END
START 18172 3800 6624 9219 2526 21238 END
START 19904 3976 4572 8386 2507 20250 END
START 21116 4028 3064 7585 2052 19187 END
START 19820 3744 4428 6720 2153 18186 END
START 21024 4160 2412 5817 1582 17156 END
START 18876 3956 4156 4918 1437 16208 END
START 20124 4152 1968 4080 1035 15310 END
START 18516 4020 3044 3300 1013 14540 END
START 19208 4208 2016 2471 909 13851 END
START 17672 4084 3048 1668 628 13189 END
START 17460 4160 3252 790 572 12728 END
START 17028 4104 3796 -7 217 12476 END
START 16352 4236 4704 -650 117 12076 END
START 16580 4460 5088 -1249 17 11818 END
START 15796 4476 6552 -1653 -100 11541 END
START 16304 4596 6732 -1945 -139 11289 END
START 16096 4332 8120 -2090 -257 10997 END
START 16380 4216 8860 -2118 -302 10696 END
START 16688 4116 9264 -2003 -307 10355 END
START 16796 3992 10008 -1849 -234 9950 END
START 16848 3984 10480 -1631 -180 9625 END
START 16808 3880 10840 -1471 -150 9268 END
START 16788 3908 10840 -1282 -106 8939 END
START 16868 3872 10656 -1141 -88 8630 END
START 17012 3892 10872 -1126 -44 8355 END
START 17252 3952 10516 -1119 38 8030 END
START 17472 4004 10308 -1232 146 7701 END
START 17932 4168 10252 -1404 321 7286 END
START 18144 4276 10164 -1664 412 6815 END
START 18488 4396 10300 -1897 570 6263 END
START 18816 4368 10824 -2177 644 5655 END
START 18784 4400 11468 -2394 709 4967 END
START 18764 4472 11836 -2602 721 4332 END
START 18676 4556 12396 -2677 715 3662 END
START 18752 4520 13084 -2661 707 2930 END
START 18868 4612 13324 -2567 834 2268 END
START 18616 4776 13532 -2422 839 1590 END
START 18204 4624 13796 -2301 794 830 END
START 17800 4672 13840 -2197 717 175 END
START 17524 4720 13956 -2163 623 -464 END
START 16784 4708 14040 -2147 537 -1037 END
START 16260 4644 13828 -2188 395 -1490 END
START 15476 4656 14076 -2212 195 -1906 END
START 15132 4648 13908 -2298 77 -2225 END
START 14844 4496 13864 -2369 106 -2502 END
START 14524 4384 13964 -2398 229 -2728 END
START 14296 4264 13916 -2437 306 -2979 END
START 13872 4284 14268 -2476 487 -3158 END
START 13560 4192 14448 -2506 648 -3321 END
START 13120 4032 14708 -2491 822 -3445 END
START 12800 3948 14816 -2456 966 -3483 END
START 12408 3912 14992 -2351 1121 -3528 END
START 12292 3760 15176 -2262 1175 -3567 END
START 12040 3736 15444 -2104 1219 -3545 END
START 12248 3720 15392 -1941 1229 -3577 END
START 12420 3656 15640 -1766 1161 -3603 END
START 12956 3576 15628 -1529 1185 -3688 END
START 13332 3568 15368 -1333 1190 -3779 END
START 14048 3684 15296 -1158 1158 -4027 END
START 14740 3796 14736 -1020 1145 -4370 END
START 15260 3736 14164 -1003 1177 -4795 END
START 15708 3744 13896 -1044 1174 -5292 END
START 16096 3708 13568 -1145 1119 -5797 END
START 16488 3812 13396 -1268 1048 -6345 END
START 16816 3688 13060 -1394 960 -6976 END
START 17220 3804 12796 -1532 881 -7595 END
START 17424 3676 12672 -1640 779 -8228 END
START 17256 3564 12548 -1783 645 -8898 END
START 17012 3544 12524 -1918 443 -9541 END
START 16936 3300 12396 -2024 287 -10113 END
START 16992 3308 12056 -2112 141 -10697 END
START 16808 3072 11992 -2183 -67 -11225 END
START 16804 2892 11684 -2278 -269 -11757 END
START 16796 2676 11188 -2392 -446 -12215 END
START 16740 2460 11008 -2498 -668 -12683 END
START 16708 2268 10684 -2652 -866 -13101 END
START 16648 2180 10448 -2865 -1111 -13496 END
START 17004 2060 10156 -3116 -1334 -13882 END
START 17236 1836 9944 -3409 -1530 -14323 END
START 17544 1728 9712 -3629 -1608 -14728 END
START 17836 1564 9760 -3856 -1674 -15172 END
START 17932 1244 9460 -4075 -1662 -15567 END
START 18160 1260 9712 -4314 -1704 -16023 END
START 18460 1160 9632 -4480 -1761 -16462 END
START 18880 984 9608 -4684 -1844 -16920 END
START 19456 908 9480 -4915 -1890 -17449 END
START 20328 804 9216 -5113 -1890 -18002 END
START 21084 732 9256 -5300 -1876 -18654 END
START 21660 708 8960 -5464 -1932 -19410 END
START 22124 664 8944 -5724 -2068 -20220 END
START 22532 588 8740 -5944 -2197 -21059 END
START 23096 704 8256 -6198 -2241 -21945 END
START 23732 720 7720 -6531 -2259 -22856 END
START 24236 960 7496 -6889 -2273 -23889 END
START 24700 1104 7280 -7270 -2330 -24978 END
START 24976 1156 7088 -7712 -2403 -26118 END
START 25172 1072 6848 -8172 -2463 -27327 END
START 24980 992 6840 -8655 -2546 -28447 END
START 24768 908 6884 -9130 -2716 -29629 END
START 24536 792 6896 -9656 -2863 -30727 END
START 24304 612 6896 -10082 -3015 -31789 END
START 24004 436 7136 -10488 -3244 -32768 END
START 23580 280 7380 -10841 -3425 -32768 END
START 23172 184 7628 -11155 -3664 -32768 END
START 22680 176 8008 -11387 -3972 -32768 END
START 22380 384 8356 -11700 -4249 -32768 END
START 22216 344 8484 -11960 -4450 -32768 END
START 22344 244 8628 -12181 -4532 -32768 END
START 22744 76 8632 -12463 -4524 -32768 END
START 23484 -128 8636 -12700 -4382 -32768 END
START 24128 -80 8540 -13026 -4173 -32768 END
START 24680 -224 8556 -13412 -3884 -32768 END
START 24848 -544 8628 -13877 -3604 -32768 END
START 24820 -888 8760 -14327 -3355 -32768 END
START 24296 -1304 8864 -14360 -3164 -32768 END
START 23636 -1824 8764 -14845 -2995 -32768 END
START 22352 -2452 8876 -15539 -2861 -32768 END
START 20328 -3304 9232 -16028 -2840 -32768 END
START 18616 -3936 9800 -16575 -2918 -32768 END
START 16548 -4432 10636 -17076 -3179 -32768 END
START 14632 -4956 11384 -17487 -3596 -32768 END
START 12496 -5428 12428 -17830 -4223 -32768 END
START 10616 -6012 13696 -18050 -4988 -32768 END
START 8624 -6852 14816 -18073 -5865 -32768 END
START 6548 -7536 16276 -17938 -6834 -32768 END
START 4196 -8124 17832 -17667 -7860 -32768 END
START 1908 -8472 19284 -17247 -9081 -32768 END
START -252 -8648 20496 -16682 -10250 -32768 END
START -2244 -8948 21536 -16009 -11266 -32768 END
START -4344 -9296 22512 -15156 -12001 -32768 END
START -5760 -9728 23036 -14582 -12318 -32768 END
START -7316 -10084 23416 -13769 -12345 -32768 END
START -8948 -10400 23408 -13052 -12051 -32768 END
START -10704 -10776 23876 -12405 -11647 -32768 END
START -12772 -10852 24004 -11817 -11163 -32768 END
START -15436 -11016 24152 -11257 -10680 -32768 END
START -17476 -11024 24296 -10820 -10256 -32768 END
START -19496 -10892 24072 -10375 -9850 -32768 END
START -21292 -10584 24308 -10019 -9594 -32768 END
START -22844 -10396 24340 -9631 -9294 -32768 END
START -24156 -10156 24032 -9343 -9017 -32768 END
START -25260 -9692 24368 -9067 -8832 -32768 END
START -25940 -9508 24288 -8829 -8580 -32583 END
START -26280 -9364 24328 -8530 -8275 -30442 END
START -26464 -9200 24056 -8341 -7835 -28346 END
START -26436 -8932 24188 -8072 -7385 -26289 END
START -26632 -8712 24376 -7831 -6950 -24354 END
START -26692 -8448 24556 -7579 -6489 -22431 END
START -26868 -8212 24908 -7296 -6234 -20545 END
START -26824 -8068 25172 -6980 -6019 -18657 END
START -26832 -8032 25236 -6646 -5903 -16865 END
START -26500 -7788 25212 -6313 -5817 -15033 END
START -26240 -7528 25256 -5985 -5634 -13251 END
START -25644 -7380 25356 -5723 -5508 -11501 END
START -24808 -7120 25520 -5407 -5311 -9939 END