START 25068 7236 5668 5229 1511 21467 END
START 22500 3432 8020 4368 -1673 14917 END
START 18344 3296 7424 1396 -719 7614 END
START 16112 1416 9364 -574 -2071 3780 END
START 18712 928 11324 -415 -3757 1564 END
START 25892 2208 9568 -683 -2448 -2722 END
START 29496 2548 8508 -2105 1854 -9502 END
START 31040 2376 7344 -4480 4401 -17887 END
START 29272 832 7796 -5886 4603 -26406 END
START 25544 -536 9112 -5859 2027 -32584 END
START 24960 -2080 10504 -5238 -2341 -32768 END
START 24252 -4076 11584 -3200 -8494 -32768 END
START 15788 -7232 14252 -298 -19043 -32768 END
START 10260 -8356 15396 4289 -29375 -32768 END
START 8312 -7096 12752 4347 -30923 -32768 END
START 9812 -7180 7748 -1919 -24020 -32768 END
START 10212 -11552 8988 -11856 -15420 -32768 END
START 3568 -18444 18036 -18307 -12220 -32768 END
START -4100 -23652 28660 -18565 -9818 -32768 END