START 16920 2432 13252 3556 4259 18261 END
START 22484 -184 -128 5217 5174 17595 END
START 17124 2084 10196 3207 5144 16726 END
START 21124 3404 9400 4042 5971 15733 END
START 20224 2892 9352 3355 6259 14624 END
START 20640 3124 8584 2780 5752 13309 END
START 18764 3104 10172 1972 5875 12059 END
START 20148 3340 7796 1288 5095 10919 END
START 17528 3224 10524 644 4713 9902 END
START 18776 3112 8672 114 3836 9010 END
START 16628 2644 10756 -317 3184 8319 END
START 17156 2268 9780 -653 2425 7690 END
START 15948 1816 10700 -855 1628 7171 END
START 15636 1604 10892 -1064 965 6765 END
START 15016 1552 11476 -1157 6 6394 END
START 14276 1512 12164 -1212 -779 6152 END
START 14144 1540 12412 -1283 -1732 5982 END
START 13296 1452 13080 -1261 -2595 5850 END
START 13532 1380 13004 -1170 -3329 5804 END
START 12980 1192 14120 -1032 -4111 5729 END
START 13264 1108 13820 -762 -4754 5684 END
START 13024 988 14464 -520 -5391 5609 END
START 13716 1024 14560 -239 -5902 5585 END
START 14020 1008 14912 55 -6361 5526 END
START 14608 1032 14820 353 -6628 5457 END
START 15588 808 14904 624 -6798 5370 END
START 16868 660 14412 938 -6771 5224 END
START 18172 732 14200 1031 -6736 5041 END
START 19672 440 14040 1142 -6529 4719 END
START 21572 332 13980 1158 -6213 4186 END
START 23648 416 13836 1111 -5911 3436 END
START 25340 504 13744 1012 -5429 2550 END
START 27108 668 13192 932 -4943 1384 END
START 28264 748 13424 796 -4474 141 END
START 29484 900 13304 620 -3969 -1236 END
START 30180 852 13316 482 -3500 -2736 END
START 31032 808 13088 315 -2954 -4230 END
START 31396 784 13048 217 -2520 -5823 END
START 31568 684 12968 116 -2060 -7324 END
START 31428 732 12976 2 -1693 -8859 END
START 31304 672 12904 -120 -1402 -10258 END
START 31184 620 12632 -225 -1151 -11756 END
START 30856 352 12420 -388 -929 -13204 END
START 30612 312 12360 -552 -724 -14571 END
START 30288 224 11892 -685 -525 -15899 END
START 29508 116 11616 -863 -370 -17191 END
START 28968 -104 11224 -1046 -253 -18266 END
START 28260 -288 11092 -1314 -166 -19363 END
START 27692 -320 10864 -1534 -106 -20370 END
START 27212 -376 10676 -1826 -121 -21333 END
START 26892 -468 10472 -2120 -121 -22273 END
START 26396 -640 10440 -2387 -167 -23150 END
START 25892 -776 10660 -2696 -287 -24024 END
START 25412 -980 10348 -2905 -430 -24826 END
START 25236 -1116 10156 -3135 -512 -25614 END
START 25112 -1216 10236 -3338 -679 -26401 END
START 25048 -1292 10360 -3537 -731 -27208 END
START 24968 -1448 10632 -3712 -812 -28028 END
START 25020 -1476 10632 -3854 -837 -28851 END
START 25108 -1584 10704 -3993 -923 -29775 END
START 25024 -1732 10900 -4100 -995 -30740 END
START 25088 -1796 10992 -4152 -1160 -31834 END
START 25056 -2004 10820 -4214 -1354 -32768 END
START 25032 -2244 10460 -4305 -1632 -32768 END
START 24968 -2292 10164 -4415 -1932 -32768 END
START 24792 -2404 9836 -4565 -2206 -32768 END
START 24324 -2364 9308 -4826 -2568 -32768 END
START 23684 -2348 8932 -5153 -2972 -32768 END
START 23244 -2360 8556 -5535 -3415 -32768 END
START 22472 -2528 8360 -6007 -3927 -32768 END
START 22176 -2788 7748 -6490 -4309 -32768 END
START 21560 -3136 7328 -7037 -4697 -32768 END
START 20992 -3472 6996 -7610 -4955 -32768 END
START 20036 -3704 7108 -8197 -5324 -32768 END
START 18832 -3580 7308 -8806 -5806 -32768 END
START 17568 -3452 7488 -9386 -6388 -32768 END
START 16348 -3460 7632 -9904 -7020 -32768 END
START 15040 -3792 7964 -10400 -7638 -32768 END
START 13608 -4012 8388 -10837 -8274 -32768 END
START 12064 -4128 8792 -11254 -8921 -32768 END
START 10108 -4116 9380 -11637 -9619 -32768 END
START 8636 -3980 9900 -11958 -10458 -32768 END
START 7400 -3872 10556 -12251 -11254 -32768 END
START 6420 -3780 11072 -12477 -12101 -32768 END
START 5376 -3616 11840 -12686 -12907 -32768 END
START 4576 -3408 12628 -12851 -13631 -32768 END
START 3940 -3508 12932 -12926 -14175 -32768 END
START 3248 -3576 13496 -12910 -14558 -32768 END
START 2724 -3764 14076 -12933 -14662 -32768 END
START 2264 -3884 14444 -12941 -14611 -32768 END
START 1792 -4104 14816 -12971 -14303 -32768 END
START 1356 -4228 15020 -13089 -13725 -32768 END
START 840 -4348 15176 -13268 -12843 -32768 END
START 412 -4320 15184 -13459 -11716 -32768 END
START -292 -4560 15276 -13695 -10417 -32768 END
START -1296 -4896 15440 -14042 -9026 -32768 END
START -2580 -5128 15620 -14229 -7760 -32768 END
START -4208 -5492 16200 -14745 -6686 -32768 END
START -6176 -5692 16672 -14716 -5842 -32768 END
START -8328 -5772 17668 -15026 -5315 -32768 END
START -10420 -5556 18568 -14899 -5173 -32768 END
START -13148 -4880 19748 -15021 -5353 -32768 END
START -14552 -4684 20604 -15067 -5708 -32768 END
START -15740 -4400 21888 -14503 -6307 -32768 END
START -16588 -4456 23068 -14337 -7065 -32768 END
START -17100 -4524 24088 -13531 -7876 -32768 END
START -17744 -4672 24880 -12827 -8601 -32768 END
START -18080 -4916 25636 -11987 -9232 -32768 END
START -18528 -5028 26572 -11094 -9936 -32768 END
START -19312 -5168 27880 -10075 -10816 -32768 END
START -20028 -5140 28304 -8999 -11768 -32768 END
START -21092 -4644 29116 -7776 -12612 -32768 END
START -21412 -4528 28864 -6668 -13602 -32327 END
START -21988 -4448 28776 -5576 -14204 -31140 END
START -22320 -4516 28496 -4552 -14692 -29892 END
START -22552 -4620 28152 -3645 -14962 -28661 END
START -22904 -4740 27644 -2803 -15052 -27439 END
START -23512 -4704 27204 -2121 -14938 -26161 END
START -23740 -4572 26480 -1474 -14715 -24896 END
START -24296 -4380 25744 -966 -14240 -23543 END
START -24800 -4324 25204 -516 -13723 -22141 END
START -25396 -4300 24232 -216 -13111 -20655 END
START -25848 -4064 23816 -8 -12483 -19080 END
START -26180 -3656 23252 142 -11908 -17499 END
START -26564 -3324 22768 172 -11292 -15821 END
START -26492 -2976 22440 195 -10688 -14113 END
START -26036 -2820 22180 239 -10056 -12443 END
START -25160 -2708 22148 291 -9348 -10812 END
START -24180 -2648 22168 332 -8636 -9322 END
START -23128 -2504 22284 436 -7913 -7957 END
START -22108 -2400 22108 567 -7283 -6773 END
START -21016 -2176 21896 746 -6650 -5655 END
START -20132 -1872 21768 934 -6049 -4680 END
START -19336 -1572 21556 1092 -5587 -3758 END
START -18612 -1264 21052 1205 -5162 -2870 END
START -17864 -916 20796 1267 -4791 -1942 END
START -17152 -644 20648 1280 -4518 -1089 END
START -16368 -388 20540 1333 -4239 -219 END
START -15424 -176 20384 1421 -3931 558 END
START -14656 -104 20600 1510 -3647 1291 END
START -13640 168 20592 1750 -3329 1968 END
START -12516 528 20476 1992 -2945 2525 END
START -11936 872 20604 2316 -2649 3051 END
START -11048 1104 20344 2592 -2413 3496 END
START -10280 1492 20356 2922 -2195 3889 END
START -9340 1784 20116 3179 -2006 4232 END
START -8512 2092 19624 3470 -1759 4581 END
START -7720 2448 19152 3740 -1499 4940 END
START -7000 2720 18964 3959 -1303 5217 END
START -6288 3160 18432 4197 -1129 5517 END
START -5620 3512 17960 4371 -1037 5755 END
START -4616 3820 17336 4569 -1042 5958 END
START -3856 4136 16964 4714 -1100 6058 END