START 13444 4288 12908 -4892 5602 4383 END
START 14788 -3248 1060 -2799 6092 4108 END
START 16120 7464 10020 -4953 4881 3293 END
START 10344 4648 16544 -4043 4136 2785 END
START 13368 4880 12484 -4347 3007 2286 END
START 11652 4588 13696 -4496 1652 1746 END
START 11476 4064 13900 -4830 1259 1334 END
START 12904 3700 12132 -4951 403 922 END
START 11220 3120 14452 -5027 179 673 END
START 12788 3264 12820 -4988 -167 476 END
START 10752 2816 14512 -4943 -405 375 END
START 12016 3028 12892 -4990 -360 383 END
START 10992 3340 14600 -5090 -709 355 END
START 12388 3284 13800 -5287 -673 327 END
START 12524 3064 13908 -5464 -599 147 END
START 13168 3144 14128 -5685 -299 -92 END
START 13472 3024 14480 -5875 153 -367 END
START 14320 2256 14932 -6042 330 -619 END
START 14336 2200 17164 -6106 361 -841 END
START 15912 1928 17624 -6094 20 -1161 END
START 16596 1616 18884 -5786 119 -1616 END
START 18356 1768 18816 -5371 171 -2110 END
START 19032 1696 20168 -4806 267 -2746 END
START 20296 1656 20020 -4226 275 -3546 END
START 20728 1492 20688 -3570 146 -4362 END
START 21672 1468 20136 -2987 -41 -5332 END
START 22116 1184 20216 -2422 -348 -6290 END
START 23028 1040 19800 -2020 -523 -7275 END
START 23668 1016 19348 -1688 -746 -8223 END
START 24396 928 19144 -1498 -909 -9237 END
START 25232 1000 18540 -1345 -1001 -10239 END
START 25688 652 18520 -1255 -971 -11346 END
START 26412 536 17896 -1132 -917 -12462 END
START 26556 324 17836 -1020 -765 -13613 END
START 26940 44 17372 -864 -596 -14815 END
START 26852 -196 17084 -755 -519 -15933 END
START 27136 -408 16500 -643 -434 -17125 END
START 27360 -520 16268 -661 -430 -18279 END
START 27896 -776 15876 -676 -399 -19452 END
START 28300 -1056 15508 -800 -299 -20692 END
START 28628 -1308 15376 -923 -226 -21963 END
START 28736 -1512 15020 -1006 -176 -23324 END
START 28652 -1448 14952 -1104 -148 -24691 END
START 28288 -1600 14672 -1168 -168 -26015 END
START 27724 -1744 14688 -1135 -310 -27315 END
START 27188 -2096 14328 -1131 -489 -28611 END
START 26468 -2404 13916 -1079 -776 -29745 END
START 25736 -2572 13584 -1072 -1086 -30788 END
START 24960 -2692 12856 -1103 -1476 -31819 END
START 24472 -2684 12496 -1194 -1774 -32768 END
START 23960 -2724 11772 -1389 -2116 -32768 END
START 23452 -2616 11380 -1682 -2389 -32768 END
START 23228 -2480 11000 -2041 -2727 -32768 END
START 22960 -2528 10832 -2457 -3023 -32768 END
START 23376 -2516 10748 -2799 -3347 -32768 END
START 23392 -2788 10816 -3187 -3647 -32768 END
START 23704 -2912 11220 -3453 -4101 -32768 END
START 23432 -3168 11300 -3727 -4657 -32768 END
START 23076 -3520 11448 -3898 -5271 -32768 END
START 22696 -3784 11708 -4057 -6010 -32768 END
START 21760 -4092 11944 -4199 -6856 -32768 END
START 20632 -4384 12240 -4314 -7864 -32768 END
START 19428 -4840 12144 -4401 -8956 -32768 END
START 18080 -5408 12352 -4507 -10095 -32768 END
START 16764 -5824 12244 -4606 -11147 -32768 END
START 15452 -6120 12160 -4718 -12181 -32768 END
START 14280 -6120 12184 -4919 -12936 -32768 END
START 13212 -6208 12276 -5104 -13610 -32768 END
START 11844 -6228 12028 -5346 -14050 -32768 END
START 10556 -6708 12024 -5573 -14361 -32768 END
START 9156 -7180 12496 -5843 -14604 -32768 END
START 7268 -7452 13112 -6056 -14865 -32768 END
START 5532 -7464 13608 -6303 -15143 -32768 END
START 4064 -7168 14164 -6448 -15363 -32768 END
START 3156 -6696 14756 -6483 -15395 -32768 END
START 2200 -6516 15288 -6416 -15451 -32768 END
START 1184 -6648 16004 -6333 -15550 -32768 END
START 424 -6684 16732 -6158 -15729 -32768 END
START -828 -6828 17280 -5927 -15997 -32768 END
START -1936 -6692 17596 -5720 -16428 -32768 END
START -3752 -6568 17964 -5475 -16944 -32768 END
START -5044 -6208 18180 -5319 -17380 -32768 END
START -6200 -6036 18444 -5186 -17813 -32768 END
START -7256 -5808 18404 -5141 -18047 -32768 END
START -8120 -5700 18392 -5184 -18212 -32768 END
START -8932 -5556 18456 -5314 -18275 -32768 END
START -9568 -5500 18552 -5441 -18196 -32768 END
START -10336 -5432 18828 -5640 -17987 -32768 END
START -10896 -5184 19056 -5861 -17615 -32768 END
START -11580 -5208 19396 -6047 -17027 -32768 END
START -12644 -5272 19840 -6248 -16374 -32768 END
START -14088 -5276 20236 -6374 -15632 -32768 END
START -15744 -5184 20996 -6512 -14981 -32768 END
START -17460 -5000 21744 -6496 -14501 -32768 END
START -19008 -4704 22240 -6491 -14135 -32768 END
START -20688 -4488 22728 -6339 -13797 -32768 END
START -22016 -4064 23340 -6082 -13527 -32768 END
START -23256 -4132 24140 -5796 -13390 -32768 END
START -24744 -4160 25080 -5409 -13258 -32768 END
START -25772 -4000 25860 -4960 -13267 -32768 END
START -26684 -3836 26304 -4354 -13319 -32768 END
START -27328 -3796 26900 -3660 -13261 -32358 END
START -27928 -3616 26984 -2758 -13070 -30510 END
START -28752 -3552 27156 -1871 -12779 -28569 END
START -29272 -3300 27064 -1013 -12627 -26581 END
START -29736 -3000 26612 -213 -12314 -24551 END
START -29908 -2604 26040 479 -11967 -22438 END
START -29532 -2292 25728 1119 -11676 -20321 END
START -29184 -1864 25144 1544 -11331 -18326 END
START -28456 -1656 24524 1931 -10925 -16384 END
START -27928 -1368 24072 2220 -10477 -14605 END
START -27224 -1236 23672 2439 -10065 -12875 END
START -26708 -812 22964 2666 -9576 -11237 END
START -26260 -692 22724 2774 -9202 -9715 END
START -25644 -296 22300 2916 -8871 -8230 END
START -24860 -124 21880 3030 -8555 -6746 END
START -24124 252 21336 3115 -8269 -5360 END
START -23064 592 20960 3222 -7925 -4080 END
START -21968 800 20524 3292 -7587 -2853 END
START -20648 1100 20056 3369 -7179 -1810 END
START -19288 1220 20072 3364 -6753 -856 END
START -18160 1556 19764 3435 -6257 -21 END
START -16900 1656 19584 3462 -5715 637 END
START -15620 1900 19664 3554 -5114 1223 END
START -14696 2168 19368 3694 -4585 1732 END
START -13780 2464 19244 3844 -4097 2159 END
START -12952 2636 19236 4037 -3802 2532 END
START -11960 2788 19012 4208 -3633 2786 END
START -10804 3060 18328 4368 -3492 3091 END
START -9616 3064 17964 4528 -3371 3229 END
START -8376 3252 17400 4706 -3169 3307 END
START -9016 3328 16768 5000 -3233 3292 END
START -7904 4584 16388 4816 -3476 3320 END
START -8016 4704 16444 5031 -3892 3349 END
START -6948 4772 15384 4995 -4085 3415 END
START -6300 5200 14776 5046 -4027 3430 END