START 17236 4624 7004 326 477 7644 END
START 22152 -2012 -8588 1460 1284 7657 END
START 19288 6580 4232 -988 908 7109 END
START 14980 4540 11212 -666 572 6682 END
START 20004 4636 5112 -1428 873 6419 END
START 16492 4392 9928 -1865 161 5972 END
START 17120 4200 9580 -2557 339 5539 END
START 19368 3716 7908 -2954 538 5009 END
START 18812 3416 9824 -3272 452 4506 END
START 18772 3236 10740 -3511 801 4101 END
START 19724 3408 11096 -3594 588 3644 END
START 19056 3088 12988 -3608 833 3251 END
START 20832 2868 11692 -3519 813 2762 END
START 19964 2448 13728 -3351 981 2185 END
START 21612 2516 12592 -3232 1204 1619 END
START 20664 2368 14160 -3071 1166 899 END
START 21856 2576 13336 -2938 1419 182 END
START 21592 2324 13808 -2823 1477 -579 END
START 22096 2396 13376 -2762 1781 -1345 END
START 22152 2384 13404 -2716 1937 -2185 END
START 22016 2140 13128 -2737 2151 -2936 END
START 22088 2104 12740 -2818 2140 -3731 END
START 21624 1908 13124 -2933 2125 -4504 END
START 21912 1772 12844 -3132 2001 -5278 END
START 21488 1444 12944 -3261 1827 -5999 END
START 21844 1388 12564 -3357 1633 -6723 END
START 21344 1220 12920 -3466 1348 -7422 END
START 21452 1136 12676 -3514 1008 -8105 END
START 21212 980 13004 -3594 558 -8796 END
START 21568 832 12728 -3609 170 -9495 END
START 21792 716 12872 -3694 -218 -10148 END
START 22056 700 13104 -3731 -587 -10856 END
START 22396 424 13288 -3777 -948 -11626 END
START 22796 428 13188 -3780 -1297 -12402 END
START 23148 324 13376 -3712 -1636 -13221 END
START 23248 56 13320 -3608 -1956 -14089 END
START 23452 -124 13140 -3521 -2275 -15006 END
START 23468 -204 13168 -3403 -2600 -15891 END
START 23472 -436 12584 -3308 -2965 -16839 END
START 23408 -688 12164 -3325 -3277 -17637 END
START 23324 -884 11736 -3413 -3590 -18497 END
START 23076 -960 11656 -3641 -3880 -19175 END
START 23324 -976 11220 -3894 -4090 -19869 END
START 23372 -1212 11224 -4128 -4272 -20535 END
START 23612 -1256 11260 -4383 -4373 -21255 END
START 23820 -1560 11536 -4526 -4473 -22046 END
START 23852 -1840 11348 -4621 -4548 -22827 END
START 23720 -2116 11332 -4697 -4598 -23671 END
START 23408 -2128 11304 -4786 -4577 -24462 END
START 23072 -2260 11168 -4900 -4593 -25182 END
START 22892 -2420 10836 -5009 -4456 -25751 END
START 23080 -2308 10264 -5152 -4228 -26308 END
START 23544 -2256 9976 -5418 -3891 -26901 END
START 24064 -2216 9668 -5681 -3596 -27577 END
START 24624 -2200 9544 -5961 -3355 -28389 END
START 24904 -2112 9216 -6236 -3126 -29333 END
START 24912 -2036 9184 -6594 -3094 -30406 END
START 24752 -1860 8916 -6911 -3140 -31487 END
START 24592 -2048 8848 -7330 -3343 -32550 END
START 24244 -2056 9012 -7710 -3771 -32768 END
START 24460 -2084 8912 -8053 -4289 -32768 END
START 25136 -2348 8824 -8368 -4623 -32768 END
START 25288 -2352 9200 -8721 -5070 -32768 END
START 25168 -2404 8964 -9156 -5631 -32768 END
START 24896 -2588 8960 -9512 -6215 -32768 END
START 24408 -2876 9064 -9887 -6857 -32768 END
START 23640 -3104 9364 -10230 -7466 -32768 END
START 22660 -3312 9172 -10585 -8111 -32768 END
START 21596 -3680 9012 -11060 -8659 -32768 END
START 20180 -4224 9072 -11491 -9246 -32768 END
START 18612 -4480 9384 -12000 -9902 -32768 END
START 16752 -4608 9960 -12440 -10592 -32768 END
START 14516 -4704 10776 -12902 -11329 -32768 END
START 13244 -4884 11412 -13286 -12055 -32768 END
START 12088 -4944 11852 -13568 -12481 -32768 END
START 10912 -5320 12476 -13768 -12710 -32768 END
START 9704 -5620 13232 -13858 -12829 -32768 END
START 8404 -5720 13968 -13997 -12838 -32768 END
START 7104 -5676 14736 -13977 -12706 -32768 END
START 5952 -5628 15140 -13936 -12468 -32768 END
START 4440 -5556 15312 -14035 -12040 -32768 END
START 3316 -5564 15624 -13963 -11531 -32768 END
START 2260 -5736 15764 -13944 -10975 -32768 END
START 1220 -5948 16028 -14036 -10419 -32768 END
START 260 -6160 16320 -14144 -9819 -32768 END
START -592 -6308 16504 -14188 -9345 -32768 END
START -1696 -6352 16948 -14205 -8995 -32768 END
START -2880 -6412 17564 -14570 -8870 -32768 END
START -3948 -6416 18056 -14583 -8868 -32768 END
START -4812 -6492 18396 -14525 -8955 -32768 END
START -5712 -6640 19144 -14377 -9115 -32768 END
START -7080 -6868 20144 -14617 -9390 -32768 END
START -8172 -7016 20876 -14548 -9725 -32768 END
START -9380 -7020 22008 -14156 -10198 -32768 END
START -10660 -7112 23084 -13926 -10755 -32768 END
START -11908 -7248 24056 -13519 -11435 -32768 END
START -13012 -7032 24908 -12935 -12009 -32768 END
START -14136 -6952 25904 -12326 -12483 -32768 END
START -14804 -6800 26356 -11601 -12836 -32768 END
START -16072 -6740 27168 -10813 -13056 -32768 END
START -16744 -6700 27396 -10035 -13224 -32768 END
START -17464 -6560 27848 -9139 -13310 -32768 END
START -18064 -6744 27684 -8322 -13299 -32768 END
START -18696 -6716 27476 -7598 -13086 -32768 END
START -19216 -6768 27028 -7036 -12770 -32768 END
START -20028 -6728 26852 -6503 -12368 -32768 END
START -21128 -6444 26408 -6108 -11768 -32361 END
START -21844 -6024 26228 -5764 -11053 -30830 END
START -22820 -5592 25700 -5523 -10162 -29163 END
START -23532 -5164 25716 -5358 -9329 -27402 END
START -24124 -4904 25416 -5177 -8381 -25597 END
START -24960 -4636 25508 -4986 -7598 -23800 END
START -25708 -4316 25716 -4733 -6866 -21901 END
START -26424 -4152 25848 -4437 -6429 -19935 END
START -27132 -3876 25672 -4077 -5951 -17959 END
START -27328 -3348 25912 -3641 -5643 -15850 END
START -26908 -3156 25604 -3211 -5147 -13737 END
START -26484 -2924 25536 -2789 -4591 -11765 END
START -25668 -2704 25320 -2377 -3971 -9839 END
START -24444 -2492 25356 -1985 -3244 -8130 END
START -23988 -2304 25524 -1655 -2738 -6546 END
START -22876 -2240 24984 -1193 -2100 -5045 END
START -21408 -2288 24724 -781 -1513 -3760 END
START -19976 -2120 24644 -379 -897 -2660 END
START -18772 -1752 24344 34 -543 -1743 END
START -18112 -1612 24864 415 -439 -1004 END
START -16924 -1416 24840 828 -421 -404 END
START -15480 -1252 24248 1259 -422 43 END
START -14420 -1056 23996 1743 -481 422 END
START -13484 -740 23872 2234 -672 601 END
START -12800 -508 23392 2662 -1090 760 END
START -11808 -68 22944 3138 -1685 768 END
START -11192 232 22616 3536 -2168 746 END
START -10356 660 21736 3875 -2597 659 END