START 29668 -1496 17560 -1613 -88 31312 END
START 32767 -6728 10892 2204 -331 21336 END
START 32767 -3632 9076 1590 -1968 9823 END
START 32767 -5236 12300 492 -6042 -322 END
START 25536 -5988 16832 1202 -9768 -7825 END
START 27480 -6188 16768 1617 -8034 -14240 END
START 32296 -5452 15856 1954 -2014 -22167 END
START 32188 -4832 14288 2667 3487 -32768 END
START 31768 -6444 12480 2104 2435 -32768 END
START 31772 -9188 13112 1798 -2832 -32768 END
START 27516 -14924 14756 3023 -8461 -32768 END
START 20192 -18732 15164 3142 -11575 -32768 END
START 15564 -19796 12836 313 -6879 -32768 END
START 10708 -22408 12280 -3153 -1393 -32768 END
START 1252 -25920 16704 -3617 -4611 -32768 END
START -7360 -26460 22064 -1005 -9122 -32768 END
START -16796 -25168 24680 2492 -8451 -32768 END
START -22792 -22868 21780 3760 -4791 -32768 END