START 31332 10220 8596 2861 4855 24094 END
START 25720 3500 4744 2492 5428 18967 END
START 16408 1364 8948 1183 2824 15650 END
START 16884 1044 10024 301 -2441 14706 END
START 24344 1492 12132 527 -7400 11043 END
START 32496 2072 11372 787 -8028 3883 END
START 32767 2516 9932 -757 -4649 -5321 END
START 32767 1644 9972 -2722 618 -14211 END
START 32767 92 10244 -3973 4117 -22453 END
START 32767 -1968 10484 -4545 5977 -31593 END
START 32767 -4572 10204 -4544 4868 -32768 END
START 32767 -6756 10500 -5296 1129 -32768 END
START 32767 -12100 10408 -6866 -2286 -32768 END
START 24300 -19308 11364 -8239 -4558 -32768 END
START 19924 -23376 15824 -8167 -9031 -32768 END
START 15752 -25412 15836 -7933 -7383 -32768 END
START 5404 -28776 17144 -9187 -6694 -32768 END
START -3932 -29216 22188 -7467 -8358 -32768 END
START -11124 -29156 24872 -4376 -8913 -32768 END