START 27500 4060 7572 2017 8587 12176 END
START 15548 1012 6768 2317 2157 11612 END
START 8664 -828 16188 3216 -1650 9625 END
START 14852 604 15400 3607 -2217 5841 END
START 20396 620 11928 3524 -1258 745 END
START 20704 -688 10100 2208 -599 -2054 END
START 20416 -960 9496 -135 -2114 -2192 END
START 22460 -1840 10216 -1475 -3887 -3498 END
START 25628 -2940 10396 -2388 -5465 -5252 END
START 31660 -4072 11196 -3529 -4659 -9216 END
START 32767 -4380 9992 -5919 -4875 -14276 END
START 32767 -5812 11992 -7747 -5299 -19107 END
START 32767 -7028 14548 -8127 -6319 -24104 END
START 32767 -8384 17348 -7488 -9049 -32235 END
START 32767 -10692 16096 -8090 -7518 -32768 END
START 32767 -17512 16064 -10576 -3768 -32768 END
START 32767 -23632 16880 -13508 -246 -32768 END
START 29060 -32768 19468 -15329 -1555 -32768 END
START 9596 -32768 23872 -12533 -7182 -32768 END
START -6712 -32768 29120 -6014 -16942 -32768 END
START -23400 -32768 32416 3304 -27523 -32768 END