START 32767 6684 4860 6810 -634 18831 END
START 32767 5148 2612 5596 -4084 11654 END
START 29768 4312 9688 2836 -5440 4412 END
START 32767 4636 10500 2849 -3060 -2140 END
START 32767 4576 7316 706 81 -10454 END
START 32767 2976 5312 -2325 1780 -16232 END
START 30376 948 6800 -4688 2050 -21845 END
START 25944 -1368 8172 -5174 1345 -25981 END
START 23452 -2580 7840 -5457 -653 -28921 END
START 22384 -4140 8124 -6567 -2348 -32228 END
START 23108 -5768 10160 -7910 -3511 -32768 END
START 21816 -7736 10872 -8892 -3491 -32768 END
START 20420 -9936 11784 -10278 -4222 -32768 END
START 17820 -12244 13176 -11885 -4838 -32768 END
START 15648 -14868 14460 -13185 -5080 -32768 END
START 11960 -17632 15636 -13783 -5139 -32768 END
START 6560 -20648 17532 -13718 -5599 -32768 END
START 448 -21424 19764 -11857 -8624 -32768 END
START -5092 -21628 21732 -9899 -11437 -32768 END
START -10124 -20344 23804 -7931 -13028 -32768 END