START 28476 4500 804 5854 -5124 10083 END
START 18124 -980 6548 5175 -11168 4016 END
START 17188 -2936 8860 2466 -9888 -1126 END
START 19212 -4420 10424 -1362 -7156 -4652 END
START 23496 -5376 14112 -3516 -1023 -8734 END
START 27452 -7156 12864 -4266 4014 -14645 END
START 24704 -9244 13060 -5117 4547 -19929 END
START 23616 -10096 15128 -4708 1963 -24261 END
START 24636 -10224 16584 -3473 -819 -28701 END
START 24808 -10560 16132 -2942 -1215 -32768 END
START 22204 -12448 17088 -3524 -1380 -32768 END
START 21160 -13344 18368 -3566 -553 -32768 END
START 19584 -14592 18820 -4198 1191 -32768 END
START 17228 -16160 20132 -4319 4222 -32768 END
START 8868 -18392 19728 -3287 5538 -32768 END
START -6196 -20064 21172 -612 -648 -32768 END
START -18604 -20660 24524 4970 -10321 -32768 END
START -23028 -16060 22324 6411 -11833 -32768 END
START -28772 -12700 17856 2299 -2207 -32768 END