START 19232 3156 1764 1017 -2501 15874 END
START 7836 -1600 12920 452 -10946 11089 END
START 11988 -2036 13808 762 -14962 8385 END
START 21744 -1212 9596 228 -12478 4753 END
START 24876 -1716 11668 -2072 -7413 -1109 END
START 25652 -2676 9360 -4706 -720 -6313 END
START 25956 -3864 11016 -6922 -46 -10571 END
START 27308 -5216 13332 -7261 315 -15961 END
START 27308 -5720 14720 -7140 -585 -22691 END
START 25788 -7852 15884 -6657 -2914 -28331 END
START 25384 -8572 15780 -5338 -5620 -32768 END
START 23868 -9792 15788 -5801 -5513 -32768 END
START 21068 -11076 15336 -6743 -3800 -32768 END
START 15416 -13508 14996 -7249 -2191 -32768 END
START 9832 -14416 14532 -7974 -1693 -32768 END
START 3988 -13672 14012 -8710 -1944 -32768 END
START -1280 -12812 14332 -10106 -2157 -32768 END
START -5364 -12248 16676 -11269 -2113 -32768 END
START -12224 -13636 21480 -11315 263 -32768 END
START -25664 -15948 26836 -7544 -1932 -32768 END
START -32768 -16428 27904 -1629 -5468 -32768 END
START -32768 -14172 24772 677 -578 -20261 END