START 23344 11476 6068 -6130 10102 9732 END
START 19312 2484 8680 -6650 6710 5985 END
START 14808 832 15156 -6087 2946 2384 END
START 11576 188 22420 -3889 1788 -845 END
START 17180 596 19608 -2333 2568 -5670 END
START 18232 356 18756 -2220 2372 -10066 END
START 18184 -176 18108 -1688 3372 -13930 END
START 20928 -256 17560 -997 3711 -17741 END
START 22264 -664 16528 -682 5168 -24869 END
START 19424 -2372 16844 448 4126 -30932 END
START 14644 -3748 16608 1626 2866 -32768 END
START 13188 -4544 15960 2304 -125 -32768 END
START 17068 -5004 15296 2191 -356 -32768 END
START 13932 -7364 15288 2091 -791 -32768 END
START 8056 -8888 14492 1840 -2947 -32768 END
START 1884 -10308 14340 627 -1637 -32768 END
START -7204 -10456 14832 -840 1418 -32768 END
START -13236 -9568 15768 -1207 1867 -32768 END