START 32767 14040 4164 -7662 11515 7734 END
START 32767 3432 10584 -7563 14109 -999 END
START 32767 1924 14424 -4672 14337 -10337 END
START 31752 -316 12552 -3152 12627 -18878 END
START 27520 -2156 13032 -2209 7051 -26492 END
START 26168 -3848 12188 -1266 1209 -32768 END
START 30736 -4856 15420 -788 -2470 -32768 END
START 27920 -7912 12908 -1202 -123 -32768 END
START 18624 -11652 12284 -2940 342 -32768 END
START 19076 -13384 14408 -4434 -593 -32768 END
START 15780 -15596 17348 -3007 -3285 -32768 END
START 7044 -19256 19884 -1100 -8779 -32768 END
START 1704 -20644 21708 2488 -13214 -32768 END
START -7944 -22636 22184 4783 -13187 -32768 END
START -15460 -22896 20088 4325 -11069 -32768 END
START -18428 -23088 20088 268 -5379 -32768 END