START 15552 2988 15012 1327 3842 8764 END
START 19128 -1624 96 3464 4327 8885 END
START 19072 7624 10648 1076 3512 8574 END
START 13952 1612 14396 2422 2721 8325 END
START 14456 2232 13820 2156 2597 8252 END
START 17056 2980 10332 2065 1402 7914 END
START 14516 2576 13136 1721 1429 7627 END
START 17696 2824 9420 1431 797 7215 END
START 15704 2688 12160 980 487 6843 END
START 17384 2696 10780 638 160 6542 END
START 17232 2364 11916 234 -456 6186 END
START 18528 2220 11564 -81 -480 5761 END
START 19736 1948 10992 -351 -526 5195 END
START 19920 1560 11216 -542 -336 4553 END
START 21372 1536 10268 -752 -86 3784 END
START 20492 1264 11924 -977 -75 2931 END
START 20604 1084 12040 -1153 -11 2164 END
START 21412 1092 11100 -1406 -152 1294 END
START 21036 884 11792 -1561 -149 554 END
START 21632 796 11636 -1735 -140 -85 END
START 21732 364 11656 -1780 -129 -707 END
START 22316 132 11592 -1930 -8 -1317 END
START 22500 -132 12232 -1993 -203 -1968 END
START 22504 -424 12312 -2040 -454 -2695 END
START 22812 -728 12284 -2030 -819 -3411 END
START 23048 -1080 12376 -1983 -1222 -4108 END
START 23160 -1308 12188 -1904 -1660 -4833 END
START 23500 -1672 12188 -1865 -2145 -5503 END
START 23828 -1836 11736 -1846 -2560 -6137 END
START 24092 -1844 11252 -1912 -3012 -6793 END
START 24480 -2096 10756 -1999 -3457 -7423 END
START 24952 -2368 10464 -2153 -3905 -8121 END
START 25564 -2500 10028 -2419 -4361 -8824 END
START 26172 -2512 9660 -2754 -4787 -9589 END
START 27048 -2508 9508 -3143 -5157 -10423 END
START 27884 -2604 9420 -3592 -5478 -11307 END
START 28516 -2664 9332 -4012 -5763 -12292 END
START 29188 -2596 9528 -4428 -6012 -13323 END
START 29492 -2628 10012 -4798 -6339 -14436 END
START 30188 -2792 10036 -5094 -6546 -15699 END
START 30664 -2852 10120 -5357 -6699 -16914 END
START 30944 -2984 10612 -5517 -6808 -18253 END
START 31192 -3192 10480 -5680 -6863 -19572 END
START 31156 -3248 10688 -5802 -6845 -20966 END
START 31024 -3344 10696 -5902 -6883 -22416 END
START 30684 -3420 10620 -6027 -6861 -23774 END
START 30156 -3572 10544 -6205 -6846 -25168 END
START 29552 -3660 10400 -6314 -6903 -26443 END
START 28744 -3788 10364 -6538 -6941 -27705 END
START 28424 -3968 9972 -6722 -7037 -28863 END
START 28292 -4024 9712 -6947 -6877 -29931 END
START 27936 -4416 9480 -7186 -6721 -31052 END
START 27116 -4508 9300 -7528 -6674 -32233 END
START 26796 -4388 9292 -7915 -6623 -32768 END
START 26320 -4424 9180 -8324 -6617 -32768 END
START 25936 -4484 9156 -8771 -6503 -32768 END
START 25632 -4644 9296 -9248 -6464 -32768 END
START 25456 -4816 9380 -9670 -6373 -32768 END
START 25444 -4784 9480 -10121 -6305 -32768 END
START 25340 -4988 9648 -10511 -6285 -32768 END
START 25264 -5252 9956 -10917 -6383 -32768 END
START 25168 -5420 10032 -11248 -6541 -32768 END
START 24908 -5504 10080 -11673 -6835 -32768 END
START 24704 -5636 10088 -12135 -7168 -32768 END
START 23904 -6104 9984 -12585 -7536 -32768 END
START 23020 -6792 9688 -13059 -7955 -32768 END
START 21528 -7384 9976 -13681 -8513 -32768 END
START 19708 -7856 10668 -14320 -9321 -32768 END
START 17920 -7872 11140 -14642 -10305 -32768 END
START 16272 -8016 11684 -15353 -11375 -32768 END
START 14616 -8296 12628 -15886 -12415 -32768 END
START 13232 -8748 13476 -16265 -13439 -32768 END
START 11832 -9012 14696 -16620 -14441 -32768 END
START 10668 -9360 15988 -16784 -15309 -32768 END
START 9564 -9372 17092 -16832 -15985 -32768 END
START 8248 -9536 17968 -16813 -16428 -32768 END
START 7252 -9848 18492 -16695 -16526 -32768 END
START 5608 -10188 19412 -16488 -16269 -32768 END
START 4236 -10424 19472 -16287 -15606 -32768 END
START 2544 -10740 19884 -16130 -14718 -32768 END
START 784 -10672 20388 -15925 -13727 -32768 END
START -1272 -10536 20952 -15780 -12705 -32768 END
START -3012 -10292 20552 -15529 -11399 -32768 END
START -5336 -9748 21372 -15284 -10291 -32768 END
START -7396 -9456 21084 -14930 -9257 -32768 END
START -9412 -9196 21672 -14999 -8310 -32768 END
START -10844 -9260 22092 -14552 -7688 -32768 END
START -11948 -9660 21644 -14526 -6887 -32768 END
START -13968 -9180 22916 -14266 -6484 -32768 END
START -15176 -8760 23664 -13905 -6734 -32768 END
START -16108 -8776 24328 -13490 -7082 -32768 END
START -17624 -8504 24776 -13035 -7276 -32768 END
START -19516 -8228 26504 -12496 -8463 -32768 END
START -20700 -8176 27520 -11826 -9316 -32768 END
START -21668 -7736 28720 -11034 -10348 -32768 END
START -22364 -8228 27820 -9879 -10880 -32768 END
START -24896 -7192 31088 -8901 -11693 -32768 END
START -25008 -7268 30448 -7746 -12511 -32768 END
START -26276 -7120 31036 -6536 -12986 -32768 END
START -26996 -6856 31132 -5381 -13256 -32768 END
START -27828 -6380 30340 -4174 -13215 -32768 END
START -27952 -5836 30500 -3029 -13005 -32240 END
START -28144 -6448 27840 -1893 -12337 -30497 END
START -29768 -5236 29796 -1022 -11568 -28505 END
START -29684 -5340 27952 -406 -11440 -26454 END
START -30496 -4784 26868 106 -10756 -24566 END
START -30892 -4072 25464 463 -9960 -22436 END
START -31360 -3532 24604 631 -9169 -20363 END
START -31236 -2964 23808 747 -8263 -18203 END
START -30920 -2752 23200 833 -7369 -15974 END
START -30216 -2576 22696 870 -6492 -13951 END
START -29128 -2184 22536 877 -5724 -12134 END
START -28628 -2236 21128 1054 -4512 -10386 END
START -27884 -1452 22608 1036 -4328 -8609 END
START -27016 -1356 21396 1164 -3768 -7103 END
START -26272 -956 21224 1310 -3257 -5659 END
START -25580 -572 20896 1428 -2717 -4354 END
START -24892 -232 20492 1539 -2369 -3123 END
START -24228 252 20380 1598 -2068 -1918 END
START -23476 596 20000 1631 -1880 -853 END
START -22560 916 19560 1675 -1672 165 END
START -21952 1188 19224 1676 -1531 1052 END
START -20812 1476 18944 1665 -1480 1866 END
START -19828 1776 18868 1640 -1366 2549 END
START -18304 1972 18508 1636 -1271 3166 END
START -16952 2080 18308 1644 -1133 3607 END
START -16020 2544 18144 1660 -989 4003 END
START -15536 2612 18112 1687 -921 4322 END
START -14772 2952 17884 1699 -970 4583 END
START -14140 3412 17752 1723 -1054 4817 END
START -13508 3632 17692 1677 -1202 4987 END
START -12824 3836 17308 1636 -1327 5177 END
START -12372 4116 17428 1589 -1470 5356 END
START -11704 4200 17004 1596 -1581 5521 END
START -11288 4404 17020 1549 -1692 5711 END
START -10772 4504 17024 1616 -1783 5884 END
START -10380 4716 17016 1667 -1791 6056 END
START -9884 4724 16996 1780 -1866 6211 END
START -9196 4892 16912 1884 -1821 6356 END
START -8564 5064 16896 2019 -1775 6545 END
START -7812 5224 16828 2133 -1638 6640 END
START -7184 5228 16844 2323 -1504 6751 END
START -6736 5272 16812 2526 -1419 6827 END
START -6456 5616 16448 2664 -1339 6923 END
START -6084 5732 16320 2803 -1448 7056 END
START -5620 5788 15984 2872 -1547 7113 END
START -4812 5884 15332 2869 -1527 7196 END
START -4464 5720 15536 2862 -1507 7263 END
START -3932 5700 15600 2795 -1606 7312 END
START -3392 5848 15444 2915 -1471 7418 END
START -2348 5972 15040 2901 -931 7459 END
START -1768 6188 14924 2935 -246 7456 END
START -1392 6288 14800 2954 351 7490 END
START -1280 6376 14820 2933 905 7402 END
START -1208 6472 14884 2879 1380 7387 END