START 13540 4576 10872 7636 961 14783 END
START 17364 -736 -972 9134 1622 14965 END
START 18488 5820 3712 7331 1769 14697 END
START 11488 3256 10164 7813 1817 14800 END
START 13976 3936 6348 7340 1963 14851 END
START 13928 4900 6408 6729 1061 14820 END
START 13704 5188 7008 5867 1327 14826 END
START 17012 4800 3692 5106 1037 14620 END
START 16180 4216 6168 4385 1653 14337 END
START 19168 4004 4236 3690 1532 13922 END
START 18292 3676 6608 3078 1598 13440 END
START 21256 4024 5384 2558 1575 12825 END
START 21440 4284 6904 2093 1543 12160 END
START 23324 4396 6208 1755 1717 11097 END
START 24024 4332 6796 1438 1601 10016 END
START 24440 4440 7144 1152 1776 8821 END
START 25148 4500 6852 893 1557 7561 END
START 24684 4600 7588 630 1522 6388 END
START 25400 4688 6880 364 1330 5194 END
START 24436 4688 7852 34 1043 4070 END
START 25024 4692 6812 -277 879 3007 END
START 24160 4672 7580 -553 532 1955 END
START 24096 4724 7476 -827 390 979 END
START 24300 4844 6944 -1065 124 81 END
START 23928 4540 7024 -1257 -53 -872 END
START 23852 4608 6560 -1508 -267 -1750 END
START 23256 4516 6628 -1786 -517 -2647 END
START 22848 4544 6212 -2150 -675 -3488 END
START 22012 4664 6392 -2579 -982 -4268 END
START 21344 4620 6592 -3081 -1326 -5014 END
START 20664 4588 6784 -3524 -1699 -5615 END
START 19924 4356 7376 -3907 -2049 -6129 END
START 19560 4108 7720 -4243 -2347 -6516 END
START 19064 3808 8292 -4427 -2632 -6830 END
START 18956 3780 8632 -4525 -2817 -7111 END
START 18824 3748 9128 -4541 -2999 -7400 END
START 18856 3752 9548 -4492 -2980 -7713 END
START 18912 3724 9812 -4424 -2877 -8084 END
START 18788 3668 9948 -4410 -2780 -8472 END
START 18728 3664 10096 -4385 -2585 -8869 END
START 18348 3572 10196 -4415 -2399 -9261 END
START 17612 3460 10616 -4421 -2240 -9634 END
START 17056 3432 10820 -4424 -2156 -9857 END
START 16668 3324 11040 -4428 -2163 -10036 END
START 16436 3336 11328 -4416 -2119 -10166 END
START 16188 3372 11584 -4427 -2146 -10217 END
START 16396 3260 11880 -4431 -2108 -10301 END
START 16796 3288 12036 -4413 -2057 -10438 END
START 17232 3092 12464 -4414 -1992 -10583 END
START 17704 3112 12848 -4413 -2023 -10837 END
START 18492 2976 13324 -4361 -2113 -11046 END
START 19632 3036 13872 -4313 -2228 -11354 END
START 21260 2828 14148 -4223 -2393 -11746 END
START 22744 2848 14604 -4123 -2627 -12304 END
START 24520 2616 14808 -4112 -2833 -12933 END
START 26592 2608 14988 -4084 -2990 -13720 END
START 28012 2856 15148 -4099 -3184 -14701 END
START 29564 2948 15452 -4186 -3448 -15792 END
START 31428 2920 15732 -4273 -3701 -17024 END
START 32720 2744 15860 -4296 -3918 -18247 END
START 32767 2524 15780 -4279 -4190 -19598 END
START 32767 2432 15952 -4322 -4435 -20935 END
START 32767 2180 15632 -4302 -4552 -22304 END
START 32767 1904 15384 -4273 -4716 -23760 END
START 32767 1700 14884 -4335 -4753 -25213 END
START 32767 1720 14452 -4439 -4765 -26769 END
START 32767 1524 14024 -4593 -4758 -28237 END
START 32767 1320 13680 -4782 -4728 -29628 END
START 32767 984 13328 -4981 -4679 -31002 END
START 32540 736 13300 -5230 -4584 -32212 END
START 30916 176 13556 -5298 -4632 -32768 END
START 30612 468 12200 -5339 -4030 -32768 END
START 29816 -412 11216 -5432 -3786 -32768 END
START 27880 -780 11144 -5473 -3321 -32768 END
START 27028 -976 9912 -5721 -3066 -32768 END
START 24756 -1304 9860 -5962 -2677 -32768 END
START 23348 -1316 8608 -6247 -2428 -32768 END
START 21180 -1564 8024 -6558 -2243 -32768 END
START 19584 -1716 6844 -6967 -2061 -32768 END
START 17864 -1852 6200 -7467 -1987 -32768 END
START 16588 -1908 5480 -8105 -1944 -32768 END
START 15104 -2184 5192 -8731 -2055 -32768 END
START 13872 -2360 4912 -9451 -2151 -32768 END
START 12504 -2636 5080 -10142 -2460 -32768 END
START 10364 -2992 5568 -10841 -2840 -32768 END
START 8968 -3176 6104 -11451 -3317 -32768 END
START 7620 -3320 6704 -11914 -3805 -32768 END
START 6320 -3596 7300 -12314 -4288 -32768 END
START 5184 -3924 7984 -12616 -4711 -32768 END
START 4296 -4084 8336 -12822 -5062 -32768 END
START 3288 -4316 8884 -13023 -5436 -32768 END
START 2296 -4404 8976 -13207 -5810 -32768 END
START 1276 -4780 9508 -13512 -6180 -32768 END
START 36 -4840 10260 -13783 -6616 -32768 END
START -1264 -5192 11012 -14123 -7093 -32768 END
START -2308 -5432 11640 -14229 -7603 -32768 END
START -2664 -5404 12348 -14724 -7911 -32768 END
START -2952 -5544 13276 -14661 -8155 -32768 END
START -2952 -5588 14268 -14626 -8266 -32768 END
START -2936 -5860 15044 -14596 -8328 -32768 END
START -3064 -6036 15808 -14540 -8334 -32768 END
START -3700 -6248 16288 -14291 -8321 -32768 END
START -4272 -6204 16404 -14002 -8253 -32768 END
START -4916 -6192 16412 -13814 -8181 -32768 END
START -5704 -6212 16396 -13679 -8026 -32768 END
START -6540 -6256 16384 -13656 -7840 -32768 END
START -7388 -6080 16344 -13727 -7671 -32768 END
START -8216 -6244 16184 -13776 -7576 -32768 END
START -8884 -6172 16364 -13798 -7523 -32768 END
START -9480 -6244 16584 -13942 -7568 -32768 END
START -10192 -6488 17184 -13966 -7731 -32768 END
START -10984 -6672 17864 -13900 -8020 -32768 END
START -12204 -6232 19288 -13809 -8437 -32768 END
START -12996 -5852 20376 -13516 -8852 -32768 END
START -13872 -5456 21588 -12983 -9440 -32768 END
START -14648 -5012 22836 -12282 -10069 -32768 END
START -14916 -4916 23464 -11431 -10723 -32768 END
START -14800 -4824 23940 -10516 -11110 -32004 END
START -14596 -4852 23964 -9653 -11294 -31024 END
START -14292 -4840 24100 -8958 -11226 -30017 END
START -14268 -4692 23968 -8280 -10914 -29050 END
START -14136 -4712 23764 -7714 -10404 -28032 END
START -14120 -4736 23696 -7231 -9754 -26979 END
START -14104 -4668 23656 -6822 -9159 -26014 END
START -13912 -4448 23620 -6416 -8510 -25036 END
START -13608 -4308 23248 -5979 -7729 -24135 END
START -13648 -4200 22928 -5612 -7029 -23309 END
START -13632 -4228 22292 -5286 -6400 -22479 END
START -14260 -4484 22212 -4983 -5881 -21685 END
START -14496 -4056 22096 -4894 -5736 -20963 END
START -14904 -3888 21640 -4794 -5630 -20153 END
START -15072 -3748 21600 -4780 -5260 -19184 END
START -15112 -4108 21148 -4719 -4770 -18242 END
START -15772 -3480 21764 -4586 -4469 -17226 END