START 28600 1100 -1188 1686 4624 19608 END
START 29552 -3040 6340 878 -2278 15576 END
START 29864 -2996 10648 231 -4194 8744 END
START 32767 -3428 11236 74 -2187 -273 END
START 32767 -4040 9564 -1398 4764 -9497 END
START 32767 -6104 6912 -3820 11172 -16509 END
START 28356 -7336 5540 -6120 13802 -22886 END
START 27100 -8188 4908 -7668 11327 -28519 END
START 29508 -8396 5388 -8552 7505 -32768 END
START 32767 -8328 6556 -10496 4372 -32768 END
START 32767 -12784 8104 -12087 2573 -32768 END
START 25048 -18044 10784 -12812 1417 -32768 END
START 21220 -19928 12840 -13912 2659 -32768 END
START 22048 -22684 15520 -15046 5447 -32768 END
START 15448 -27116 18420 -14046 1366 -32768 END
START 9000 -30268 24832 -10325 -5131 -32768 END
START 1932 -30632 27004 -6490 -2337 -32768 END
START -10592 -31848 25984 -2875 1558 -32768 END