START 26684 -6004 4216 2180 -5673 31779 END
START 32767 -8104 3908 1194 -8264 25332 END
START 32767 -6896 9140 446 -8482 18339 END
START 31892 -5864 11484 -18 -5215 10276 END
START 30492 -6420 13224 -990 -1614 2730 END
START 30528 -6684 13276 -668 -877 -4986 END
START 31692 -6912 11824 -1226 1049 -12179 END
START 31676 -6920 11648 -1906 3856 -20096 END
START 30612 -7568 11200 -2379 4966 -28513 END
START 30128 -7980 11592 -3012 4707 -32768 END
START 30812 -10376 11208 -4530 6919 -32768 END
START 25032 -13996 11152 -5937 9924 -32768 END
START 19988 -17788 13340 -6185 9511 -32768 END
START 18924 -19136 14816 -5019 7955 -32768 END
START 14924 -22336 13580 -3982 6021 -32768 END
START 8176 -25452 15504 -2789 1225 -32768 END
START 7316 -25484 17932 -1698 -1202 -32768 END
START 7904 -25692 16524 -1231 1812 -32768 END
START -3368 -28352 16500 -1415 2280 -32768 END
START -18060 -28404 20204 1669 -4251 -32768 END