START 12292 5648 12048 1794 1630 2104 END
START 1948 2932 16716 1067 -670 279 END
START 5176 1672 17600 -5 2709 -1217 END
START 13048 1320 16916 -481 4937 -3660 END
START 14844 1240 17808 -515 3065 -8533 END
START 15532 -272 19776 654 148 -13344 END
START 18124 -1044 19872 2754 -1941 -17310 END
START 21440 -964 17292 3673 -2875 -22838 END
START 22888 -1492 15300 3217 -3636 -27984 END
START 25268 -2048 15140 1672 266 -32768 END
START 22204 -3884 13752 389 4964 -32768 END
START 17004 -5476 12860 -1248 4582 -32768 END
START 11576 -6852 13340 -2034 1457 -32768 END
START 10304 -9524 16616 -1483 -3054 -32768 END
START 2188 -14532 21432 1700 -3776 -32768 END
START -9276 -17916 22364 5967 -4141 -32768 END
START -19652 -20508 23248 8864 -4327 -32768 END
START -25544 -20716 24148 9804 -1562 -32768 END