START 28984 6900 5492 6528 247 8726 END
START 25500 160 6452 6007 -3897 4938 END
START 18848 -476 7580 4022 -2302 1203 END
START 26544 -52 3276 -1151 -185 -3734 END
START 27716 -512 4272 -5155 323 -9968 END
START 25592 -1636 6008 -8044 1020 -17311 END
START 24152 -3344 8820 -10182 1924 -23803 END
START 27400 -4100 9416 -10900 5059 -32240 END
START 26308 -6480 6700 -12375 11352 -32768 END
START 25692 -8260 6364 -15776 14899 -32768 END
START 27176 -11524 4916 -18550 17111 -32768 END
START 19996 -19764 8000 -20086 18766 -32768 END
START 7132 -27056 14808 -15614 14954 -32768 END
START -10404 -31216 21164 -6223 978 -32768 END
START -22356 -32768 20592 -558 -8340 -32768 END