START 32767 -796 9660 3280 -890 12292 END
START 28368 -3168 14096 -161 -6469 4098 END
START 31516 -4740 15288 -525 -6498 -4888 END
START 32767 -4428 12568 -1054 -4636 -14295 END
START 32767 -7136 11768 -2264 -1787 -23297 END
START 32767 -8996 12344 -2087 -1202 -29954 END
START 32767 -10268 12112 -2201 -1019 -32768 END
START 32767 -11296 12348 -3795 1735 -32768 END
START 32767 -13276 11820 -6072 5132 -32768 END
START 30660 -19256 12016 -7328 8507 -32768 END
START 25016 -23936 12316 -8584 7125 -32768 END
START 16764 -27984 15584 -7930 1413 -32768 END
START 14064 -30128 20180 -4842 -8304 -32768 END
START 12648 -31020 19788 -3039 -13973 -32768 END
START 7640 -32564 18900 -4587 -7902 -32768 END
START -5136 -32768 19456 -6239 -1728 -32768 END
START -16160 -31672 24680 -3273 -4934 -32768 END