START 32767 1428 8908 -7262 483 4741 END
START 19488 -5656 22176 -4626 -6861 -58 END
START 30452 -6392 20684 -3511 -2036 -8155 END
START 32767 -6532 15060 -2493 3303 -18741 END
START 32767 -9460 14880 -1303 4823 -28531 END
START 32767 -11736 16084 775 3047 -32768 END
START 32767 -12204 13952 1820 5325 -32768 END
START 32767 -14552 12112 1525 10936 -32768 END
START 32767 -17916 10484 942 11844 -32768 END
START 28648 -22548 7112 -29 12001 -32768 END
START 16492 -27880 9556 351 7080 -32768 END
START 5196 -30676 10528 2011 2796 -32768 END
START -8348 -31832 11292 1697 1909 -32768 END