START 32767 5060 12968 9929 4335 23428 END
START 32767 2976 9184 7858 -2029 12626 END
START 29636 2512 9368 2937 -3168 3983 END
START 26816 1324 12284 -839 -2018 -2693 END
START 27688 -140 15520 -1470 -898 -8990 END
START 28276 -704 14460 -424 506 -15354 END
START 28340 -1600 11684 -1029 2418 -22148 END
START 27260 -3124 10488 -2443 3640 -29855 END
START 25196 -4976 11416 -2984 3149 -32768 END
START 26000 -6292 9760 -3397 708 -32768 END
START 24264 -8940 10440 -5041 -2051 -32768 END
START 19096 -12504 12012 -5484 -1938 -32768 END
START 13940 -14744 12704 -5983 -3438 -32768 END
START 13644 -14972 11904 -6987 -3867 -32768 END
START 10016 -16292 13808 -8130 -2837 -32768 END
START 3256 -18424 16356 -7575 -3688 -32768 END
START 732 -19612 21044 -4936 -7954 -32768 END
START -2144 -21896 23472 -4442 -5605 -32768 END
START -12476 -24824 26036 -3722 -2314 -32768 END