START 32767 4972 11164 1116 5180 32767 END
START 32767 -2764 4060 996 3354 22073 END
START 29476 -1564 17136 -893 -715 12316 END
START 32100 -868 18040 -731 -2027 1546 END
START 32528 -2032 17124 -524 -1494 -7117 END
START 32767 -1972 15548 -845 584 -14840 END
START 32767 -1176 13068 -1295 3125 -23632 END
START 32767 -2296 12032 -1974 6315 -32768 END
START 32767 -4184 9076 -3049 7672 -32768 END
START 30120 -8056 8840 -4913 7781 -32768 END
START 24960 -12584 12932 -4020 3806 -32768 END
START 22972 -13408 13092 -2380 35 -32768 END
START 20300 -16568 12608 -3468 -1053 -32768 END
START 12968 -21276 13356 -5588 -2576 -32768 END
START 3412 -23808 19444 -5119 -5696 -32768 END
START -2200 -24136 20796 -2093 -4997 -32768 END
START -5884 -22724 18352 -2204 -2205 -32768 END