START 15352 3092 2880 4085 3357 9582 END
START 11448 -52 8348 3536 -2889 6785 END
START 9640 -152 11432 1756 -5744 3442 END
START 18208 424 9532 257 -7797 634 END
START 21404 344 12464 -490 -10056 -3104 END
START 26524 652 14148 142 -8379 -8628 END
START 28164 700 13704 -636 -3783 -16010 END
START 26816 -1604 13440 -2316 451 -21983 END
START 25424 -3088 12468 -3715 2838 -26772 END
START 23732 -5040 14600 -4259 3866 -31522 END
START 23940 -6780 15168 -4180 6240 -32768 END
START 20008 -8932 14252 -4336 8030 -32768 END
START 15064 -11028 14160 -5208 7359 -32768 END
START 10816 -12996 15240 -5239 4519 -32768 END
START 5140 -14960 17752 -4317 -979 -32768 END
START -1108 -17796 21688 -1830 -6892 -32768 END
START -12308 -19644 26424 2296 -12589 -32768 END
START -18920 -19300 27500 5819 -15356 -32768 END