START 32767 5868 6692 2007 6182 14225 END
START 23092 -1252 7536 1619 -207 10673 END
START 22724 -952 12364 1973 1780 5684 END
START 19040 -716 14832 1543 3697 -141 END
START 23872 -2188 11836 465 3797 -5491 END
START 23492 -3600 13220 -300 1373 -8972 END
START 24872 -4168 13464 -634 -199 -13064 END
START 26960 -4980 13464 -1704 306 -18134 END
START 27292 -6388 13700 -2923 2757 -23860 END
START 26964 -8412 14144 -4375 4309 -29687 END
START 25088 -10704 15156 -4676 4539 -32768 END
START 22136 -13040 16524 -4476 1309 -32768 END
START 21540 -15384 18740 -3866 -2642 -32768 END
START 19676 -17320 18964 -2998 -7798 -32768 END
START 22668 -18956 20804 -2503 -10962 -32768 END
START 18496 -22448 19888 -2830 -8486 -32768 END
START 10660 -26336 20024 -2886 -8575 -32768 END
START 1484 -29328 23892 -550 -13151 -32768 END