START 18996 5304 6456 18583 -2845 1333 END
START 26516 3152 -1348 18949 -6564 -1342 END
START 29340 4216 -4376 11509 -6630 -7401 END
START 26848 2900 2128 7725 -3564 -15603 END
START 21084 160 2516 8745 -304 -22330 END
START 13932 -1816 1288 8606 1343 -24911 END
START 12188 -2568 -1808 7473 1906 -25928 END
START 11256 -2772 -2616 6279 1835 -27455 END
START 9964 -3260 -4708 4723 2255 -29191 END
START 8060 -3692 -8004 1809 2811 -30890 END
START 6120 -4004 -9916 -2483 2732 -32278 END
START 4508 -4844 -11104 -6993 4468 -32768 END
START 524 -6460 -12944 -12109 6879 -32768 END
START -4400 -7572 -13556 -17145 5490 -32768 END
START -6700 -8852 -12300 -21849 1679 -31577 END
START -7280 -10040 -11276 -26735 -601 -29106 END
START -5844 -11268 -9112 -32768 286 -27381 END
START -2484 -13252 -4564 -32768 4035 -28349 END
START -2252 -16660 1768 -32768 8938 -32001 END
START -9120 -18780 6024 -32768 5250 -32768 END
START -14164 -19524 11752 -32768 -3134 -32768 END
START -13492 -17860 16524 -32768 -7985 -31409 END
START -11284 -16220 21704 -32768 -2184 -30771 END
START -9392 -17384 31996 -32768 5802 -31240 END
START -11704 -17704 32767 -32768 13520 -32768 END
START -17764 -19168 32767 -30765 15150 -32768 END
START -26304 -19916 32767 -20852 13343 -32768 END
START -32124 -20208 32767 -8642 9773 -27686 END
START -32768 -19820 32767 2419 7094 -20622 END
START -32680 -18120 32767 9768 6536 -13822 END
START -30608 -16112 32767 14877 5967 -7484 END
START -26628 -15112 32767 18899 5586 -2303 END
START -21752 -14388 32767 23168 6187 956 END
START -21048 -14604 32560 28216 5191 3151 END
START -20312 -15072 27660 32767 1401 6874 END
START -17140 -14816 22664 32767 -538 10081 END
START -15696 -14612 19044 32767 -389 13031 END
START -14236 -14084 15256 32767 723 16506 END
START -12524 -13540 11072 32767 1819 18841 END
START -12620 -13512 7356 32767 2743 21730 END
START -12228 -12356 3684 31130 3690 25022 END
START -12272 -12224 2256 28001 4402 27757 END
START -10884 -11316 136 25158 3929 31684 END
START -8412 -10424 -1244 22339 2637 32767 END
START -6068 -10020 -2856 19748 1821 32767 END
START -3692 -8500 -5092 15968 2654 32767 END
START -2144 -7688 -6872 11655 4055 32767 END
START -1064 -6696 -9704 5646 5157 32767 END
START 1140 -5760 -12656 -2160 4814 32767 END
START 3972 -4668 -10968 -9629 2465 32767 END
START 7572 -4336 -6108 -13796 2272 32380 END
START 9112 -3704 -3612 -15213 2559 28655 END
START 8472 -4076 -4312 -17393 2998 26346 END
START 7996 -4972 -5524 -21794 2188 26453 END
START 11028 -6368 -3264 -26819 481 27815 END
START 17436 -7084 1832 -30695 -1099 27579 END
START 29300 -6224 7868 -32137 164 23227 END
START 32767 -4284 11448 -32768 6027 12814 END
START 32767 -4640 15564 -32768 11574 1092 END
START 32767 -6248 19496 -32768 14420 -8561 END
START 32767 -8144 24824 -32768 17185 -17984 END
START 31424 -9488 30368 -28584 19938 -27098 END
START 26592 -10792 32767 -23098 17946 -32768 END
START 20984 -13608 32767 -17608 9829 -32768 END
START 16132 -17488 32767 -13997 3496 -32768 END
START 13264 -20104 32096 -11022 5615 -32768 END
START 10216 -21680 30408 -8213 14610 -32768 END
START 4512 -24184 26068 -6018 21128 -32768 END
START -4376 -25972 26348 -3478 21446 -32768 END
START -11192 -26124 27256 1680 15864 -32768 END
START -16740 -25060 26484 7424 10115 -32768 END
START -20400 -23160 22984 12145 6934 -32768 END
START -23428 -21236 16336 13104 8076 -32768 END
START -28180 -20044 11956 12695 8193 -26793 END
START -31540 -17404 7844 11274 2443 -16664 END
START -28208 -14660 6220 7929 -3676 -6794 END
START -22728 -11508 6596 3711 -4284 873 END
START -17036 -9760 9544 466 -2660 6502 END