START 29152 13640 5796 12154 -10050 3110 END
START 17176 5348 11100 14383 -12180 -842 END
START 25888 6328 7560 14781 -11185 -5610 END
START 27628 6056 3484 13935 -7670 -11277 END
START 24124 5948 8 9061 -5483 -16714 END
START 24144 3888 28 4884 -4197 -22758 END
START 18244 1252 3228 4266 -2850 -27733 END
START 14224 -988 544 4120 -1441 -30751 END
START 11224 -2556 -2544 2657 -1533 -32195 END
START 8876 -3848 -4336 560 -2838 -32768 END
START 7272 -5032 -6608 -2244 -3351 -32768 END
START 5372 -5712 -8636 -6889 -2159 -32768 END
START 3140 -6524 -10044 -12156 -1564 -32768 END
START 1228 -7776 -10384 -18251 -518 -32768 END
START -1912 -9120 -9904 -23997 588 -32768 END
START -3288 -10880 -8828 -29079 355 -31345 END
START -2996 -12372 -6360 -32768 267 -30900 END
START -3744 -13376 -5532 -32768 1244 -30279 END
START -3560 -15008 -4684 -32768 2795 -30603 END
START -4928 -17220 -3452 -32768 3788 -31477 END
START -7516 -18796 -1192 -32768 3857 -31969 END
START -11204 -20324 3108 -32768 3179 -30623 END
START -15180 -21220 10252 -32768 1709 -26788 END
START -11156 -23784 20308 -32768 3099 -22815 END
START -9800 -25324 32767 -32768 10327 -22834 END
START -14796 -27568 32767 -32768 8762 -25808 END
START -23600 -27216 32767 -23235 -6021 -27835 END
START -28016 -24572 32767 -9099 -19201 -24946 END
START -27692 -20756 32767 -2174 -16075 -17943 END
START -26344 -18836 32767 336 -1996 -11349 END
START -27784 -17644 32767 3107 8719 -5644 END
START -28144 -16640 32767 8815 11677 -1213 END
START -28348 -15156 32767 16455 6253 2934 END
START -24864 -13660 31884 22933 -780 6542 END
START -19476 -12932 24916 26209 -3446 8203 END
START -17048 -13116 20748 26526 -1193 9107 END
START -16660 -13540 18488 25227 3814 10480 END
START -19496 -15208 18320 25491 6486 13653 END
START -19128 -15768 15744 26176 7290 18817 END
START -16804 -15612 12388 25823 8362 23255 END
START -14568 -15076 9272 24929 8909 27257 END
START -13432 -14592 7128 23794 9264 30401 END
START -13240 -14120 6436 22670 8289 32767 END
START -12568 -14076 5280 22401 5830 32767 END
START -11356 -14736 3104 22681 2066 32767 END
START -7348 -14388 -2784 21478 -1877 32767 END
START -2864 -13460 -9736 17518 -3009 32767 END
START 1064 -11264 -14808 7180 -4429 32767 END
START 5132 -9988 -12192 -1490 -2279 32767 END
START 6340 -9056 -8236 -7030 537 32767 END
START 9340 -8280 -7448 -10719 3178 32767 END
START 10616 -8144 -6936 -14835 4945 32767 END
START 11764 -8464 -5580 -19322 3322 32767 END
START 15208 -9004 -2296 -22777 -929 31543 END
START 19540 -9600 1476 -25024 -4915 29795 END
START 25760 -8440 7200 -26128 -6697 26442 END
START 32404 -6276 10712 -25449 -5428 19248 END
START 32767 -5836 13092 -25115 -2367 10834 END
START 32767 -4708 14224 -24334 -24 1966 END
START 32728 -4748 14616 -24260 51 -6338 END
START 29548 -5620 15200 -24452 -1356 -13920 END
START 26212 -6804 17104 -23824 -5774 -19773 END
START 27760 -6436 22140 -20907 -9754 -25628 END
START 30856 -7080 21444 -19749 -2391 -32768 END
START 25728 -9872 21568 -21156 9201 -32768 END
START 25528 -12340 21420 -22337 16787 -32768 END
START 15604 -17272 26300 -19555 14468 -32768 END
START 6608 -22128 31252 -14333 1363 -32768 END
START 320 -23940 32767 -7737 -10139 -32768 END
START 788 -22624 32767 -4137 -10379 -32768 END
START 1400 -22700 30188 -5224 5345 -32768 END
START -6804 -22788 28108 -6847 19264 -32768 END
START -11672 -22476 26392 -5342 23702 -32768 END
START -18372 -21268 25792 360 16219 -32768 END
START -18836 -18440 21204 5031 7742 -26869 END
START -17900 -15948 16516 5072 7062 -21921 END
START -19376 -14800 13628 3056 9478 -16594 END