START 9104 7268 -4900 3703 -5811 9893 END
START 11860 -24 -20032 4041 -4881 10436 END
START 11444 11920 -6252 -40 -4419 10592 END
START 9440 8144 -1532 -1128 -4251 10781 END
START 11800 8456 -3056 -3324 -4763 10719 END
START 10908 7996 552 -5038 -4534 10709 END
START 13132 7576 292 -6494 -4763 10486 END
START 13148 7248 3400 -7590 -4349 10364 END
START 14300 7008 4784 -8280 -4288 10062 END
START 14316 6932 7180 -8465 -3644 9915 END
START 15264 7172 8696 -8386 -3363 9770 END
START 16000 7080 10620 -8067 -2830 9578 END
START 16584 6884 12596 -7560 -2658 9330 END
START 17648 6660 13964 -6905 -2459 9019 END
START 18380 6576 15700 -6166 -2638 8597 END
START 19868 6648 16728 -5336 -2846 8109 END
START 20668 6780 17696 -4409 -3036 7455 END
START 22048 6984 18272 -3416 -3350 6725 END
START 22612 6916 19120 -2405 -3665 5821 END
START 23516 7016 19220 -1304 -4063 4839 END
START 24236 6716 18860 -291 -4305 3809 END
START 24796 6588 18628 656 -4465 2731 END
START 25080 6572 18040 1414 -4576 1664 END
START 25196 6576 17428 2061 -4711 629 END
START 25172 6544 16752 2547 -4835 -351 END
START 25060 6468 16140 2823 -4898 -1279 END
START 24996 6408 15688 2986 -4838 -2220 END
START 24860 6544 15132 3088 -4782 -3110 END
START 24724 6360 15248 3136 -4652 -3913 END
START 24652 6344 15476 3169 -4559 -4684 END
START 24808 6172 15628 3271 -4408 -5470 END
START 24900 6072 15956 3473 -4225 -6237 END
START 25056 5768 16204 3758 -4033 -7055 END
START 25080 5684 16476 4158 -3924 -7930 END
START 25356 5608 16824 4628 -3784 -8800 END
START 25436 5408 16900 5184 -3676 -9761 END
START 25460 5260 16756 5742 -3523 -10712 END
START 25524 5248 16488 6261 -3380 -11715 END
START 25436 5100 16436 6793 -3248 -12740 END
START 25180 5052 16120 7275 -3036 -13799 END
START 24916 4904 15616 7721 -2803 -14830 END
START 24496 4660 15336 8165 -2473 -15864 END
START 23968 4516 14872 8511 -2170 -16837 END
START 23392 4408 14568 8953 -1757 -17791 END
START 22884 4228 14088 9344 -1414 -18657 END
START 22144 4116 13668 9764 -1096 -19522 END
START 21612 3936 13288 10149 -753 -20323 END
START 20540 3752 12644 10586 -540 -21152 END
START 19792 3612 12076 10991 -297 -21933 END
START 19192 3284 11608 11376 -116 -22637 END
START 18516 3236 11192 11747 26 -23287 END
START 18044 3184 10464 12060 145 -23967 END
START 17604 2952 9572 12341 269 -24548 END
START 17384 2848 8880 12530 391 -25198 END
START 17108 2688 8364 12710 441 -25771 END
START 16940 2628 7460 12814 436 -26437 END
START 16500 2580 6560 12900 407 -27123 END
START 16272 2368 5872 12928 272 -27755 END
START 15576 2068 5008 12919 70 -28411 END
START 14724 1728 4140 12898 -278 -29020 END
START 13896 1576 3212 12859 -788 -29498 END
START 13136 1456 1916 12794 -1293 -29894 END
START 12464 1568 656 12570 -1905 -30242 END
START 12036 1616 -768 12166 -2554 -30575 END
START 11616 1652 -1984 11592 -3200 -30923 END
START 11048 1708 -3120 10841 -3938 -31243 END
START 10464 1744 -3968 9966 -4586 -31588 END
START 10008 1892 -4876 8981 -5143 -31937 END
START 9408 1816 -5656 7913 -5582 -32269 END
START 8756 1692 -6292 6845 -5869 -32510 END
START 8168 1628 -7028 5745 -5987 -32670 END
START 7180 1544 -7604 4675 -6113 -32754 END
START 6188 1404 -8580 3556 -6171 -32662 END
START 5528 1388 -9516 2413 -6171 -32484 END
START 4680 1296 -10136 1117 -6118 -32163 END
START 4156 1296 -10820 -307 -6063 -31742 END
START 3300 1468 -11308 -1849 -6003 -31258 END
START 2488 1428 -11356 -3511 -5875 -30738 END
START 1776 1080 -11196 -5135 -5806 -30159 END
START 1248 976 -11004 -6820 -5666 -29586 END
START 744 1060 -10604 -8304 -5467 -28995 END
START 124 1164 -10256 -9712 -5197 -28346 END
START -292 1060 -9644 -10958 -4843 -27711 END
START -708 896 -8856 -12038 -4462 -27070 END
START -988 780 -8240 -13047 -4018 -26459 END
START -1240 716 -7528 -13911 -3525 -25894 END
START -1556 752 -6840 -14845 -3078 -25335 END
START -1900 676 -6396 -15122 -2530 -24796 END
START -2364 580 -5920 -15920 -1964 -24226 END
START -2728 460 -5548 -16424 -1422 -23643 END
START -3148 312 -5396 -16876 -868 -23086 END
START -3436 148 -5100 -17304 -362 -22479 END
START -3776 56 -4976 -17685 25 -21887 END
START -3948 60 -4952 -18093 381 -21329 END
START -4056 -116 -5068 -18513 579 -20818 END
START -4296 -212 -5316 -18983 668 -20295 END
START -4496 -500 -5268 -19481 636 -19866 END
START -4792 -636 -5236 -19965 521 -19321 END
START -5176 -884 -5208 -20541 200 -18812 END
START -5584 -1004 -5080 -21053 -181 -18306 END
START -6140 -1032 -5072 -21637 -715 -17700 END
START -6548 -1052 -5056 -22202 -1257 -17064 END
START -6852 -1128 -5248 -22815 -1787 -16409 END
START -6928 -1180 -5260 -23462 -2283 -15718 END
START -7160 -1468 -5248 -24183 -2803 -15045 END
START -7384 -1632 -5256 -24878 -3363 -14388 END
START -7648 -1820 -5168 -25677 -3992 -13632 END
START -7668 -1852 -5264 -26470 -4648 -12953 END
START -7892 -1792 -5232 -27387 -5269 -12189 END
START -7828 -1864 -5232 -28317 -5682 -11426 END
START -7716 -1880 -5164 -29371 -5888 -10581 END
START -7496 -1864 -4964 -30427 -5940 -9793 END
START -7260 -2096 -4464 -31515 -5800 -9005 END
START -7088 -2240 -3932 -32600 -5528 -8180 END
START -6928 -2524 -2992 -32768 -5202 -7416 END
START -7148 -2568 -2156 -32768 -4791 -6609 END
START -7192 -2544 -1160 -32768 -4344 -5885 END
START -7156 -2732 -424 -32768 -3924 -5087 END
START -6996 -2640 652 -32768 -3347 -4313 END
START -6808 -2744 1204 -32768 -2560 -3581 END
START -6760 -2752 1908 -32768 -1748 -2808 END
START -6720 -2788 2588 -32768 -741 -2067 END
START -6824 -2932 3260 -32768 255 -1340 END
START -6940 -2976 3748 -32768 1113 -617 END
START -7044 -3136 4816 -32768 1956 120 END
START -6924 -3084 5284 -32768 2717 860 END
START -6888 -2976 6208 -32768 3479 1549 END
START -6400 -2880 6864 -32768 4396 2185 END
START -5896 -3020 7888 -32768 5295 2742 END
START -5376 -3128 8784 -32768 6190 3153 END
START -5072 -3296 10396 -32768 7070 3539 END
START -4872 -3360 11740 -32768 7957 3834 END
START -4776 -3596 13356 -32768 8660 4125 END
START -4400 -3584 14560 -32768 9364 4395 END
START -4064 -3656 16316 -32768 10027 4577 END
START -3132 -3644 17056 -32768 10876 4672 END
START -3064 -3488 18636 -32768 11697 4677 END
START -2032 -3184 19412 -32768 12704 4563 END
START -2052 -3296 21152 -32768 13538 4340 END
START -2032 -3536 22068 -32768 13732 4093 END
START -2400 -3288 23612 -32768 14129 3873 END
START -2696 -3264 24876 -32768 14056 3655 END
START -3024 -3000 26488 -32768 13470 3426 END
START -3388 -2900 27668 -32768 12879 3167 END
START -3632 -2580 28844 -32768 11826 2866 END
START -3736 -2344 29808 -32768 10870 2596 END
START -3736 -2048 30392 -32768 9813 2199 END
START -3836 -1924 31108 -32768 8879 1868 END
START -4008 -1628 31776 -32768 7981 1504 END
START -4308 -1396 32380 -32655 7160 1183 END
START -4460 -1180 32767 -31772 6450 902 END
START -4792 -1116 32767 -30887 5841 721 END
START -5300 -984 32767 -29905 5252 620 END
START -5680 -1040 32767 -28850 4778 648 END
START -5872 -1216 32767 -27692 4399 707 END
START -6032 -1104 32767 -26523 4195 834 END
START -6244 -840 32767 -25315 4057 986 END
START -6056 -788 32767 -24216 4049 1196 END
START -6048 -668 32767 -23040 4149 1453 END
START -6060 -392 32767 -21939 4244 1671 END
START -5900 -156 32767 -20891 4327 1873 END
START -5644 -148 32767 -19810 4438 2066 END
START -5296 64 32767 -18815 4563 2261 END
START -5052 252 32767 -17786 4709 2376 END
START -4384 584 32767 -16911 4844 2457 END
START -3880 876 32767 -16054 5113 2475 END
START -3136 1160 32767 -15347 5375 2437 END
START -2372 1492 32767 -14418 5736 2286 END
START -1520 1604 32767 -14199 6193 2057 END
START -1108 1648 32767 -13367 6514 1730 END
START -928 1612 32767 -12624 6643 1333 END
START -796 1676 32767 -11823 6502 966 END
START -640 1544 32767 -10945 6182 569 END
START -448 1740 32767 -10097 5756 185 END
START -208 2016 32767 -9341 5299 -273 END
START 84 2104 32767 -8618 4887 -699 END
START 176 2160 32767 -7973 4467 -1179 END
START 112 2220 32767 -7343 4060 -1659 END
START 140 2052 32767 -6681 3694 -2157 END
START -112 2016 32767 -6040 3302 -2569 END
START -292 2024 32767 -5402 2998 -2985 END
START -500 2032 32767 -4695 2740 -3293 END
START -620 2032 32767 -3915 2552 -3569 END
START -1028 2016 32767 -3151 2361 -3779 END
START -1104 1892 32767 -2311 2158 -3912 END
START -1248 1728 32767 -1316 1929 -4083 END
START -1364 1628 32767 -373 1776 -4168 END
START -1436 1584 32767 661 1576 -4341 END
START -1664 1512 32767 1769 1273 -4496 END
START -1924 1344 32767 2860 905 -4601 END
START -2340 1284 32767 4036 471 -4707 END
START -2732 1156 32767 5141 55 -4799 END
START -3120 960 32767 6271 -370 -4779 END
START -3532 828 32767 7419 -732 -4698 END
START -3888 780 32767 8494 -950 -4598 END
START -3996 476 32767 9476 -1036 -4430 END
START -4328 404 32767 10416 -949 -4239 END
START -4444 252 32767 11300 -714 -3990 END
START -4788 208 32767 12081 -321 -3692 END
START -5064 56 32767 12796 109 -3360 END
START -5400 -48 32767 13409 597 -2983 END
START -5876 -224 32000 13968 1079 -2598 END
START -6272 -412 31128 14459 1576 -2109 END
START -6588 -384 30128 14919 2070 -1630 END
START -6844 -572 29216 15345 2566 -1101 END
START -7228 -596 28276 15698 3004 -510 END
START -7464 -844 27404 15991 3429 36 END
START -7744 -1072 26596 16276 3776 650 END
START -7980 -1160 25616 16514 4115 1320 END
START -8248 -1236 24924 16686 4385 2013 END
START -8524 -1428 24280 16883 4551 2706 END
START -8772 -1456 23580 17029 4589 3419 END
START -8808 -1620 23064 17171 4559 4086 END
START -8988 -1760 22280 17307 4401 4741 END
START -9116 -2008 21948 17434 4195 5405 END
START -9216 -2184 21300 17533 3862 6060 END
START -9220 -2260 21028 17680 3533 6686 END
START -9388 -2332 20568 17822 3169 7358 END
START -9592 -2404 20128 17994 2783 7959 END
START -9512 -2436 19684 18152 2373 8574 END
START -9616 -2584 19184 18329 1933 9211 END
START -9496 -2712 18852 18515 1536 9782 END
START -9548 -2864 18356 18700 1068 10380 END
START -9692 -2864 18020 18896 594 10961 END
START -9684 -2984 17572 19031 100 11608 END
START -9736 -3196 17208 19236 -406 12253 END
START -9772 -3140 16944 19380 -908 12764 END
START -9892 -3308 16420 19597 -1443 13494 END
START -10000 -3404 16208 19831 -1941 14176 END
START -10036 -3408 15944 20072 -2491 14931 END
START -10124 -3372 15516 20364 -2924 15598 END
START -9960 -3404 15100 20674 -3362 16370 END
START -9892 -3564 14608 20921 -3731 17075 END
START -9692 -3528 14076 21208 -4011 17784 END
START -9624 -3652 13264 21400 -4208 18502 END
START -9472 -3640 12380 21609 -4402 19257 END
START -9200 -3464 11492 21679 -4470 19976 END
START -9112 -3548 10948 21702 -4586 20735 END
START -8896 -3684 10460 21648 -4656 21464 END
START -8756 -3716 9816 21458 -4715 22264 END
START -8524 -3792 9376 21321 -4764 23065 END
START -8376 -3968 8956 21154 -4807 23850 END
START -8168 -3764 8508 20973 -4754 24733 END
START -7892 -3764 8088 20807 -4801 25591 END
START -7476 -3952 7580 20697 -4857 26427 END
START -6820 -3920 7032 20564 -4845 27190 END
START -5936 -3860 6376 20354 -4770 27883 END
START -5096 -3736 5788 20119 -4595 28537 END
START -4332 -3576 5072 19759 -4375 29080 END
START -3352 -3560 4484 19324 -4143 29545 END
START -2568 -3376 4148 18726 -3914 29960 END
START -1952 -3360 3892 18108 -3817 30279 END
START -1376 -3216 3500 17492 -3797 30509 END
START -904 -3436 3240 16935 -4035 30753 END
START -552 -3668 2620 16448 -4392 31027 END
START 180 -3724 2020 15933 -4692 31189 END
START 876 -3420 1180 15394 -5053 31342 END
START 1616 -3032 552 14746 -5302 31405 END
START 2320 -2548 -228 13994 -5555 31412 END
START 2792 -2416 -888 13113 -5735 31360 END
START 3116 -2340 -1456 12223 -5994 31319 END
START 3276 -2480 -2024 11263 -6337 31355 END
START 3472 -2440 -2664 10302 -6774 31420 END
START 3640 -2288 -3596 9307 -7166 31594 END
START 4004 -2024 -4488 8255 -7542 31778 END
START 4452 -1680 -5032 6972 -7827 31951 END
START 5004 -1268 -5496 5664 -8079 32095 END
START 5764 -1176 -5660 4148 -8232 32174 END
START 6568 -1240 -5560 2638 -8268 32133 END
START 7740 -1336 -4976 1190 -8263 32065 END
START 9020 -1380 -4776 -163 -8116 31952 END
START 10556 -1160 -4240 -1398 -7727 31829 END
START 12044 -848 -3652 -2491 -7355 31560 END
START 13904 -484 -2936 -3499 -6882 31134 END
START 15664 -272 -2212 -4446 -6375 30375 END
START 17424 48 -1396 -5311 -5838 29364 END
START 18780 120 -484 -6015 -5371 28157 END
START 19764 244 344 -6585 -4916 26756 END
START 20420 252 1044 -7019 -4644 25397 END
START 20820 336 1508 -7338 -4448 23965 END
START 20932 448 1680 -7571 -4294 22614 END
START 21040 688 1624 -7699 -4139 21494 END
START 21152 820 1360 -7992 -3900 20424 END
START 21148 1132 972 -8364 -3626 19432 END
START 21296 1496 704 -8843 -3287 18473 END
START 21396 1696 488 -9519 -2835 17621 END
START 21404 1908 368 -10252 -2386 16767 END
START 21724 1996 520 -11076 -1931 15916 END
START 22256 1828 864 -11854 -1472 15105 END
START 22704 1808 1404 -12577 -1012 14297 END
START 23372 1768 1984 -13293 -431 13427 END
START 23988 1664 2576 -13865 151 12494 END
START 24580 1600 3184 -14464 711 11759 END
START 25336 1656 3816 -14421 1237 10833 END
START 25972 1508 4464 -14825 1747 9777 END
START 26448 1816 5112 -15258 2082 8730 END
START 26988 1888 5888 -15512 2387 7663 END
START 27644 2128 6456 -15676 2661 6495 END
START 28216 2336 7212 -15904 2862 5368 END
START 28556 2176 8084 -15965 2990 4078 END
START 29032 2264 8412 -16018 3110 2764 END
START 29376 2252 8988 -15950 3345 1461 END
START 29896 2464 9356 -15895 3570 112 END
START 30060 2496 10048 -15800 3830 -1283 END
START 30220 2604 10304 -15687 4133 -2701 END
START 30212 2540 11020 -15519 4338 -4150 END
START 30300 2360 11640 -15235 4523 -5680 END
START 30028 2372 11872 -15051 4599 -7131 END
START 30048 2260 11860 -14558 4751 -8564 END
START 29760 2208 11904 -14562 4925 -10071 END
START 29464 2176 12024 -14608 5017 -11551 END
START 29204 2116 12064 -14606 5014 -12961 END
START 28672 1916 12208 -14594 4963 -14401 END
START 28292 1816 12320 -14604 4861 -15840 END
START 27948 1608 12240 -14564 4696 -17175 END
START 27476 1448 12160 -14536 4681 -18594 END
START 26980 1240 11960 -14286 4554 -19942 END
START 26880 1132 11720 -14722 4466 -21312 END
START 27184 1132 11528 -14792 4521 -22724 END
START 27488 1048 11232 -15415 4770 -24136 END
START 27956 864 11272 -15905 5130 -25728 END
START 27940 504 11352 -16403 5641 -27331 END
START 27956 124 11664 -16795 6218 -28955 END
START 27284 -240 12284 -17248 6852 -30692 END
START 26364 -488 12724 -17630 7411 -32394 END
START 25524 -844 13376 -17976 7940 -32768 END
START 24104 -1344 14096 -18268 8412 -32768 END
START 22724 -1812 14588 -18563 8773 -32768 END
START 21092 -2524 15276 -18727 9096 -32768 END
START 19488 -3120 15796 -18811 9266 -32768 END
START 17908 -3460 16636 -18829 9385 -32768 END
START 16560 -3880 17012 -18796 9518 -32768 END
START 14976 -4340 17628 -18746 9668 -32768 END
START 13776 -4836 18372 -18550 9707 -32768 END
START 11964 -5560 19376 -18385 9725 -32768 END
START 10512 -5908 20184 -18165 9579 -32768 END
START 9116 -6284 21084 -17843 9293 -32768 END
START 7880 -6616 21708 -17487 9004 -32768 END
START 6644 -7088 22388 -17085 8590 -32768 END
START 5372 -7408 22848 -16617 8156 -32768 END
START 4008 -7736 23396 -16075 7515 -32768 END
START 2868 -8140 23856 -15561 6927 -32768 END
START 1404 -8460 24124 -15053 6208 -32768 END
START 80 -8676 24552 -14502 5691 -32768 END
START -1108 -8780 24696 -14214 5187 -32768 END
START -2436 -8792 25056 -13614 4842 -32768 END
START -3788 -8684 25736 -13095 4503 -32768 END
START -5248 -8936 26336 -12518 4199 -32768 END
START -6648 -8984 27056 -11899 3833 -32768 END
START -8364 -9176 27876 -11194 3399 -32768 END
START -9728 -9164 28192 -10348 2887 -32768 END
START -11188 -8740 28900 -9542 2258 -32768 END
START -12160 -8552 29196 -8689 1570 -32768 END
START -12528 -7544 29648 -7858 895 -32768 END
START -12760 -8184 29632 -6862 395 -32768 END
START -13572 -8804 29724 -6004 106 -31670 END
START -14872 -9356 29896 -5026 -88 -30402 END
START -16360 -9332 30068 -4013 -516 -29016 END
START -17672 -8392 30324 -2824 -1414 -27591 END
START -18252 -7728 29864 -1671 -2274 -25940 END
START -18916 -7300 29752 -496 -3195 -24223 END
START -19208 -7232 29004 556 -4032 -22575 END
START -19504 -7112 28356 1534 -4664 -20905 END