START 17992 16412 -6824 -5855 -2432 19498 END
START 14328 8144 -848 -7363 -7481 17916 END
START 13520 6656 13088 -6931 -5636 17578 END
START 17124 7716 17732 -4317 -1797 15570 END
START 20388 7432 21420 27 -1161 11993 END
START 24460 8680 22732 4808 -2118 5150 END
START 21560 8636 22564 8957 -2412 -3661 END
START 18016 7616 20020 11971 -1548 -9120 END
START 15680 6820 17572 14484 -826 -12523 END
START 16316 6124 14856 16451 2135 -15707 END
START 17240 5184 10380 17773 5730 -20315 END
START 14532 3752 4372 17826 7122 -24593 END
START 12596 3028 -956 15870 2529 -27957 END
START 11084 2376 -3160 12551 -1485 -31506 END
START 7356 580 -3468 9480 -1918 -32768 END
START 6240 424 -6308 6018 289 -32768 END
START 2904 -1092 -8972 1475 4088 -32768 END
START -1012 -2100 -10372 -3229 4934 -32768 END
START -3284 -3244 -11212 -7687 1806 -32191 END
START -5292 -4556 -11184 -11673 -2573 -30503 END
START -6240 -5588 -10096 -16203 -6216 -28551 END
START -7872 -6356 -8964 -21013 -8186 -26368 END
START -8508 -7632 -7556 -27373 -8535 -24569 END
START -10152 -8788 -5176 -32768 -7736 -22067 END
START -11548 -9880 -1248 -32768 -8293 -19472 END
START -8616 -11440 5268 -32768 -8371 -18062 END
START -7192 -12112 12112 -32768 -2970 -19105 END
START -11164 -12880 20652 -32768 376 -20215 END
START -14544 -14148 29964 -32768 2615 -21151 END
START -17448 -13936 32767 -32768 5262 -21882 END
START -24376 -13760 32767 -30276 6222 -21137 END
START -30000 -13404 32767 -21105 4870 -17265 END
START -31944 -13620 32767 -12569 4391 -12167 END
START -32768 -13944 32767 -3473 3675 -7227 END
START -32768 -14132 32767 3880 2247 -2352 END
START -31972 -14060 32767 9706 544 2860 END
START -29124 -13744 32767 13764 185 7497 END
START -27036 -13652 31168 17880 -604 11420 END
START -25740 -13768 28016 22936 -1801 15935 END
START -23012 -13472 23788 27971 -4430 20811 END
START -19032 -12916 18892 31534 -5089 24587 END
START -15232 -12260 13672 32629 -5071 27154 END
START -13096 -11688 10224 32607 -5023 29338 END
START -11316 -9912 6340 30922 -4041 31550 END
START -9832 -9144 4220 28792 -3638 32767 END
START -7956 -7676 944 25652 -2110 32767 END
START -4944 -6716 -1992 21147 1085 32767 END
START -3824 -5252 -6300 14671 4734 32767 END
START -2228 -4224 -8936 5944 6252 32767 END
START -1544 -4412 -10340 -1615 6038 32767 END
START -72 -5756 -10512 -8699 80 32767 END
START 4148 -5744 -9064 -13367 -4093 32767 END
START 9348 -4344 -7404 -18015 -4320 32767 END
START 11368 -3288 -5364 -22639 -1231 31807 END
START 11676 -3244 -2528 -25940 155 28283 END
START 14136 -3508 1016 -29217 -1329 25594 END
START 17892 -3112 4580 -31468 -1980 22823 END
START 25332 -2836 11864 -32511 202 16884 END
START 31624 -1816 18868 -30141 5380 8321 END
START 32168 -752 21496 -26840 11990 -4067 END
START 26052 -2952 22460 -24402 12278 -13172 END
START 25512 -3512 26340 -20935 12711 -21238 END
START 25800 -4444 28888 -16642 16453 -29239 END
START 23632 -5732 29100 -11773 20722 -32768 END
START 17420 -9544 27180 -7309 22721 -32768 END
START 9792 -13688 26312 -2548 17805 -32768 END
START 3680 -15840 26696 1935 12255 -32768 END
START -1640 -20476 25064 5229 14237 -32768 END
START -13208 -21988 22524 6752 13707 -32768 END
START -16380 -21256 19632 9155 13933 -32768 END