START 10376 6532 -1424 -3268 4776 14960 END
START 13840 3500 -13352 -2748 5637 14903 END
START 11952 7088 -4484 -5990 6746 14633 END
START 14348 7004 -2652 -5825 7702 14236 END
START 11480 5752 256 -7120 7848 13684 END
START 13164 6448 -600 -7985 8006 13253 END
START 11008 6308 2432 -8861 7462 12517 END
START 11804 6484 2176 -9458 7048 12374 END
START 10964 6360 4332 -9877 6164 11814 END
START 11208 6372 4980 -10089 5612 11680 END
START 11196 6244 6196 -10203 4799 11495 END
START 11068 6160 7208 -10165 4101 11312 END
START 11352 6084 8172 -10034 3512 11196 END
START 11096 5900 9680 -9844 2717 11079 END
START 11692 5932 10048 -9669 2211 11035 END
START 11568 5656 11700 -9394 1507 11009 END
START 12464 5520 12120 -9078 1079 11063 END
START 12708 5172 12992 -8716 731 11106 END
START 14088 5156 13416 -8279 657 11113 END
START 14468 5056 14332 -7825 570 11080 END
START 15716 5104 14948 -7375 625 10971 END
START 16244 5156 16128 -6972 550 10813 END
START 17184 5328 16652 -6534 374 10543 END
START 18060 5416 17740 -6108 184 10235 END
START 19212 5396 18340 -5623 -79 9824 END
START 20412 5484 19088 -5148 -276 9338 END
START 21496 5380 19920 -4610 -530 8696 END
START 22576 5516 20488 -4055 -822 7926 END
START 23416 5464 21484 -3504 -1178 7070 END
START 24548 5488 22092 -2926 -1462 6038 END
START 25168 5520 22384 -2332 -1772 4957 END
START 26264 5840 22664 -1792 -1958 3788 END
START 26948 5884 23164 -1280 -2013 2609 END
START 27460 5968 23420 -776 -1995 1296 END
START 27864 6076 24040 -333 -1994 11 END
START 27904 6088 24336 101 -2006 -1321 END
START 28128 6172 24796 601 -1953 -2710 END
START 28012 6040 25240 1147 -2003 -4149 END
START 27672 6032 25636 1790 -1996 -5516 END
START 27168 5908 25948 2474 -2014 -6804 END
START 26284 5912 26308 3202 -2154 -8038 END
START 25468 5796 26496 3905 -2322 -9125 END
START 24632 5800 26604 4643 -2518 -10131 END
START 23548 5740 26820 5349 -2765 -11016 END
START 22388 5524 26608 6105 -3035 -11855 END
START 21464 5532 26608 6876 -3260 -12566 END
START 20640 5420 26540 7665 -3476 -13217 END
START 19780 5352 26488 8435 -3675 -13774 END
START 19156 5364 26348 9250 -3771 -14263 END
START 18676 5248 25884 10092 -3712 -14731 END
START 18112 5180 25540 10905 -3516 -15060 END
START 17792 5056 25072 11778 -3196 -15424 END
START 17380 4996 24452 12538 -2722 -15731 END
START 16844 5036 23712 13275 -2275 -16018 END
START 16480 4956 23172 14005 -1850 -16333 END
START 16084 4828 22620 14626 -1436 -16615 END
START 15716 4692 21916 15258 -1122 -16899 END
START 15396 4560 21276 15778 -842 -17183 END
START 15040 4656 20756 16316 -671 -17476 END
START 14532 4464 19920 16837 -650 -17782 END
START 14280 4528 19332 17383 -730 -18117 END
START 14068 4364 18904 17870 -867 -18446 END
START 13572 4340 17816 18380 -1069 -18821 END
START 13296 4240 17024 18910 -1319 -19203 END
START 12792 4152 16124 19348 -1713 -19627 END
START 12284 4140 15432 19687 -2219 -19998 END
START 11768 4264 14700 20051 -2864 -20353 END
START 11336 4140 13960 20302 -3620 -20697 END
START 10832 4120 13280 20514 -4436 -21072 END
START 10284 4032 12424 20728 -5359 -21409 END
START 9872 4128 11800 20859 -6396 -21742 END
START 9352 3928 11116 20968 -7476 -22015 END
START 8676 3980 10112 21063 -8604 -22291 END
START 7940 3796 9308 21102 -9827 -22573 END
START 7468 3696 8672 21090 -11018 -22771 END
START 6996 3612 7996 21061 -12281 -22970 END
START 6712 3652 7232 20970 -13409 -23122 END
START 6520 3600 6468 20835 -14348 -23266 END
START 6480 3552 5400 20700 -15094 -23396 END
START 6672 3624 4600 20479 -15511 -23543 END
START 6632 3548 3476 20193 -15677 -23725 END
START 6692 3652 2432 19842 -15521 -23923 END
START 6688 3644 1304 19398 -15166 -24148 END
START 6500 3596 576 18817 -14632 -24358 END
START 6180 3460 -276 18176 -14049 -24503 END
START 5820 3532 -1072 17433 -13353 -24599 END
START 5524 3564 -1756 16619 -12591 -24657 END
START 5452 3556 -2616 15780 -11731 -24658 END
START 5360 3648 -3244 14797 -10795 -24665 END
START 5216 3588 -4012 13802 -9842 -24644 END
START 5004 3368 -4452 12792 -8879 -24635 END
START 4504 3180 -5200 11763 -7979 -24643 END
START 3916 2872 -5828 10644 -7075 -24626 END
START 3328 2772 -6560 9590 -6296 -24483 END
START 2420 2824 -7196 8501 -5617 -24247 END
START 1560 2636 -8220 7365 -5001 -23907 END
START 688 2584 -9232 6147 -4538 -23436 END
START 96 2432 -10196 4827 -4142 -22879 END
START -544 2548 -11276 3340 -3872 -22338 END
START -1136 2624 -11876 1705 -3733 -21773 END
START -1404 2708 -12536 -211 -3755 -21158 END
START -1832 2988 -12628 -2135 -3870 -20574 END
START -2248 2924 -12804 -4088 -4101 -20013 END
START -2684 2804 -12444 -5961 -4447 -19444 END
START -2628 2688 -12324 -7764 -4744 -18862 END
START -2744 2360 -11716 -9286 -5116 -18330 END
START -2940 2136 -11664 -10700 -5432 -17849 END
START -2944 1812 -10576 -11971 -5795 -17351 END
START -2916 1540 -10184 -13230 -6073 -16916 END
START -2668 1392 -9992 -14236 -6262 -16560 END
START -2564 1232 -9508 -15310 -6422 -16304 END
START -2432 1064 -9304 -16603 -6439 -16027 END
START -2520 772 -9168 -17657 -6395 -15786 END
START -2524 572 -8652 -18732 -6241 -15513 END
START -2920 500 -8224 -19722 -6034 -15221 END
START -3280 528 -7824 -20796 -5805 -14897 END
START -3460 336 -7380 -21799 -5553 -14488 END
START -3796 80 -6976 -22741 -5164 -14093 END
START -3916 -240 -6672 -23617 -4675 -13677 END
START -4280 -664 -6316 -24394 -4127 -13143 END
START -4868 -940 -5952 -25134 -3487 -12533 END
START -5256 -940 -5664 -25838 -2950 -11919 END
START -5560 -916 -5460 -26548 -2448 -11267 END
START -5876 -920 -5248 -27246 -2015 -10622 END
START -6496 -1056 -4588 -27919 -1598 -9952 END
START -6960 -1268 -4316 -28543 -1388 -9247 END
START -7516 -1340 -4008 -29148 -1303 -8437 END
START -7852 -1472 -3380 -29730 -1308 -7609 END
START -7824 -1496 -3624 -30356 -1248 -6767 END
START -8104 -1484 -3044 -30927 -1234 -5867 END
START -7952 -1444 -2636 -31444 -1137 -5002 END
START -7468 -1688 -2220 -31952 -1109 -4204 END
START -6876 -1968 -1620 -32443 -1141 -3457 END
START -6100 -2132 -1044 -32768 -1057 -2780 END
START -5160 -2408 -492 -32768 -969 -2253 END
START -4428 -2464 4 -32768 -814 -1855 END
START -3816 -2624 544 -32768 -644 -1579 END
START -3240 -2608 1236 -32768 -381 -1368 END
START -2644 -2656 1632 -32768 13 -1245 END
START -2304 -2680 2140 -32768 516 -1183 END
START -1988 -2564 2560 -32768 1160 -1139 END
START -1820 -2552 3076 -32768 1966 -1139 END
START -2108 -2208 3904 -32768 2673 -1075 END
START -2040 -2172 4564 -32768 3479 -1017 END
START -2096 -2296 5516 -32768 4168 -911 END
START -2056 -2364 6024 -32768 5023 -861 END
START -2196 -2596 6904 -32768 5813 -744 END
START -2516 -2764 7732 -32768 6464 -628 END
START -2560 -2712 8308 -32768 6963 -520 END
START -2744 -2552 9212 -32768 7351 -503 END
START -2916 -2284 9684 -32768 7565 -520 END
START -3084 -2144 10468 -32768 7704 -546 END
START -3376 -1724 11188 -32768 7751 -614 END
START -3636 -1684 12036 -32768 7767 -615 END
START -3800 -1712 12908 -32768 7704 -669 END
START -4176 -1944 14176 -32768 7590 -662 END
START -4428 -2036 15064 -32768 7497 -599 END
START -4472 -1948 16364 -32768 7407 -528 END
START -4880 -2024 17652 -32768 7426 -414 END
START -5168 -1972 18748 -32768 7439 -294 END
START -5608 -1696 20188 -32768 7464 -139 END
START -5980 -1408 22044 -32768 7432 126 END
START -6388 -1208 23176 -32768 7274 347 END
START -6580 -1044 24680 -32768 7185 615 END
START -6772 -1004 26140 -32768 7128 884 END
START -6940 -1092 27448 -32768 7030 1161 END
START -7068 -1076 28444 -32768 6988 1526 END
START -7084 -1064 29648 -32748 6881 1879 END
START -7068 -756 30872 -31694 6728 2296 END
START -6936 -516 32072 -30575 6617 2677 END
START -6288 -228 32704 -29431 6592 2999 END
START -5676 36 32767 -28246 6676 3197 END
START -5072 144 32767 -27137 6839 3325 END
START -4712 292 32767 -26019 6940 3336 END
START -4260 460 32767 -24999 6918 3284 END
START -4084 548 32767 -23854 6684 3180 END
START -3720 740 32767 -22723 6374 3050 END
START -3740 928 32767 -21586 5918 2884 END
START -3532 1096 32767 -20495 5343 2686 END
START -3336 1284 32767 -19329 4647 2395 END
START -3192 1476 32767 -18237 3891 2087 END
START -3200 1456 32767 -17139 3093 1714 END
START -3052 1632 32767 -16109 2210 1364 END
START -2984 1724 32767 -15013 1524 1046 END
START -2900 1872 32767 -14210 996 736 END
START -2872 1856 32767 -13340 582 502 END
START -2852 1988 32767 -12580 372 330 END
START -2912 2016 32767 -11831 178 191 END
START -3008 2296 32767 -11171 97 78 END
START -3008 2416 32767 -10551 98 66 END
START -3152 2588 32767 -9963 165 37 END
START -3280 2848 32767 -9429 298 63 END
START -3292 2980 32767 -8916 473 75 END
START -3256 3152 32767 -8451 714 150 END
START -3296 3312 32767 -7922 938 158 END
START -3416 3400 32767 -7451 1181 224 END
START -3728 3224 32767 -6871 1242 361 END
START -4068 3220 32767 -6351 1205 520 END
START -4088 3248 32767 -5821 1084 675 END
START -4092 3368 32767 -5259 889 874 END
START -3900 3548 32767 -4757 746 1041 END
START -3708 3500 32767 -4295 621 1190 END
START -3552 3652 32767 -3698 478 1209 END
START -3156 3704 32767 -3163 393 1242 END
START -2956 3616 32767 -2537 364 1171 END
START -2764 3480 32767 -1907 295 1156 END
START -2672 3476 32767 -1241 232 1104 END
START -2452 3312 32767 -595 259 1057 END
START -1968 3140 32767 35 293 980 END
START -1700 3068 32767 631 392 919 END
START -1212 3040 32767 1155 487 791 END
START -1052 2860 32767 1734 494 601 END
START -852 2868 32767 2305 487 357 END
START -680 2656 32767 2885 374 47 END
START -752 2688 32767 3481 164 -261 END
START -784 2376 32767 4141 -134 -581 END
START -1116 2192 32767 4863 -545 -881 END
START -1436 2104 32767 5577 -991 -1104 END
START -1608 1992 32767 6254 -1457 -1259 END
START -1968 1996 32767 6969 -1891 -1427 END
START -2360 1876 32268 7638 -2239 -1540 END
START -2428 1844 31772 8306 -2459 -1579 END
START -2696 1720 31296 8940 -2523 -1643 END
START -2816 1524 30820 9523 -2484 -1609 END
START -3032 1276 30344 10135 -2259 -1613 END
START -3196 1112 29936 10775 -1939 -1520 END
START -3568 884 29320 11311 -1478 -1414 END
START -3952 692 28996 11811 -1064 -1247 END
START -4408 488 28652 12310 -606 -1039 END
START -4824 388 28356 12772 -249 -746 END
START -5308 -20 27960 13249 101 -438 END
START -5668 -336 27836 13710 409 -71 END
START -6104 -544 27836 14232 632 317 END
START -6452 -768 27748 14718 739 724 END
START -6904 -1108 27772 15340 714 1193 END
START -7032 -1160 27556 16004 567 1618 END
START -7380 -1620 27652 16742 327 2116 END
START -7460 -1676 27496 17515 -34 2557 END
START -7724 -1932 27284 18301 -508 3008 END
START -7960 -2144 26772 19083 -1095 3437 END
START -8160 -2228 26524 19920 -1730 3897 END
START -8168 -2404 26072 20775 -2398 4401 END
START -8292 -2584 25496 21645 -3099 4903 END
START -8148 -2512 24804 22470 -3723 5349 END
START -8052 -2488 23932 23168 -4271 5847 END
START -7984 -2564 23016 23824 -4825 6279 END
START -8004 -2628 22256 24398 -5272 6797 END
START -7804 -2556 21188 24902 -5687 7216 END
START -7720 -2592 20400 25290 -5954 7703 END
START -7660 -2488 19164 25579 -6158 8150 END
START -7576 -2484 18384 25783 -6342 8638 END
START -7668 -2372 17532 25883 -6453 9139 END
START -7644 -2392 16792 25937 -6500 9699 END
START -7616 -2100 15976 25958 -6432 10263 END
START -7704 -1980 15168 25932 -6397 10837 END
START -7668 -1984 14460 25853 -6273 11527 END
START -7560 -1848 13828 25757 -6144 12074 END
START -7552 -1816 13308 25597 -5998 12883 END
START -7496 -1656 12656 25413 -5771 13370 END
START -7324 -1632 11960 25198 -5543 14116 END
START -7216 -1532 11340 24963 -5201 14788 END
START -6932 -1552 10744 24742 -4804 15453 END
START -6788 -1448 10248 24428 -4382 16138 END
START -6612 -1268 9244 24099 -3875 16839 END
START -6204 -1388 8812 23712 -3332 17546 END
START -6232 -1204 8220 23274 -2844 18224 END
START -5888 -1196 7696 22875 -2295 18936 END
START -5664 -1140 7260 22423 -1799 19575 END
START -5312 -968 6800 21956 -1302 20236 END
START -5008 -920 6128 21447 -736 20846 END
START -4740 -952 5616 20926 -125 21411 END
START -4484 -884 5032 20360 431 22034 END
START -4252 -984 4836 19780 1027 22586 END
START -4008 -840 4412 19140 1624 23169 END
START -3812 -964 3856 18493 2198 23789 END
START -3552 -940 3524 17862 2670 24357 END
START -3436 -968 3444 17276 2938 24916 END
START -3352 -1232 3184 16756 3027 25620 END
START -3068 -1304 2532 16282 2905 26309 END
START -2512 -1284 1836 15776 2701 26902 END
START -1768 -1068 1068 15170 2410 27425 END
START -1100 -948 344 14449 2091 27808 END
START -376 -788 -288 13583 1693 28133 END
START 72 -768 -812 12735 1099 28408 END
START 716 -856 -1876 11866 387 28636 END
START 1424 -912 -2660 11010 -305 28859 END
START 2588 -692 -3756 10058 -903 28998 END
START 3512 -304 -4852 8956 -1361 29034 END
START 4352 4 -5512 7736 -1756 28917 END
START 5036 192 -6396 6449 -2153 28783 END
START 5716 372 -6468 4998 -2506 28523 END
START 6324 556 -7024 3442 -2763 28240 END
START 7240 1028 -7640 1881 -2853 27861 END
START 8108 1048 -7904 150 -2608 27375 END
START 8732 1308 -7996 -1644 -2261 26865 END
START 9248 1260 -7524 -3364 -1803 26335 END
START 9348 1156 -7076 -5025 -1242 25801 END
START 9280 968 -6220 -6579 -648 25327 END
START 8976 840 -5360 -7844 -103 24960 END
START 8868 668 -4596 -8947 434 24717 END
START 8788 712 -3992 -9890 1019 24574 END
START 8664 636 -3384 -10703 1590 24467 END
START 8948 624 -2884 -11519 2198 24399 END
START 9356 604 -2432 -12328 2790 24304 END
START 9680 472 -1592 -13085 3295 24235 END
START 10116 460 -844 -13791 3779 24120 END
START 10424 412 340 -14597 4116 23991 END
START 10720 516 1216 -14968 4286 23788 END
START 11140 372 2472 -15169 4415 23539 END
START 11612 256 3116 -15432 4423 23247 END
START 11728 208 4020 -15354 4465 22911 END
START 12048 112 4740 -15253 4433 22580 END
START 12132 -152 5360 -14924 4347 22323 END
START 12084 -188 5872 -14768 4119 22066 END
START 12124 -124 6200 -14542 3858 21880 END
START 12396 -160 6336 -14484 3561 21771 END
START 12700 -344 6400 -13994 3245 21671 END
START 13376 -580 6436 -13933 2917 21590 END
START 14464 -564 6216 -13799 2696 21492 END
START 15784 -264 6296 -13809 2516 21325 END
START 17552 -92 6880 -13844 2446 21007 END
START 19456 200 7240 -13970 2436 20503 END
START 21480 488 7844 -14116 2521 19769 END
START 23556 616 8960 -14113 2681 18717 END
START 25296 692 9672 -14307 2785 17466 END
START 26648 752 10724 -14203 2885 15973 END
START 28092 716 11532 -13902 2919 14308 END
START 29036 772 12068 -13503 2983 12583 END
START 30000 936 12396 -13205 3063 10574 END
START 30724 1196 12544 -12893 3149 8678 END
START 31272 1564 12760 -12673 3286 6767 END
START 31084 1764 13276 -12499 3396 4810 END
START 31476 1924 12524 -12421 3484 2768 END
START 30704 1812 13140 -12378 3480 872 END
START 30504 1660 12604 -12336 3444 -890 END
START 29148 1432 13220 -12403 3402 -2530 END
START 28460 1256 12976 -12442 3250 -4009 END
START 27172 992 13252 -12496 3097 -5300 END
START 26076 736 13236 -12544 2926 -6331 END
START 25012 700 12964 -12631 2845 -7136 END
START 24244 536 13144 -12796 2780 -7872 END
START 23764 780 13288 -13120 2856 -8497 END
START 23324 768 13652 -13493 2993 -9092 END
START 23104 660 14384 -13840 3259 -9694 END
START 22964 456 15196 -14172 3619 -10311 END
START 23052 288 15996 -14249 4113 -10903 END
START 23388 256 17212 -14171 4620 -11593 END
START 23860 292 18308 -14165 5206 -12335 END
START 24344 204 19416 -13734 5800 -13184 END
START 24892 156 19940 -13263 6516 -14236 END
START 25396 48 20452 -12749 7197 -15425 END
START 25656 -8 20840 -12221 7863 -16761 END
START 26192 -44 20892 -11742 8524 -18153 END
START 26652 -80 20988 -11303 9125 -19658 END
START 26856 -60 21008 -10884 9586 -21302 END
START 26792 -208 21072 -10520 9872 -23015 END
START 26408 -364 21004 -10073 9965 -24933 END
START 25844 -612 20852 -9796 9874 -26776 END
START 24964 -768 20764 -9586 9704 -28609 END
START 23972 -1020 20712 -9513 9439 -30387 END
START 22756 -1308 20668 -9417 9126 -32163 END
START 21568 -1668 20796 -9349 8808 -32768 END
START 20432 -2060 20660 -9267 8497 -32768 END
START 18928 -2880 20804 -9093 8287 -32768 END
START 17564 -3416 20776 -8951 8051 -32768 END
START 16212 -3720 20788 -8772 7727 -32768 END
START 14792 -3860 20892 -8599 7320 -32768 END
START 13408 -4148 20948 -8471 6953 -32768 END
START 11972 -4448 20852 -8346 6717 -32768 END
START 10536 -4844 20812 -8227 6511 -32768 END
START 8976 -5292 20836 -8022 6220 -32768 END
START 7232 -5848 20808 -7830 5951 -32768 END
START 5332 -6360 20756 -7599 5431 -32768 END
START 3008 -6720 20444 -7365 4776 -32768 END
START 828 -7024 20388 -7223 4063 -32768 END
START -1336 -7084 20456 -7144 3149 -32768 END
START -3352 -7072 20224 -7084 2317 -32768 END
START -5356 -7036 20412 -7062 1452 -32768 END
START -7472 -7096 20700 -7066 631 -32768 END
START -9452 -7156 21228 -7095 -143 -32768 END
START -11520 -7052 22292 -6985 -820 -32768 END
START -13536 -6968 23040 -6727 -1301 -32768 END
START -15224 -6684 23960 -6202 -1701 -32768 END
START -16836 -6468 24732 -5514 -1961 -32768 END
START -18304 -6124 25264 -4690 -2108 -32768 END
START -19464 -5932 25640 -3766 -2242 -32768 END
START -20840 -5568 25752 -2834 -2268 -31871 END
START -21392 -5416 25396 -1944 -2261 -29773 END
START -22140 -5156 25416 -1162 -2174 -27678 END
START -22084 -4720 25008 -465 -2070 -25602 END
START -22252 -4420 24436 148 -1822 -23496 END
START -22216 -3932 23824 683 -1548 -21434 END
START -21984 -3616 23420 1104 -1151 -19450 END
START -21688 -3216 23088 1507 -753 -17421 END
START -21500 -2860 22348 1769 -444 -15528 END
START -21124 -2424 22132 2018 -205 -13679 END