START 27904 12004 1460 14931 -3903 12444 END
START 15096 4572 6036 15414 -7604 8897 END
START 17660 5348 6736 15812 -9613 5090 END
START 20388 4028 6168 15952 -9354 1688 END
START 28704 5760 496 13160 -5125 -4232 END
START 31980 5512 -3796 6116 2758 -13950 END
START 26604 2244 -3968 1172 7225 -22672 END
START 19904 -1684 -4228 261 5992 -27952 END
START 13876 -3840 -6376 565 2581 -28462 END
START 13052 -3056 -10052 -991 -535 -27840 END
START 14408 -4164 -10948 -3473 -957 -29243 END
START 11524 -5440 -11640 -6491 -880 -31575 END
START 7396 -7168 -12732 -10214 -1672 -32768 END
START 4112 -8592 -13164 -14580 -1750 -32768 END
START 660 -10880 -12096 -20031 -2402 -32768 END
START -3548 -13300 -10624 -25462 -2380 -32768 END
START -5724 -15256 -8704 -30732 -2117 -31138 END
START -6648 -17852 -6408 -32768 -1819 -28600 END
START -6564 -20028 -3924 -32768 -864 -26207 END
START -3920 -22624 -2720 -32768 1608 -25656 END
START -4376 -25544 792 -32768 6693 -27675 END
START -8852 -28140 6744 -32768 5749 -30192 END
START -12084 -29040 13976 -32768 -511 -31331 END
START -14860 -28020 22032 -32768 -2718 -30991 END
START -17476 -26536 31756 -32768 -64 -27491 END
START -15456 -23696 32767 -32768 5186 -24806 END
START -19480 -22136 32767 -28637 9317 -24541 END
START -19464 -21256 32767 -17659 13443 -26482 END
START -27408 -20300 32767 -7563 11631 -25031 END
START -32768 -18300 32767 1862 10368 -18396 END
START -31328 -16348 32767 7863 13081 -9809 END
START -29840 -15440 32767 11370 15078 -2686 END
START -26212 -14864 32767 15079 13612 3277 END
START -22444 -14312 31668 19208 10449 6225 END
START -21468 -15208 27700 22755 5423 8594 END
START -21120 -16484 25940 26115 367 11807 END
START -21276 -17212 24268 29443 -2537 16245 END
START -19720 -18576 21972 32767 -2859 21620 END
START -17920 -19096 17868 32767 -3240 27642 END
START -15028 -18124 12260 32767 -4739 32478 END
START -11652 -16796 7476 32767 -5520 32767 END
START -7572 -15520 3000 32466 -4526 32767 END
START -5088 -14508 832 27984 -1093 32767 END
START -4292 -13372 -864 23390 3193 32767 END
START -2684 -12836 -2140 18767 6209 32767 END
START -2072 -13084 -2752 14309 8663 32767 END
START -812 -13008 -5448 9987 9197 32767 END
START 848 -11564 -9260 4716 6712 32767 END
START 4992 -10128 -11724 -2506 3542 32767 END
START 9936 -8200 -9240 -8672 1304 32767 END
START 15784 -5812 -7540 -13081 2164 32767 END
START 17064 -5068 -8128 -18778 5075 29947 END
START 18840 -5324 -6092 -25669 8544 25575 END
START 21276 -6260 -704 -30760 8054 21588 END
START 25940 -5920 3232 -32768 8582 16366 END
START 28556 -6232 10356 -32768 6782 10116 END
START 32767 -5272 19104 -32177 4079 2047 END
START 32767 -3624 21828 -27780 5760 -9224 END
START 32767 -4348 23600 -25187 12593 -21903 END
START 31956 -7352 23376 -22759 20666 -32768 END
START 24892 -9976 22924 -20432 21601 -32768 END
START 18236 -13224 23476 -18086 16301 -32768 END
START 14212 -16804 26724 -14277 8067 -32768 END
START 14216 -20472 26920 -10618 8625 -32768 END
START 4944 -25652 25768 -7948 10763 -32768 END
START -8368 -28260 27832 -4001 6329 -32768 END
START -16088 -26684 30460 1120 413 -32768 END
START -21972 -25332 29732 5331 935 -32768 END
START -24324 -23532 25660 7612 3549 -32768 END
START -23944 -20928 21096 7984 4679 -28539 END