START 21576 14124 164 1872 5323 7973 END
START 12544 5680 7380 4738 286 3749 END
START 13940 5084 9236 8069 -2033 -1317 END
START 16132 5848 6992 9997 -3472 -7556 END
START 14928 4600 4860 11349 -5279 -12550 END
START 11148 3504 3616 12508 -8441 -14593 END
START 14904 4408 1960 12317 -9481 -16849 END
START 14124 3968 -928 9452 -5243 -20509 END
START 13360 3024 -2876 5399 -733 -22824 END
START 11728 2148 -3208 1996 2634 -25338 END
START 9576 620 -3380 -337 4021 -28007 END
START 6664 -1444 -3780 -1296 3676 -30142 END
START 2380 -2960 -6204 -2400 1727 -30857 END
START -1280 -4344 -8140 -4112 -1477 -30650 END
START -4180 -4896 -9780 -7092 -4697 -28818 END
START -4776 -5580 -10740 -11871 -5396 -26354 END
START -5332 -7180 -10856 -17465 -5335 -23589 END
START -4936 -8884 -9788 -23357 -5921 -20782 END
START -4288 -10676 -7900 -29060 -6266 -18539 END
START -2860 -12688 -5716 -32768 -6203 -17255 END
START -2548 -14624 -1796 -32768 -5586 -17476 END
START -2412 -17032 2676 -32768 -4477 -18433 END
START -2784 -20048 6324 -32768 -1961 -20428 END
START -6416 -21152 12580 -32768 -1082 -21822 END
START -8940 -20376 19236 -32768 -1890 -22742 END
START -14400 -20868 28772 -32768 -1692 -22246 END
START -16412 -19516 31572 -32768 1307 -20553 END
START -19644 -18340 32767 -32768 3610 -17740 END
START -19284 -17128 32767 -32768 5111 -15313 END
START -21472 -15904 32767 -32226 10626 -14724 END
START -25516 -15440 32767 -24842 15934 -15216 END
START -32768 -16660 32767 -14111 13945 -14930 END
START -32768 -16836 32767 -863 4121 -9047 END
START -32768 -16048 32767 9245 -3595 -2288 END
START -32768 -15000 32767 15766 -6738 4741 END
START -28344 -13540 32767 19553 -6321 10351 END
START -22860 -13196 32720 22799 -5774 14342 END
START -17960 -13856 29340 25417 -4235 16346 END
START -16092 -15108 26236 28272 -3540 17733 END
START -15288 -15916 23440 31189 -4448 19330 END
START -13408 -16260 19744 32767 -4228 21243 END
START -10368 -15692 15272 32767 -738 22712 END
START -9660 -15604 12072 31356 3753 24067 END
START -10080 -15400 10068 29846 5959 26592 END
START -9668 -15300 7572 29360 5824 28766 END
START -9268 -14924 4664 28899 4084 30330 END
START -6512 -13848 -340 26047 3694 32036 END
START -5692 -12104 -3092 21966 4871 32767 END
START -4492 -10648 -4540 16547 6142 32767 END
START -4008 -9584 -5776 11179 7736 32767 END
START -3520 -8800 -7028 6494 8089 32767 END
START -1972 -8112 -8688 1514 6382 32767 END
START 276 -7524 -9228 -3682 4185 32767 END
START 2024 -7176 -8716 -8383 1816 32767 END
START 5108 -7364 -5284 -11769 -790 32767 END
START 12256 -5756 -1404 -13040 -1583 32767 END
START 17800 -3432 104 -14706 1956 31981 END
START 17944 -2528 724 -17494 4910 26787 END
START 18940 -2052 1132 -21592 6287 23346 END
START 21624 -1780 5988 -25316 5229 19124 END
START 26104 -1404 12080 -26578 3366 13481 END
START 30704 -40 17400 -25494 3868 4675 END
START 30964 -64 20932 -23078 5396 -4073 END
START 30336 -240 22444 -20590 7910 -12626 END
START 26928 -1612 22596 -18479 10394 -20332 END
START 24724 -3036 22780 -16637 12673 -27084 END
START 21320 -4436 23372 -15034 13125 -32768 END
START 16416 -6288 24580 -12550 9848 -32768 END
START 15652 -8716 25632 -9130 3795 -32768 END
START 12772 -11172 24780 -7183 1920 -32768 END
START 7092 -13688 24164 -6761 2956 -32768 END
START -500 -16580 24060 -7365 7113 -32768 END
START -10408 -19652 26292 -6513 8968 -32768 END
START -21180 -21504 31088 -1560 5376 -32768 END
START -27340 -21056 32676 7190 -631 -32768 END
START -28220 -19748 27320 13435 -3518 -32768 END
START -27032 -17440 19796 13884 -2232 -25739 END
START -27908 -14680 15068 10763 -909 -17734 END
START -26732 -13136 13476 7518 24 -10070 END