START -228 9804 -584 -1236 -2579 26125 END
START 20156 6464 5664 994 -2491 23237 END
START 17620 6748 13460 2156 -5002 17168 END
START 18052 6048 20576 6915 -8332 12425 END
START 19488 7664 21492 11673 -10689 4952 END
START 17848 6408 21584 15487 -12209 -864 END
START 20496 7216 17860 18157 -10311 -5641 END
START 20536 6832 15076 19094 -2122 -10405 END
START 19124 5692 7784 18504 6576 -13391 END
START 17600 6224 -1140 14452 7805 -16676 END
START 16496 6168 -2876 8300 4756 -21474 END
START 13436 3976 104 5246 4531 -25677 END
START 8368 1824 224 4480 6580 -26761 END
START 5292 1240 -2356 3235 7013 -26554 END
START 4124 344 -5048 891 6608 -26438 END
START 3284 -308 -7284 -2017 5850 -26793 END
START 1216 -1240 -9424 -6141 5186 -27293 END
START -1776 -1908 -9648 -10811 3847 -26927 END
START -3948 -2036 -9540 -15528 2670 -25681 END
START -7344 -2312 -8548 -20214 1394 -22418 END
START -7048 -2772 -8016 -26451 535 -17964 END
START -3704 -3664 -5508 -32768 2339 -15545 END
START -1468 -5156 -992 -32768 7778 -16408 END
START -2888 -6656 3008 -32768 12142 -19646 END
START -5552 -8488 5904 -32768 10586 -24414 END
START -10184 -11716 9148 -32768 7462 -28036 END
START -15080 -13136 13696 -32768 5115 -27745 END
START -19356 -13504 16636 -32768 6338 -24188 END
START -20004 -13576 20200 -32543 7092 -19781 END
START -20376 -12776 22644 -29620 5702 -17646 END
START -17460 -12032 27984 -25812 2689 -17739 END
START -16552 -12096 32648 -20912 4418 -19713 END
START -21012 -11624 32767 -15384 3681 -19403 END
START -23728 -11256 32767 -11101 3574 -16234 END
START -24676 -11692 32767 -5928 4760 -11398 END
START -23856 -12192 32767 -51 3819 -8826 END
START -23496 -13140 32767 6564 2699 -6883 END
START -24312 -14016 32767 12680 1098 -4591 END
START -25364 -13980 32692 18163 -765 -289 END
START -23812 -13420 27956 21867 -1615 4367 END
START -21072 -12936 23180 23822 -702 8552 END
START -19008 -12512 19368 24560 -332 11958 END
START -17404 -12240 16324 24996 -784 14474 END
START -16472 -11876 13592 25626 -2218 16975 END
START -15312 -11228 10840 25510 -2472 19770 END
START -14400 -10256 8044 24712 -2168 22732 END
START -13144 -9752 5664 23180 -1925 25452 END
START -11864 -8924 2544 20851 -1872 28524 END
START -9532 -7904 -216 17537 -2344 31204 END
START -7532 -7344 -1936 13831 -2694 32621 END
START -5028 -6828 -3732 9606 -3604 32767 END
START -3988 -5840 -4000 5343 -3852 32767 END
START -3536 -5500 -3508 1298 -2865 32767 END
START -4164 -5628 -2552 -1966 -2174 32767 END
START -2424 -5668 -516 -4402 -2580 32767 END
START -272 -5396 -764 -5778 -3808 32767 END
START 3996 -4476 -2568 -8147 -6582 32767 END
START 7240 -3712 -1080 -11396 -9367 32767 END
START 12448 -3500 3756 -13784 -11629 32767 END
START 18764 -1708 6804 -15195 -11587 30785 END
START 20152 -960 8984 -17534 -9827 24470 END
START 16100 -1756 10620 -20118 -7388 21152 END
START 14820 -3668 15380 -21903 -6168 19407 END
START 24496 -1168 21520 -19560 -5029 17003 END
START 30816 1328 20368 -17218 1906 5951 END
START 27620 1008 19036 -15788 5573 -2963 END
START 23980 1060 17748 -14709 4462 -10428 END
START 21052 -636 17808 -13909 3113 -16329 END
START 19976 -1640 19408 -13160 4166 -21142 END
START 18096 -2428 19808 -13112 8088 -26324 END
START 16676 -2408 20540 -13203 13025 -31994 END
START 13804 -3780 21052 -13051 17879 -32768 END
START 8000 -6720 20676 -12046 20481 -32768 END
START -524 -9884 21996 -8941 17035 -32768 END
START -7492 -11824 22828 -5033 11759 -32768 END
START -12836 -12712 23720 -1219 9300 -32768 END
START -19608 -13412 22144 1907 8884 -32768 END
START -24988 -12992 19772 3532 6822 -30304 END