START 26612 15384 9144 5422 -3528 11122 END
START 22628 6816 4780 7678 -9176 8935 END
START 16992 7460 10352 7822 -9817 6640 END
START 11300 7092 19200 9351 -8093 3227 END
START 15752 7660 18332 11185 -4500 -3305 END
START 15068 7164 15180 13223 -1870 -9423 END
START 13144 6296 12324 14569 -429 -13017 END
START 12872 5964 7360 14520 269 -15871 END
START 15576 6524 3944 12318 1105 -19456 END
START 14828 5556 2052 10013 3338 -24418 END
START 12200 3980 -784 7716 4099 -28036 END
START 10580 2508 -2152 5098 4403 -31736 END
START 6544 556 -3268 2776 4368 -32768 END
START 2900 -1140 -4912 77 5044 -32768 END
START -436 -2148 -5988 -3223 4575 -32768 END
START -2484 -2524 -6504 -6783 2753 -32768 END
START -4640 -4432 -6588 -10546 1298 -32552 END
START -7028 -5352 -6216 -14461 185 -30169 END
START -9936 -6000 -4932 -18886 -748 -27262 END
START -12156 -6680 -3192 -23806 -1691 -23939 END
START -13296 -6868 -1332 -29003 -1036 -20062 END
START -15624 -6760 2476 -32768 -496 -16737 END
START -17024 -7304 7616 -32768 -1270 -13309 END
START -15580 -7540 14204 -32768 -681 -10569 END
START -13300 -7740 23024 -32768 3073 -9943 END
START -14700 -6556 29464 -32768 6735 -10320 END
START -17852 -6652 32767 -31904 7532 -10924 END
START -21168 -6064 32767 -24585 6495 -10033 END
START -21552 -4720 32767 -18178 4185 -8827 END
START -20792 -3040 32767 -11911 5264 -8142 END
START -22408 -2836 32767 -5696 6911 -7619 END
START -24256 -3344 32767 419 7337 -6369 END
START -26876 -4940 32767 6164 6013 -4135 END
START -28996 -6732 32767 12567 2965 -93 END
START -28188 -7640 31980 18563 -749 4371 END
START -24600 -7596 25900 22617 -2428 8344 END
START -21564 -7344 20284 24204 -1572 11535 END
START -19532 -7188 16140 24451 -438 14444 END
START -18024 -7184 12204 24718 157 17373 END
START -15884 -6900 7876 24379 626 20066 END
START -14164 -6212 3332 22297 689 21831 END
START -12844 -5916 696 19801 -392 23710 END
START -10876 -5280 -1792 16860 -1505 25690 END
START -9316 -4656 -4776 12990 -3991 27650 END
START -6580 -3320 -6476 8394 -6439 28642 END
START -3896 -2960 -6816 2915 -5817 29073 END
START -2528 -3200 -6692 -2054 -3558 29802 END
START -1608 -3216 -6212 -6617 -1723 30503 END
START -424 -3548 -4460 -10244 -1641 30999 END
START 3896 -3292 -2752 -12242 -2399 30514 END
START 7652 -1788 -2712 -14881 -3553 27285 END
START 10632 -876 -1892 -18665 -3264 22664 END
START 12880 -1064 2320 -22346 -2187 18256 END
START 14904 -956 7208 -24836 -640 13804 END
START 16216 -1448 11844 -26217 1934 9469 END
START 18656 -1592 17356 -26812 4028 5266 END
START 21392 -1392 24776 -24628 6146 -505 END
START 21748 -1384 28376 -20284 7469 -7763 END
START 20072 -1696 28976 -15721 8405 -14343 END
START 19048 -1820 29692 -12503 10375 -20857 END
START 17612 -3128 31196 -8422 12511 -28464 END
START 12196 -4120 28324 -4583 14153 -32768 END
START 6784 -5148 25080 -2633 11835 -32768 END
START 1048 -7696 24484 -1291 6536 -32768 END
START -8852 -12032 26868 2494 636 -32768 END
START -18636 -15076 26744 7444 -2737 -32768 END
START -28040 -16748 23176 11329 -3858 -32768 END
START -31296 -14572 19264 12299 -7178 -24840 END