START 29940 13384 2676 10029 5959 4348 END
START 20832 7200 3228 9954 4830 -991 END
START 7444 5868 9076 10213 2729 -6383 END
START 8968 4416 5708 9505 -2343 -11327 END
START 14272 3204 2348 9394 -7567 -14907 END
START 15808 2880 620 7820 -6365 -18519 END
START 13796 1116 -424 5304 -17 -21089 END
START 11272 452 -3788 2009 6683 -22595 END
START 6988 -160 -5812 -1936 8652 -24126 END
START 3600 -1196 -5504 -4959 6443 -24855 END
START 1452 -2136 -5024 -6936 3490 -24620 END
START -216 -2300 -5352 -9901 2248 -23840 END
START -900 -2708 -5580 -13582 2378 -23186 END
START -2240 -3580 -5784 -17842 2962 -22780 END
START -4516 -3752 -6020 -22567 2886 -22007 END
START -6116 -4252 -4384 -27930 1734 -20491 END
START -7296 -4504 -1244 -32470 1387 -18679 END
START -7836 -5032 1472 -32768 1654 -17645 END
START -8220 -6324 6092 -32768 2309 -16808 END
START -7972 -7852 11460 -32768 3079 -16935 END
START -8988 -9852 15860 -32768 3003 -17598 END
START -10912 -11972 21052 -32768 2069 -16877 END
START -10968 -13456 27556 -32768 1187 -14748 END
START -12448 -13256 32767 -32768 1246 -13021 END
START -15164 -12892 32767 -32768 -1690 -10102 END
START -13540 -10480 32767 -28165 -5017 -6750 END
START -12072 -7804 32767 -24460 -5692 -4901 END
START -10280 -5488 32767 -19248 -3148 -4424 END
START -8992 -4272 32767 -12698 165 -5500 END
START -10756 -4560 32767 -4988 3351 -7523 END
START -16224 -6704 32767 4755 4622 -7196 END
START -19440 -8800 32767 14163 4755 -3717 END
START -20384 -10896 32767 22588 4653 818 END
START -18568 -12372 32767 29045 4574 4789 END
START -17072 -13540 25384 32324 4808 7711 END
START -15724 -14188 17616 32706 5976 10514 END
START -15324 -14124 11964 30818 8004 13883 END
START -15928 -13904 7808 28218 8233 18455 END
START -15000 -13084 4944 25891 6993 23026 END
START -13412 -12156 2768 23665 4865 27026 END
START -11708 -12000 1824 22061 1601 30500 END
START -8852 -11644 -316 20376 -1476 32767 END
START -6728 -11356 -3180 17998 -4181 32767 END
START -6056 -9972 -6132 13713 -7185 32767 END
START -3528 -9884 -7496 8961 -10413 32767 END
START 972 -9100 -7952 4088 -13021 32767 END
START 7680 -7696 -7484 -737 -12907 32767 END
START 9852 -6816 -6440 -5635 -11556 32767 END
START 14784 -5724 -3880 -8445 -11622 32767 END
START 20008 -4212 -2856 -11328 -10265 32767 END
START 21788 -2832 92 -14371 -8894 26978 END
START 24668 -2532 2208 -16457 -6257 22190 END
START 27108 -2228 3044 -19424 -837 16106 END
START 25896 -2860 5844 -22330 1987 10829 END
START 29020 -2296 10484 -23091 3873 5235 END
START 30552 -1780 13540 -22062 6037 -3602 END
START 28836 -2548 14928 -21183 6719 -12727 END
START 26328 -4348 17512 -20353 8827 -20643 END
START 22832 -6168 18920 -19450 11155 -27322 END
START 22688 -6412 20688 -17367 13577 -32768 END
START 25496 -7072 20640 -15558 16895 -32768 END
START 26716 -10748 18060 -14481 23762 -32768 END
START 14148 -19124 17900 -9794 30090 -32768 END
START -8684 -22192 16480 -5206 27982 -32768 END
START -32768 -25224 32196 -491 7190 -32768 END