START 14864 6192 6936 -7741 1126 9246 END
START 16664 800 -2184 -5974 1331 8548 END
START 12660 9708 12236 -8474 2093 8060 END
START 14756 5728 8032 -6918 1366 7503 END
START 13660 6136 9400 -7268 419 7044 END
START 12312 6204 10944 -7108 -328 6716 END
START 11624 5840 11508 -7054 -1057 6498 END
START 11812 5436 11364 -6856 -1824 6431 END
START 11872 5180 11868 -6678 -2682 6514 END
START 11260 4916 12884 -6446 -3598 6608 END
START 10888 5052 13812 -6130 -4476 6867 END
START 11208 5072 15072 -5771 -5374 7130 END
START 12284 4988 15676 -5243 -6071 7333 END
START 13332 4696 16400 -4592 -6584 7494 END
START 14588 4576 17360 -3912 -6921 7517 END
START 15716 4524 18200 -3032 -7096 7458 END
START 16896 4488 18876 -2073 -7145 7233 END
START 17992 4588 19192 -1065 -7060 6860 END
START 18864 4756 19464 -42 -6924 6345 END
START 19668 4820 19472 900 -6795 5808 END
START 20212 4996 19452 1863 -6660 5130 END
START 20552 4988 19172 2716 -6479 4442 END
START 21088 5220 18708 3506 -6298 3704 END
START 21508 5512 18064 4203 -5961 2983 END
START 21632 5616 17336 4791 -5545 2217 END
START 21860 5740 16844 5257 -5096 1409 END
START 21880 6040 16492 5602 -4709 634 END
START 21904 6288 16196 5881 -4413 -117 END
START 22184 6404 16132 6067 -4126 -928 END
START 22360 6572 15768 6282 -3840 -1795 END
START 22668 6636 15428 6479 -3625 -2716 END
START 22840 6512 15136 6701 -3384 -3607 END
START 22992 6412 14908 6974 -3200 -4652 END
START 22952 6284 14320 7149 -2959 -5638 END
START 22768 6300 13924 7310 -2836 -6627 END
START 22368 6348 13716 7377 -2717 -7543 END
START 22168 6492 13156 7376 -2542 -8451 END
START 21928 6620 12976 7297 -2468 -9309 END
START 21812 6792 12808 7202 -2307 -10155 END
START 21624 6888 12820 7129 -2208 -11066 END
START 21464 6832 13020 7082 -2117 -11896 END
START 21140 6716 13376 7137 -2071 -12749 END
START 20948 6700 13652 7298 -2040 -13631 END
START 20660 6692 14028 7599 -1996 -14412 END
START 20408 6616 14000 7977 -1988 -15219 END
START 20060 6588 14064 8371 -1973 -16042 END
START 19496 6512 14188 8826 -1962 -16790 END
START 18952 6448 14032 9342 -1997 -17487 END
START 18564 6376 13900 9800 -2049 -18109 END
START 17816 6372 13596 10300 -2103 -18746 END
START 17488 6260 13112 10763 -2182 -19363 END
START 17056 6200 12884 11222 -2261 -19934 END
START 16784 6196 12432 11646 -2339 -20534 END
START 16452 6116 11944 12044 -2455 -21118 END
START 16104 6016 11372 12379 -2570 -21702 END
START 16068 6044 10920 12748 -2717 -22273 END
START 15920 5968 10420 13030 -2860 -22897 END
START 15832 5852 10000 13297 -3024 -23458 END
START 15848 5876 9208 13519 -3150 -24080 END
START 15784 5736 8576 13695 -3316 -24704 END
START 15612 5624 8304 13791 -3543 -25413 END
START 15440 5592 7580 13942 -3752 -26113 END
START 15140 5328 7368 14015 -4097 -26770 END
START 14340 5216 6716 14083 -4479 -27470 END
START 13848 5068 5996 14100 -4874 -28064 END
START 13012 4840 5552 14136 -5326 -28588 END
START 12300 4736 4900 14145 -5765 -28997 END
START 11540 4752 4304 14071 -6259 -29332 END
START 10736 4340 3644 13999 -6727 -29659 END
START 9956 4308 2980 13857 -7186 -29836 END
START 9212 4376 2480 13678 -7649 -29957 END
START 8712 4812 1392 13557 -7935 -29966 END
START 7808 3748 2064 13446 -8511 -29965 END
START 7324 3244 1568 13167 -9318 -29962 END
START 6736 3216 736 12800 -10053 -29951 END
START 6368 3268 -28 12429 -10662 -29904 END
START 5736 3416 -464 12032 -11373 -29797 END
START 5304 3756 -856 11548 -12186 -29619 END
START 5240 3808 -1784 11227 -12519 -29436 END
START 4528 2728 -608 10789 -13397 -29278 END
START 4280 2528 -1832 10166 -14050 -29171 END
START 4180 2512 -2824 9490 -14396 -29000 END
START 3596 2392 -3868 8695 -14334 -28698 END
START 2976 2624 -4020 7949 -14195 -28326 END
START 2632 2888 -4800 7035 -13983 -27822 END
START 2256 2784 -5756 6010 -13318 -27194 END
START 1728 2976 -6400 4890 -12533 -26518 END
START 1652 3108 -7564 3820 -11444 -25778 END
START 1092 3016 -7480 2621 -10371 -25032 END
START 912 2976 -8040 1213 -9249 -24309 END
START 680 3456 -8772 -179 -7945 -23470 END
START 248 4576 -9408 -1533 -6466 -22612 END
START -168 4040 -8772 -2922 -4830 -21645 END
START -636 2260 -7600 -4135 -3914 -21000 END
START -604 1140 -7516 -5621 -3351 -20500 END
START -532 824 -7980 -6850 -2688 -20081 END
START -708 720 -7764 -8162 -2053 -19649 END
START -1060 1188 -7440 -9327 -1606 -19238 END
START -1596 1792 -6956 -10424 -1264 -18744 END
START -1940 2404 -6504 -11414 -1127 -18202 END
START -2452 2612 -6252 -12319 -997 -17629 END
START -2832 2324 -5792 -13019 -1026 -17109 END
START -3156 1912 -5388 -13691 -1035 -16560 END
START -3524 1560 -4928 -14417 -1337 -16037 END
START -3580 1460 -4824 -14991 -1599 -15516 END
START -3732 1336 -4752 -15378 -1909 -15074 END
START -3936 1408 -4824 -16048 -2135 -14626 END
START -4144 1416 -4400 -16645 -2414 -14212 END
START -4432 1260 -4872 -17326 -2643 -13846 END
START -4720 1140 -4768 -18014 -2839 -13449 END
START -4984 1140 -4896 -18759 -2984 -13076 END
START -5112 868 -4728 -19505 -3126 -12763 END
START -5176 816 -4940 -20404 -3213 -12432 END
START -5468 744 -5060 -21243 -3082 -12074 END
START -6228 636 -4948 -22111 -2985 -11688 END
START -6700 536 -4876 -22909 -3007 -11271 END
START -7048 632 -5048 -23738 -3078 -10812 END
START -7720 516 -4960 -24587 -3178 -10334 END
START -8852 -400 -5052 -25443 -3149 -9664 END
START -10068 -492 -4536 -26296 -3467 -8894 END
START -10952 -468 -4108 -27211 -4199 -8051 END
START -11164 -368 -4776 -28418 -4509 -7197 END
START -11512 -228 -4772 -29567 -4696 -6357 END
START -11808 -236 -4268 -30742 -4902 -5358 END
START -11912 -148 -3808 -31897 -5182 -4405 END
START -12252 -512 -2928 -32768 -5431 -3353 END
START -11620 -324 -2236 -32768 -5723 -2456 END
START -11452 -536 -1620 -32768 -6069 -1656 END
START -11852 -1896 -2016 -32768 -5843 -772 END
START -12836 -2292 212 -32768 -5774 341 END
START -13212 -2228 1028 -32768 -6476 1491 END
START -12732 -2088 524 -32768 -6868 2623 END
START -12484 -1948 512 -32768 -6832 3700 END
START -12348 -2084 1792 -32768 -6525 4913 END
START -11964 -1892 2608 -32768 -6351 6136 END
START -11368 -2272 3072 -32768 -6007 7305 END
START -10832 -2588 3776 -32768 -5462 8353 END
START -10044 -2892 4636 -32768 -4923 9312 END
START -9288 -3024 5340 -32768 -4145 10187 END
START -8492 -3440 6312 -32768 -3276 10954 END
START -7800 -3728 7440 -32768 -2354 11689 END
START -7240 -4064 8360 -32768 -1307 12286 END
START -6300 -4240 9332 -32768 -17 12846 END
START -5532 -4092 10568 -32768 1334 13412 END
START -4556 -3956 11564 -32768 3075 13691 END
START -3916 -3812 13068 -32768 4796 13910 END
START -3340 -3928 14852 -32768 6756 14042 END
START -2800 -4108 17144 -32768 8514 14101 END
START -2304 -4224 19008 -32768 10128 14077 END
START -2020 -4244 21500 -32768 11592 14027 END
START -1836 -4356 23896 -32768 12685 13830 END
START -1292 -4680 25612 -32768 13708 13574 END
START -140 -4284 27432 -32768 14739 13077 END
START 392 -3920 29860 -32768 15363 12397 END
START 680 -3768 31200 -32768 15874 11880 END
START 748 -3704 32620 -32768 15979 11017 END
START 524 -3580 32767 -32768 15732 10233 END
START 152 -3068 32767 -32768 15006 9477 END
START -200 -2780 32767 -32768 13888 8806 END
START -288 -2468 32767 -32768 12571 8194 END
START -72 -2240 32767 -32768 11335 7585 END
START 524 -1932 32767 -31609 9925 6965 END
START 972 -1828 32412 -30327 8593 6233 END
START 1316 -1600 32132 -29304 7359 5543 END
START 1552 -1248 31844 -28420 6042 4733 END
START 1748 -836 31632 -27612 4832 3981 END
START 2248 -620 31620 -26841 3678 3284 END
START 2820 -352 31696 -25993 2768 2493 END
START 3192 -392 31792 -25104 1987 1699 END
START 3312 -160 31880 -24187 1363 957 END
START 3036 -184 32292 -23261 736 194 END
START 2516 28 32428 -22299 -1 -456 END
START 1996 184 32528 -21490 -669 -935 END
START 1256 468 32412 -20597 -1338 -1308 END
START 684 628 32160 -19868 -1845 -1520 END
START 224 800 32104 -19193 -2221 -1532 END
START -120 884 32344 -18619 -2465 -1430 END
START -344 1140 32048 -18001 -2570 -1244 END
START -316 1188 32168 -17500 -2526 -988 END
START -364 1400 32468 -17033 -2408 -714 END
START -208 1600 32767 -16555 -2099 -404 END
START -172 1928 32767 -16081 -1660 -75 END
START 68 2020 32767 -15645 -1094 272 END
START 248 2172 32767 -15261 -501 635 END
START 476 2280 32767 -14487 203 948 END
START 912 2364 32767 -14329 1022 1235 END
START 1376 2448 32767 -13496 1865 1476 END
START 1864 2676 32767 -12924 2779 1709 END
START 2304 2884 32767 -12270 3714 1885 END
START 2548 3048 32767 -11659 4551 2035 END
START 2888 3296 32767 -11063 5429 2162 END
START 3368 3548 32767 -10466 6189 2251 END
START 3872 3624 32767 -9954 6896 2276 END
START 4328 3744 32767 -9424 7495 2233 END
START 4916 3932 32767 -8983 8070 2118 END
START 5680 4108 32767 -8497 8594 1961 END
START 6460 4396 32767 -7990 9187 1681 END
START 7096 4540 32767 -7420 9762 1276 END
START 7696 4500 32767 -6769 10308 774 END
START 8004 4476 32767 -6068 10638 200 END
START 8164 4452 32767 -5261 10920 -423 END
START 8108 4492 32767 -4417 11091 -1070 END
START 8104 4400 32767 -3475 11112 -1675 END
START 7856 4492 32767 -2495 11123 -2233 END
START 7760 4568 32767 -1576 11018 -2826 END
START 7588 4600 32767 -615 10824 -3376 END
START 7360 4648 32767 327 10531 -3905 END
START 7056 4512 32767 1224 10191 -4413 END
START 6676 4472 32767 2200 9743 -4896 END
START 6204 4448 32767 3092 9180 -5402 END
START 5752 4476 32767 3995 8529 -5872 END
START 5396 4400 32767 4793 7795 -6349 END
START 4796 4348 32767 5627 7025 -6826 END
START 4368 4384 32767 6336 6270 -7287 END
START 4060 4392 32767 7030 5511 -7759 END
START 3604 4412 32767 7590 4860 -8175 END
START 3052 4448 32767 8084 4279 -8555 END
START 2500 4424 32744 8513 3761 -8872 END
START 2084 4304 31844 8886 3451 -9131 END
START 1420 4244 31132 9180 3245 -9317 END
START 864 4048 30504 9501 3177 -9438 END
START 68 3896 29888 9779 3128 -9423 END
START -652 3588 29228 10050 3128 -9393 END
START -1360 3292 28688 10332 3109 -9219 END
START -2080 3244 28064 10563 3164 -8977 END
START -2816 3028 27488 10766 3149 -8733 END
START -3432 2936 26936 10898 3199 -8453 END
START -4040 2816 26484 10952 3228 -8148 END
START -4504 2664 25960 10993 3238 -7867 END
START -5100 2516 25516 10979 3310 -7516 END
START -5508 2124 25148 10968 3387 -7173 END
START -6000 1796 25088 11023 3461 -6764 END
START -6528 1428 24736 10989 3580 -6365 END
START -6968 1148 24660 11114 3666 -5968 END
START -7356 944 24404 11223 3802 -5527 END
START -7884 692 24292 11378 3931 -5069 END
START -8128 332 23940 11551 4070 -4574 END
START -8508 -156 23508 11757 4251 -4121 END
START -8884 -476 23356 11911 4415 -3587 END
START -9120 -832 22856 12042 4484 -3051 END
START -9748 -1024 22492 12207 4535 -2514 END
START -10056 -1344 22432 12282 4575 -1949 END
START -10432 -1524 22100 12405 4612 -1330 END
START -10772 -1760 21944 12516 4582 -735 END
START -11184 -2008 21772 12642 4446 -118 END
START -11508 -2368 21852 12771 4319 489 END
START -11892 -2628 21732 12931 4062 1133 END
START -12352 -2904 21764 13117 3777 1799 END
START -12664 -3112 21668 13382 3424 2499 END
START -13132 -3440 21732 13657 3022 3190 END
START -13592 -3760 21536 14000 2608 3997 END
START -13848 -3852 21588 14363 2161 4772 END
START -14156 -4140 21596 14791 1717 5617 END
START -14264 -4372 21444 15195 1270 6469 END
START -14548 -4604 21404 15700 810 7347 END
START -14668 -4668 21316 16192 433 8250 END
START -14524 -4780 21020 16723 105 9105 END
START -14508 -5012 20844 17276 -112 10033 END
START -14548 -5132 20308 17895 -284 10976 END
START -14476 -5292 19728 18437 -421 11936 END
START -14356 -5468 19188 18938 -450 12978 END
START -14340 -5492 18760 19423 -469 13931 END
START -14256 -5672 18384 19843 -432 15031 END
START -14068 -5644 17844 20189 -406 16103 END
START -13680 -5684 17120 20565 -232 17172 END
START -13600 -5816 16768 20890 -86 18238 END
START -13416 -5776 16436 21222 70 19260 END
START -13108 -5880 15856 21565 173 20286 END
START -12716 -5888 15280 21846 240 21347 END
START -12420 -5808 14836 22162 320 22291 END
START -12104 -5748 14484 22386 324 23362 END
START -11748 -5820 13668 22581 327 24295 END
START -11304 -5904 13264 22691 294 25264 END
START -10840 -5952 12616 22842 350 26291 END
START -10288 -6076 11904 22893 345 27256 END
START -9664 -6032 11428 22928 376 28131 END
START -8852 -6012 10736 22913 450 28980 END
START -8244 -6040 10280 22903 532 29775 END
START -7332 -6012 9560 22847 682 30458 END
START -6592 -5880 8988 22772 837 31094 END
START -5736 -5948 8324 22636 1048 31679 END
START -5000 -5828 7812 22470 1305 32197 END
START -4268 -5792 7036 22246 1523 32655 END
START -3488 -5732 6416 21972 1741 32767 END
START -2924 -5768 5672 21690 1876 32767 END
START -2368 -6032 4776 21406 1952 32767 END
START -1792 -6132 4052 21087 1942 32767 END
START -1260 -6068 2756 20760 1875 32767 END
START -436 -5740 1816 20323 1748 32767 END
START 740 -5356 684 19737 1559 32767 END
START 2140 -4720 -712 19036 1510 32767 END
START 3556 -4216 -1904 18116 1484 32767 END
START 4848 -3924 -2812 17029 1417 32767 END
START 5992 -3716 -3752 15798 1262 32767 END
START 6928 -3756 -4656 14504 913 32767 END
START 7628 -3448 -5392 13274 505 32767 END
START 8600 -2812 -6524 11935 230 32767 END
START 9684 -2044 -7308 10440 7 32597 END
START 10864 -1080 -8116 8854 7 31943 END
START 12008 -332 -8368 7120 101 31124 END
START 13032 240 -8280 5357 250 30213 END
START 13792 416 -7924 3496 435 29157 END
START 14660 44 -7840 1788 651 28123 END
START 15040 -96 -6716 236 887 26935 END
START 15348 -48 -6040 -1128 918 25811 END
START 15464 -60 -5092 -2287 954 24677 END
START 15236 64 -4168 -3266 925 23563 END
START 14460 496 -3408 -4010 909 22628 END
START 14048 820 -2588 -4687 838 21828 END
START 13468 1080 -1832 -5218 762 21186 END
START 13292 1336 -1432 -5847 678 20582 END
START 12876 1032 -1136 -6278 575 20082 END
START 12568 836 -712 -6736 521 19650 END
START 12328 696 -240 -7152 398 19302 END
START 12104 664 352 -7497 281 19050 END
START 12084 704 584 -7762 117 18794 END
START 12020 752 1028 -8085 -28 18634 END
START 12036 772 1176 -8261 -159 18450 END
START 12016 584 1476 -8395 -258 18379 END
START 12276 304 1568 -8519 -288 18277 END
START 12536 172 1252 -8626 -179 18188 END
START 12972 300 672 -8772 -9 18162 END
START 13748 468 496 -9066 313 18052 END
START 14668 636 -44 -9571 721 17886 END
START 15160 748 -24 -10160 1159 17601 END
START 15880 732 -84 -10825 1642 17178 END
START 16496 628 180 -11576 2071 16716 END
START 17108 612 428 -12225 2415 16093 END
START 17704 352 864 -12907 2779 15502 END
START 17964 308 1244 -13489 3036 14866 END
START 18472 208 1688 -14163 3295 14197 END
START 18628 228 2312 -14616 3576 13532 END
START 18912 256 2784 -14843 3884 12882 END
START 19132 372 3320 -15457 4136 12364 END
START 19448 340 4144 -15757 4347 11645 END
START 19600 172 4772 -16029 4379 10973 END
START 19844 -108 5256 -16167 4350 10262 END
START 20172 -276 5760 -16297 4276 9469 END
START 20760 -220 5996 -16445 4205 8681 END
START 20964 -112 6508 -16582 4132 7846 END
START 21360 12 6844 -16720 4115 6895 END
START 21756 56 7348 -16887 4095 5907 END
START 21828 -168 7744 -17068 4134 4878 END
START 22080 -256 8296 -17196 4168 3791 END
START 22000 -396 8860 -17346 4176 2698 END
START 21624 -832 9716 -17450 4144 1646 END
START 21156 -976 10572 -17445 4002 709 END
START 20624 -1176 11124 -17417 3806 -124 END
START 20196 -1184 11988 -17320 3519 -782 END
START 20076 -1148 12536 -17263 3303 -1427 END
START 20168 -1108 13168 -17170 3101 -2048 END
START 20480 -1312 13972 -17138 2956 -2667 END
START 20856 -1412 14596 -17072 2866 -3339 END
START 21280 -1528 15444 -16938 2890 -4079 END
START 21476 -1508 16224 -16768 3051 -4781 END
START 21764 -1604 16912 -16460 3206 -5611 END
START 21860 -1644 17712 -16091 3473 -6375 END
START 22352 -1468 18052 -15661 3775 -7204 END
START 22888 -1428 18516 -15278 4177 -8019 END
START 23568 -1324 19012 -14974 4650 -8940 END
START 24536 -1200 19300 -14498 5264 -9878 END
START 25516 -1100 19540 -14411 5820 -10987 END
START 26672 -884 20000 -13900 6491 -12306 END
START 27564 -820 20668 -13503 7106 -13769 END
START 28396 -652 21100 -13068 7629 -15368 END
START 28932 -640 21504 -12589 8103 -17214 END
START 29100 -744 21608 -12113 8446 -19091 END
START 29156 -812 21936 -11636 8735 -21173 END
START 28824 -904 21636 -11233 8950 -23154 END
START 28596 -972 21576 -10891 9105 -25159 END
START 28196 -1088 21340 -10623 9201 -27076 END
START 27832 -1128 21224 -10428 9292 -29081 END
START 27268 -1244 21064 -10250 9334 -31083 END
START 26556 -1480 21036 -10141 9329 -32768 END
START 25672 -1872 21060 -10116 9213 -32768 END
START 24400 -2172 20892 -10077 9184 -32768 END
START 23540 -2568 20944 -10079 9056 -32768 END
START 22800 -2932 21248 -9989 9046 -32768 END
START 22432 -3336 21296 -9877 9018 -32768 END
START 22212 -3676 21264 -9754 9058 -32768 END
START 21896 -4032 21264 -9583 9218 -32768 END
START 21332 -4676 21116 -9397 9365 -32768 END
START 20408 -5180 21344 -9225 9391 -32768 END
START 19324 -5892 21504 -9093 9310 -32768 END
START 17960 -6504 21680 -8921 9129 -32768 END
START 16472 -7128 21936 -8726 8869 -32768 END
START 15012 -7884 22220 -8485 8457 -32768 END
START 13672 -8488 22500 -8197 8036 -32768 END
START 12536 -9220 22684 -7796 7568 -32768 END
START 11456 -10116 22560 -7380 7319 -32768 END
START 10740 -10752 22576 -6940 7102 -32768 END
START 9620 -11632 22744 -6451 6897 -32768 END
START 8472 -12596 22636 -5950 6560 -32768 END
START 6692 -13496 22656 -5465 6243 -32768 END
START 4772 -14432 22852 -5079 5683 -32768 END
START 2280 -14740 23000 -4639 4949 -32768 END
START -152 -15132 23132 -4163 4042 -32768 END
START -2932 -15176 22968 -3812 2960 -32768 END
START -5580 -15368 22500 -3354 1982 -32768 END
START -8004 -15284 22060 -2947 1170 -32768 END
START -10304 -15212 21540 -2685 309 -32768 END
START -12716 -15116 21204 -2479 -547 -32768 END
START -15164 -14912 21312 -2483 -1426 -32768 END
START -18064 -14136 21224 -2567 -2365 -32768 END
START -20452 -13360 21620 -2724 -3253 -32768 END
START -22760 -12784 21824 -2887 -3996 -32768 END
START -25004 -11732 22100 -3057 -4545 -32768 END
START -27188 -10916 22784 -3046 -4898 -32768 END
START -28952 -10244 23716 -2891 -5039 -32768 END
START -30592 -9672 24624 -2546 -5181 -32768 END
START -31768 -8920 25300 -2134 -5119 -32768 END
START -32768 -8436 26056 -1503 -5028 -32474 END
START -32768 -8136 26148 -848 -4692 -28882 END
START -32768 -7888 25892 -123 -4105 -25378 END
START -32768 -7340 26092 691 -3505 -21640 END
START -32620 -6820 25812 1532 -3040 -18180 END
START -31148 -6516 25852 2279 -2627 -14794 END
START -29640 -6256 25528 2962 -2330 -11860 END
START -28044 -5964 24948 3582 -2081 -9128 END
START -26336 -5724 23972 4058 -1886 -6851 END
START -24556 -5312 23040 4433 -1600 -4848 END
START -22804 -5124 22056 4717 -1270 -2980 END
START -21020 -4876 20996 4862 -913 -1367 END
START -19080 -4984 20040 4864 -631 117 END
START -17080 -4944 19380 4697 -434 1289 END
START -15460 -4560 18212 4426 -275 2392 END
START -13184 -4084 17120 4126 235 3286 END