START 26372 4352 17440 -1131 -536 10632 END
START 29424 248 4940 638 -850 8873 END
START 28568 7756 17336 -1272 6 7246 END
START 30424 4708 15580 -307 -436 5301 END
START 31540 3868 12928 -881 -714 2982 END
START 30976 3628 13688 -1204 -1063 583 END
START 29868 2924 14156 -1773 -1728 -1812 END
START 28540 3092 14340 -2195 -2614 -4016 END
START 27664 3304 13704 -2633 -3353 -5882 END
START 26444 3584 13448 -2934 -3916 -7399 END
START 24968 3684 13540 -3245 -4325 -8698 END
START 23376 3452 14140 -3505 -4746 -9712 END
START 22476 3056 14704 -3624 -5199 -10646 END
START 21960 2572 15268 -3767 -5572 -11417 END
START 21444 2020 15804 -3688 -5839 -12185 END
START 20776 2012 16788 -3528 -6058 -12802 END
START 20084 1788 17388 -3170 -6230 -13410 END
START 19576 1772 18248 -2710 -6416 -13908 END
START 19436 1772 18492 -2097 -6468 -14416 END
START 19056 1748 18980 -1357 -6316 -14788 END
START 19200 1828 19056 -625 -6034 -15163 END
START 19372 1756 19252 158 -5714 -15593 END
START 19616 1800 19284 944 -5295 -16004 END
START 20008 1884 19268 1674 -4810 -16505 END
START 20280 2016 19108 2351 -4206 -17020 END
START 20812 2052 18928 3082 -3581 -17685 END
START 21052 2064 18720 3755 -3025 -18358 END
START 21408 1932 18396 4458 -2470 -19118 END
START 21468 1896 18172 5190 -1979 -20003 END
START 21720 1752 17628 5861 -1551 -20833 END
START 21560 1748 17224 6529 -1217 -21762 END
START 21564 1844 16588 7140 -983 -22668 END
START 21648 2116 16480 7579 -855 -23627 END
START 21692 2212 15920 8018 -712 -24628 END
START 21968 2384 15664 8392 -662 -25747 END
START 22400 2328 15392 8798 -591 -26907 END
START 22996 2268 15392 9217 -421 -28207 END
START 23280 2352 15468 9724 -327 -29602 END
START 23516 2320 15216 10313 -173 -31156 END
START 23684 2016 14808 10961 -66 -32768 END
START 23292 1760 14688 11572 -61 -32768 END
START 22580 1632 14108 12236 -48 -32768 END
START 21784 1352 13256 12879 -154 -32768 END
START 20656 884 12308 13503 -286 -32768 END
START 19464 228 11428 14091 -462 -32768 END
START 17600 -392 10616 14628 -698 -32768 END
START 15848 -604 9436 15004 -914 -32768 END
START 14080 -584 8236 15264 -1096 -32768 END
START 12440 -632 6968 15412 -1215 -32768 END
START 10948 -712 5652 15409 -1230 -32768 END
START 9792 -752 4236 15337 -1174 -32768 END
START 8600 -968 2404 15146 -976 -32768 END
START 7556 -1036 648 14874 -724 -32768 END
START 6848 -940 -1160 14324 -426 -32768 END
START 6352 -528 -2724 13602 -172 -32768 END
START 5972 -264 -4392 12667 121 -32768 END
START 5804 120 -5672 11446 363 -32768 END
START 5528 428 -6780 10153 470 -32768 END
START 5184 856 -7664 8634 398 -32768 END
START 4732 1176 -8444 7027 93 -32768 END
START 4364 1272 -9004 5290 -166 -32768 END
START 4204 1432 -8976 3612 -618 -32768 END
START 3808 1436 -9040 1720 -1042 -32768 END
START 3452 1556 -9144 -70 -1409 -32768 END
START 2696 1592 -8916 -1688 -1633 -32768 END
START 1812 1568 -8160 -3251 -1896 -32768 END
START 840 1388 -7688 -4653 -2153 -32768 END
START -176 1420 -6608 -5848 -2482 -32768 END
START -900 1356 -6072 -6940 -2605 -32768 END
START -1976 1128 -4744 -7709 -2899 -32768 END
START -2660 1048 -4084 -8415 -3100 -32185 END
START -3088 1028 -3764 -8972 -3161 -31479 END
START -3604 976 -3268 -9425 -3134 -30747 END
START -3824 968 -2952 -9861 -3071 -29972 END
START -4176 844 -2716 -10325 -2883 -29278 END
START -4764 944 -2312 -10715 -2720 -28542 END
START -4828 1308 -1976 -11087 -2593 -27781 END
START -5388 1152 -1968 -11564 -2240 -27076 END
START -5768 1052 -1224 -11714 -2264 -26294 END
START -6040 592 -2952 -12291 -1081 -25501 END
START -7988 200 -1356 -12287 -495 -24472 END
START -8504 524 -1424 -12572 -404 -23424 END
START -8704 964 -2256 -13141 -14 -22344 END
START -8936 1304 -2352 -13764 22 -21241 END
START -9324 1404 -2372 -14450 183 -20168 END
START -9640 1404 -2248 -14958 174 -19040 END
START -9960 1360 -2348 -15513 211 -17882 END
START -10508 1280 -2004 -16009 80 -16752 END
START -10968 1352 -1604 -16458 -189 -15519 END
START -11396 1376 -1456 -16869 -556 -14213 END
START -11584 1440 -1256 -17207 -1000 -12867 END
START -11472 1540 -1236 -17546 -1456 -11548 END
START -11204 1796 -1212 -17979 -1847 -10367 END
START -10576 1708 -1536 -18461 -2208 -9246 END
START -10340 1584 -1364 -19024 -2454 -8257 END
START -9992 1552 -1516 -19612 -2731 -7288 END
START -9852 1384 -1416 -20270 -2971 -6399 END
START -9640 1212 -1524 -20961 -3147 -5463 END
START -9372 884 -1856 -21724 -3191 -4472 END
START -8788 648 -1920 -22515 -3079 -3504 END
START -7968 516 -1888 -23420 -2792 -2629 END
START -6904 248 -1724 -24339 -2414 -1906 END
START -5952 32 -1452 -25249 -1909 -1284 END
START -5080 -160 -1020 -26227 -1336 -909 END
START -4068 -424 -644 -27138 -645 -606 END
START -3108 -788 164 -27973 106 -527 END
START -2268 -1104 1108 -28721 879 -512 END
START -1872 -1332 1792 -29328 1659 -582 END
START -1884 -1392 2872 -29861 2334 -686 END
START -2248 -1244 4208 -30265 2807 -791 END
START -2824 -1176 5176 -30526 3052 -801 END
START -3356 -1224 6096 -30667 3117 -731 END
START -3740 -1364 6772 -30684 3129 -630 END
START -3936 -1432 7404 -30712 3005 -430 END
START -4352 -1520 8064 -30721 2731 -225 END
START -4692 -1480 8760 -30723 2380 -30 END
START -4864 -1212 9492 -30765 1991 183 END
START -5272 -1128 10020 -30804 1568 474 END
START -5332 -1196 10660 -30753 1107 807 END
START -5388 -1268 11108 -30686 793 1160 END
START -5344 -1340 11364 -30521 550 1565 END
START -4844 -1580 11800 -30412 530 1928 END
START -4592 -1732 12052 -30296 638 2270 END
START -4312 -1772 12348 -30213 905 2581 END
START -3924 -1904 12696 -30190 1261 2827 END
START -3808 -1832 12828 -30180 1810 2999 END
START -3576 -1976 13488 -30224 2250 3128 END
START -3700 -1868 13640 -30247 2760 3266 END
START -4252 -1860 14504 -30356 3234 3491 END
START -4556 -1724 15096 -30474 3567 3768 END
START -4936 -1464 15572 -30630 3899 4101 END
START -5236 -1336 16076 -30845 4267 4565 END
START -5592 -1336 16976 -31110 4539 5059 END
START -5520 -1432 17992 -31276 4812 5569 END
START -5356 -1416 19008 -31393 5076 6112 END
START -4936 -1404 20188 -31422 5419 6612 END
START -4192 -1096 21176 -31368 5870 7056 END
START -3392 -1100 22520 -31234 6375 7388 END
START -2704 -856 23448 -30959 7076 7623 END
START -1880 -624 24612 -30640 7760 7702 END
START -1196 -480 25920 -30214 8468 7670 END
START -808 -348 27252 -29665 9051 7564 END
START -348 -284 28116 -29136 9549 7408 END
START -308 -308 29036 -28488 9926 7230 END
START -404 -192 29736 -27873 10061 7044 END
START -504 -168 30740 -27230 9961 6875 END
START -512 -48 31188 -26541 9715 6711 END
START -444 120 31796 -25867 9188 6548 END
START -424 244 32396 -25218 8611 6348 END
START -168 332 32767 -24533 7960 6147 END
START 56 524 32767 -23924 7379 5888 END
START 268 676 32767 -23273 6763 5606 END
START 648 900 32767 -22632 6255 5284 END
START 1012 928 32767 -21865 5776 4913 END
START 1168 892 32767 -21061 5447 4587 END
START 1352 944 32767 -20177 5170 4258 END
START 1692 1104 32767 -19131 4938 3950 END
START 1812 1208 32767 -18173 4799 3698 END
START 2056 1280 32767 -17110 4733 3411 END
START 2264 1488 32767 -15911 4734 3142 END
START 2644 1480 32767 -14580 4761 2880 END
START 2916 1536 32767 -13599 4895 2551 END
START 3184 1644 32767 -12258 4960 2267 END
START 3144 1752 32767 -10931 4989 1959 END
START 3172 1872 32767 -9632 4966 1581 END
START 3032 2172 32767 -8424 4888 1260 END
START 2936 2288 32767 -7177 4743 918 END
START 2856 2472 32767 -6135 4543 706 END
START 2664 2580 32767 -5105 4292 404 END
START 2528 2780 32767 -4226 4083 200 END
START 2336 3064 32767 -3348 3859 -27 END
START 2344 3068 32767 -2642 3668 -216 END
START 2216 3256 32767 -1936 3617 -406 END
START 2380 3080 32767 -1241 3600 -594 END
START 2592 3236 32767 -640 3610 -791 END
START 2936 3384 32767 -153 3770 -980 END
START 3208 3528 32767 275 3952 -1203 END
START 3760 3920 32767 660 4283 -1469 END
START 3968 3936 32767 945 4648 -1805 END
START 4124 4032 32767 1232 4905 -2138 END
START 4104 3992 32767 1542 5159 -2596 END
START 4168 4100 32767 1855 5285 -3001 END
START 4112 4100 32767 2259 5344 -3409 END
START 3920 4072 32767 2705 5334 -3860 END
START 3572 4052 32767 3156 5270 -4253 END
START 3336 4000 32767 3670 5146 -4666 END
START 2916 4020 32676 4128 5041 -5002 END
START 2540 3904 32348 4614 4902 -5324 END
START 2180 3880 32112 5027 4681 -5665 END
START 1752 3932 31612 5468 4492 -5882 END
START 1432 3804 31296 5810 4246 -6180 END
START 1176 3732 31060 6195 4021 -6432 END
START 760 3512 30756 6536 3774 -6654 END
START 300 3264 30544 6952 3539 -6892 END
START -92 3140 30320 7339 3320 -7063 END
START -532 2968 30092 7807 3162 -7192 END
START -820 2956 29804 8218 3036 -7282 END
START -1380 2632 29268 8670 2944 -7317 END
START -1920 2664 28920 9133 2922 -7286 END
START -2568 2280 28396 9547 2926 -7187 END
START -3084 2232 28020 9923 2908 -7024 END
START -3724 1952 27308 10349 2917 -6770 END
START -4424 1772 26792 10638 2837 -6464 END
START -4956 1712 26284 10963 2753 -6082 END
START -5520 1584 25784 11194 2599 -5645 END
START -6164 1388 25428 11425 2385 -5197 END
START -6648 1268 24796 11692 2107 -4689 END
START -7076 1116 24392 11892 1805 -4133 END
START -7416 1000 23976 12095 1510 -3618 END
START -7708 1068 23636 12243 1231 -3052 END
START -7904 952 23068 12402 991 -2535 END
START -8000 732 22692 12504 844 -2011 END
START -8092 804 22248 12597 770 -1565 END
START -8040 536 22072 12620 774 -1102 END
START -8104 336 21752 12640 774 -661 END
START -8304 176 21324 12666 828 -239 END
START -8584 -132 21304 12670 867 186 END
START -8876 -248 21304 12717 868 631 END
START -9256 -504 21356 12831 860 1144 END
START -9400 -576 21344 12967 804 1608 END
START -9636 -844 21364 13158 725 2123 END
START -10052 -1048 21324 13430 594 2676 END
START -10388 -1420 21432 13776 425 3261 END
START -10620 -1536 21364 14120 263 3899 END
START -10968 -1848 21312 14472 58 4537 END
START -11280 -2024 21160 14884 -103 5213 END
START -11452 -2260 20864 15238 -320 5937 END
START -11724 -2292 20624 15620 -513 6654 END
START -11900 -2432 20596 15949 -740 7393 END
START -12232 -2688 20300 16354 -954 8163 END
START -12488 -2732 20200 16725 -1193 8954 END
START -12920 -3008 20152 17166 -1459 9833 END
START -13132 -3228 20048 17663 -1740 10733 END
START -13344 -3392 19936 18197 -1966 11739 END
START -13320 -3612 19712 18790 -2221 12653 END
START -13404 -3692 19428 19395 -2373 13770 END
START -13460 -3804 19344 20026 -2539 14866 END
START -13212 -3960 19068 20660 -2704 15896 END
START -13184 -4180 18740 21243 -2868 16969 END
START -12968 -4172 18424 21864 -3060 18043 END
START -12788 -4340 17892 22452 -3215 19078 END
START -12504 -4464 17448 23031 -3342 20073 END
START -12044 -4708 16748 23603 -3493 21094 END
START -11688 -4868 16036 24162 -3598 22097 END
START -11208 -4876 15396 24652 -3716 23032 END
START -10628 -4900 14500 25046 -3814 23976 END
START -10044 -4992 13816 25439 -3815 24854 END
START -9432 -4908 13072 25703 -3829 25688 END
START -8856 -4796 12292 25913 -3766 26401 END
START -8056 -4700 11408 26003 -3730 27078 END
START -7296 -4820 10704 26053 -3598 27661 END
START -6368 -4700 9776 26013 -3393 28136 END
START -5476 -4592 8652 25910 -3189 28554 END
START -4448 -4564 8016 25685 -2996 28815 END
START -3452 -4364 7448 25384 -2841 28985 END
START -2596 -4180 6680 25023 -2727 29041 END
START -1444 -4148 6108 24665 -2702 29027 END
START -428 -3980 5344 24279 -2779 28893 END
START 420 -3716 4592 23887 -2872 28635 END
START 1436 -3552 3816 23462 -2946 28310 END
START 2188 -3328 2928 23014 -3003 27931 END
START 3008 -3012 1880 22548 -3136 27551 END
START 3564 -2628 924 21996 -3429 27116 END
START 4308 -2204 80 21393 -3849 26624 END
START 5092 -1788 -1160 20679 -4309 26007 END
START 5720 -1276 -2560 19797 -4666 25330 END
START 6124 -948 -3384 18763 -5150 24661 END
START 6388 -612 -4404 17576 -5643 23995 END
START 6720 -24 -5240 16225 -6069 23305 END
START 6760 292 -6288 14704 -6204 22712 END
START 6156 556 -6776 13256 -6248 22215 END
START 6548 1064 -7020 11681 -6250 21916 END
START 6544 1332 -7152 10143 -6152 21658 END
START 6900 1300 -7436 8532 -5884 21472 END
START 7616 1260 -7512 7085 -5606 21336 END
START 8292 1240 -7388 5679 -5180 21160 END
START 8756 1336 -7168 4410 -4707 20887 END
START 9336 1532 -7088 3211 -4131 20586 END
START 9716 1952 -6724 2051 -3499 20236 END
START 10216 2268 -7304 799 -2775 19792 END
START 10548 2424 -7240 -358 -2055 19359 END
START 10588 2344 -7152 -1646 -1227 18922 END
START 10676 2240 -6960 -2976 -377 18441 END
START 10344 2328 -6716 -4391 426 18076 END
START 10180 2304 -6460 -5797 1170 17855 END
START 9876 2256 -5768 -7087 1840 17729 END
START 9424 2056 -5136 -8314 2542 17699 END
START 9468 1928 -4616 -9378 3171 17716 END
START 9552 1716 -3936 -10266 3881 17754 END
START 9540 1576 -3040 -11092 4519 17799 END
START 9496 1584 -2248 -11843 5088 17900 END
START 9392 1412 -1368 -12388 5555 18033 END
START 9600 1420 -560 -12923 5930 18091 END
START 9912 1196 260 -13378 6142 18200 END
START 10580 1068 976 -13763 6344 18275 END
START 11164 988 1792 -14091 6443 18256 END
START 11884 772 2488 -14431 6540 18204 END
START 12540 784 3176 -14250 6497 18050 END
START 13092 588 3792 -14636 6417 17818 END
START 13664 344 4236 -14547 6237 17655 END
START 14168 252 4412 -14265 5932 17377 END
START 14860 520 4376 -14344 5635 17062 END
START 15656 736 4512 -14219 5309 16650 END
START 16456 944 4248 -14182 4956 16118 END
START 17332 972 4220 -14730 4645 15544 END
START 18216 1080 4192 -14782 4364 14879 END
START 19168 1272 4240 -15325 4098 14125 END
START 19892 1288 4568 -15750 3895 13348 END
START 20832 1248 5120 -16214 3747 12400 END
START 21652 1180 5508 -16592 3673 11579 END
START 22612 1152 6092 -16936 3695 10557 END
START 23668 1244 6744 -17243 3782 9447 END
START 24268 1416 7276 -17540 3979 8301 END
START 25068 1412 8220 -17744 4115 7205 END
START 25656 1412 9048 -17972 4300 5950 END
START 26204 1600 9892 -18064 4537 4638 END
START 26300 1424 10612 -18053 4756 3381 END
START 26424 1212 11464 -18016 4994 2137 END
START 26396 992 12232 -17925 5153 904 END
START 25952 892 12844 -17785 5226 -126 END
START 25700 952 13348 -17659 5265 -1092 END
START 25568 988 13648 -17560 5372 -1973 END
START 25392 1256 14128 -17544 5458 -2802 END
START 25540 1288 14340 -17591 5627 -3648 END
START 25740 1468 14900 -17629 5905 -4530 END
START 25780 1572 15532 -17674 6154 -5453 END
START 26060 1480 16304 -17681 6493 -6394 END
START 26440 1420 17016 -17596 6900 -7401 END
START 26992 1344 17904 -17512 7308 -8383 END
START 27608 1372 18640 -17257 7753 -9506 END
START 28636 1316 19408 -16986 8218 -10720 END
START 29700 1484 20324 -16563 8747 -12074 END
START 30896 1608 20952 -16092 9190 -13710 END
START 31824 1596 21196 -15581 9631 -15568 END
START 32448 1428 21756 -15017 10001 -17528 END
START 32767 1280 22088 -14361 10249 -19698 END
START 32472 1092 22396 -14333 10276 -21910 END
START 31836 828 22988 -13640 10059 -24079 END
START 30920 436 23188 -13185 9720 -26186 END
START 30132 260 23236 -12657 9460 -28067 END
START 29212 -60 23288 -12161 9249 -29923 END
START 28424 -356 23312 -11714 9131 -31631 END
START 27408 -720 23332 -11215 9039 -32768 END
START 26308 -964 23736 -10746 8984 -32768 END
START 25172 -1260 23676 -10265 8882 -32768 END
START 23776 -1664 23700 -9824 8871 -32768 END
START 22412 -2032 23584 -9397 8846 -32768 END
START 20988 -2476 23100 -9019 8880 -32768 END
START 19304 -2948 23136 -8682 8894 -32768 END
START 18304 -3256 22996 -8368 8897 -32768 END
START 17844 -3408 22840 -8135 8981 -32768 END
START 17512 -3624 22880 -7889 9165 -32768 END
START 16972 -3932 23068 -7682 9361 -32768 END
START 16328 -4176 23172 -7406 9563 -32768 END
START 15200 -4520 23268 -7060 9712 -32768 END
START 14312 -4972 23324 -6694 9852 -32768 END
START 12852 -5548 23316 -6288 9933 -32768 END
START 11832 -6140 23044 -5873 10044 -32768 END
START 10732 -6708 22900 -5440 10189 -32768 END
START 9304 -7084 22660 -5051 10286 -32768 END
START 7884 -7632 22476 -4711 10338 -32768 END
START 6092 -8044 22312 -4292 10326 -32768 END
START 4088 -8260 22316 -3928 10164 -32768 END
START 2236 -8428 22124 -3591 9878 -32768 END
START 404 -8596 21880 -3214 9443 -32768 END
START -1196 -8776 21540 -2883 8913 -32768 END
START -2680 -8792 20932 -2592 8383 -32768 END
START -4608 -9004 20616 -2395 7741 -32768 END
START -5980 -8988 20380 -2278 7148 -32768 END
START -7352 -8888 20244 -2168 6493 -32768 END
START -8916 -8972 20444 -2063 5684 -32768 END
START -10384 -8924 20400 -1925 4653 -32768 END
START -11776 -9024 20384 -1737 3762 -32768 END
START -13488 -8816 20976 -1435 2693 -32768 END
START -14596 -8612 20800 -1156 1844 -32768 END
START -15796 -8220 20780 -834 1106 -32768 END
START -17032 -8048 20704 -551 581 -32768 END
START -18004 -7844 20560 -347 188 -32768 END
START -19092 -7576 20280 -156 208 -32768 END
START -20388 -7432 20544 227 361 -32768 END
START -21660 -7036 20540 571 526 -31693 END
START -22280 -6660 20332 953 700 -29817 END
START -23068 -6388 19876 1318 967 -27884 END
START -24212 -5996 19648 1602 1524 -25958 END
START -25360 -5728 20044 2103 1837 -23772 END
START -25808 -5312 19588 2434 1737 -21689 END
START -25612 -4724 19056 2695 1554 -19658 END
START -25920 -4468 18912 2963 1334 -17607 END
START -25748 -3984 18352 3320 1152 -15660 END
START -25728 -3988 17552 3555 1174 -13673 END
START -25756 -3932 16920 3790 1434 -11720 END
START -25592 -3780 16832 3974 1278 -9749 END
START -25212 -3480 16240 3918 864 -7930 END
START -24484 -3060 15444 3748 339 -6219 END
START -23372 -2788 14452 3411 29 -4608 END
START -22372 -2632 14144 3111 -428 -3182 END
START -21796 -2508 13628 2803 -897 -1726 END
START -20964 -2284 13264 2385 -1222 -375 END
START -19788 -2328 12816 1927 -1428 877 END
START -18532 -2060 12892 1396 -1645 1990 END
START -16912 -2024 12784 824 -1632 2969 END
START -15480 -1944 12640 262 -1428 3795 END
START -14048 -1896 12952 -393 -1095 4527 END