START 10896 8012 1304 -4529 -395 8052 END
START 14840 1140 -13604 -2939 -281 8233 END
START 10172 8944 1416 -5138 978 8670 END
START 9752 7956 2404 -4358 947 8765 END
START 10488 8252 968 -4851 781 8967 END
START 10552 8884 1204 -5100 666 9318 END
START 10324 8648 1940 -5446 703 9655 END
START 10420 8468 2540 -5750 847 10083 END
START 11288 8088 2872 -6012 1212 10457 END
START 12052 7944 3272 -6151 1549 10908 END
START 12180 7872 4308 -6198 1751 11346 END
START 12964 8096 5048 -6154 1721 11631 END
START 13868 8324 5836 -6007 1703 11870 END
START 14692 8364 7008 -5729 1749 12051 END
START 15344 8244 8232 -5348 1578 12095 END
START 16072 8048 9376 -4778 1331 12006 END
START 16644 7744 10124 -4105 803 11936 END
START 17328 7708 10844 -3328 185 11926 END
START 17940 7528 11416 -2486 -544 11800 END
START 18576 7572 11612 -1600 -1244 11729 END
START 19844 7524 11280 -726 -1854 11513 END
START 20880 7704 10784 1 -2266 11224 END
START 21964 7728 10376 614 -2592 10815 END
START 23100 7792 9996 1041 -2805 10342 END
START 25064 8300 8376 1298 -2620 9695 END
START 26084 8452 8048 1185 -2638 8838 END
START 26876 8816 7824 1013 -2784 7913 END
START 27880 9144 7508 616 -3003 6761 END
START 28832 9424 7112 188 -3119 5579 END
START 30544 8712 6644 -338 -2998 4258 END
START 32072 8000 7148 -976 -3000 2838 END
START 32376 8008 7600 -1437 -2950 1360 END
START 32767 8088 8176 -1975 -3009 -278 END
START 32767 8416 8672 -2412 -3050 -1903 END
START 32767 8680 9332 -2688 -3083 -3534 END
START 32767 8712 10136 -2871 -3108 -5059 END
START 32767 8388 10940 -2930 -3190 -6610 END
START 32767 8048 11636 -2918 -3319 -8126 END
START 32767 7748 12144 -2782 -3428 -9587 END
START 32248 7404 12676 -2556 -3585 -10982 END
START 31504 7244 13168 -2258 -3666 -12301 END
START 30600 7172 13692 -1916 -3755 -13436 END
START 29572 7108 14044 -1501 -3845 -14419 END
START 28616 6824 14436 -1059 -3913 -15246 END
START 27740 6708 14532 -534 -3859 -15966 END
START 27088 6524 14640 28 -3723 -16592 END
START 26480 6276 14576 646 -3529 -17123 END
START 25980 6032 14372 1257 -3264 -17665 END
START 25560 5972 13996 1888 -2901 -18121 END
START 25220 5892 13676 2494 -2514 -18682 END
START 24992 6120 13564 3021 -2211 -19253 END
START 24892 6256 13028 3438 -1909 -19911 END
START 24892 6148 12880 3833 -1618 -20632 END
START 24660 6188 12648 4229 -1348 -21487 END
START 24572 6004 12596 4620 -1172 -22354 END
START 24380 5784 12548 5111 -1053 -23318 END
START 24076 5568 12392 5630 -997 -24332 END
START 23844 5372 12256 6204 -1030 -25335 END
START 23272 5176 12112 6914 -1135 -26459 END
START 22788 4872 11840 7572 -1307 -27487 END
START 22244 4536 11312 8275 -1548 -28558 END
START 21428 4144 10836 8968 -1887 -29610 END
START 20500 3972 10028 9599 -2310 -30589 END
START 19428 3656 9212 10166 -2775 -31452 END
START 18332 3100 8288 10774 -3313 -32257 END
START 17260 2828 7036 11269 -3959 -32768 END
START 16088 2280 5904 11689 -4629 -32768 END
START 14812 1924 4164 12033 -5398 -32768 END
START 13592 1632 2488 12192 -6184 -32768 END
START 12556 1668 548 12100 -6964 -32768 END
START 11400 1828 -880 11765 -7847 -32768 END
START 10508 2080 -2476 11044 -8734 -32768 END
START 9640 2232 -3608 10123 -9564 -32768 END
START 8900 2328 -4772 9005 -10301 -32768 END
START 7936 2100 -5704 7802 -10913 -32768 END
START 6964 1848 -6780 6530 -11520 -32768 END
START 6092 1468 -7860 5316 -11911 -32694 END
START 4904 2344 -8368 3838 -12261 -32088 END
START 4428 2088 -9160 2357 -12433 -31471 END
START 4332 2072 -9936 800 -12296 -30879 END
START 4296 1912 -10288 -827 -11730 -30279 END
START 4008 1820 -10476 -2467 -10964 -29789 END
START 3992 1888 -10572 -4132 -9965 -29310 END
START 3844 1772 -10448 -5797 -8698 -28916 END
START 3800 1232 -10208 -7371 -7199 -28494 END
START 3324 484 -9700 -8676 -5669 -28144 END
START 2716 88 -9080 -9887 -4144 -27748 END
START 2176 72 -8760 -10836 -2744 -27325 END
START 1428 4 -8420 -11794 -1327 -26845 END
START 628 52 -8068 -12540 -153 -26312 END
START -476 140 -7848 -13340 838 -25753 END
START -1164 -140 -7608 -14061 1660 -25100 END
START -1976 -184 -7668 -14990 2300 -24505 END
START -2756 -240 -7308 -15546 2706 -23834 END
START -3212 -288 -7040 -16374 3029 -23203 END
START -3852 -280 -6788 -17152 3260 -22550 END
START -4328 -424 -6612 -17837 3312 -21848 END
START -4816 -680 -6252 -18419 3239 -21152 END
START -5280 -860 -6112 -18975 3041 -20487 END
START -5712 -1148 -5864 -19397 2806 -19799 END
START -5964 -1224 -5808 -19867 2492 -19109 END
START -5916 -1144 -5840 -20275 2096 -18535 END
START -6196 -1480 -6264 -20887 2030 -18045 END
START -6752 -1584 -5892 -21395 1831 -17492 END
START -7244 -1492 -5400 -21944 1287 -16956 END
START -7660 -1268 -5748 -22723 1087 -16386 END
START -7800 -1368 -5688 -23476 877 -15835 END
START -7928 -1272 -5484 -24201 787 -15241 END
START -8252 -1568 -4924 -24990 866 -14628 END
START -8624 -1456 -4404 -25654 914 -13991 END
START -8940 -1644 -3656 -26262 986 -13312 END
START -9232 -1692 -3196 -26769 1044 -12621 END
START -9408 -1664 -2560 -27117 1281 -11829 END
START -9568 -1624 -1892 -27320 1523 -10974 END
START -9652 -1536 -1428 -27448 1713 -10152 END
START -9808 -1732 -996 -27480 1898 -9287 END
START -9740 -1904 -504 -27447 1866 -8425 END
START -9556 -1976 -224 -27434 1890 -7476 END
START -9520 -1808 88 -27355 1799 -6604 END
START -9328 -1736 -132 -27263 1800 -5732 END
START -9168 -1676 -52 -27239 1711 -4884 END
START -8724 -1696 -56 -27320 1495 -4073 END
START -8280 -1800 -152 -27509 1251 -3312 END
START -7776 -1688 208 -27782 998 -2740 END
START -7316 -1472 -16 -28160 777 -2212 END
START -6800 -1324 -36 -28678 779 -1758 END
START -6300 -1052 484 -29190 850 -1332 END
START -5988 -1164 632 -29689 1128 -905 END
START -5608 -1208 1148 -30257 1502 -461 END
START -5456 -1324 1484 -30708 2041 -4 END
START -5360 -1352 2020 -31130 2565 475 END
START -5424 -1284 2468 -31517 3158 966 END
START -5464 -1176 3092 -31839 3589 1492 END
START -5276 -884 3624 -32191 4124 1983 END
START -5256 -688 3924 -32457 4608 2439 END
START -4876 -552 4452 -32768 5097 2857 END
START -4884 -632 4952 -32768 5513 3315 END
START -4600 -720 5468 -32768 5958 3713 END
START -4028 -916 5688 -32768 6440 4112 END
START -3636 -960 6256 -32768 7004 4488 END
START -3128 -1056 6644 -32768 7551 4795 END
START -2832 -968 7528 -32768 8079 4978 END
START -2440 -800 8120 -32768 8553 5114 END
START -2240 -588 9032 -32768 8996 5166 END
START -2228 -524 10272 -32768 9388 5150 END
START -2144 -584 11280 -32768 9627 5151 END
START -2200 -484 12484 -32768 9798 5194 END
START -2520 -584 13432 -32768 10000 5228 END
START -2064 -220 14264 -32768 10380 5306 END
START -2144 -324 15116 -32768 10834 5359 END
START -2280 -224 16060 -32768 11380 5430 END
START -2640 -60 17068 -32768 11896 5531 END
START -3224 -20 18184 -32768 12272 5651 END
START -3784 220 19344 -32768 12641 5846 END
START -4272 508 20052 -32768 12775 6093 END
START -4812 592 21204 -32768 12903 6418 END
START -5016 740 22260 -32768 12784 6691 END
START -5036 768 23272 -32768 12988 7015 END
START -4692 784 24076 -32768 13181 7263 END
START -4324 876 25296 -32768 13383 7492 END
START -4136 884 26220 -32768 14309 7676 END
START -3760 800 27384 -32768 14872 7831 END
START -3808 876 28660 -32768 15430 7997 END
START -3748 736 29772 -32640 15833 8112 END
START -3820 808 30844 -31936 15990 8209 END
START -4104 880 31964 -31138 15877 8356 END
START -4192 800 32767 -30348 15473 8516 END
START -3896 952 32767 -29460 14956 8630 END
START -3340 1092 32767 -28654 14367 8732 END
START -2808 1156 32767 -27761 13669 8763 END
START -1924 1300 32767 -26768 12918 8695 END
START -1128 1436 32767 -25778 12841 8525 END
START -420 1624 32767 -24741 12067 8264 END
START 204 1796 32767 -23655 11500 7919 END
START 844 1852 32767 -22483 10852 7511 END
START 1344 1904 32767 -21283 10212 7033 END
START 1844 1824 32767 -20004 9550 6515 END
START 1924 1844 32767 -18751 8824 5939 END
START 2128 1772 32767 -17558 8064 5388 END
START 2112 2008 32767 -16437 7204 4781 END
START 2252 2304 32767 -15476 6359 4217 END
START 2400 2544 32767 -14459 5609 3624 END
START 2360 2792 32767 -13966 4875 3074 END
START 2560 3096 32767 -13132 4217 2531 END
START 2488 3248 32767 -12398 3639 2041 END
START 2528 3468 32767 -11683 3107 1557 END
START 2428 3464 32767 -10884 2687 1103 END
START 2268 3444 32767 -10040 2259 677 END
START 1840 3384 32767 -9188 1796 319 END
START 1428 3392 32767 -8338 1426 106 END
START 996 3568 32767 -7516 1139 -92 END
START 768 3916 32767 -6771 972 -222 END
START 736 4308 32767 -6140 1002 -359 END
START 660 4392 32767 -5586 1132 -378 END
START 704 4424 32767 -5068 1330 -420 END
START 824 4460 32767 -4576 1585 -419 END
START 912 4392 32767 -4035 1882 -464 END
START 1044 4224 32767 -3480 2159 -560 END
START 1264 4228 32767 -2891 2396 -703 END
START 1348 4180 32767 -2333 2608 -830 END
START 1384 4076 32767 -1762 2745 -1004 END
START 1144 4036 32767 -1190 2842 -1205 END
START 1224 3952 32767 -603 2865 -1367 END
START 1156 3908 32767 38 2841 -1612 END
START 1412 3808 32767 623 2773 -1803 END
START 1416 3648 32767 1214 2678 -2081 END
START 1508 3440 32767 1801 2512 -2352 END
START 1636 3364 32767 2466 2298 -2708 END
START 1576 3184 32767 3038 2158 -3111 END
START 1748 3164 32767 3687 2057 -3595 END
START 1748 3044 32767 4288 2064 -4034 END
START 1720 2792 32767 4972 2194 -4547 END
START 1540 2484 32767 5679 2448 -5056 END
START 1208 2124 32767 6470 2752 -5507 END
START 704 2048 32767 7347 3172 -5858 END
START 124 1652 32767 8207 3612 -6147 END
START -968 1108 32767 9162 3862 -6295 END
START -2336 600 32767 10298 3843 -6255 END
START -3704 152 32767 11409 3544 -5996 END
START -4828 72 32767 12446 3029 -5587 END
START -5680 84 32064 13383 2408 -5076 END
START -6472 268 30640 14037 1759 -4585 END
START -6968 340 29460 14621 1015 -3953 END
START -7340 376 28300 15015 272 -3385 END
START -7592 292 27252 15258 -341 -2814 END
START -7568 264 26656 15464 -818 -2297 END
START -7480 432 25996 15619 -1086 -1758 END
START -7272 504 25284 15739 -1229 -1267 END
START -7304 304 24688 15888 -1121 -819 END
START -7264 300 24492 16024 -982 -388 END
START -7280 160 24136 16238 -784 2 END
START -7472 24 23964 16450 -556 401 END
START -7916 -28 23756 16718 -394 807 END
START -8368 -108 23460 17051 -340 1260 END
START -8704 -292 23176 17405 -331 1740 END
START -9044 -160 22716 17789 -400 2308 END
START -9468 -264 22312 18129 -523 2856 END
START -9600 -348 21940 18477 -658 3452 END
START -9684 -500 21420 18844 -728 4082 END
START -9700 -608 20872 19164 -735 4735 END
START -9812 -720 20272 19431 -659 5296 END
START -9748 -836 19512 19691 -528 5915 END
START -9688 -1060 18964 19850 -341 6504 END
START -9756 -1024 18624 20008 -152 7119 END
START -9824 -1120 18096 20080 79 7721 END
START -9928 -1024 17520 20139 320 8331 END
START -10024 -1220 16972 20183 532 8922 END
START -10176 -1252 16496 20237 763 9560 END
START -10276 -1436 16316 20284 994 10243 END
START -10316 -1536 15992 20348 1137 10957 END
START -10520 -1528 15724 20406 1240 11779 END
START -10836 -1704 15340 20477 1324 12619 END
START -10772 -1812 15192 20648 1316 13213 END
START -10880 -1940 14908 20790 1207 14173 END
START -10944 -2156 14448 21006 1144 15039 END
START -11008 -2180 14164 21166 1016 15961 END
START -11160 -2424 13816 21389 830 16899 END
START -11416 -2840 13408 21736 419 17849 END
START -11696 -3068 12744 22090 -169 18935 END
START -11876 -3284 11600 22462 -959 20154 END
START -11732 -3412 10552 22696 -1758 21289 END
START -11468 -3236 9180 22772 -2585 22475 END
START -11020 -3100 7992 22611 -3328 23517 END
START -10508 -2884 7016 22248 -3965 24518 END
START -10056 -2736 5756 21693 -4330 25449 END
START -9380 -2504 5104 21013 -4593 26299 END
START -8900 -2364 4684 20287 -4602 27139 END
START -8232 -2580 4040 19508 -4554 27899 END
START -7760 -2816 3648 18774 -4326 28708 END
START -7352 -2968 3424 18085 -4119 29444 END
START -6964 -3084 3284 17559 -3907 30222 END
START -6404 -3240 3144 17041 -3651 30974 END
START -5688 -3204 3008 16587 -3308 31740 END
START -4872 -3364 2644 16164 -2889 32432 END
START -3728 -3344 2248 15673 -2425 32767 END
START -2404 -3328 2100 15128 -1837 32767 END
START -912 -3348 1728 14572 -1241 32767 END
START 552 -3380 1656 13954 -643 32767 END
START 2020 -3284 1528 13351 -11 32767 END
START 3212 -3216 1516 12828 456 32767 END
START 4556 -3184 1388 12345 869 32767 END
START 5492 -3024 1368 11856 1129 32767 END
START 6660 -2740 1016 11392 1409 32767 END
START 7480 -2544 528 10960 1565 32624 END
START 8088 -2296 104 10457 1654 32023 END
START 8532 -2168 -212 9924 1561 31406 END
START 8832 -1964 -844 9402 1353 30794 END
START 9004 -2000 -1616 8809 1007 30218 END
START 9376 -1956 -2068 8205 591 29662 END
START 9356 -1772 -2744 7528 59 29121 END
START 9572 -1476 -3192 6752 -534 28663 END
START 9888 -1252 -3724 5959 -1171 28239 END
START 10452 -952 -4244 5007 -1841 27780 END
START 11604 -480 -4228 3990 -2426 27300 END
START 12828 -84 -4372 2941 -2944 26708 END
START 14248 228 -4236 1862 -3284 26047 END
START 15696 412 -4084 881 -3501 25244 END
START 16524 496 -3800 -26 -3671 24284 END
START 17632 784 -3248 -926 -3772 23171 END
START 18584 764 -2640 -1605 -3850 22004 END
START 19000 960 -2192 -2264 -3940 20737 END
START 19268 1172 -1664 -2771 -4091 19532 END
START 19372 1308 -1484 -3272 -4171 18356 END
START 19280 1528 -1144 -3664 -4135 17290 END
START 19004 1688 -1376 -4134 -3969 16348 END
START 18768 1780 -1532 -4616 -3710 15443 END
START 18204 1856 -1472 -5104 -3457 14782 END
START 17688 1808 -1500 -5616 -3174 14234 END
START 17200 1704 -1844 -6161 -2844 13900 END
START 16996 1704 -1996 -6812 -2423 13600 END
START 16824 1808 -2264 -7537 -1942 13338 END
START 16656 1828 -1892 -8293 -1452 13157 END
START 16540 1728 -1908 -9050 -877 12947 END
START 16584 1628 -1788 -9855 -241 12792 END
START 16932 1532 -1596 -10555 581 12645 END
START 17356 1428 -1244 -11254 1593 12634 END
START 17920 1296 -728 -11920 2818 12643 END
START 18344 1204 -196 -12560 3986 12591 END
START 18824 1120 676 -13123 5122 12467 END
START 18888 1040 1092 -13530 6022 12114 END
START 19068 1224 1816 -13973 6756 11849 END
START 19352 1468 2292 -14527 7261 11504 END
START 19716 1424 3088 -14893 7636 11000 END
START 20164 1528 3772 -14918 7795 10425 END
START 20660 1560 4644 -15569 7893 9728 END
START 21244 1584 5688 -15823 7913 8925 END
START 21856 1472 6548 -15953 7852 8060 END
START 22412 1552 7556 -16000 7716 7085 END
START 22568 1364 8732 -15902 7420 6071 END
START 22844 1412 9432 -15674 7054 4991 END
START 23076 1392 10376 -15430 6509 3829 END
START 22968 1488 11128 -15081 5945 2671 END
START 22900 1376 11648 -14429 5274 1483 END
START 22712 1260 11596 -14445 4631 426 END
START 22396 1172 11416 -13810 3986 -577 END
START 22172 1280 11120 -13546 3449 -1503 END
START 21932 1480 10828 -13441 2999 -2371 END
START 22032 1576 10412 -13533 2684 -3253 END
START 22056 1768 10348 -13908 2519 -4175 END
START 22132 1732 10504 -14367 2569 -5103 END
START 22160 1648 10748 -14793 2672 -6065 END
START 21768 1796 11588 -14907 2816 -6929 END
START 21492 1776 12312 -15353 3044 -7750 END
START 21180 1672 13060 -15597 3296 -8469 END
START 21072 1672 14212 -15759 3623 -9182 END
START 21104 1656 15112 -15703 3985 -9877 END
START 20956 1720 16184 -15568 4365 -10564 END
START 20848 1816 17080 -15121 4725 -11296 END
START 20660 1700 18048 -14871 5004 -11984 END
START 20808 1796 18576 -14383 5308 -12763 END
START 20836 1836 18968 -13752 5638 -13562 END
START 20876 1884 19168 -13259 5990 -14369 END
START 20960 1892 19004 -12924 6392 -15225 END
START 20952 1832 18964 -12662 6837 -16132 END
START 20688 1772 18956 -12464 7284 -17068 END
START 20400 1680 18824 -12417 7705 -18075 END
START 19976 1656 19024 -12414 8012 -19053 END
START 19328 1592 19052 -12355 8241 -19948 END
START 18696 1508 19096 -12346 8383 -20913 END
START 18084 1452 19172 -12414 8570 -21795 END
START 17460 1372 19432 -12464 8704 -22659 END
START 16924 1312 19956 -12573 8851 -23499 END
START 16636 1304 20320 -12683 9050 -24398 END
START 16648 1136 20916 -12754 9290 -25291 END
START 16532 908 21624 -12721 9652 -26291 END
START 16316 636 22260 -12588 9955 -27260 END
START 15848 296 22944 -12316 10220 -28324 END
START 15036 156 23648 -11982 10348 -29311 END
START 14108 -252 24212 -11498 10298 -30353 END
START 13296 -700 24676 -10920 10113 -31283 END
START 12528 -944 24792 -10298 9833 -32137 END
START 11768 -1212 24668 -9774 9446 -32768 END
START 11192 -1424 24516 -9206 9115 -32768 END
START 10268 -1612 24240 -8795 8682 -32768 END
START 9428 -1756 24252 -8398 8203 -32768 END
START 8568 -1888 23992 -8028 7616 -32768 END
START 6896 -2308 23720 -7628 6877 -32768 END
START 5724 -2504 23500 -7324 6079 -32768 END
START 4796 -2588 23312 -7018 5253 -32768 END
START 4120 -2528 22884 -6797 4509 -32768 END
START 3448 -2532 22636 -6675 3917 -32768 END
START 3020 -2468 22168 -6600 3504 -32768 END
START 2672 -2316 21968 -6604 3290 -32768 END
START 2492 -2308 21744 -6630 3267 -32768 END
START 2336 -2364 21692 -6674 3378 -32768 END
START 2168 -2536 21744 -6713 3618 -32768 END
START 1780 -2664 21868 -6675 3898 -32768 END
START 1412 -3000 22044 -6579 4208 -32768 END
START 772 -3176 22068 -6448 4422 -32768 END
START -32 -3216 22156 -6318 4552 -32768 END
START -944 -3256 22204 -6171 4510 -32768 END
START -1856 -3280 22360 -6001 4374 -32768 END
START -2748 -3340 22644 -5877 4070 -32768 END
START -3508 -3260 22824 -5668 3755 -32768 END
START -4320 -3476 22804 -5508 3300 -32768 END
START -5292 -3580 23264 -5230 2856 -32768 END
START -6380 -3744 23440 -4911 2162 -32768 END
START -7556 -3988 24132 -4498 1353 -32768 END
START -8864 -4036 24464 -3992 441 -32768 END
START -10224 -4088 25108 -3471 -644 -32768 END
START -11356 -4016 25528 -2780 -1816 -32016 END
START -12576 -3900 25924 -2135 -2895 -31016 END
START -13520 -3804 26120 -1351 -3940 -29870 END
START -14320 -3808 26544 -478 -4766 -28624 END
START -15056 -3616 26532 368 -5532 -27403 END
START -15860 -3816 26536 1249 -6138 -26093 END
START -16348 -3168 26456 2103 -6639 -24691 END
START -16596 -2820 26264 2874 -6944 -23454 END
START -17276 -3400 25388 3602 -7020 -21990 END
START -18348 -3940 24884 4186 -6842 -20306 END
START -19260 -4172 24312 4706 -6711 -18523 END
START -19924 -3868 24080 5347 -6777 -16507 END
START -20484 -3436 23496 5953 -6809 -14435 END