START -6116 6824 -7748 -3675 3811 21427 END
START -2180 272 -19576 -4259 4868 23159 END
START -7828 7196 -4548 -7782 4848 24525 END
START -6592 4480 -6656 -8603 8175 26266 END
START -6456 4900 -5384 -11234 8507 27979 END
START -6616 5572 -2968 -12909 8888 29752 END
START -5340 5824 -2684 -15213 9343 31472 END
START -5336 5408 -512 -17506 9092 32767 END
START -2612 5680 -812 -19585 9615 32767 END
START -3124 5584 3040 -21618 9241 32767 END
START -368 5348 4164 -23443 9337 32767 END
START 340 4600 7356 -24714 9245 32767 END
START 2168 3916 9536 -25588 9384 32767 END
START 3624 3040 12020 -26042 9460 32767 END
START 5476 2124 14512 -25770 9748 32767 END
START 7872 1680 16032 -25056 9999 32767 END
START 9800 1576 18796 -23904 10325 32767 END
START 12524 1848 20892 -22315 10694 32767 END
START 15656 2332 22724 -20452 10878 32767 END
START 18932 2560 24060 -18237 11398 32767 END
START 21168 2024 25400 -15882 11528 32767 END
START 23408 2136 26848 -13301 11188 32767 END
START 24508 2176 28152 -10576 9969 30761 END
START 26060 2640 27516 -8041 8643 28164 END
START 27416 3504 26988 -5713 7006 25525 END
START 28376 4736 26384 -3760 5447 22795 END
START 29576 6052 24652 -2009 3934 19982 END
START 30068 6976 23720 -630 2313 17227 END
START 29748 7316 22480 562 502 14360 END
START 29628 7856 21584 1380 -1243 11649 END
START 29592 7748 19932 2064 -2671 9187 END
START 29396 7424 18904 2387 -4100 6699 END
START 29164 7092 17516 2569 -5223 4483 END
START 28776 7152 16756 2631 -6252 2448 END
START 28216 7184 16132 2561 -7111 516 END
START 27700 7200 15668 2451 -7789 -1243 END
START 26856 7108 16160 2382 -8379 -2934 END
START 26600 7376 15632 2235 -8857 -4458 END
START 26144 7396 16084 2336 -9108 -5854 END
START 25932 7628 16688 2368 -9320 -7227 END
START 25316 7640 17752 2519 -9535 -8529 END
START 25512 7648 18544 2923 -9524 -9826 END
START 25672 7664 18964 3600 -9250 -11094 END
START 26044 7576 19536 4406 -8744 -12445 END
START 27216 7260 19728 5394 -7892 -13958 END
START 28328 7132 19532 6416 -6838 -15491 END
START 29296 6820 18744 7483 -5391 -17249 END
START 30396 6584 18332 8440 -3924 -19081 END
START 31036 6416 17744 9349 -2569 -21152 END
START 31752 6372 17040 10049 -1369 -23309 END
START 32036 6240 16900 10716 -589 -25757 END
START 32124 5932 16764 11275 -18 -28306 END
START 32528 5356 16280 11860 415 -31006 END
START 32748 4992 15940 12537 765 -32768 END
START 32512 4376 15432 13297 996 -32768 END
START 31700 3492 15112 14076 840 -32768 END
START 30480 2200 14616 14892 140 -32768 END
START 29344 2212 13156 15568 -586 -32768 END
START 27928 1132 12136 16339 -1261 -32768 END
START 26024 -200 10760 17074 -1702 -32768 END
START 24460 -1732 9508 17789 -2004 -32768 END
START 22212 -3056 8008 18431 -2361 -32768 END
START 20660 -4608 6320 19103 -2711 -32768 END
START 18688 -6140 4192 19592 -3306 -32768 END
START 16432 -8100 1192 19931 -3227 -32768 END
START 13468 -9648 -2628 20224 -3276 -32768 END
START 10808 -10964 -6784 20223 -3116 -32768 END
START 7828 -12036 -10144 19884 -3233 -32768 END
START 4616 -12748 -13776 18966 -3833 -32768 END
START 1456 -12408 -16864 17385 -4971 -32768 END
START -1728 -11148 -20248 15094 -6343 -32768 END
START -4636 -9612 -22688 11986 -7784 -32768 END
START -6836 -7864 -24612 8090 -9229 -32768 END
START -8336 -6496 -26948 4046 -9894 -32768 END
START -9784 -5492 -28824 -309 -9981 -32768 END
START -11444 -4564 -28996 -4728 -9862 -32768 END
START -12544 -3884 -29924 -9306 -9325 -32768 END
START -14152 -3072 -28608 -14412 -8169 -32768 END
START -15496 -3008 -27260 -19242 -7030 -32768 END
START -16476 -3272 -24912 -23609 -6152 -32768 END
START -16296 -3280 -23208 -27507 -4756 -32768 END
START -16392 -3704 -20656 -30682 -3472 -32379 END
START -15616 -3372 -18624 -32768 -1754 -30479 END
START -14876 -4176 -15964 -32768 -100 -28790 END
START -14132 -4444 -12096 -32768 1153 -27666 END
START -14092 -4576 -10324 -32768 3344 -25834 END
START -14668 -6796 -8824 -32768 4528 -24866 END
START -12896 -6164 -10188 -32768 5740 -23595 END
START -15344 -5284 -6996 -32768 7056 -21964 END
START -14432 -5472 -6984 -32768 7746 -20520 END
START -15628 -7380 -4436 -32768 8195 -19514 END
START -14164 -6912 -5456 -32768 8271 -18217 END
START -14800 -6488 -4268 -32768 7853 -16813 END
START -14020 -6324 -4112 -32768 7490 -15379 END
START -13568 -6748 -3248 -32768 6763 -14141 END
START -12400 -7076 -2412 -32768 6112 -12943 END
START -12260 -6952 -672 -32768 5203 -11755 END
START -11008 -6692 -108 -32768 4511 -10667 END
START -10740 -6796 1944 -32768 3634 -9642 END
START -8756 -6868 1912 -32768 3415 -8769 END
START -8572 -7104 4416 -32768 2732 -8074 END
START -6928 -7184 4664 -32768 2741 -7487 END
START -6824 -7660 7072 -32768 2030 -6972 END
START -5576 -8164 8048 -32768 1891 -6553 END
START -4448 -7480 8656 -32768 1514 -6310 END
START -4248 -6500 10748 -32768 1276 -6051 END
START -3064 -5936 11236 -32768 1353 -5917 END
START -2660 -6348 12892 -32768 1575 -6069 END
START -1492 -5928 13700 -32768 1951 -6219 END
START -1776 -5624 15684 -32768 2455 -6407 END
START -632 -5240 16156 -32768 3326 -6636 END
START -764 -5124 18548 -32768 4261 -6931 END
START -164 -5140 19564 -32768 5394 -7242 END
START -496 -5124 21876 -32768 6347 -7567 END
START -1012 -5160 23712 -32768 7232 -7905 END
START -1764 -5060 25552 -32768 7809 -8192 END
START -2700 -4548 27516 -32768 8178 -8424 END
START -3324 -4416 29164 -32768 8240 -8591 END
START -4464 -4008 31632 -32768 7707 -8739 END
START -3984 -3484 31824 -32768 7860 -8763 END
START -5000 -2636 32767 -32768 7484 -8783 END
START -5320 -2612 32767 -32768 7064 -8687 END
START -5876 -2520 32767 -32768 6726 -8527 END
START -6340 -2140 32767 -32768 5859 -8292 END
START -6700 -1976 32767 -32768 5575 -8044 END
START -6968 -1636 32767 -32768 5006 -7766 END
START -6800 -1192 32767 -32768 4858 -7494 END
START -6312 -784 32767 -32768 4543 -7283 END
START -5468 -608 32767 -32532 4235 -7209 END
START -5016 -320 32767 -30677 4210 -7216 END
START -4552 -152 32767 -28698 3979 -7407 END
START -4384 184 32767 -26616 3710 -7622 END
START -4176 464 32767 -24456 3239 -7898 END
START -4228 748 32767 -22234 2771 -8210 END
START -4148 1020 32767 -20066 2193 -8559 END
START -4752 1172 32767 -17654 1425 -8901 END
START -4796 1360 32767 -15351 858 -9219 END
START -5524 1680 32767 -13090 254 -9482 END
START -5740 1592 32767 -10745 -211 -9645 END
START -6044 1612 32767 -8507 -715 -9735 END
START -6612 1708 32767 -6419 -1190 -9729 END
START -7104 1564 32767 -4168 -1657 -9662 END
START -7492 1520 32767 -1995 -2162 -9557 END
START -8340 1476 32767 157 -2636 -9345 END
START -8756 1532 32767 2280 -3135 -9050 END
START -9184 1664 32767 4213 -3547 -8679 END
START -9408 1844 32767 5967 -3946 -8367 END
START -9596 2140 32767 7531 -4214 -7979 END
START -9528 2384 32767 8988 -4231 -7613 END
START -9480 2480 32767 10210 -4097 -7245 END
START -9380 2476 32767 11277 -3633 -6812 END
START -9080 2680 32767 12211 -3031 -6393 END
START -9320 2500 32767 13062 -2163 -5946 END
START -9128 2600 32767 13882 -1184 -5436 END
START -9248 2576 32767 14592 -196 -4875 END
START -9216 2676 32767 15262 667 -4339 END
START -9120 2480 32767 15834 1515 -3750 END
START -8980 2068 32767 16361 2363 -3251 END
START -8772 1852 32767 16871 3154 -2791 END
START -8560 1768 32767 17274 4041 -2394 END
START -8284 1736 32648 17643 4934 -2038 END
START -8084 1796 31892 17920 5917 -1810 END
START -8120 1980 30568 18163 6806 -1660 END
START -8700 2364 29916 18202 7482 -1532 END
START -8672 2344 29288 18106 8043 -1428 END
START -8884 2388 28932 17962 8369 -1365 END
START -8792 2248 28888 17748 8332 -1305 END
START -8852 1852 29356 17627 8153 -1287 END
START -8352 1228 28684 17728 7824 -1355 END
START -9088 784 29096 17856 6846 -1550 END
START -9500 -228 29816 18104 5386 -1862 END
START -9992 -964 30412 18540 3494 -2249 END
START -9628 -2240 28920 19205 2021 -2619 END
START -9644 -3404 28236 20038 878 -2991 END
START -9004 -4536 27656 21097 25 -3278 END
START -8232 -5772 26188 22245 -134 -3323 END
START -8608 -6520 26272 23840 -259 -3192 END
START -9232 -6696 25596 25413 -185 -2828 END
START -9712 -5816 25000 27053 -103 -2139 END
START -9532 -4856 22732 28651 40 -1194 END
START -9708 -4104 21124 30126 528 36 END
START -9932 -3436 19620 31484 948 1326 END
START -10684 -3432 18292 32665 1399 2709 END
START -10788 -3500 16628 32767 1361 4173 END
START -11004 -3776 14988 32767 1435 5640 END
START -11128 -3960 13856 32767 1326 7035 END
START -11284 -3748 12568 32767 1121 8517 END
START -11564 -4016 11048 32767 424 9949 END
START -10852 -3740 8388 32767 1054 11255 END
START -10336 -3584 5844 32767 1306 12558 END
START -10664 -3096 4604 32767 1733 13754 END
START -11124 -2932 3972 32767 2026 14965 END
START -10244 -2896 1456 32767 3104 15960 END
START -10164 -2936 912 32700 3666 16858 END
START -9972 -3012 92 31667 3805 17751 END
START -9912 -2964 -800 30540 3931 18575 END
START -9840 -2764 -1584 29247 4024 19457 END
START -9544 -2796 -2788 27864 4610 20389 END
START -9500 -2692 -3444 26413 5037 21363 END
START -9652 -2396 -4368 25079 5464 22381 END
START -9056 -2500 -5328 23776 5974 23451 END
START -8604 -2524 -5888 22487 6444 24551 END
START -8132 -2336 -6640 21192 6965 25700 END
START -7620 -2312 -7296 19829 7505 26809 END
START -7072 -2296 -7864 18463 7970 27793 END
START -6744 -2436 -7936 17037 8317 28740 END
START -6184 -2456 -8304 15494 8648 29672 END
START -5812 -2388 -8376 13891 8913 30588 END
START -5200 -2392 -8688 12151 9237 31520 END
START -4848 -2204 -8472 10368 9366 32424 END
START -4088 -1992 -8484 8447 9466 32767 END
START -3200 -1880 -8892 6564 9623 32767 END
START -2860 -1784 -8896 4845 9672 32767 END
START -2328 -1836 -8864 3012 9802 32767 END
START -1756 -2164 -8720 1271 9772 32767 END
START -1028 -2256 -8476 -351 9617 32767 END
START -16 -2416 -8308 -1823 9524 32767 END
START 1064 -2476 -8344 -3169 9351 32767 END
START 2424 -2460 -8704 -4489 9396 32767 END
START 3584 -2500 -8544 -5851 9284 32767 END
START 4548 -2540 -8800 -7204 9199 32767 END
START 5468 -2528 -9012 -8509 9126 32767 END
START 6196 -2468 -8476 -9726 8773 32767 END
START 6884 -2428 -8276 -10907 8304 32767 END
START 7620 -2248 -8016 -12121 7676 32767 END
START 8412 -2168 -7960 -13380 7069 32767 END
START 9560 -2216 -8344 -14586 6862 32688 END
START 10500 -1984 -7844 -15534 6678 31866 END
START 11392 -2008 -7136 -16673 6415 30941 END
START 12484 -2108 -6300 -17786 6282 29937 END
START 13924 -1880 -5740 -18779 6167 28957 END
START 15656 -1388 -4580 -19823 6025 27972 END
START 16936 -728 -4348 -20898 5799 26900 END
START 17928 -444 -3468 -21766 5875 25670 END
START 19532 -392 -3028 -22566 6021 24274 END
START 20580 -212 -2184 -23276 6048 22673 END
START 21588 -312 -1348 -23972 5930 20880 END
START 22232 -484 -676 -24523 5729 18981 END
START 22596 -680 336 -24955 5426 17007 END
START 22800 -912 1484 -25217 5008 15085 END
START 22592 -516 1924 -25469 4467 13275 END
START 22172 -80 2612 -25654 3779 11493 END
START 21852 536 3196 -25945 3210 9882 END
START 21280 832 3612 -26188 2646 8300 END
START 21196 1220 3888 -26508 2267 6812 END
START 20528 1016 4460 -26873 2071 5466 END
START 20604 1004 4876 -27338 1898 4247 END
START 19760 656 6072 -27762 1758 3119 END
START 19344 784 7780 -28286 1266 2060 END
START 19284 1084 9744 -28590 559 1120 END
START 19536 1392 11112 -28782 140 247 END
START 20052 1948 12084 -28736 -65 -661 END
START 20732 824 13192 -28495 -7 -1708 END
START 22020 2156 13432 -27784 461 -2723 END
START 22256 3680 16076 -27681 633 -3726 END
START 23292 3764 16060 -27307 1110 -4875 END
START 25408 3372 16436 -26932 1594 -6290 END
START 25936 2692 18628 -26516 1619 -8052 END
START 27368 2788 19784 -25709 1228 -10115 END
START 27916 2896 21388 -24855 529 -12246 END
START 28240 3328 22640 -23953 -359 -14582 END
START 28620 3540 23208 -23030 -1387 -16875 END
START 28500 3724 23888 -22219 -2322 -19299 END
START 28184 3696 24044 -21506 -3025 -21591 END
START 27844 3588 24432 -20976 -3505 -23900 END
START 26972 3616 25368 -20578 -3859 -26062 END
START 25936 3596 26356 -20198 -4079 -28034 END
START 24580 3636 27292 -19855 -4120 -29959 END
START 22988 3520 28588 -19451 -4193 -31715 END
START 21128 3232 29908 -18993 -4243 -32768 END
START 18988 3108 31320 -18481 -4491 -32768 END
START 17100 2600 32767 -17813 -4754 -32768 END
START 14504 2136 32767 -17140 -5141 -32768 END
START 12452 1724 32767 -16197 -5503 -32768 END
START 10508 1608 32767 -15026 -5855 -32768 END
START 8708 1448 32767 -13832 -6233 -32768 END
START 7372 1168 32767 -12425 -6512 -32768 END
START 5848 1004 32767 -10897 -6643 -32768 END
START 4532 600 32767 -9377 -6671 -32768 END
START 3112 232 32767 -7886 -6801 -32768 END
START 1748 -8 32767 -6423 -6973 -32768 END
START 840 328 32767 -5081 -7259 -32768 END
START -8 -168 32767 -3509 -7800 -32768 END
START -648 -572 32767 -2291 -7713 -32768 END
START -1476 -1264 32767 -1194 -7579 -32768 END
START -2920 -948 32767 -310 -7626 -32768 END
START -4076 -2008 32767 160 -7526 -32768 END
START -7032 -3376 32767 276 -7259 -32768 END
START -7772 -3936 32767 143 -7429 -32768 END
START -10168 -5224 32767 -209 -7567 -32768 END