START 26732 6328 -2540 21680 -10053 4646 END
START 32767 2376 -8872 16967 -3459 -4485 END
START 32767 2392 -10140 10326 1856 -13239 END
START 25196 -152 -4464 6662 1587 -21756 END
START 18964 -2960 -6048 6136 -1450 -26216 END
START 14560 -3440 -8088 5536 -8117 -28324 END
START 11984 -3680 -8296 3876 -15317 -31279 END
START 14432 -4336 -9016 -482 -11716 -32768 END
START 13436 -6320 -10436 -5606 -535 -32768 END
START 8968 -8832 -12432 -11906 8502 -32768 END
START 6552 -10236 -12996 -16819 10460 -32768 END
START 2816 -13264 -13204 -21289 8842 -32768 END
START -44 -14936 -12320 -26297 4660 -32768 END
START -2964 -16828 -10696 -31720 613 -32768 END
START -5816 -19264 -7988 -32768 -1284 -32768 END
START -8784 -19720 -6288 -32768 434 -32768 END
START -11688 -21428 -4900 -32768 2890 -31528 END
START -14596 -22864 -808 -32768 1093 -25718 END
START -10504 -24388 4208 -32768 -2396 -22792 END
START -6324 -27848 13724 -32768 -861 -23644 END
START -10504 -29100 23700 -32768 -644 -26049 END
START -15740 -29696 32767 -32768 -7632 -25375 END
START -18768 -26132 32767 -32768 -18052 -22053 END
START -16244 -19992 32767 -32324 -19401 -16169 END
START -7464 -16412 32767 -26134 -991 -15074 END
START -14672 -17136 32767 -16803 16735 -17981 END
START -28264 -18544 32767 -4168 16049 -16875 END
START -32724 -17932 32767 7035 9113 -12082 END
START -32768 -16260 32767 13151 6836 -6110 END
START -32316 -15228 32767 14841 8017 937 END
START -29248 -14976 32767 15615 8984 7873 END
START -24116 -15164 32300 17590 7780 12782 END
START -20020 -16160 31360 21480 4374 15298 END
START -18020 -16996 28264 25782 -293 16688 END
START -16860 -18004 24452 28905 -2659 18877 END
START -14836 -18080 20144 29873 -1159 21807 END
START -13544 -17836 17084 28899 3245 24996 END
START -12784 -17476 14712 28425 5718 28128 END
START -11520 -17616 11176 28536 5569 30998 END
START -10000 -17284 7188 28363 4697 32767 END
START -8276 -16656 3456 26831 4077 32767 END
START -7080 -15592 -416 23977 4292 32767 END
START -6280 -15136 -2860 20340 4319 32767 END
START -5100 -13780 -6160 15509 3276 32767 END
START -3516 -12724 -8724 10350 1564 32767 END
START -1936 -12376 -10436 3909 44 32767 END
START -1556 -12064 -10756 -1609 -698 32767 END
START 1668 -11696 -9404 -6892 -1082 32767 END
START 4904 -11564 -7692 -10145 208 32767 END
START 7868 -11212 -7268 -12920 1871 32767 END
START 11760 -10480 -7728 -16131 1949 32767 END
START 15788 -9848 -8028 -20470 796 32767 END
START 20140 -9696 -6052 -25568 -390 32767 END
START 22096 -10124 -180 -29576 -1018 27289 END
START 25280 -11312 6624 -29998 -1909 22740 END
START 31680 -10052 10408 -29314 529 16918 END
START 32767 -10200 13368 -29200 5972 8885 END
START 32767 -9776 18320 -27738 8002 961 END
START 32767 -8956 21388 -25110 10689 -8861 END
START 32767 -9376 24008 -21830 15219 -20458 END
START 32767 -10372 24420 -18796 20218 -32270 END
START 31624 -12856 25056 -16341 23930 -32768 END
START 24948 -16224 27128 -12961 22008 -32768 END
START 21736 -19916 27016 -9162 20271 -32768 END
START 16560 -25652 24968 -7119 18249 -32768 END
START 5216 -31632 23536 -4933 15992 -32768 END
START -3612 -32768 25084 -3029 13131 -32768 END
START -12744 -32768 24864 -57 13498 -32768 END
START -22060 -31932 25584 2196 16603 -32768 END
START -31220 -30272 23136 7293 14750 -32768 END
START -32768 -26588 18580 11632 7217 -31461 END
START -32768 -22440 12248 12152 1344 -19700 END
START -27692 -17500 7800 7214 1546 -11307 END