START 20024 14388 16916 9212 -706 19308 END
START 19900 4956 12900 13011 -3061 16945 END
START 17648 4480 17240 15437 -8095 13588 END
START 22124 4860 14760 17353 -9080 9296 END
START 26244 6164 10352 17066 -7454 4193 END
START 29208 6480 5688 12318 -3839 -3075 END
START 31132 5204 3888 6781 1131 -10102 END
START 28996 980 4240 4336 6846 -17314 END
START 22052 -3348 676 4690 10610 -21042 END
START 19152 -5200 -4632 3988 7919 -22775 END
START 21876 -7068 -8104 2515 3976 -26963 END
START 21484 -10024 -12380 -697 5010 -32768 END
START 15416 -14088 -16556 -6342 9494 -32768 END
START 5464 -16332 -19216 -12291 11765 -32768 END
START -2564 -17776 -20380 -19011 12927 -32768 END
START -12416 -18688 -20664 -26913 9984 -32768 END
START -16404 -19164 -17072 -32768 7485 -30572 END
START -17468 -19836 -14044 -32768 8022 -24172 END
START -14156 -19696 -12024 -32768 10405 -21287 END
START -13944 -20412 -6384 -32768 11926 -20981 END
START -13592 -20508 4644 -32768 11830 -22837 END
START -17056 -19788 13032 -32768 10314 -24596 END
START -18048 -20160 24772 -32768 11612 -24836 END
START -21332 -20488 32767 -32768 12860 -24642 END
START -26964 -20040 32767 -32768 13097 -23519 END
START -32376 -18848 32767 -20180 10667 -20056 END
START -32768 -16652 32767 -10453 10241 -14328 END
START -32768 -16068 32767 -3168 11651 -9482 END
START -32768 -14992 32767 3408 9541 -4885 END
START -32768 -13960 32767 9343 5894 1106 END
START -32768 -12416 32767 13507 4030 6605 END
START -30168 -11592 32767 17096 2073 11082 END
START -24844 -11116 31516 20549 974 14009 END
START -22668 -11668 27520 24079 399 14691 END
START -22928 -13276 23016 27215 -2117 16118 END
START -21440 -14496 17728 28768 -3367 18732 END
START -19552 -15764 13916 28307 -1291 21687 END
START -18516 -16932 11972 26793 2202 24839 END
START -17556 -18024 10520 26266 3777 28636 END
START -15536 -19632 8756 26194 4867 31833 END
START -15232 -20452 5972 26522 4745 32767 END
START -13480 -21068 1856 26493 3760 32767 END
START -10468 -21116 -3740 24769 2758 32767 END
START -5764 -19180 -11368 19691 807 32767 END
START -372 -16796 -17476 10224 -1568 32767 END
START 2364 -15408 -16188 31 -1996 32767 END
START 6068 -14824 -12840 -7471 1990 32767 END
START 8700 -14992 -11208 -13284 6212 32767 END
START 13916 -14916 -7156 -18083 6384 32767 END
START 21880 -12012 -5376 -19637 5269 32767 END
START 25564 -9456 -6660 -23492 2903 32767 END
START 28068 -8740 -2656 -27642 1970 27995 END
START 26548 -9216 1668 -30992 2003 22160 END
START 31704 -9028 9464 -32768 648 17734 END
START 32767 -6992 21000 -32609 2252 10259 END
START 32767 -3860 29196 -26946 6085 -2513 END
START 32767 -2120 29344 -22017 9875 -18115 END
START 32767 -3172 29732 -17885 11662 -30707 END
START 32767 -4080 28132 -14565 13499 -32768 END
START 32767 -6028 27692 -12494 17066 -32768 END
START 32767 -10492 25560 -10689 18794 -32768 END
START 22372 -18448 27116 -8348 16822 -32768 END
START 10292 -25772 27292 -4839 11214 -32768 END
START -9512 -32768 29404 -614 7255 -32768 END
START -28840 -32768 32767 6325 4302 -32768 END
START -32768 -32768 29596 14148 -2344 -32768 END
START -32768 -30712 21692 15578 -4735 -30782 END
START -32768 -25988 13208 11263 -3869 -17382 END