START 15968 13512 5508 145 -1728 23746 END
START 25804 6304 4324 4238 -3813 19387 END
START 26980 5736 9548 5928 -6344 12747 END
START 19012 6456 16200 8960 -7376 6002 END
START 21708 6468 17448 11010 -8475 -2653 END
START 24152 5816 15152 13939 -6817 -11021 END
START 21612 4900 12916 15593 -2491 -17461 END
START 20528 3652 7140 14852 4023 -20638 END
START 19192 3784 2264 12314 9234 -23139 END
START 17028 3112 196 9547 11144 -26883 END
START 13620 2100 -1776 8271 9965 -30181 END
START 10908 1536 -4280 5762 6886 -32768 END
START 7376 -184 -4692 3485 4899 -32768 END
START 3368 -1360 -5804 1226 3996 -32768 END
START 192 -2144 -7596 -2049 3253 -32768 END
START -1392 -2572 -8800 -5850 2500 -32586 END
START -3392 -3084 -9584 -10686 295 -31568 END
START -4180 -4920 -8840 -15683 -2277 -30730 END
START -6784 -5960 -6872 -20310 -3692 -28580 END
START -7956 -6644 -5640 -25548 -3804 -26593 END
START -10020 -7736 -2860 -30953 -3858 -24146 END
START -11436 -8268 816 -32768 -4015 -21436 END
START -11840 -9668 4832 -32768 -4229 -19101 END
START -11592 -10988 11704 -32768 -4354 -17816 END
START -9132 -10180 20028 -32768 522 -18451 END
START -12892 -10240 27000 -32768 5480 -20225 END
START -18948 -9268 31720 -32768 4706 -19151 END
START -20324 -8576 32767 -29558 3151 -17031 END
START -19608 -8716 32767 -24960 6849 -16014 END
START -21360 -9360 32767 -17944 11665 -16838 END
START -27880 -10824 32767 -8061 8751 -16479 END
START -32316 -11892 32767 1378 4041 -13024 END
START -32768 -12684 32767 8546 1386 -6605 END
START -32768 -12848 32767 13950 -579 1222 END
START -28916 -12428 30052 16947 -1648 8296 END
START -23872 -11544 26960 18944 -1317 13713 END
START -19960 -11272 24472 21436 -1688 17300 END
START -16788 -10444 21032 24841 -3502 19690 END
START -13564 -9428 16244 27293 -4466 20776 END
START -12112 -8604 11856 28105 -4969 21939 END
START -10600 -7604 8056 26822 -4487 22757 END
START -10468 -7024 5708 24378 -2858 24470 END
START -9928 -6384 3852 21500 -1504 26988 END
START -9340 -6384 2584 18831 -695 29496 END
START -8680 -5900 1496 16295 -263 32554 END
START -7204 -5684 48 13316 238 32767 END
START -4920 -5960 -1376 10111 348 32767 END
START -3620 -5780 -3032 6636 -1015 32767 END
START 1380 -5440 -4452 3705 -5234 32767 END
START 7748 -3656 -5876 -394 -9972 32767 END
START 12316 -1356 -6380 -5318 -11100 32767 END
START 14136 -496 -4648 -10875 -8153 29311 END
START 12532 148 -2512 -15867 -2037 25111 END
START 10500 244 -408 -19604 -90 22730 END
START 10316 60 540 -21552 -920 21731 END
START 14524 472 1008 -24305 -3880 20350 END
START 22868 1032 6908 -25675 -5589 16712 END
START 27792 1776 13052 -25156 -2485 9926 END
START 29720 2020 15268 -23621 1374 3582 END
START 31652 2184 17484 -23734 5105 -4178 END
START 31620 1244 22308 -21854 8126 -12445 END
START 28900 -440 24400 -18440 11205 -20162 END
START 25860 -1668 23448 -16031 13719 -27855 END
START 21620 -3692 22972 -14994 15617 -32768 END
START 15644 -6096 22964 -13615 15443 -32768 END
START 11592 -8808 24600 -11022 12268 -32768 END
START 4536 -12872 24784 -8355 11963 -32768 END
START -4780 -16356 26504 -4652 10335 -32768 END
START -16140 -18080 27744 367 6234 -32768 END