START 25656 5444 11320 14431 -6579 -1975 END
START 23976 -1148 14788 16008 -10513 -6815 END
START 22096 -2792 15276 16964 -7154 -8919 END
START 25724 -3308 11540 17234 -2880 -13647 END
START 23760 -5504 7980 17227 642 -19394 END
START 21508 -6460 1600 15581 4428 -22295 END
START 18444 -7108 -4080 12603 5139 -24648 END
START 16944 -8420 -5156 10994 -879 -28074 END
START 16424 -9392 -6832 10765 -8527 -32520 END
START 17424 -10652 -11580 6776 -2191 -32768 END
START 12544 -12316 -13920 1264 6478 -32768 END
START 8136 -12748 -16832 -2957 9499 -32768 END
START 4828 -13068 -20120 -8297 8382 -32768 END
START 1544 -14104 -22008 -14594 7791 -32768 END
START -1536 -16044 -22892 -22406 9829 -32768 END
START -6436 -18216 -21672 -30454 11867 -32768 END
START -11764 -20744 -19736 -32768 12304 -32768 END
START -15228 -22168 -16748 -32768 10322 -32768 END
START -16288 -25520 -10280 -32768 9692 -32768 END
START -19816 -28500 2064 -32768 6975 -32768 END
START -21216 -28884 20552 -32768 491 -31989 END
START -21424 -26240 32767 -32768 -6348 -31085 END
START -22604 -23268 32767 -32768 -5056 -28600 END
START -21140 -20036 32767 -32768 1292 -24981 END
START -20340 -17104 32767 -23271 10111 -23629 END
START -25848 -16636 32767 -13254 16677 -23022 END
START -31012 -16380 32767 -3506 14861 -20263 END
START -32768 -14948 32767 4208 11032 -16138 END
START -32768 -13224 32767 9860 7705 -10619 END
START -32608 -12476 32767 14081 6591 -5487 END
START -30556 -12420 32767 17647 6457 202 END
START -27636 -12716 30580 19972 5397 4831 END
START -24028 -13556 28228 22079 2495 8004 END
START -23192 -15024 27132 25016 -117 10514 END
START -23584 -16448 24816 28512 -2506 14424 END
START -22148 -16548 20304 30944 -2692 20024 END
START -19148 -17192 15936 31484 -1348 25765 END
START -16680 -16992 12420 31513 126 30405 END
START -15096 -17816 8300 31537 -329 32767 END
START -12484 -17500 4268 31266 -1991 32767 END
START -9216 -16480 -912 29453 -1985 32767 END
START -6956 -15896 -4784 25322 1365 32767 END
START -7576 -16212 -9116 19365 4776 32767 END
START -6744 -15956 -15140 11749 2438 32767 END
START -1708 -15608 -20804 1710 -2394 32767 END
START 4308 -16244 -18620 -8337 -6499 32767 END
START 14356 -14404 -13532 -12932 -4401 32767 END
START 20652 -10880 -13900 -17622 2414 32767 END
START 20048 -10196 -12972 -24412 8204 32767 END
START 17084 -10612 -11360 -29643 9342 31805 END
START 19900 -12328 -5772 -32768 1581 29945 END
START 29032 -12016 396 -32768 -407 27723 END
START 32767 -10896 12196 -32768 1713 20508 END
START 32767 -6516 17020 -32768 11793 4169 END
START 32767 -7204 22688 -31334 22306 -13309 END
START 32767 -10620 25692 -26304 28273 -28403 END
START 32767 -13688 24340 -22130 27479 -32768 END
START 29764 -17664 24836 -19918 24691 -32768 END
START 19908 -22320 27764 -16939 17860 -32768 END
START 10864 -27596 31576 -13265 9353 -32768 END
START 348 -32768 32767 -8218 3986 -32768 END
START -12052 -32768 32767 -3124 2116 -32768 END
START -24264 -32768 32767 1585 6200 -32768 END
START -29116 -30292 32767 5998 8067 -32768 END
START -24504 -25144 27764 10164 9553 -28149 END