START 27336 16000 -3488 20890 -1859 15412 END
START 26900 7116 -6604 19867 -9567 11058 END
START 26664 7612 360 17275 -9945 5188 END
START 26680 9232 1892 15698 -5395 -1823 END
START 22088 8192 544 13600 -1033 -7727 END
START 18528 7588 -1020 10795 63 -11322 END
START 16560 6620 -392 8273 -44 -14659 END
START 15168 5200 -432 7043 -432 -17033 END
START 13016 4236 -736 6403 -2002 -18499 END
START 11812 3724 -1816 5047 -2665 -20017 END
START 10292 3288 -4096 2729 -1388 -20988 END
START 8468 3040 -5956 -1288 -962 -21922 END
START 6992 2648 -5152 -4807 -1150 -22732 END
START 4852 1288 -5244 -7629 -1323 -23091 END
START 4056 772 -6212 -10625 -1451 -23185 END
START 3200 -668 -6052 -13917 -1623 -23941 END
START 3736 -2096 -5448 -16761 -1170 -24862 END
START 2556 -3460 -6132 -20397 -1258 -26689 END
START 1132 -5064 -4548 -24420 -1964 -27142 END
START -100 -5988 -2816 -27414 -2297 -26698 END
START -528 -7600 -2332 -30923 -2224 -26444 END
START -596 -9536 -2024 -32768 -248 -25949 END
START -2444 -11532 108 -32768 3664 -24805 END
START -6088 -13576 5364 -32768 4730 -23462 END
START -7156 -15112 12164 -32768 2139 -22781 END
START -7068 -15904 17912 -32768 2036 -24164 END
START -8788 -19504 24448 -32768 5058 -25957 END
START -13168 -22312 32767 -32768 8354 -27415 END
START -21236 -23096 32767 -32768 8330 -26537 END
START -25296 -22368 32767 -23962 7500 -22366 END
START -27628 -22588 32767 -17281 7409 -17880 END
START -30764 -20780 32767 -10640 4998 -12297 END
START -30500 -18632 32767 -4314 3510 -6264 END
START -29184 -16760 32767 597 3194 -1308 END
START -25980 -15580 32767 4630 2582 2585 END
START -22504 -14672 32767 9515 1423 5096 END
START -19952 -13964 32767 15669 -360 6433 END
START -18820 -13984 31496 20796 -1773 8062 END
START -17716 -14296 27656 23952 -1938 10615 END
START -17732 -14948 24992 26312 -1489 13652 END
START -16084 -14924 21364 28064 -839 16937 END
START -13940 -14872 17880 28439 477 19393 END
START -12004 -14644 15868 28578 2236 21134 END
START -12832 -14056 13576 28828 2591 23400 END
START -12236 -13192 10268 29054 1527 26912 END
START -9452 -12144 6536 27366 2217 30188 END
START -8524 -11208 3572 24836 3184 32767 END
START -6556 -10172 -24 21462 3345 32767 END
START -4612 -9472 -1748 17706 2196 32767 END
START -2656 -8648 -3228 14506 -499 32767 END
START -1876 -7892 -4336 12127 -4626 32767 END
START 776 -6992 -5716 9220 -7274 32767 END
START 2220 -6504 -6232 6077 -7251 32767 END
START 5132 -5464 -6936 2252 -6682 32767 END
START 6916 -4824 -6656 -2425 -5874 32767 END
START 9384 -4900 -4616 -6013 -6061 32767 END
START 15308 -4316 -3224 -8699 -6265 32767 END
START 19528 -2448 -3980 -13022 -4498 32767 END
START 23532 -1276 -2084 -17667 -3254 28188 END
START 27008 -56 196 -22120 -994 21821 END
START 27176 68 2584 -25218 196 15857 END
START 26724 -760 6388 -26851 575 10530 END
START 28996 -848 12460 -26496 977 5667 END
START 32052 44 15724 -23583 3003 -1361 END
START 32324 352 14712 -22364 5163 -9367 END
START 32108 -180 17088 -22108 8133 -17850 END
START 32528 -852 22384 -20152 10834 -28155 END
START 26504 -3292 22720 -17346 13337 -32768 END
START 23260 -5760 24320 -16017 13619 -32768 END
START 21744 -8664 28032 -13338 16553 -32768 END
START 16108 -13900 26468 -11289 21960 -32768 END
START 4420 -20052 23888 -8282 20357 -32768 END
START -7976 -24980 24052 -5145 14310 -32768 END
START -19300 -25568 26672 -1262 9599 -32768 END
START -29740 -23208 25892 1646 10438 -32768 END
START -32768 -22076 24708 5721 7020 -30011 END
START -29192 -17852 19720 8736 55 -16616 END