START 10360 10332 7644 -8454 -987 9774 END
START 13140 4520 -5136 -6479 507 9473 END
START 13236 11036 3452 -9062 1949 9530 END
START 10328 10028 12044 -7328 2470 9195 END
START 10840 10020 11472 -7606 2610 8909 END
START 12924 10716 10928 -7391 2806 8598 END
START 13888 10464 11060 -7195 3512 8334 END
START 13912 10432 12660 -6866 3960 8002 END
START 13884 10420 13620 -6467 4129 7642 END
START 14448 10440 14140 -5907 4163 7265 END
START 14992 10524 14364 -5368 3963 6966 END
START 15252 10388 15052 -4780 3622 6562 END
START 15556 10320 15728 -4124 3152 6168 END
START 15956 10372 16176 -3441 2513 5679 END
START 16672 10276 16268 -2789 1866 5208 END
START 17276 10332 16608 -2134 1161 4661 END
START 18012 10448 16840 -1463 359 4030 END
START 18504 10328 17040 -798 -443 3299 END
START 18820 10092 17096 -91 -1304 2497 END
START 19324 10004 17004 560 -2197 1633 END
START 19536 10040 17120 1183 -3134 777 END
START 20012 9972 17044 1715 -3907 -98 END
START 20404 9900 16364 2268 -4600 -949 END
START 20900 9856 16024 2739 -5076 -1829 END
START 21072 9736 15772 3172 -5437 -2683 END
START 21216 9692 15724 3527 -5741 -3571 END
START 21572 9596 15452 3882 -6019 -4512 END
START 21688 9444 15056 4190 -6175 -5504 END
START 21788 9396 14828 4491 -6276 -6490 END
START 21772 9244 14656 4784 -6180 -7510 END
START 21636 9152 14180 5020 -5930 -8509 END
START 21384 8984 13872 5266 -5665 -9456 END
START 21472 9024 13192 5542 -5174 -10414 END
START 21148 8776 12748 5791 -4533 -11325 END
START 20748 8564 12112 5988 -3882 -12215 END
START 20368 8556 11700 6152 -3252 -13023 END
START 19880 8448 11028 6274 -2583 -13886 END
START 19496 8276 10764 6351 -1889 -14573 END
START 19044 8092 10264 6311 -1250 -15318 END
START 18640 7924 9884 6291 -578 -16026 END
START 18124 7684 9856 6251 54 -16669 END
START 17632 7448 9508 6315 608 -17356 END
START 16980 7276 9444 6356 1160 -17957 END
START 16364 6960 9548 6453 1621 -18535 END
START 15740 6692 9320 6676 2027 -19094 END
START 15220 6232 9140 6911 2384 -19578 END
START 14644 6000 8740 7171 2685 -20018 END
START 14012 5912 8772 7468 2890 -20436 END
START 13512 5552 8508 7750 3046 -20817 END
START 13100 5260 8000 8100 3063 -21157 END
START 12848 4984 7520 8398 3016 -21512 END
START 12416 4704 6736 8656 2839 -21866 END
START 12152 4496 6076 8855 2566 -22293 END
START 11800 4436 5396 8945 2209 -22717 END
START 11460 4304 4764 8923 1735 -23139 END
START 11056 4048 3828 8895 1233 -23558 END
START 10304 3808 3240 8779 615 -23953 END
START 9628 3480 2368 8701 -215 -24315 END
START 8760 3316 1284 8565 -1191 -24522 END
START 7980 3176 88 8406 -2233 -24692 END
START 6972 3256 -1076 8113 -3408 -24816 END
START 6132 3252 -2256 7677 -4783 -24829 END
START 5152 3376 -3164 7031 -6183 -24834 END
START 4364 3556 -4432 6206 -7637 -24786 END
START 4176 3796 -5188 5234 -8994 -24724 END
START 3744 4136 -6012 4068 -10266 -24631 END
START 3408 4116 -6616 2717 -11435 -24582 END
START 3216 4000 -7124 1265 -12343 -24462 END
START 2816 3860 -7132 -82 -13009 -24378 END
START 2844 3744 -7020 -1392 -13384 -24230 END
START 2352 3576 -6880 -2664 -13499 -24025 END
START 2016 3396 -6616 -3805 -13319 -23817 END
START 1740 3236 -6568 -4813 -12892 -23566 END
START 1492 3180 -6436 -5842 -12214 -23240 END
START 1228 3088 -6364 -6724 -11319 -22968 END
START 1024 2956 -6132 -7629 -10337 -22669 END
START 692 2792 -5976 -8530 -9354 -22411 END
START 224 2848 -5872 -9416 -8372 -22133 END
START -344 2908 -5632 -10295 -7481 -21830 END
START -984 2848 -5524 -11150 -6702 -21473 END
START -1468 2808 -5328 -11965 -5977 -21103 END
START -2120 2864 -5036 -12757 -5435 -20637 END
START -2684 2824 -4840 -13522 -4915 -20086 END
START -3000 2956 -4384 -14235 -4540 -19552 END
START -3320 3036 -4068 -14703 -4261 -18935 END
START -3548 3192 -3744 -15198 -4042 -18365 END
START -3592 3324 -3236 -15771 -3945 -17815 END
START -3788 3220 -2556 -16188 -3946 -17302 END
START -4128 3144 -2248 -16547 -4112 -16804 END
START -4496 3024 -1520 -16792 -4418 -16281 END
START -4524 3020 -1340 -17002 -4832 -15729 END
START -5028 2960 -1096 -17125 -5226 -15180 END
START -4864 2944 -940 -17270 -5732 -14545 END
START -4864 2860 -584 -17443 -6187 -13971 END
START -4916 2776 -416 -17645 -6645 -13378 END
START -4836 2624 -128 -17760 -7081 -12767 END
START -4872 2192 132 -17920 -7614 -12156 END
START -4856 2128 440 -18012 -8130 -11535 END
START -4932 2220 616 -18118 -8672 -10859 END
START -4660 2448 624 -18201 -9191 -10230 END
START -4292 2480 728 -18386 -9698 -9667 END
START -3800 2552 540 -18595 -10080 -9221 END
START -3340 2516 584 -18901 -10388 -8807 END
START -3024 2632 500 -19267 -10582 -8480 END
START -2708 2656 392 -19671 -10665 -8241 END
START -2432 2780 636 -20114 -10642 -8030 END
START -2580 2692 516 -20590 -10597 -7810 END
START -2728 2552 1000 -21063 -10510 -7573 END
START -2872 2520 1096 -21583 -10405 -7296 END
START -3020 2364 1416 -22021 -10278 -6968 END
START -3140 2172 1472 -22522 -10155 -6639 END
START -3184 1924 1572 -23034 -10002 -6339 END
START -3128 1804 1676 -23562 -9807 -5995 END
START -3236 1768 1856 -24188 -9517 -5646 END
START -3280 1396 2076 -24755 -9175 -5318 END
START -3368 1148 2364 -25359 -8824 -4908 END
START -3584 800 2892 -25960 -8491 -4540 END
START -3696 492 3188 -26530 -8142 -4140 END
START -4236 412 3660 -27078 -7838 -3756 END
START -4628 484 4108 -27590 -7698 -3292 END
START -5188 584 4352 -28105 -7630 -2720 END
START -5640 968 4836 -28662 -7502 -2194 END
START -5868 1048 5036 -29294 -7441 -1584 END
START -5888 1048 5436 -29927 -7277 -980 END
START -6168 900 6220 -30581 -7046 -372 END
START -6240 640 6656 -31214 -6751 220 END
START -6500 684 7264 -31791 -6321 868 END
START -6668 716 8228 -32355 -5804 1567 END
START -7072 740 9148 -32768 -5294 2341 END
START -7244 836 9968 -32768 -4673 3194 END
START -7592 844 11312 -32768 -4111 4068 END
START -7852 920 11944 -32768 -3412 5006 END
START -8020 900 13176 -32768 -2659 6072 END
START -8132 792 13796 -32768 -1939 7025 END
START -8056 696 14876 -32768 -1050 8042 END
START -7928 724 15600 -32768 -100 9027 END
START -7656 672 16632 -32768 994 9907 END
START -7580 704 17836 -32768 2117 10794 END
START -7444 828 19056 -32768 3254 11685 END
START -7428 900 20352 -32768 4429 12653 END
START -7424 932 21504 -32768 5629 13183 END
START -7100 720 22728 -32768 6754 14113 END
START -6360 576 24036 -32768 7833 14740 END
START -5520 476 25080 -32768 9051 15324 END
START -4688 452 26316 -32768 10209 15719 END
START -3716 504 27328 -32768 11305 15947 END
START -3064 340 28324 -32768 12252 16026 END
START -2176 232 29568 -32509 12881 16025 END
START -1508 128 31004 -31843 13356 15892 END
START -564 180 31944 -31135 13286 15701 END
START 548 244 32767 -30329 13303 15286 END
START 1680 328 32767 -29450 13442 14692 END
START 2284 588 32767 -28470 12859 13868 END
START 2772 740 32767 -27429 11789 12762 END
START 3168 1156 32767 -26316 10677 12019 END
START 3268 1464 32767 -25208 9343 10930 END
START 3576 1812 32767 -24019 7856 9868 END
START 3652 2088 32767 -22856 6362 8872 END
START 3504 2316 32767 -21666 4843 7918 END
START 3244 2524 32767 -20472 3346 7064 END
START 3028 2764 32767 -19243 1918 6274 END
START 2964 3052 32767 -18179 633 5570 END
START 2776 3336 32767 -17033 -556 4859 END
START 2560 3536 32767 -15983 -1603 4244 END
START 2508 3580 32767 -14861 -2366 3691 END
START 2372 3812 32767 -14169 -2969 3174 END
START 2260 4052 32767 -13154 -3254 2811 END
START 2108 4280 32767 -12354 -3378 2497 END
START 1772 4388 32767 -11542 -3270 2258 END
START 1632 4400 32767 -10786 -3001 2160 END
START 1776 4364 32767 -10053 -2571 2091 END
START 1804 4472 32767 -9381 -2013 2054 END
START 1888 4716 32767 -8731 -1310 2065 END
START 1952 4976 32767 -8180 -576 2121 END
START 2128 5240 32767 -7715 234 2151 END
START 2344 5500 32767 -7350 998 2201 END
START 2432 5708 32767 -7035 1835 2263 END
START 2724 5852 32767 -6726 2631 2261 END
START 2928 5872 32767 -6456 3354 2277 END
START 3260 6036 32767 -6210 3969 2215 END
START 3452 5988 32767 -5916 4442 2160 END
START 3700 6040 32767 -5632 4860 2058 END
START 3956 6176 32767 -5338 5168 1868 END
START 4244 6268 32767 -4978 5407 1710 END
START 4796 6356 32767 -4605 5594 1455 END
START 5064 6256 32767 -4208 5639 1088 END
START 5268 6288 32767 -3689 5614 726 END
START 5444 6076 32767 -3174 5451 288 END
START 5428 5932 32767 -2626 5074 -169 END
START 5400 5776 32767 -1997 4545 -675 END
START 5420 5636 32767 -1444 3968 -1219 END
START 5428 5608 32767 -858 3288 -1815 END
START 5336 5508 32767 -403 2697 -2432 END
START 5280 5444 32767 58 2053 -2983 END
START 5068 5296 32767 563 1488 -3644 END
START 4892 5116 32767 988 979 -4177 END
START 4768 4984 32767 1490 570 -4705 END
START 4220 4836 32767 2090 199 -5145 END
START 3876 4680 32767 2706 -217 -5652 END
START 3360 4396 32767 3369 -648 -6044 END
START 2712 4216 32767 4123 -1117 -6444 END
START 2148 3952 32767 4835 -1537 -6765 END
START 1640 3744 32767 5563 -1883 -7013 END
START 1000 3468 32600 6290 -2087 -7182 END
START 268 3244 31992 7001 -2194 -7259 END
START -460 3136 31540 7607 -2173 -7237 END
START -1056 3064 30756 8195 -2008 -7128 END
START -1708 2824 30004 8736 -1824 -6952 END
START -2184 2688 29352 9215 -1543 -6701 END
START -2728 2612 28652 9605 -1222 -6424 END
START -3376 2688 28008 9956 -852 -6109 END
START -3704 2472 27548 10221 -443 -5740 END
START -4120 2356 26788 10384 -34 -5358 END
START -4512 2388 26392 10561 422 -4891 END
START -4760 2236 25804 10584 901 -4505 END
START -4892 2084 25348 10664 1410 -4075 END
START -5192 1912 25088 10667 1975 -3659 END
START -5316 1792 24768 10722 2525 -3270 END
START -5588 1596 24660 10845 3098 -2793 END
START -5908 1376 24524 11033 3546 -2382 END
START -6548 916 24400 11241 3806 -1901 END
START -6864 576 24168 11549 3913 -1403 END
START -7168 448 23908 11864 3910 -856 END
START -7592 324 23504 12193 3790 -360 END
START -7668 212 23268 12431 3665 160 END
START -8124 224 22576 12678 3466 591 END
START -8284 92 22160 12896 3228 1135 END
START -8832 -80 21940 13105 2894 1619 END
START -9064 -144 21636 13359 2547 2124 END
START -9144 -144 21028 13635 2150 2693 END
START -9172 -528 20428 13885 1879 3229 END
START -9508 -636 20144 14060 1574 3715 END
START -9676 -504 20000 14211 1052 4311 END
START -9760 -560 19384 14240 601 4820 END
START -9980 -536 18900 14376 330 5329 END
START -9932 -532 18544 14522 133 5902 END
START -9968 -492 18172 14644 63 6520 END
START -10164 -472 17852 14737 62 7148 END
START -10228 -528 17360 14879 68 7854 END
START -10320 -464 16908 15029 101 8542 END
START -10364 -580 16584 15144 122 9292 END
START -10512 -508 15940 15214 121 10081 END
START -10476 -448 15816 15276 153 10861 END
START -10508 -532 15452 15343 171 11642 END
START -10392 -560 15204 15381 143 12423 END
START -10300 -560 14888 15435 111 13124 END
START -10116 -720 14632 15537 100 14108 END
START -9984 -704 14312 15616 132 14937 END
START -9696 -808 14140 15770 123 15805 END
START -9380 -940 13668 15922 202 16616 END
START -9016 -1072 13232 16092 341 17418 END
START -8520 -1248 12888 16222 475 18187 END
START -8028 -1452 12652 16320 659 18913 END
START -7600 -1708 12132 16401 870 19600 END
START -7204 -1780 11812 16461 1044 20294 END
START -6840 -2140 11784 16508 1250 20945 END
START -6492 -2228 11216 16564 1379 21589 END
START -6244 -2520 10984 16648 1525 22240 END
START -6004 -2672 10508 16729 1613 22896 END
START -5624 -2752 10012 16739 1685 23562 END
START -5212 -2844 9468 16768 1752 24137 END
START -4776 -2952 9072 16684 1744 24750 END
START -4404 -2956 8720 16538 1764 25260 END
START -3940 -2952 8384 16317 1674 25723 END
START -3640 -3072 8084 16138 1612 26194 END
START -3084 -3124 7900 15896 1568 26565 END
START -2576 -3184 7876 15725 1499 26961 END
START -2236 -3260 7672 15603 1520 27351 END
START -1672 -3392 7344 15510 1516 27670 END
START -1052 -3484 7076 15426 1561 27983 END
START -580 -3588 6704 15314 1580 28276 END
START -24 -3644 6336 15160 1649 28539 END
START 360 -3564 5976 14997 1604 28768 END
START 660 -3728 5512 14825 1490 28960 END
START 796 -3888 4936 14690 1248 29187 END
START 1208 -3716 4264 14491 917 29411 END
START 1760 -3540 3252 14253 543 29612 END
START 2472 -3384 2348 13874 214 29735 END
START 3272 -3200 1240 13409 3 29800 END
START 4172 -3000 192 12825 -135 29766 END
START 5108 -2976 -248 12136 -199 29726 END
START 6184 -2660 -992 11295 -192 29559 END
START 7068 -2324 -1756 10430 -103 29411 END
START 8020 -2004 -2344 9478 75 29094 END
START 8984 -2088 -2640 8463 315 28802 END
START 9500 -1992 -2728 7494 556 28432 END
START 10112 -1904 -2828 6527 816 28025 END
START 10748 -1952 -2816 5615 1060 27652 END
START 11212 -1700 -2792 4723 1357 27278 END
START 11948 -1436 -2612 3892 1637 26895 END
START 12884 -1280 -2616 3082 1933 26433 END
START 13632 -972 -2684 2263 2277 25926 END
START 14364 -788 -2168 1496 2522 25336 END
START 15320 -784 -1884 743 2755 24714 END
START 16032 -512 -1716 19 2879 23969 END
START 16836 -468 -1616 -650 2934 23201 END
START 17480 -196 -1340 -1323 2904 22331 END
START 18228 -128 -1196 -1952 2836 21433 END
START 18816 4 -892 -2596 2702 20452 END
START 19552 208 -644 -3203 2550 19488 END
START 20012 288 -240 -3749 2347 18565 END
START 20484 496 20 -4273 2150 17562 END
START 20888 556 352 -4709 1907 16581 END
START 21124 804 616 -5057 1606 15594 END
START 21076 808 756 -5423 1239 14634 END
START 21076 812 1064 -5773 812 13683 END
START 21096 744 1200 -6094 401 12844 END
START 20896 724 976 -6477 48 12047 END
START 20688 824 984 -6821 -255 11396 END
START 20648 876 1056 -7276 -427 10756 END
START 20452 1000 1048 -7821 -546 10218 END
START 20388 944 1248 -8397 -565 9733 END
START 20248 848 1664 -8928 -521 9336 END
START 20316 708 2176 -9492 -502 9003 END
START 20120 536 2272 -10013 -382 8716 END
START 20176 524 2696 -10483 -176 8383 END
START 20464 492 2992 -10951 113 8103 END
START 20648 692 3536 -11345 479 7727 END
START 21048 792 3780 -11781 842 7350 END
START 21416 680 4024 -12161 1300 6898 END
START 21832 720 4788 -12616 1811 6423 END
START 22200 676 5220 -13085 2366 5895 END
START 22540 644 5928 -13367 2941 5343 END
START 22972 532 6408 -13681 3503 4726 END
START 23476 624 6984 -13885 4048 4104 END
START 23628 504 7624 -14015 4492 3355 END
START 23824 648 7752 -14016 4858 2587 END
START 24148 760 7984 -14117 5250 1765 END
START 24436 820 8204 -14440 5664 875 END
START 24616 728 8220 -14326 6033 53 END
START 24692 776 8604 -14761 6380 -805 END
START 24744 876 8840 -14745 6712 -1699 END
START 24888 836 9168 -15265 6964 -2580 END
START 24764 812 9556 -15323 7114 -3508 END
START 24788 760 10020 -15330 7031 -4456 END
START 24844 764 10304 -15507 6886 -5511 END
START 25156 796 10548 -15606 6684 -6553 END
START 25364 836 10980 -15827 6419 -7654 END
START 25612 960 11064 -16016 6212 -8855 END
START 26036 916 11348 -16267 6044 -10115 END
START 26168 1004 11756 -16490 5978 -11470 END
START 26156 948 12248 -16692 5905 -12805 END
START 25876 644 12640 -16924 5816 -14149 END
START 25220 388 13104 -17073 5727 -15439 END
START 24880 184 13380 -17227 5599 -16695 END
START 24512 64 13884 -17398 5405 -17863 END
START 24120 160 13692 -17579 5250 -19023 END
START 23932 224 13872 -17804 5186 -20289 END
START 23724 256 14224 -18130 5114 -21459 END
START 23408 176 14528 -18474 5034 -22690 END
START 23448 16 14928 -18816 5094 -23954 END
START 23348 -324 15276 -19119 5320 -25182 END
START 23280 -504 15684 -19360 5756 -26457 END
START 22968 -712 16308 -19484 6296 -27722 END
START 22784 -960 17068 -19575 6803 -29010 END
START 22288 -1280 17892 -19565 7280 -30349 END
START 21728 -1596 18736 -19482 7587 -31626 END
START 20968 -2024 19420 -19248 7753 -32768 END
START 19972 -2288 20140 -19027 7768 -32768 END
START 19044 -2484 20648 -18676 7625 -32768 END
START 17484 -2972 21104 -18365 7351 -32768 END
START 16092 -3552 21544 -18041 6921 -32768 END
START 14528 -3948 22020 -17739 6349 -32768 END
START 12960 -4144 22988 -17473 5572 -32768 END
START 11492 -4284 23500 -17068 4802 -32768 END
START 10064 -4348 24080 -16689 4087 -32768 END
START 9084 -4640 24448 -16235 3590 -32768 END
START 8308 -4792 25052 -15742 3350 -32768 END
START 7568 -4984 25448 -15018 3259 -32768 END
START 6880 -5312 25832 -14338 3383 -32768 END
START 6228 -5500 26384 -14065 3576 -32768 END
START 5116 -6028 26912 -13247 3923 -32768 END
START 3916 -6492 26924 -12590 4268 -32768 END
START 2660 -6972 27108 -11897 4523 -32768 END
START 1284 -7276 27116 -11191 4715 -32768 END
START -164 -7600 27000 -10578 4816 -32768 END
START -1592 -7732 26800 -10006 4792 -32768 END
START -3160 -7884 26992 -9505 4663 -32768 END
START -4788 -7968 26948 -9044 4463 -32768 END
START -6428 -8220 27196 -8575 4188 -32768 END
START -8428 -8392 27536 -8085 3766 -32768 END
START -10504 -8476 27868 -7475 3128 -32768 END
START -12552 -8420 27992 -6743 2356 -32768 END
START -14404 -8276 27900 -5903 1464 -32768 END
START -16148 -8120 27996 -5076 437 -32768 END
START -17644 -7820 28048 -4248 -532 -32768 END
START -19060 -7512 27796 -3520 -1524 -32320 END
START -20256 -7264 27800 -2818 -2521 -30652 END
START -21200 -7036 27676 -2183 -3606 -29031 END
START -22116 -7140 28092 -1616 -4802 -27343 END
START -23080 -6880 27708 -922 -5888 -25632 END
START -23760 -6468 27160 -230 -6617 -23875 END
START -24304 -5924 26936 530 -7082 -21931 END
START -24244 -5816 26724 1217 -7483 -20049 END
START -24492 -5928 26516 1863 -7900 -18041 END
START -24824 -5480 25868 2494 -8075 -16117 END
START -24472 -5244 25192 3074 -7988 -14049 END
START -23928 -4972 24748 3486 -7889 -11999 END
START -23624 -4388 24136 3848 -7736 -10090 END
START -22892 -4200 22992 4129 -7325 -8130 END
START -22104 -4028 22236 4276 -6817 -6325 END
START -21108 -3932 21644 4370 -6290 -4632 END
START -19872 -3716 20756 4412 -5620 -2967 END
START -18780 -3432 19696 4335 -4852 -1481 END
START -17784 -3136 19180 4229 -4085 -79 END
START -16796 -3016 18412 4024 -3345 1255 END
START -16176 -2636 17772 3721 -2693 2536 END
START -15360 -2032 17572 3357 -2179 3765 END
START -14356 -1852 16588 2976 -1622 4949 END
START -13252 -1608 16116 2553 -1144 6034 END
START -11456 -1452 15628 2129 -626 7099 END