START 12040 6828 14672 -6335 -1620 16350 END
START 14556 1752 6820 -4888 -1580 16147 END
START 16176 5316 11200 -6000 -585 16039 END
START 14716 5480 17760 -4977 -434 15561 END
START 15164 4976 17648 -5006 -611 15186 END
START 16500 5428 18312 -4823 -1017 14865 END
START 17644 5364 18488 -4597 -1201 14233 END
START 18068 5312 19740 -4246 -1406 13690 END
START 18560 5208 21220 -3781 -1678 13116 END
START 19208 5240 22064 -3170 -2153 12436 END
START 19964 5292 22520 -2491 -2590 11621 END
START 20516 5496 22900 -1757 -2934 10836 END
START 20960 5488 23664 -1003 -3373 9992 END
START 21300 5580 24056 -257 -3711 9122 END
START 21808 5364 24476 329 -4123 8259 END
START 22336 5352 24560 926 -4500 7331 END
START 22684 5160 24580 1506 -4807 6357 END
START 23036 5280 24892 2005 -5008 5376 END
START 23456 5320 24880 2566 -5093 4312 END
START 23876 5400 24472 3072 -5048 3267 END
START 24188 5456 24672 3519 -4958 2155 END
START 24204 5408 24488 3939 -4788 1048 END
START 24260 5468 24304 4340 -4600 -93 END
START 23928 5352 24504 4670 -4450 -1201 END
START 23516 5392 24500 4977 -4263 -2244 END
START 23052 5368 24228 5279 -4092 -3179 END
START 22636 5372 24160 5644 -3867 -4043 END
START 22324 5484 24168 6039 -3703 -4812 END
START 22004 5496 24428 6439 -3483 -5549 END
START 21548 5452 24356 6859 -3310 -6235 END
START 21456 5300 24008 7373 -3149 -6856 END
START 21280 5168 23880 7853 -2975 -7456 END
START 21008 5188 23688 8314 -2760 -7987 END
START 20704 5116 23400 8814 -2538 -8571 END
START 20584 5208 23212 9238 -2385 -9097 END
START 20368 5288 23128 9703 -2283 -9658 END
START 20360 5284 22936 10187 -2120 -10241 END
START 20276 5308 22924 10744 -1981 -10817 END
START 20288 5188 22880 11291 -1917 -11438 END
START 20056 5024 22792 11896 -1856 -12017 END
START 19880 4916 22436 12595 -1782 -12657 END
START 19772 4840 21980 13288 -1728 -13307 END
START 19580 4704 21520 13965 -1698 -13907 END
START 19068 4644 20916 14670 -1675 -14622 END
START 18748 4568 20404 15327 -1781 -15268 END
START 18384 4440 19728 15940 -1897 -15842 END
START 18000 4332 18928 16551 -2101 -16508 END
START 17896 4156 18096 17083 -2320 -17147 END
START 17712 4092 17212 17566 -2452 -17750 END
START 17568 4140 16536 17997 -2600 -18433 END
START 17396 3932 15608 18351 -2709 -19082 END
START 17176 4096 14780 18640 -2812 -19703 END
START 16800 3804 13920 18890 -3011 -20406 END
START 16136 3764 13296 19064 -3299 -21079 END
START 15580 3812 12504 19223 -3671 -21687 END
START 14936 3576 11552 19335 -3987 -22259 END
START 14200 3668 10704 19442 -4343 -22773 END
START 13740 3408 9724 19513 -4609 -23235 END
START 13144 3308 8776 19544 -4798 -23602 END
START 12600 3136 7636 19510 -5043 -23917 END
START 11940 3220 6744 19376 -5237 -24218 END
START 11496 3348 5872 19188 -5445 -24475 END
START 10896 3324 5008 18898 -5629 -24664 END
START 10504 3336 4096 18527 -5800 -24837 END
START 10092 3372 2944 18067 -5938 -24959 END
START 9552 3324 2176 17505 -6026 -25069 END
START 9236 3388 1432 16872 -6103 -25166 END
START 8680 3420 604 16218 -6170 -25226 END
START 8148 3320 4 15531 -6260 -25249 END
START 7620 3140 -580 14898 -6343 -25173 END
START 7064 2960 -1400 14203 -6455 -25038 END
START 6440 2792 -2428 13495 -6525 -24829 END
START 6072 3028 -3216 12700 -6631 -24557 END
START 5440 3084 -4144 11786 -6671 -24276 END
START 4952 3260 -4944 10821 -6758 -24014 END
START 4428 3460 -5688 9720 -6945 -23702 END
START 3928 3656 -6268 8521 -7101 -23432 END
START 3436 3772 -6688 7239 -7207 -23114 END
START 3240 4044 -7032 5867 -7384 -22863 END
START 3132 4052 -7272 4457 -7390 -22611 END
START 3276 3776 -7548 3134 -7304 -22365 END
START 3256 3680 -7496 1751 -7105 -22173 END
START 3228 3452 -7252 501 -6777 -21990 END
START 3224 3308 -7112 -688 -6379 -21826 END
START 2912 3236 -6860 -1694 -5992 -21660 END
START 2736 3132 -6664 -2647 -5536 -21517 END
START 2676 2968 -6428 -3538 -4993 -21378 END
START 2596 2844 -6368 -4379 -4386 -21291 END
START 2336 2708 -6244 -5166 -3650 -21203 END
START 2084 2772 -6424 -5912 -2913 -21136 END
START 1772 2636 -6336 -6677 -2093 -21036 END
START 1320 2604 -6372 -7495 -1394 -20958 END
START 812 2240 -6124 -8239 -749 -20893 END
START 184 2044 -6236 -8934 -286 -20694 END
START -456 1716 -6236 -9602 39 -20519 END
START -892 1684 -6172 -10163 175 -20310 END
START -1440 1536 -6300 -10819 257 -20040 END
START -1920 1424 -6300 -11473 217 -19757 END
START -2316 1360 -6408 -12132 67 -19447 END
START -2780 1208 -6256 -12797 -158 -19141 END
START -3324 1268 -6184 -13540 -465 -18805 END
START -3984 988 -6144 -14113 -875 -18412 END
START -4352 980 -6300 -14860 -1327 -17959 END
START -4608 904 -6260 -15467 -1807 -17487 END
START -4684 664 -6316 -16136 -2323 -17007 END
START -4904 712 -6436 -16907 -2775 -16575 END
START -4828 704 -6404 -17694 -3231 -16128 END
START -4784 512 -6520 -18516 -3576 -15679 END
START -4928 376 -6260 -19358 -3885 -15278 END
START -4884 160 -6072 -20208 -4093 -14821 END
START -5008 108 -6000 -21049 -4211 -14343 END
START -5224 -180 -5736 -21882 -4292 -13875 END
START -5452 -356 -5536 -22769 -4178 -13318 END
START -5680 -304 -5252 -23629 -4093 -12779 END
START -5860 -304 -4784 -24532 -3878 -12198 END
START -6136 -264 -3980 -25482 -3593 -11585 END
START -6032 -344 -3460 -26328 -3147 -10980 END
START -5884 -500 -2736 -27127 -2569 -10407 END
START -5928 -888 -2300 -27816 -1906 -9819 END
START -5888 -1080 -1816 -28450 -1207 -9256 END
START -5916 -1212 -1144 -29051 -396 -8625 END
START -5892 -1220 -632 -29594 399 -8075 END
START -5676 -1204 -184 -30141 1221 -7487 END
START -5416 -1192 236 -30721 2001 -7011 END
START -5116 -1192 848 -31295 2807 -6605 END
START -4984 -1448 1400 -31877 3595 -6249 END
START -4820 -1460 2008 -32408 4290 -5905 END
START -4844 -1564 2820 -32768 4945 -5615 END
START -5000 -1828 3636 -32768 5409 -5332 END
START -4960 -1984 4608 -32768 5810 -5020 END
START -5424 -2000 5520 -32768 5950 -4752 END
START -5480 -2112 6388 -32768 6010 -4420 END
START -5668 -2028 7324 -32768 5888 -4120 END
START -5712 -1840 7976 -32768 5698 -3844 END
START -5620 -1772 8940 -32768 5426 -3621 END
START -5380 -1480 9808 -32768 5232 -3442 END
START -5348 -1412 10180 -32768 5035 -3317 END
START -5236 -1308 10716 -32768 4875 -3203 END
START -4976 -1188 11372 -32768 4778 -3077 END
START -4860 -1068 11772 -32768 4754 -2928 END
START -4532 -876 12556 -32768 4890 -2792 END
START -4368 -752 13072 -32768 5143 -2686 END
START -4276 -788 13676 -32768 5482 -2662 END
START -4188 -748 14448 -32768 5933 -2561 END
START -4340 -540 15504 -32768 6362 -2549 END
START -4960 -532 16536 -32768 6682 -2427 END
START -5272 -288 17728 -32768 7003 -2259 END
START -5368 -212 18376 -32768 7257 -2047 END
START -5716 -196 19404 -32498 7505 -1818 END
START -5944 52 20380 -32017 7655 -1565 END
START -6200 300 20848 -31551 7839 -1287 END
START -6452 536 21632 -31076 7994 -965 END
START -6628 868 22372 -30569 8142 -697 END
START -6832 1036 23200 -30135 8210 -414 END
START -6840 1040 23904 -29608 8214 -114 END
START -7120 936 24708 -29113 8069 162 END
START -7336 952 25684 -28580 7787 433 END
START -7436 904 26436 -27957 7414 760 END
START -7252 948 26924 -27435 7136 1046 END
START -6840 1132 27300 -26880 6942 1278 END
START -6148 1212 28244 -26360 6865 1423 END
START -5372 1236 28748 -25849 6915 1507 END
START -4632 1480 29596 -25322 7090 1441 END
START -3964 1444 30232 -24805 7291 1298 END
START -3424 1472 30924 -24218 7517 1080 END
START -3304 1320 31576 -23485 7669 786 END
START -3260 1392 32252 -22771 7723 490 END
START -3636 1404 32767 -21985 7569 228 END
START -3744 1480 32767 -21180 7314 -48 END
START -4224 1600 32767 -20430 6900 -223 END
START -4504 1756 32767 -19679 6406 -309 END
START -4844 1904 32767 -19001 5844 -454 END
START -5324 1988 32767 -18342 5204 -455 END
START -5744 2064 32767 -17711 4447 -401 END
START -5912 2280 32767 -17073 3775 -303 END
START -5784 2368 32767 -16414 3139 -137 END
START -5604 2412 32767 -15785 2703 45 END
START -5212 2496 32767 -15086 2430 193 END
START -4976 2648 32767 -14360 2334 317 END
START -4740 2504 32767 -13725 2311 502 END
START -4600 2500 32767 -12952 2305 658 END
START -4336 2440 32767 -12078 2365 803 END
START -3820 2316 32767 -11196 2320 955 END
START -3292 2468 32767 -10278 2374 1013 END
START -2424 2572 32767 -9373 2515 997 END
START -2052 2624 32767 -8479 2629 866 END
START -1416 2648 32767 -7650 2801 647 END
START -964 2796 32767 -6805 2920 347 END
START -760 2848 32767 -5981 2927 66 END
START -524 2892 32767 -5201 2964 -321 END
START -348 2912 32767 -4470 2869 -664 END
START -68 2924 32767 -3672 2805 -1050 END
START 12 2908 32767 -2885 2730 -1462 END
START -48 2812 32767 -2194 2611 -1895 END
START -304 2724 32767 -1442 2510 -2332 END
START -520 2592 32767 -717 2299 -2727 END
START -812 2412 32767 80 2031 -3084 END
START -1268 2272 32767 828 1725 -3355 END
START -1556 2064 32767 1519 1483 -3551 END
START -1856 1964 32767 2251 1225 -3726 END
START -1992 1836 32767 2894 1027 -3822 END
START -1912 1704 32767 3566 878 -3939 END
START -1968 1472 32767 4193 718 -4044 END
START -2056 1196 32767 4841 550 -4180 END
START -1900 1000 32767 5552 364 -4359 END
START -1984 784 32767 6256 270 -4521 END
START -2144 628 32767 6997 236 -4722 END
START -2336 468 32767 7849 227 -4874 END
START -2540 248 32767 8639 292 -5043 END
START -2864 132 32767 9555 374 -5116 END
START -3432 68 32767 10514 558 -5111 END
START -4052 -256 32767 11417 656 -5009 END
START -4828 -416 32767 12319 707 -4906 END
START -5520 -564 32767 13230 729 -4626 END
START -6088 -748 32767 14162 694 -4357 END
START -6828 -856 32767 15093 575 -4005 END
START -7532 -956 32767 15995 482 -3543 END
START -7944 -1228 32688 16893 308 -3003 END
START -8252 -1376 32112 17826 128 -2502 END
START -8452 -1440 31200 18668 -45 -1958 END
START -8652 -1580 30332 19523 -219 -1376 END
START -8808 -1624 29224 20300 -425 -761 END
START -8984 -1812 28384 20994 -622 -170 END
START -9016 -2004 27396 21599 -739 466 END
START -9008 -2028 26352 22142 -823 1068 END
START -9112 -2060 25656 22593 -938 1695 END
START -9036 -2132 24600 22993 -968 2315 END
START -8896 -2180 23612 23294 -1017 2938 END
START -8920 -2256 22904 23549 -1020 3538 END
START -8800 -2188 21820 23717 -1011 4116 END
START -8580 -2360 20632 23861 -1004 4702 END
START -8448 -2176 19900 23904 -986 5283 END
START -8604 -2196 19004 23930 -936 5834 END
START -8444 -2060 18568 23937 -863 6335 END
START -8432 -2020 17908 23886 -778 6865 END
START -8524 -2044 17084 23834 -619 7454 END
START -8380 -1948 16536 23739 -447 8036 END
START -8316 -1956 15988 23586 -372 8585 END
START -8364 -1864 15172 23413 -246 9104 END
START -8268 -1828 14716 23205 -140 9650 END
START -8240 -1756 14112 23042 -50 10153 END
START -8160 -1684 13628 22855 63 10688 END
START -8140 -1676 13240 22699 127 11223 END
START -8248 -1740 12620 22511 148 11741 END
START -8216 -1820 12288 22326 210 12349 END
START -7948 -1756 11776 22124 296 12586 END
START -7884 -1752 11292 21985 427 13261 END
START -7956 -1628 10732 21815 578 13841 END
START -7976 -1484 10324 21649 809 14444 END
START -7816 -1524 9512 21492 1009 14979 END
START -7800 -1636 8948 21288 1173 15645 END
START -7920 -1516 8220 21079 1331 16312 END
START -7984 -1460 7408 20798 1395 16993 END
START -7880 -1344 6524 20477 1403 17690 END
START -8000 -1168 5944 20080 1357 18398 END
START -7980 -1064 5176 19651 1231 19135 END
START -7924 -904 4500 19171 1025 19867 END
START -7968 -936 3936 18637 744 20609 END
START -8024 -984 3340 18088 346 21389 END
START -8020 -1024 2780 17545 -68 22206 END
START -7964 -956 2052 16941 -534 23058 END
START -7756 -1056 1360 16374 -1020 23937 END
START -7420 -868 568 15695 -1471 24789 END
START -6876 -804 4 15018 -1835 25547 END
START -6300 -692 -728 14238 -2121 26244 END
START -5580 -672 -964 13370 -2264 26874 END
START -4904 -616 -1412 12456 -2333 27517 END
START -4380 -600 -1620 11488 -2298 28029 END
START -3864 -712 -1848 10600 -2186 28526 END
START -3200 -824 -1744 9630 -1864 29054 END
START -2764 -832 -1624 8764 -1501 29538 END
START -2380 -980 -1316 7932 -1065 30061 END
START -2244 -1280 -1324 7253 -597 30595 END
START -1996 -1508 -1140 6632 -173 31175 END
START -1704 -1700 -876 6036 182 31758 END
START -1448 -1732 -656 5550 472 32335 END
START -664 -1792 -828 4958 756 32767 END
START 4 -1732 -700 4372 1019 32767 END
START 1052 -1696 -604 3820 1254 32767 END
START 2280 -1732 -288 3262 1522 32767 END
START 3624 -1752 -236 2758 1761 32767 END
START 4916 -1652 156 2278 1954 32767 END
START 6312 -1472 192 1876 1965 32767 END
START 7816 -1440 556 1511 1970 32767 END
START 9112 -1076 740 1122 1817 32767 END
START 10432 -720 1232 768 1649 32767 END
START 11036 -648 1192 421 1478 32532 END
START 12024 -524 1216 70 1247 31692 END
START 12972 -176 912 -279 1080 30863 END
START 13828 52 972 -636 942 30030 END
START 14700 236 892 -1071 877 29231 END
START 15576 560 492 -1537 815 28382 END
START 16164 880 804 -2049 703 27486 END
START 16680 1160 656 -2592 574 26532 END
START 16944 1404 904 -3070 394 25589 END
START 17232 1436 948 -3567 110 24607 END
START 17644 1568 680 -4015 -228 23664 END
START 18088 1864 712 -4495 -478 22771 END
START 18664 2148 704 -5045 -680 21801 END
START 19220 2484 560 -5685 -829 20873 END
START 19824 2856 804 -6411 -926 19883 END
START 20328 3104 924 -7179 -962 18878 END
START 20848 3036 1388 -7879 -951 17853 END
START 21040 3128 1944 -8593 -869 16762 END
START 21164 3152 2668 -9224 -820 15728 END
START 21288 3124 3400 -9664 -717 14719 END
START 21500 3156 4196 -10053 -510 13814 END
START 21512 3088 4772 -10289 -231 12941 END
START 21460 3048 5216 -10509 79 12376 END
START 21544 3112 5524 -10611 379 11475 END
START 21684 3124 5636 -10732 702 10808 END
START 21968 3196 6024 -10870 1065 10107 END
START 22476 3288 6128 -11087 1407 9396 END
START 22868 3464 6472 -11409 1813 8632 END
START 23940 3712 6816 -11733 2317 7859 END
START 24976 3924 7644 -12106 2922 6955 END
START 26308 4016 8140 -12408 3551 5927 END
START 27564 4036 8732 -12578 4300 4687 END
START 28512 4104 9432 -12615 5008 3390 END
START 29248 4136 10036 -12506 5682 1839 END
START 29672 4028 10504 -12316 6180 187 END
START 29784 3972 10876 -12058 6601 -1619 END
START 29444 4004 11012 -11770 6782 -3498 END
START 28936 4060 11160 -11574 6683 -5253 END
START 28424 3828 10840 -11489 6406 -6920 END
START 28000 3512 10544 -11446 5969 -8547 END
START 27836 3312 10028 -11560 5580 -10078 END
START 27636 3052 9688 -11827 5080 -11600 END
START 27528 2952 9504 -12235 4652 -13081 END
START 27520 2916 9432 -12754 4224 -14653 END
START 27204 2860 10028 -13262 3723 -16186 END
START 26996 2848 10400 -13816 3368 -17769 END
START 26632 2584 10972 -14318 2973 -19291 END
START 26192 2356 11784 -14511 2616 -20797 END
START 25408 2016 12736 -14728 2285 -22226 END
START 24440 1756 13908 -14654 1893 -23597 END
START 23856 1272 14888 -14621 1536 -24889 END
START 22916 960 15548 -14590 1186 -26051 END
START 22100 808 16204 -14526 903 -27217 END
START 21172 484 16700 -14204 692 -28231 END
START 20032 344 17060 -13813 484 -29179 END
START 19000 164 17380 -13496 293 -30001 END
START 18164 -8 17604 -13238 171 -30748 END
START 17216 -88 17764 -12937 42 -31450 END
START 16372 -332 17692 -12729 46 -32069 END
START 15608 -488 17904 -12484 61 -32656 END
START 15200 -604 17692 -12366 170 -32768 END
START 14912 -684 17884 -12244 398 -32768 END
START 14628 -736 17964 -12221 795 -32768 END
START 14292 -784 18028 -12237 1200 -32768 END
START 14040 -968 18344 -12322 1710 -32768 END
START 13776 -964 18844 -12421 2169 -32768 END
START 13192 -1204 19428 -12499 2605 -32768 END
START 12488 -1584 19884 -12594 3003 -32768 END
START 11684 -1924 20580 -12547 3388 -32768 END
START 10628 -2304 21332 -12393 3641 -32768 END
START 9376 -2760 21824 -12178 3883 -32768 END
START 7996 -3204 22252 -11896 4068 -32768 END
START 6740 -3612 22780 -11559 4249 -32768 END
START 5284 -3948 22944 -11228 4383 -32768 END
START 3752 -4384 23304 -10842 4428 -32768 END
START 1612 -4844 23788 -10424 4386 -32768 END
START -36 -5064 24228 -10086 4236 -32768 END
START -1596 -5232 24584 -9678 4006 -32768 END
START -3252 -5448 25108 -9307 3726 -32768 END
START -5132 -5664 25792 -8901 3205 -32768 END
START -6828 -5836 26616 -8453 2492 -32768 END
START -8492 -5968 27560 -7851 1389 -32768 END
START -9828 -5908 28100 -7198 224 -32768 END
START -11564 -6012 29096 -6472 -1077 -32768 END
START -12932 -5892 29872 -5575 -2644 -32768 END
START -14432 -5596 30900 -4544 -4324 -32768 END
START -16800 -6184 31040 -3526 -5595 -32768 END
START -18976 -5892 32508 -2048 -7431 -32768 END
START -20028 -5532 32548 -824 -9157 -32528 END
START -20632 -4840 32472 449 -10930 -30611 END
START -20808 -4376 32120 1701 -12341 -28653 END
START -20868 -4128 32048 2967 -13315 -26736 END
START -21672 -4504 31816 4234 -13991 -24682 END
START -21992 -4176 31560 5532 -14713 -22617 END
START -21920 -3648 30952 6593 -15286 -20622 END
START -21572 -3128 30028 7514 -15670 -18777 END
START -20892 -2508 29108 8406 -15843 -16888 END
START -20140 -2156 28032 9193 -15742 -15110 END
START -19224 -1804 26968 9815 -15390 -13419 END
START -18484 -1732 26020 10320 -14973 -11880 END