START 24236 11800 17564 10104 -1929 3870 END
START 14148 6652 25064 13396 -3673 980 END
START 19240 6208 22396 19292 -4424 -5415 END
START 17716 5300 18644 23330 -5363 -10751 END
START 17076 4188 12380 24391 -3254 -14020 END
START 21484 4348 5360 20544 1312 -19469 END
START 21852 2564 -2012 13285 4438 -26654 END
START 19712 -2232 -2320 6696 7164 -32768 END
START 12560 -6212 -5688 2662 10027 -32768 END
START 5984 -8604 -9984 -2501 9927 -32768 END
START -336 -10492 -12172 -8329 8967 -32768 END
START -4636 -10980 -12724 -13673 4149 -32768 END
START -5668 -11036 -12608 -19108 -1066 -32768 END
START -5800 -10832 -12500 -24970 -3127 -31916 END
START -6964 -10396 -11772 -31961 -990 -28553 END
START -10716 -9612 -8080 -32768 96 -26555 END
START -13644 -10216 -116 -32768 -948 -24077 END
START -13460 -11360 11216 -32768 -71 -22097 END
START -17212 -13192 28172 -32768 1719 -20904 END
START -23836 -13316 32767 -32768 -371 -16960 END
START -26228 -9332 32767 -21277 -1466 -10840 END
START -22828 -4452 32767 -10603 1833 -5379 END
START -19280 820 32767 -2691 5780 -3587 END
START -18636 4504 32767 3437 5382 -4742 END
START -18256 5668 32767 9345 4812 -6875 END
START -21164 3972 32767 14522 5861 -7108 END
START -22828 372 32767 19124 5181 -5283 END
START -22320 -3264 29852 22848 4844 -2906 END
START -23188 -6104 25392 25454 6662 473 END
START -24184 -8180 20492 27079 8716 5628 END
START -23196 -8828 15240 27611 10046 11421 END
START -20928 -9752 10104 27735 12074 16912 END
START -18828 -9532 5024 26610 13013 22558 END
START -18292 -9764 636 24381 10615 27322 END
START -15172 -9984 -4640 20976 7303 32044 END
START -12792 -9840 -7304 15278 4871 32767 END
START -8796 -9532 -8796 8001 3075 32767 END
START -4140 -9884 -7916 2384 877 32767 END
START 632 -8604 -7980 -3557 273 32767 END
START 3084 -8164 -6080 -9146 -1325 32767 END
START 11120 -7736 -3392 -13977 -2864 32767 END
START 19520 -4252 -3040 -18049 -2999 32767 END
START 26848 -820 -2940 -24237 -4696 23780 END
START 25280 -464 -260 -31188 1477 16622 END
START 21072 -2364 2336 -32768 9287 13231 END
START 23328 -4272 10244 -32768 10724 10106 END
START 32767 -1904 24852 -32768 9681 -700 END
START 32767 -848 29448 -29117 7669 -15572 END
START 30204 -2272 32736 -22773 7877 -25541 END
START 25384 -2976 32767 -17658 12719 -31904 END
START 21348 -5488 32767 -12173 18763 -32768 END
START 13384 -8536 32767 -5314 19991 -32768 END
START 436 -11140 32767 1795 13519 -32768 END
START -9844 -16876 32767 9800 4176 -32768 END
START -22592 -21476 32767 19208 -6432 -32768 END
START -31172 -23768 25820 24745 -11967 -32768 END
START -28972 -18548 16036 24286 -11259 -32768 END
START -24640 -13436 8548 17425 -4155 -23036 END