START 21352 6544 -792 9133 1087 19163 END
START 16696 3408 -528 9799 -7550 19055 END
START 16348 3948 10804 10679 -10629 12959 END
START 22276 4688 9168 13309 -8113 4242 END
START 20544 4640 5608 15239 -6035 -2980 END
START 20000 5068 -908 11511 -4169 -8254 END
START 20560 4468 -1856 6601 -266 -12177 END
START 22400 3992 -1644 3787 3066 -17277 END
START 21012 2820 -4296 2711 5507 -23586 END
START 17208 1384 -7152 1711 5654 -28294 END
START 13708 -120 -9724 177 4260 -31811 END
START 11444 -2056 -12612 -2759 3496 -32768 END
START 7696 -4736 -13440 -7442 2006 -32768 END
START 3984 -7584 -12208 -12769 1352 -32768 END
START -840 -11068 -9728 -17731 1135 -32768 END
START -4384 -12632 -7532 -22228 749 -32768 END
START -5440 -13880 -5640 -26795 922 -31057 END
START -6772 -15788 -3936 -30863 935 -27860 END
START -6688 -17048 -1592 -32768 726 -24779 END
START -5724 -17828 308 -32768 1745 -22854 END
START -4576 -18732 2024 -32768 2173 -23588 END
START -4440 -20424 3596 -32768 1596 -26178 END
START -7984 -22208 6624 -32768 326 -29104 END
START -12608 -22288 10720 -32768 -1622 -29263 END
START -18480 -21544 17484 -32768 -3047 -26854 END
START -19844 -20740 26192 -32768 -2207 -22778 END
START -18436 -20500 32767 -32768 -432 -20310 END
START -17308 -18636 32767 -32768 5245 -20973 END
START -19328 -18212 32767 -29038 11281 -23832 END
START -31884 -19996 32767 -17318 11003 -23806 END
START -32768 -19544 32767 -3043 4724 -16240 END
START -32768 -17876 32767 8576 1793 -6799 END
START -32768 -17180 32767 16251 1744 903 END
START -32768 -16132 32767 20877 2083 6477 END
START -29152 -15212 32767 24338 1688 10553 END
START -25884 -15284 28532 27473 1564 12611 END
START -24572 -16988 24608 29752 1270 15333 END
START -24552 -17896 21020 31460 685 19317 END
START -21996 -18256 17084 32182 268 24070 END
START -18340 -17928 13096 30921 2069 28311 END
START -15720 -17976 9728 29536 3568 31982 END
START -13684 -18068 6368 28408 3355 32767 END
START -10820 -17616 3440 26359 3659 32767 END
START -8048 -15984 -1348 22552 4858 32767 END
START -5584 -15252 -4928 18024 6218 32767 END
START -4680 -14728 -9276 12143 4458 32767 END
START -2112 -13336 -12840 4798 195 32767 END
START 784 -13064 -14772 -2679 -4868 32767 END
START 6644 -11476 -12900 -8659 -5754 32767 END
START 11348 -9972 -9468 -13006 -2056 32767 END
START 17828 -5652 -10516 -16651 3794 32767 END
START 13956 -4944 -12044 -22180 4204 27569 END
START 9056 -7016 -11144 -27363 -4192 24575 END
START 10856 -8796 -5588 -31772 -13841 26167 END
START 21068 -9736 4464 -32096 -17409 27808 END
START 32767 -6284 14476 -30275 -11274 23321 END
START 32767 -816 19712 -27670 659 7907 END
START 32767 428 23016 -25201 7353 -9294 END
START 32767 -676 23716 -22856 11614 -26732 END
START 32767 -4336 24948 -20844 14663 -32768 END
START 32767 -7244 23840 -20166 18088 -32768 END
START 32767 -14636 24256 -20657 23878 -32768 END
START 21076 -25144 24496 -18745 23737 -32768 END
START 3308 -32768 28336 -13817 16876 -32768 END
START -20632 -32768 32767 -2176 2133 -32768 END
START -32448 -32768 32767 10387 -5486 -32768 END