START 24936 12084 7452 4759 597 14461 END
START 18304 6388 10084 8472 -5615 9457 END
START 12900 5932 14744 12573 -10799 5029 END
START 21180 7052 11408 14856 -13232 -1325 END
START 22668 6612 9424 16358 -12394 -10144 END
START 19356 5076 5224 15253 -8263 -15615 END
START 16472 4696 1112 13223 -3159 -17641 END
START 15500 4100 -2512 10021 2720 -19444 END
START 14232 2804 -5816 6877 5661 -21607 END
START 12964 1356 -8692 3846 5165 -24687 END
START 10052 -936 -9064 990 2581 -28063 END
START 5284 -3032 -8508 -486 -300 -29813 END
START 2108 -4488 -8640 -1735 -3850 -29756 END
START 1508 -4984 -9576 -4189 -6676 -28866 END
START 2092 -5244 -11328 -9037 -5315 -28055 END
START 2280 -6516 -11552 -15735 -1841 -28062 END
START -708 -7960 -9828 -21593 -1054 -26921 END
START -940 -8880 -7968 -26607 -2521 -25871 END
START -2076 -10436 -4856 -30640 -4646 -24927 END
START -1340 -11812 -2624 -32768 -5880 -24279 END
START -688 -13816 -64 -32768 -3531 -24953 END
START -2132 -16224 2920 -32768 -1129 -26732 END
START -5292 -19844 7360 -32768 -1555 -28855 END
START -11152 -23340 13068 -32768 -6676 -30662 END
START -16992 -25448 19252 -32768 -14721 -29860 END
START -22504 -26604 28712 -32768 -18884 -25272 END
START -21488 -23876 32767 -32768 -14046 -16196 END
START -18560 -20320 32767 -32768 -5541 -9827 END
START -12008 -17576 32767 -32768 3732 -8193 END
START -13964 -16824 32767 -26339 9362 -10663 END
START -21868 -16612 32767 -13729 5828 -11503 END
START -26144 -15332 32767 -702 2166 -7739 END
START -27056 -14828 32767 8847 1456 -2573 END
START -23772 -14380 32767 16038 748 3106 END
START -18880 -13628 32767 20045 1797 6495 END
START -15204 -13500 32767 22534 3826 9038 END
START -12768 -13900 32767 24862 4557 10627 END
START -10956 -14844 30944 27465 4316 12114 END
START -11020 -15352 27752 29873 4274 13687 END
START -11416 -15864 24472 32368 4034 16843 END
START -10212 -15736 20100 32767 4013 20142 END
START -8620 -15148 15496 32767 5142 23109 END
START -7116 -14060 10476 32767 6087 24724 END
START -6104 -13672 7248 30791 8278 25635 END
START -6728 -12976 4880 27767 10867 26590 END
START -7840 -13196 2660 25362 12566 28417 END
START -8620 -13512 636 22464 12943 30725 END
START -9692 -13624 -692 20245 11841 32767 END
START -9048 -13164 -3440 17713 9432 32767 END
START -7560 -13112 -6960 14800 5646 32767 END
START -5392 -12504 -10464 10074 397 32767 END
START -1492 -12452 -12384 3970 -1861 32767 END
START 2668 -10612 -12804 -4363 684 32767 END
START 5732 -10316 -9940 -11892 7599 32767 END
START 9136 -10372 -4196 -16661 12544 32767 END
START 14820 -7476 -3752 -17678 13143 32767 END
START 17588 -4852 -6040 -21368 9629 32767 END
START 18124 -5104 -3568 -25509 5580 26865 END
START 17440 -5324 660 -28242 1623 21956 END
START 18696 -6844 5288 -29898 -1023 19827 END
START 26360 -5864 12284 -30062 -104 17324 END
START 32424 -4500 14944 -29392 7545 10723 END
START 32767 -3620 17352 -29846 13652 2152 END
START 32767 -3424 21520 -28449 17491 -8309 END
START 31676 -4512 24336 -25899 19399 -18977 END
START 26980 -5996 25932 -23031 20148 -28050 END
START 23064 -7868 28144 -19910 19428 -32768 END
START 19508 -10384 31172 -15400 14810 -32768 END
START 14068 -14104 31440 -10337 7250 -32768 END
START 8248 -17644 30584 -6520 4548 -32768 END
START 3284 -18836 28576 -5338 8271 -32768 END
START -1160 -19908 25860 -6213 14959 -32768 END
START -8392 -24428 26292 -5052 16665 -32768 END
START -19956 -23428 28644 -76 10021 -32768 END
START -22880 -22600 28788 5892 6426 -32768 END
START -28428 -20860 24752 11671 4097 -32768 END
START -30364 -18600 17968 14704 263 -24715 END
START -29436 -15424 12108 13212 -2661 -14298 END