START 8488 8496 2404 -4846 -5403 4066 END
START 8196 1308 -6648 -4228 -4919 4513 END
START 11068 11964 -1256 -7588 -4893 4636 END
START 5776 7220 3092 -7554 -4308 5092 END
START 8124 8312 1200 -8901 -5013 5356 END
START 5808 8312 5320 -9698 -4873 5799 END
START 7572 8660 4576 -10357 -5369 6101 END
START 7256 8072 5904 -10569 -4591 6528 END
START 8132 7692 6320 -10698 -4085 6857 END
START 8708 7704 7424 -10782 -3255 7275 END
START 8584 8088 9496 -11041 -3169 7504 END
START 9992 8320 9040 -11112 -2661 7614 END
START 9680 8616 10804 -11296 -2190 7622 END
START 11160 9052 10708 -11526 -1596 7626 END
START 11060 8808 13140 -11698 -1190 7574 END
START 12380 9084 14000 -11885 -903 7396 END
START 12484 8980 16264 -11868 -732 7195 END
START 13812 9076 16948 -11709 -725 6893 END
START 14680 9060 18628 -11381 -453 6549 END
START 15840 9172 20200 -10903 -456 6033 END
START 16620 9188 21672 -10333 -276 5428 END
START 17620 9276 23224 -9616 -298 4719 END
START 18568 9352 24276 -8831 -258 3833 END
START 19088 9492 25476 -7979 -285 2820 END
START 19668 9408 26500 -7067 -380 1756 END
START 19876 9472 27808 -6233 -600 632 END
START 19940 9412 28276 -5297 -827 -585 END
START 19736 9320 28992 -4424 -1194 -1718 END
START 19316 9152 29496 -3493 -1626 -2931 END
START 18560 9128 30172 -2581 -2174 -4039 END
START 17868 9180 30312 -1748 -2588 -5029 END
START 16828 9064 30772 -959 -3032 -5836 END
START 16000 8912 30912 -238 -3369 -6517 END
START 15308 8880 31320 528 -3600 -7057 END
START 14752 8720 31540 1222 -3747 -7484 END
START 14336 8516 32124 1960 -3777 -7889 END
START 13712 8272 32732 2802 -3734 -8272 END
START 13152 7972 32767 3728 -3755 -8602 END
START 12416 7824 32767 4798 -3856 -8832 END
START 11856 7440 32767 6058 -4032 -9112 END
START 11388 7188 32767 7347 -4204 -9276 END
START 11036 6836 32767 8735 -4447 -9486 END
START 10440 6732 32767 10150 -4754 -9640 END
START 10012 6516 32767 11583 -5164 -9747 END
START 9700 6396 32767 13069 -5604 -9856 END
START 9228 6132 32767 14492 -6070 -9993 END
START 8744 5936 32180 15950 -6640 -10149 END
START 8552 5800 31656 17264 -7259 -10310 END
START 8216 5532 30648 18529 -7858 -10409 END
START 8156 5268 29284 19753 -8278 -10592 END
START 8224 5132 27896 20840 -8450 -10696 END
START 8416 4852 26444 21882 -8276 -10864 END
START 8692 4732 24888 22753 -7935 -11017 END
START 8684 4592 23620 23498 -7508 -11191 END
START 8820 4448 22248 24160 -7018 -11391 END
START 8804 4260 20444 24731 -6479 -11619 END
START 8968 4100 19064 25259 -5882 -11895 END
START 8956 4032 17772 25686 -5203 -12242 END
START 8768 3924 16460 26069 -4596 -12582 END
START 8728 3936 15160 26373 -4018 -12918 END
START 8524 3716 14012 26674 -3560 -13275 END
START 8236 3808 12532 26824 -3212 -13569 END
START 8124 3924 11276 26961 -2930 -13954 END
START 8248 3964 10016 26996 -2738 -14283 END
START 8112 3976 8812 26921 -2764 -14632 END
START 8212 4012 7620 26814 -2894 -15036 END
START 8000 4184 6712 26583 -3234 -15485 END
START 7920 4148 5596 26434 -3783 -15965 END
START 7592 4072 4360 26239 -4510 -16415 END
START 7284 3832 2676 26136 -5387 -16799 END
START 7052 3540 460 25939 -6453 -17142 END
START 6664 3696 -1824 25546 -7607 -17457 END
START 6504 4120 -3956 24880 -8734 -17809 END
START 6352 4736 -6092 23809 -9904 -18153 END
START 6268 5264 -7676 22396 -10980 -18472 END
START 6068 5580 -9480 20583 -12046 -18780 END
START 6012 5824 -10888 18546 -12937 -19054 END
START 6360 5908 -12028 16447 -13535 -19295 END
START 6620 6044 -12852 14133 -13954 -19574 END
START 6484 6044 -13408 11698 -14115 -19879 END
START 6540 6112 -13604 9371 -14076 -20195 END
START 6352 6072 -13176 7007 -13859 -20461 END
START 6140 5892 -12780 4904 -13415 -20746 END
START 5708 5480 -11840 2911 -12682 -20956 END
START 5220 5128 -10820 1272 -11835 -21168 END
START 4644 4716 -9980 -136 -10718 -21294 END
START 3960 4328 -8932 -1209 -9594 -21371 END
START 3164 4124 -8020 -2083 -8422 -21380 END
START 2504 3972 -7112 -2749 -7209 -21263 END
START 1700 3928 -6788 -3322 -6053 -21140 END
START 844 3876 -6260 -3760 -4861 -20959 END
START 284 3748 -6016 -4167 -3835 -20681 END
START -584 3796 -5860 -4567 -2945 -20344 END
START -1072 3756 -5864 -5047 -2173 -19916 END
START -1632 3788 -5680 -5570 -1542 -19468 END
START -2200 3884 -5680 -6051 -1094 -18977 END
START -2528 3780 -5660 -6567 -766 -18416 END
START -2788 3624 -5548 -7020 -552 -17866 END
START -2888 3468 -5540 -7413 -527 -17281 END
START -3032 3456 -5348 -7812 -590 -16746 END
START -3112 3180 -5368 -8220 -802 -16160 END
START -3096 3260 -5456 -8579 -1147 -15713 END
START -3116 3372 -5276 -8960 -1614 -15187 END
START -3008 3224 -5256 -9338 -2173 -14724 END
START -2800 3388 -5276 -9757 -2664 -14296 END
START -2340 3180 -5452 -10213 -3091 -13916 END
START -1772 3132 -5584 -10630 -3412 -13567 END
START -1084 3132 -5508 -11182 -3636 -13348 END
START -476 3088 -5340 -11701 -3829 -13220 END
START -112 3160 -5288 -12265 -3887 -13212 END
START 244 3200 -5608 -12841 -3974 -13226 END
START 456 3192 -5580 -13431 -3943 -13318 END
START 824 3120 -5804 -13978 -3847 -13425 END
START 864 3084 -5524 -14371 -3808 -13544 END
START 904 2864 -5684 -15106 -3719 -13698 END
START 624 2812 -5628 -15950 -3684 -13869 END
START 388 2672 -5488 -16658 -3679 -14008 END
START 208 2544 -5464 -17365 -3670 -14093 END
START 156 2636 -5208 -18117 -3599 -14213 END
START -28 2588 -5124 -18909 -3517 -14289 END
START -264 2388 -4600 -19664 -3330 -14334 END
START -528 2292 -4292 -20426 -3088 -14391 END
START -980 2092 -3932 -21105 -2784 -14379 END
START -1248 1896 -3672 -21801 -2546 -14325 END
START -1548 1688 -3432 -22478 -2260 -14220 END
START -1696 1448 -3272 -23175 -1936 -14120 END
START -1784 1112 -2740 -23914 -1565 -13975 END
START -2324 1016 -2496 -24669 -1208 -13817 END
START -2840 1040 -1996 -25409 -856 -13611 END
START -3364 1096 -1404 -26142 -555 -13350 END
START -4180 1048 -800 -26815 -324 -12972 END
START -4736 1196 -96 -27435 -188 -12477 END
START -5268 1332 264 -28069 -19 -11969 END
START -5676 1408 820 -28575 202 -11433 END
START -6060 1720 1472 -29146 531 -10864 END
START -6452 1952 2328 -29725 807 -10355 END
START -6684 2092 3100 -30269 1110 -9828 END
START -7104 2140 4080 -30687 1383 -9292 END
START -7284 1908 4668 -31005 1636 -8789 END
START -7408 1852 5128 -31253 1823 -8242 END
START -8032 1780 5848 -31476 1991 -7652 END
START -8636 1700 6488 -31640 2058 -7026 END
START -9056 1732 7080 -31756 2153 -6362 END
START -9312 1776 7480 -31921 2235 -5646 END
START -9444 1852 7680 -32162 2543 -4937 END
START -9412 1756 7824 -32426 3028 -4293 END
START -9256 1480 8520 -32666 3460 -3623 END
START -9080 1212 9120 -32768 4025 -2992 END
START -9068 916 9840 -32768 4473 -2327 END
START -8544 736 10988 -32768 4856 -1775 END
START -7640 672 12044 -32768 5230 -1262 END
START -6732 648 13332 -32768 5532 -972 END
START -5912 564 14452 -32768 5789 -833 END
START -5540 420 15716 -32768 5843 -780 END
START -5364 480 16724 -32768 5605 -796 END
START -5088 856 17728 -32768 5352 -906 END
START -4376 1364 18716 -32401 4961 -1093 END
START -3776 1768 19456 -31995 4707 -1397 END
START -3304 2184 20532 -31593 4361 -1835 END
START -3216 2568 21612 -31201 4129 -2308 END
START -3192 2800 22404 -30829 3909 -2794 END
START -3276 2908 23508 -30338 3665 -3250 END
START -3572 2776 24416 -29777 3349 -3704 END
START -3920 2856 25420 -29067 3034 -4123 END
START -4636 2888 26156 -28250 2670 -4433 END
START -5164 2988 26504 -27484 2282 -4676 END
START -5796 3144 27144 -26662 1829 -4810 END
START -6548 3212 27444 -25895 1482 -4932 END
START -7152 3408 27616 -25306 1182 -4883 END
START -7620 3548 27756 -24769 1009 -4740 END
START -7936 3880 28240 -24441 1059 -4495 END
START -8088 4080 28724 -24192 1256 -4240 END
START -7904 4284 29064 -23984 1655 -3934 END
START -7784 4448 29944 -23808 2174 -3692 END
START -7780 4372 30908 -23630 2780 -3461 END
START -7888 4332 32320 -23387 3203 -3278 END
START -7936 4232 32767 -23009 3577 -3156 END
START -7992 4192 32767 -22433 3858 -3063 END
START -7988 4012 32767 -21732 4145 -2981 END
START -8328 3872 32767 -20990 4255 -2904 END
START -8468 3824 32767 -20120 4316 -2827 END
START -8752 3844 32767 -19150 4303 -2750 END
START -9192 3860 32767 -18094 4150 -2601 END
START -9496 3664 32767 -16987 3952 -2446 END
START -9776 3740 32767 -15782 3607 -2324 END
START -10224 3692 32767 -14525 3275 -2163 END
START -10644 3688 32767 -13130 2867 -2035 END
START -10820 3568 32767 -11683 2459 -1837 END
START -11028 3328 32767 -10204 2179 -1647 END
START -11408 3224 32767 -8705 1958 -1418 END
START -11616 3052 32767 -7260 1757 -1189 END
START -11736 2956 32767 -5816 1717 -865 END
START -11684 2840 32767 -4532 1713 -518 END
START -11792 2948 32767 -3364 1781 -107 END
START -11780 2832 32767 -2302 1820 274 END
START -11844 2824 32767 -1366 1822 707 END
START -11936 2708 32767 -410 1646 1066 END
START -11836 2540 32767 504 1414 1408 END
START -11704 2416 32767 1430 1179 1726 END
START -11888 2428 32767 2394 884 2060 END
START -11824 2264 32767 3437 561 2422 END
START -11656 2220 32767 4514 218 2810 END
START -11380 2076 32767 5564 -111 3136 END
START -11052 2004 32767 6585 -321 3471 END
START -10768 1912 32767 7608 -532 3753 END
START -10476 1808 32767 8629 -642 4045 END
START -10324 1752 32767 9657 -747 4321 END
START -10328 1728 32767 10634 -826 4568 END
START -10256 1724 32767 11698 -875 4859 END
START -10240 1652 32767 12705 -938 5179 END
START -10132 1532 32767 13703 -1056 5498 END
START -10284 1388 32767 14696 -1118 5842 END
START -10296 1372 32767 15639 -1208 6196 END
START -10244 1092 32767 16517 -1255 6576 END
START -10340 988 32136 17333 -1310 6963 END
START -10268 948 31172 18100 -1387 7381 END
START -10516 756 30452 18827 -1492 7811 END
START -10476 592 29660 19573 -1614 8308 END
START -10544 448 28876 20303 -1759 8824 END
START -10640 292 28012 21070 -1910 9360 END
START -10620 152 27288 21838 -2109 9888 END
START -10784 -76 26360 22600 -2340 10440 END
START -10756 -240 25424 23253 -2559 11039 END
START -10640 -316 24348 23929 -2739 11660 END
START -10580 -556 23164 24534 -2931 12357 END
START -10572 -544 22032 25129 -3141 12738 END
START -10304 -648 20588 25601 -3263 13496 END
START -9920 -948 19384 25974 -3411 14044 END
START -9760 -1128 18268 26252 -3377 14603 END
START -9444 -1292 17212 26499 -3336 15183 END
START -9264 -1284 16044 26618 -3307 15788 END
START -9252 -1348 14896 26648 -3305 16413 END
START -9096 -1480 14004 26649 -3316 17069 END
START -8844 -1672 12888 26555 -3273 17653 END
START -8576 -1568 11960 26378 -3212 18262 END
START -8336 -1640 10876 26182 -3092 18896 END
START -8336 -1776 9900 25903 -2921 19531 END
START -8124 -1824 8984 25632 -2745 20163 END
START -8100 -1792 8200 25248 -2583 20851 END
START -7864 -1736 7188 24803 -2340 21494 END
START -8084 -1560 6656 24393 -2214 22188 END
START -8032 -1536 6128 23932 -2244 22882 END
START -8324 -1560 5352 23480 -2437 23618 END
START -8244 -1556 4816 22969 -2753 24404 END
START -8056 -1628 4168 22489 -3206 25255 END
START -7800 -1820 3144 22041 -3631 26026 END
START -7484 -1900 1956 21514 -4016 26792 END
START -7256 -1808 856 20959 -4546 27582 END
START -7024 -1744 -352 20185 -5087 28350 END
START -6732 -1804 -1416 19314 -5666 29167 END
START -6156 -1952 -2380 18263 -6331 29969 END
START -5280 -2072 -3360 17149 -6879 30788 END
START -4072 -1988 -4488 15937 -7325 31487 END
START -2500 -1816 -5516 14576 -7465 32095 END
START -76 -1504 -6656 13023 -7296 32532 END
START 1108 -1336 -6804 11506 -6900 32730 END
START 2828 -1176 -7204 9907 -6213 32733 END
START 4440 -1080 -7088 8286 -5440 32534 END
START 5832 -932 -6608 6685 -4527 32166 END
START 7028 -864 -6192 5201 -3594 31677 END
START 7812 -900 -5524 3962 -2723 31089 END
START 8364 -1136 -4912 2955 -2014 30548 END
START 9076 -1308 -4604 2045 -1353 29953 END
START 9552 -904 -4260 1210 -792 29400 END
START 10188 -700 -4028 414 -351 28837 END
START 10488 -464 -3580 -347 -38 28278 END
START 10748 -344 -3076 -1095 85 27674 END
START 10988 -116 -2408 -1779 -83 26976 END
START 11356 -96 -2176 -2381 -332 26342 END
START 12168 -48 -2072 -2804 -613 25643 END
START 12932 132 -2004 -3272 -880 24910 END
START 13708 324 -2120 -3744 -1117 24132 END
START 14156 552 -1780 -4217 -1452 23269 END
START 14400 552 -1656 -4586 -1895 22372 END
START 14696 564 -1548 -4967 -2428 21458 END
START 15088 852 -1572 -5353 -2987 20583 END
START 15792 1204 -1744 -5759 -3440 19655 END
START 16312 1584 -1680 -6262 -3817 18727 END
START 16880 1764 -1536 -6812 -4211 17766 END
START 17336 1976 -1448 -7397 -4470 16774 END
START 17644 2228 -1232 -7993 -4666 15805 END
START 17856 2376 -740 -8612 -4831 14902 END
START 17932 2272 -652 -9126 -4892 14100 END
START 17868 2508 -92 -9598 -4869 13287 END
START 17720 2304 296 -9998 -4785 12821 END
START 17700 2336 640 -10336 -4624 12378 END
START 17768 2440 928 -10660 -4339 11817 END
START 17860 2512 1020 -11030 -3910 11414 END
START 18256 2776 936 -11473 -3383 10987 END
START 18688 2844 1076 -12004 -2738 10583 END
START 19012 2944 1264 -12594 -1991 10157 END
START 19236 3044 1668 -13235 -1172 9700 END
START 19548 3220 1972 -13857 -359 9259 END
START 19640 3268 2272 -14307 371 8836 END
START 19956 3432 2748 -14884 1136 8422 END
START 20640 3596 3332 -15707 1866 7999 END
START 21400 3708 3940 -16266 2576 7499 END
START 22504 3840 4664 -16842 3193 6877 END
START 23672 4076 5600 -17392 3908 6127 END
START 25008 4312 6688 -17806 4440 5131 END
START 25924 4452 7844 -18102 4851 3944 END
START 27164 4412 8712 -18301 5268 2628 END
START 27944 4252 9948 -18386 5597 1171 END
START 28616 4280 10760 -18325 5775 -415 END
START 29028 4400 11856 -18229 5803 -2053 END
START 29356 4700 12504 -18077 5633 -3750 END
START 28996 4752 13700 -17916 5361 -5534 END
START 28696 4932 14112 -17681 4933 -7180 END
START 28240 4812 14968 -17483 4408 -8844 END
START 27696 4820 15160 -17227 3953 -10351 END
START 27076 4828 15552 -16971 3509 -11873 END
START 26432 4836 15744 -16707 3141 -13238 END
START 25872 4688 15812 -16534 2833 -14581 END
START 25248 4624 15696 -16459 2643 -15909 END
START 24708 4476 15900 -16446 2557 -17181 END
START 24168 4316 16116 -16520 2498 -18415 END
START 23620 4256 16284 -16657 2452 -19663 END
START 22872 4036 16320 -16845 2475 -20836 END
START 22296 3856 16512 -17071 2582 -22001 END
START 21944 3668 16712 -17291 2884 -23059 END
START 21180 3472 17156 -17547 3326 -24176 END
START 20732 3348 17212 -17835 3925 -25280 END
START 20180 3248 17700 -18140 4777 -26375 END
START 19664 3004 18140 -18365 5632 -27397 END
START 19180 2780 18876 -18526 6566 -28467 END
START 18584 2452 19808 -18589 7301 -29536 END
START 17884 2228 20444 -18520 7906 -30660 END
START 17252 1684 20940 -18325 8288 -31849 END
START 16336 1296 21476 -18091 8451 -32768 END
START 15560 1048 21696 -17878 8429 -32768 END
START 14580 856 21856 -17646 8314 -32768 END
START 13768 616 22364 -17486 8007 -32768 END
START 13008 284 22608 -17382 7727 -32768 END
START 11972 -248 23504 -17219 7349 -32768 END
START 10676 -816 23964 -16992 6858 -32768 END
START 9428 -1604 24480 -16684 6371 -32768 END
START 7684 -2420 25060 -16186 5714 -32768 END
START 6024 -3156 25524 -15610 5000 -32768 END
START 4156 -3660 26084 -14924 4121 -32768 END
START 2244 -4112 26444 -14618 3249 -32768 END
START 368 -4440 26776 -13795 2305 -32768 END
START -1500 -4464 27088 -13289 1538 -32768 END
START -3268 -4600 27700 -12691 798 -32768 END
START -5000 -4680 28128 -12124 139 -32768 END
START -6696 -4840 28748 -11532 -389 -32768 END
START -8220 -5012 29520 -10858 -835 -32768 END
START -9696 -5104 29896 -10099 -1152 -32768 END
START -11456 -5380 30556 -9277 -1518 -32768 END
START -13108 -5412 31052 -8327 -1864 -32768 END
START -14740 -5460 31468 -7351 -2313 -32768 END
START -16992 -5456 31968 -6236 -2764 -32768 END