START 17208 5148 14440 -2052 -8649 13567 END
START 21660 -2676 -784 79 -7078 13259 END
START 21876 8464 13200 -2662 -7519 12507 END
START 17984 4388 22396 -1707 -7586 12030 END
START 22120 4896 17496 -1964 -7815 11197 END
START 21072 4816 21364 -2016 -7381 10396 END
START 23744 4736 20028 -1972 -7196 9341 END
START 23652 4328 22228 -1648 -6345 8365 END
START 24556 4264 22580 -1353 -6149 7316 END
START 23992 4072 24212 -986 -5694 6334 END
START 23716 4084 25068 -603 -5712 5339 END
START 23856 4340 25376 -219 -5609 4443 END
START 22992 4224 26532 173 -5709 3545 END
START 23212 4264 26532 609 -5792 2772 END
START 22276 3988 27736 1089 -5935 2026 END
START 22584 3924 27756 1586 -6025 1344 END
START 21724 3664 28596 2129 -6195 687 END
START 21744 3576 28408 2708 -6435 73 END
START 21096 3308 28988 3221 -6700 -434 END
START 21256 3324 29152 3814 -6989 -977 END
START 20644 3204 29684 4360 -7299 -1485 END
START 20592 3028 29884 4981 -7657 -2015 END
START 20452 3068 30076 5617 -7871 -2517 END
START 20536 2856 30276 6304 -8112 -2957 END
START 20520 2732 30280 7020 -8238 -3462 END
START 20608 2668 30424 7757 -8342 -3928 END
START 21388 2812 29824 8523 -8246 -4464 END
START 21296 2676 29928 9320 -8104 -5012 END
START 21500 2484 29652 10144 -8020 -5672 END
START 21216 2496 29620 10848 -8026 -6325 END
START 21376 2500 29232 11644 -8027 -7035 END
START 21176 2344 28984 12449 -8022 -7738 END
START 21140 2400 28200 13210 -7993 -8383 END
START 20636 2168 27588 13961 -7933 -9048 END
START 20340 2264 26716 14683 -7817 -9680 END
START 19968 2240 25904 15378 -7685 -10219 END
START 19524 2172 25064 15990 -7493 -10822 END
START 19144 2080 24080 16556 -7313 -11294 END
START 18420 2044 22888 17032 -7066 -11829 END
START 17860 2036 21968 17412 -6877 -12243 END
START 17348 2072 21360 17791 -6719 -12707 END
START 16796 2028 20488 18090 -6596 -13082 END
START 16488 2080 20136 18446 -6448 -13486 END
START 16116 2056 19616 18726 -6307 -13818 END
START 16024 1884 19036 19058 -6232 -14170 END
START 15836 1884 18780 19443 -6161 -14530 END
START 15704 1732 18300 19846 -6169 -14926 END
START 15500 1624 17768 20284 -6239 -15288 END
START 15328 1464 17452 20752 -6351 -15753 END
START 15028 1412 16704 21227 -6563 -16198 END
START 14928 1368 15904 21670 -6735 -16681 END
START 15012 1296 15184 22099 -6841 -17163 END
START 15200 1292 14124 22526 -6754 -17701 END
START 15196 1400 13248 22839 -6587 -18258 END
START 15124 1392 12484 23100 -6321 -18870 END
START 15024 1200 11256 23325 -6024 -19513 END
START 15160 1048 10444 23512 -5586 -20158 END
START 14776 960 9276 23559 -5058 -20785 END
START 14412 1020 8516 23531 -4547 -21412 END
START 13940 932 7284 23467 -4032 -21962 END
START 13488 884 6368 23266 -3592 -22452 END
START 12896 728 5572 23084 -3148 -22902 END
START 12256 588 4456 22846 -2828 -23253 END
START 11444 340 3296 22618 -2599 -23505 END
START 10624 256 2136 22343 -2569 -23641 END
START 9920 292 740 22023 -2580 -23698 END
START 9192 420 -932 21518 -2667 -23683 END
START 8672 656 -2188 20794 -2830 -23619 END
START 8044 860 -3452 19923 -3101 -23520 END
START 7316 1140 -4792 18781 -3498 -23421 END
START 6740 1340 -6260 17516 -4031 -23271 END
START 6364 1508 -7192 16141 -4578 -23149 END
START 5916 1628 -7868 14647 -5180 -23015 END
START 5488 1752 -8604 13100 -5787 -22842 END
START 5004 1816 -8936 11561 -6403 -22655 END
START 4760 1844 -9164 9972 -7095 -22454 END
START 4272 1892 -9188 8502 -7674 -22230 END
START 4136 1872 -9176 7068 -8277 -21970 END
START 3992 1900 -8916 5786 -8775 -21766 END
START 3888 1924 -8628 4509 -9303 -21579 END
START 3792 1936 -8024 3317 -9767 -21440 END
START 3840 1804 -7352 2317 -10174 -21332 END
START 3920 1724 -7032 1434 -10478 -21295 END
START 4012 1656 -6356 666 -10737 -21267 END
START 3972 1504 -5732 36 -10927 -21294 END
START 3916 1368 -5552 -494 -11000 -21344 END
START 4004 1480 -5236 -1016 -10901 -21420 END
START 3940 1408 -5112 -1496 -10619 -21487 END
START 3808 1392 -5160 -1887 -10089 -21539 END
START 3676 1364 -5084 -2272 -9468 -21591 END
START 3360 1380 -5368 -2699 -8659 -21644 END
START 2980 1444 -5608 -3195 -7800 -21631 END
START 2516 1596 -5740 -3702 -6863 -21572 END
START 2000 1684 -5812 -4244 -5968 -21453 END
START 1372 1724 -6124 -4824 -5096 -21313 END
START 904 1768 -6172 -5418 -4214 -21091 END
START 496 1740 -6480 -5900 -3413 -20876 END
START -72 1688 -6620 -6475 -2631 -20589 END
START -452 1656 -6748 -7008 -1930 -20306 END
START -1032 1560 -6740 -7563 -1274 -20006 END
START -1396 1296 -6888 -8142 -762 -19659 END
START -1924 1088 -7044 -8686 -329 -19279 END
START -2640 1112 -7020 -9244 -51 -18826 END
START -3236 1036 -6912 -9773 60 -18346 END
START -3772 1032 -7100 -10345 81 -17799 END
START -4364 1124 -7340 -10790 -23 -17241 END
START -4768 1072 -7444 -11367 -260 -16584 END
START -5116 1044 -7716 -11904 -610 -15944 END
START -5356 1112 -7920 -12526 -1010 -15275 END
START -5488 896 -7956 -13210 -1525 -14644 END
START -5420 1092 -8348 -13948 -1982 -13979 END
START -5548 1060 -8172 -14498 -2436 -13341 END
START -5392 1144 -8072 -15598 -2769 -12698 END
START -5116 1224 -8048 -16493 -3016 -12066 END
START -4856 1176 -7712 -17418 -3155 -11479 END
START -4660 1116 -7092 -18257 -3271 -10940 END
START -4408 1096 -6428 -19083 -3216 -10397 END
START -4168 980 -6020 -19809 -3136 -9887 END
START -3824 1032 -5432 -20446 -2888 -9406 END
START -3512 1000 -5056 -21033 -2588 -8954 END
START -3192 1004 -4536 -21552 -2134 -8557 END
START -2844 888 -4068 -22122 -1607 -8129 END
START -2664 572 -3608 -22608 -1034 -7791 END
START -2448 452 -3532 -23056 -352 -7456 END
START -2404 364 -3432 -23504 339 -7061 END
START -2456 464 -3164 -23971 1013 -6771 END
START -2400 784 -3264 -24563 1840 -6434 END
START -2364 844 -3152 -25182 2648 -6135 END
START -2308 1036 -2984 -25958 3610 -5872 END
START -2380 952 -2820 -26843 4520 -5593 END
START -2624 1016 -2340 -27740 5355 -5296 END
START -2768 800 -1696 -28648 6153 -4984 END
START -3020 588 -1052 -29465 6815 -4689 END
START -3384 472 -300 -30284 7427 -4367 END
START -3400 468 108 -30980 7893 -4037 END
START -3680 200 888 -31530 8271 -3726 END
START -3880 224 1524 -32132 8691 -3396 END
START -3808 236 2368 -32598 9024 -3107 END
START -3844 144 3500 -32768 9248 -2828 END
START -3792 52 4200 -32768 9518 -2618 END
START -3676 -24 5228 -32768 9686 -2410 END
START -3708 -236 6120 -32768 9819 -2195 END
START -3920 -584 7200 -32768 9798 -2011 END
START -4452 -1088 8072 -32768 9530 -1742 END
START -4844 -1276 8668 -32768 8998 -1473 END
START -4944 -1236 8732 -32768 8465 -1085 END
START -4712 -912 8592 -32768 8003 -735 END
START -4156 -376 8512 -32768 7663 -547 END
START -3560 -24 8680 -32768 7434 -499 END
START -3328 76 8676 -32768 7378 -544 END
START -3048 196 9204 -32768 7397 -692 END
START -2872 256 9892 -32768 7448 -816 END
START -2876 304 10860 -32768 7666 -911 END
START -2972 40 11804 -32768 8032 -999 END
START -2888 80 12856 -32768 8575 -1024 END
START -2968 -44 13872 -32768 9361 -1052 END
START -3236 -196 15096 -32768 10186 -1089 END
START -3428 -468 16220 -32768 11075 -1140 END
START -3836 -564 17436 -32768 11925 -1157 END
START -4108 -744 18660 -32768 12979 -1199 END
START -4484 -612 19700 -32768 13596 -1242 END
START -5012 -712 20972 -32768 14319 -1210 END
START -5736 -972 22836 -32768 14659 -1162 END
START -6740 -1340 24176 -32768 14634 -946 END
START -7388 -1728 25132 -32768 14509 -657 END
START -7420 -1996 25828 -32768 14458 -345 END
START -7508 -1908 26556 -32768 14390 -134 END
START -7120 -1608 26824 -32768 14603 -47 END
START -7360 -1352 27660 -32768 14744 -22 END
START -7532 -1156 28228 -32768 14876 56 END
START -8108 -1152 29272 -32768 14955 155 END
START -8956 -1400 30388 -32768 14747 334 END
START -9800 -1812 31380 -32768 14314 714 END
START -10204 -1784 32276 -32768 13587 1131 END
START -10564 -1864 32767 -32406 13179 1680 END
START -10516 -1620 32767 -31630 12296 2068 END
START -10120 -1408 32767 -30816 11567 2446 END
START -10068 -1172 32767 -29898 10782 2772 END
START -9988 -1048 32767 -29003 9910 3019 END
START -9976 -812 32767 -28033 9041 3330 END
START -9400 -840 32767 -26880 8157 3611 END
START -8620 -1100 32767 -25459 7467 3891 END
START -8352 -1052 32767 -23744 6940 4110 END
START -7692 -904 32767 -21872 6391 4364 END
START -6960 -1288 32767 -19975 6007 4545 END
START -6292 -1176 32767 -17948 5545 4720 END
START -5540 -1028 32767 -15983 5124 4851 END
START -5004 -748 32767 -14119 4624 4937 END
START -4188 -408 32767 -12387 4181 4940 END
START -3240 -44 32767 -10758 3705 4848 END
START -2512 536 32767 -9423 3357 4636 END
START -1636 932 32767 -8234 2965 4312 END
START -856 1452 32767 -7284 2715 3908 END
START -404 1600 32767 -6518 2502 3496 END
START -84 1884 32767 -5890 2307 3084 END
START 336 2092 32767 -5306 2166 2690 END
START 864 2308 32767 -4791 1966 2360 END
START 1044 2236 32767 -4245 1637 1913 END
START 5604 4072 32767 -5744 2843 278 END
START 9880 11088 32767 -12679 6107 -1122 END
START 6144 6840 32767 -15961 4194 -2222 END
START 3324 -1812 32767 -14987 780 -2314 END
START 1956 -6664 32767 -10715 -4111 -1293 END
START 4860 -8640 32767 -4025 -5939 -120 END
START 6620 -6424 32767 4312 -4972 588 END
START 7480 -2188 32767 11664 -3092 900 END
START 7008 2060 32767 17738 -1026 643 END
START 6220 3888 32767 21540 669 -188 END
START 6020 5824 31020 22855 2161 -1681 END
START 4572 8956 28032 21446 2881 -3310 END
START 2168 9392 26212 19223 2209 -4518 END
START 436 7756 24572 16978 449 -5181 END
START -448 5552 22412 15097 -1487 -5399 END
START -1024 4116 20480 13522 -3196 -5330 END
START -1252 3584 19028 12459 -4368 -5056 END
START -912 3868 18752 11749 -5134 -4716 END
START -412 4348 18864 11139 -5675 -4488 END
START 344 4432 18964 10467 -5940 -4430 END
START 1232 4320 19016 9872 -5768 -4623 END
START 1764 4032 19876 9338 -5279 -5058 END
START 1880 3856 20360 8959 -4435 -5471 END
START 1864 3748 21044 8781 -3555 -5846 END
START 740 3364 21868 8791 -2574 -6108 END
START 160 2912 22080 8934 -1566 -6200 END
START -1324 2636 22340 9191 -714 -6079 END
START -2364 2324 22308 9465 -47 -5815 END
START -3432 2200 21836 9698 400 -5487 END
START -4448 2136 21516 9854 728 -5008 END
START -4828 2044 20936 9999 914 -4521 END
START -5560 1724 20672 10146 987 -4044 END
START -6008 1636 20412 10287 925 -3553 END
START -6320 1556 20008 10392 820 -3006 END
START -6452 1324 19604 10607 696 -2547 END
START -6372 1152 19080 10741 644 -2069 END
START -6308 964 18928 10972 668 -1637 END
START -6444 804 18452 11084 777 -1260 END
START -6336 556 17892 11154 1019 -834 END
START -6300 356 17412 11249 1422 -502 END
START -6372 124 17012 11236 1926 -93 END
START -6844 -88 16528 11217 2415 384 END
START -7272 -208 15768 11202 2953 908 END
START -7748 -460 15716 11124 3407 1434 END
START -8136 -640 15160 11023 3845 2063 END
START -8748 -784 14720 10925 4139 2702 END
START -9304 -744 14576 10772 4260 3396 END
START -9668 -928 14608 10607 4208 4071 END
START -10144 -908 14372 10498 3953 4824 END
START -10664 -1200 14476 10446 3465 5597 END
START -11032 -1396 14404 10539 2872 6433 END
START -11128 -1420 14064 10645 2259 7242 END
START -11284 -1412 13752 10817 1659 8059 END
START -11180 -1480 13404 10863 1102 8869 END
START -11004 -1496 13172 10931 594 9685 END
START -10988 -1508 13012 10937 191 10403 END
START -11000 -1472 12984 10881 -175 11142 END
START -10784 -1512 12764 10909 -518 11891 END
START -10584 -1620 12816 10946 -762 12709 END
START -10392 -1804 12756 11031 -975 13097 END
START -10300 -2192 12612 11166 -1195 13940 END
START -10344 -2184 13004 11348 -1446 14584 END
START -10428 -2200 13340 11586 -1787 15269 END
START -10340 -2328 13424 11850 -2158 15901 END
START -10196 -2472 13656 12167 -2575 16539 END
START -10420 -2500 13648 12547 -3042 17145 END
START -10852 -2652 13396 13000 -3282 17831 END
START -11164 -2712 13528 13392 -3584 18693 END
START -11056 -3116 13844 13852 -3928 19612 END
START -10700 -3068 13968 14209 -4427 20515 END
START -10340 -3256 13248 14661 -4579 21304 END
START -10168 -3084 13064 15132 -4606 22181 END
START -9676 -3072 12944 15601 -4500 23055 END
START -9240 -3132 12736 16048 -4306 23818 END
START -8924 -3252 12204 16437 -4086 24612 END
START -8640 -3136 11844 16708 -3918 25312 END
START -8168 -3260 11504 16967 -3768 25981 END
START -7720 -3344 11100 17124 -3665 26611 END
START -7512 -3252 10760 17296 -3672 27263 END
START -7512 -3508 10444 17466 -3775 27898 END
START -7312 -3796 9760 17689 -4044 28619 END
START -7220 -4116 8888 17981 -4474 29384 END
START -7168 -4288 7736 18277 -5092 30229 END
START -6988 -4312 6336 18485 -5741 31131 END
START -6648 -3676 4548 18350 -6479 32014 END
START -5948 -3484 3196 18008 -7131 32767 END
START -4696 -3404 1748 17380 -7718 32767 END
START -3904 -3472 576 16415 -8073 32767 END
START -3032 -3620 -384 15324 -8333 32767 END
START -2408 -3636 -984 14187 -8591 32767 END
START -1780 -3512 -1428 13016 -8727 32767 END
START -972 -3432 -1824 11793 -8726 32767 END
START 312 -3296 -2376 10621 -8517 32767 END
START 1704 -3200 -2396 9439 -8294 32767 END
START 3364 -3156 -2492 8230 -7790 32767 END
START 5276 -2936 -2668 7012 -7122 32767 END
START 7256 -2760 -2636 5769 -6367 32767 END
START 9156 -2540 -2712 4553 -5376 32767 END
START 11212 -2180 -2616 3404 -4357 32767 END
START 12904 -1824 -2356 2165 -3242 32767 END
START 14324 -1396 -2104 891 -2173 32767 END
START 15256 -1064 -1748 -251 -1396 32767 END
START 15940 -960 -1548 -1390 -858 31979 END
START 16644 -492 -1412 -2450 -548 30821 END
START 17248 -204 -1328 -3516 -287 29672 END
START 17936 256 -1056 -4513 -127 28579 END
START 18732 644 -932 -5512 10 27463 END
START 19320 1104 -380 -6456 -20 26311 END
START 20044 1324 368 -7324 -206 25109 END
START 20576 1612 948 -8157 -494 23781 END
START 20924 1428 1412 -8949 -999 22339 END
START 21556 1464 1756 -9490 -1439 20948 END
START 22408 1484 1692 -10017 -1897 19524 END
START 23248 1816 1748 -10578 -2217 18003 END
START 24028 2100 1884 -11173 -2406 16447 END
START 24464 2376 2112 -11926 -2577 14901 END
START 24860 2360 2488 -12688 -2756 13265 END
START 25016 2372 3108 -13474 -2852 11812 END
START 25216 2360 3812 -14222 -2965 10289 END
START 25376 2284 4616 -14917 -2963 8862 END
START 25552 2292 5448 -15606 -2841 7473 END
START 25676 2244 6424 -16045 -2651 6217 END
START 25704 1912 7132 -16323 -2368 5022 END
START 25564 1560 7724 -16404 -1864 3847 END
START 25352 1248 8156 -16415 -1243 2773 END
START 25296 1236 8388 -16354 -569 1764 END
START 25432 1552 8644 -16362 107 750 END
START 25752 1808 8340 -16538 891 -244 END
START 26036 1852 8340 -16828 1808 -1253 END
START 26224 1776 8344 -17216 2831 -2290 END
START 26260 1656 8608 -17610 3912 -3383 END
START 26176 1732 8964 -17969 4964 -4313 END
START 26100 1600 9664 -18306 5908 -5241 END
START 26212 1556 10020 -18568 6779 -6173 END
START 25740 1336 10584 -18759 7538 -7062 END
START 25292 1224 11072 -18794 8101 -7975 END
START 24720 932 11996 -18776 8526 -8881 END
START 24044 884 12240 -18725 8778 -9733 END
START 23380 776 12568 -18706 8916 -10567 END
START 22532 756 13068 -18697 9029 -11358 END
START 21840 780 13144 -18659 8986 -12093 END
START 21352 708 13644 -18645 8862 -12792 END
START 20844 532 14040 -18602 8654 -13506 END
START 20496 416 14196 -18545 8406 -14224 END
START 20240 196 14608 -18444 8154 -14900 END
START 20088 -268 14800 -18329 7914 -15625 END
START 20168 -236 14912 -18338 7758 -16400 END
START 20460 -136 15140 -18321 7778 -17308 END
START 20900 -240 15228 -18316 7890 -18254 END
START 21452 -368 15488 -18341 8085 -19368 END
START 21888 -436 15672 -18417 8379 -20645 END
START 21956 -580 15968 -18586 8679 -22049 END
START 21700 -732 16256 -18710 8933 -23559 END
START 21012 -968 16724 -18899 9127 -25020 END
START 20120 -1036 17700 -18952 9213 -26401 END
START 19556 -1316 18344 -18964 9253 -27691 END
START 18696 -1576 19060 -18803 9324 -28948 END
START 17852 -1960 19896 -18587 9309 -30169 END
START 16808 -2332 20636 -18203 9172 -31330 END
START 15620 -2756 21660 -17717 8906 -32402 END
START 14256 -3104 22400 -17147 8393 -32768 END
START 12832 -3488 22832 -16513 7828 -32768 END
START 10856 -3868 23480 -15880 7187 -32768 END
START 9604 -4088 23660 -15105 6462 -32768 END
START 8332 -4308 23928 -14674 5842 -32768 END
START 7140 -4448 23992 -14303 5241 -32768 END
START 6136 -4536 23892 -13636 4702 -32768 END
START 5084 -4820 24120 -13253 4343 -32768 END
START 4088 -5084 24576 -12862 4134 -32768 END
START 3312 -5228 24836 -12433 4042 -32768 END
START 2468 -5264 25240 -12080 4074 -32768 END
START 1832 -5304 25468 -11774 4237 -32768 END
START 1136 -5588 25964 -11439 4552 -32768 END
START 204 -6196 26468 -10990 4945 -32768 END
START -960 -6576 27036 -10468 5415 -32768 END
START -2304 -6980 27520 -9814 5760 -32768 END
START -3732 -7116 28072 -8964 5846 -32768 END
START -4996 -7400 27920 -8112 5830 -32768 END
START -6164 -7404 27972 -7252 5681 -32757 END
START -7112 -7476 28024 -6494 5408 -31910 END
START -7876 -7344 27828 -5766 5079 -31007 END
START -8388 -7240 28068 -5133 4664 -30217 END
START -9096 -6900 27924 -4569 4174 -29390 END
START -9668 -6780 28180 -4033 3632 -28625 END
START -10252 -6796 28256 -3423 2937 -27822 END
START -10852 -6808 28620 -2755 2271 -27040 END
START -11700 -6924 28736 -1988 1462 -26162 END
START -12392 -6884 28968 -1195 613 -25262 END
START -13300 -6728 29080 -304 -205 -24251 END
START -14060 -6496 28940 509 -899 -23259 END