START 20052 7312 568 318 -1728 24723 END
START 31012 2232 3460 360 -10046 19714 END
START 31100 3344 13124 1033 -12153 10129 END
START 28084 2440 16448 4067 -10205 250 END
START 25316 1872 14488 5417 -6836 -6225 END
START 23100 104 13508 6152 -3687 -11208 END
START 22060 -256 11644 7652 -2617 -14793 END
START 22304 -672 8460 9044 -395 -18730 END
START 20100 -1132 5348 9628 917 -22442 END
START 18960 -1548 3236 9661 205 -25870 END
START 16644 -2004 1520 9507 -926 -29530 END
START 13548 -2848 -676 8508 -1667 -32186 END
START 10104 -3480 -2684 6780 -2830 -32768 END
START 9276 -3844 -4616 3747 -3220 -32768 END
START 8740 -4508 -6092 -753 755 -32768 END
START 6852 -5784 -5912 -4583 5807 -32768 END
START 3072 -7448 -6208 -7255 9026 -32768 END
START -1584 -9308 -7036 -9383 7601 -32768 END
START -5704 -11132 -7396 -11305 2106 -32768 END
START -7696 -12172 -6936 -14530 -3164 -32768 END
START -7848 -12352 -6936 -19295 -2162 -32768 END
START -10576 -13572 -6604 -24585 2213 -32768 END
START -14764 -14116 -5940 -29181 1885 -30282 END
START -15156 -15052 -4448 -32768 -1551 -26695 END
START -12348 -16004 -1912 -32768 -2910 -24110 END
START -12108 -16300 3136 -32768 -2849 -24159 END
START -12952 -17460 9580 -32768 -4173 -24740 END
START -15816 -17452 18988 -32768 -5525 -24974 END
START -17492 -16668 29680 -32768 -6192 -23372 END
START -15892 -15488 32767 -32768 -2365 -22432 END
START -18892 -14880 32767 -31279 1954 -22348 END
START -21452 -13452 32767 -23081 4937 -21382 END
START -24992 -12592 32767 -14889 8048 -19158 END
START -29668 -12728 32767 -6769 8513 -15856 END
START -31580 -12472 32767 1052 4558 -10616 END
START -30492 -11784 32767 7207 2933 -5663 END
START -28196 -10872 32767 11265 4408 -1329 END
START -28240 -10408 32767 14816 4471 3070 END
START -25496 -9928 32624 18132 1859 7560 END
START -21324 -9428 28440 20970 268 10244 END
START -18524 -10340 24668 22548 358 11885 END
START -16884 -10796 22584 23432 1709 12720 END
START -19108 -11784 21180 24975 1349 14115 END
START -18900 -12228 18768 26790 932 17274 END
START -18376 -12548 16180 28460 454 21038 END
START -15820 -13044 12716 29397 12 24960 END
START -12844 -12884 9636 28697 1168 28053 END
START -9852 -11876 5796 25781 5379 30641 END
START -8992 -12072 3260 21700 9579 32767 END
START -12072 -12952 4888 19673 11255 32767 END
START -11032 -11900 -1436 16123 5154 32767 END
START -4652 -11156 -7724 12157 1755 32767 END
START -184 -9412 -10936 5762 526 32767 END
START 1764 -9176 -12232 -1177 2030 32767 END
START 2556 -9036 -13180 -7833 3113 32767 END
START 2972 -9932 -12036 -14080 888 32767 END
START 7564 -11136 -6416 -17030 -2901 32767 END
START 15392 -10436 -3896 -17615 -4444 32767 END
START 22444 -8904 -2180 -19434 -3642 32767 END
START 22360 -9020 -612 -21385 -2134 26685 END
START 22228 -10008 1816 -25332 -3443 23147 END
START 26724 -10756 8192 -27494 -4659 20573 END
START 32767 -9924 14220 -28145 -1423 16283 END
START 32767 -8084 20628 -26072 4285 8297 END
START 32767 -6448 21264 -23263 11290 -3093 END
START 32767 -7432 19568 -21739 16059 -14013 END
START 32767 -8160 19196 -20911 17609 -23466 END
START 30476 -10008 21072 -18842 17850 -31565 END
START 29672 -11752 22588 -16193 17081 -32768 END
START 27580 -12988 22000 -14046 17640 -32768 END
START 22388 -15884 21640 -13703 16535 -32768 END
START 13996 -20004 23092 -12986 14423 -32768 END
START 3456 -25280 25756 -10342 10764 -32768 END
START -12196 -29148 30420 -6441 7488 -32768 END
START -25552 -29264 32767 1200 89 -32768 END
START -30740 -26772 32767 7516 -4237 -32768 END
START -31264 -23436 28656 9857 -839 -31697 END