START 31408 13724 9872 16655 -5061 4614 END
START 27992 8220 4780 15690 -4977 -3283 END
START 22520 7112 5684 15108 -2344 -9671 END
START 17004 4384 6468 14712 -1123 -12763 END
START 19660 3692 4716 15411 321 -15625 END
START 16388 2496 1788 15564 1112 -20624 END
START 14888 636 -4112 13096 -248 -24995 END
START 13276 -1120 -8004 8583 -525 -27595 END
START 10952 -2516 -9400 3828 38 -29459 END
START 7200 -3564 -10056 565 172 -30315 END
START 5276 -4016 -11740 -2624 496 -29903 END
START 6772 -4052 -14036 -8442 2243 -30396 END
START 8072 -5004 -13244 -13906 3008 -32768 END
START 6532 -6916 -12376 -18477 1848 -32768 END
START 2224 -9116 -12272 -23027 -1019 -32768 END
START -148 -10620 -11740 -28026 -4235 -32768 END
START -1272 -12264 -11064 -32768 -5483 -32768 END
START -2008 -15560 -9528 -32768 -3752 -31972 END
START -5940 -19080 -6648 -32768 68 -30105 END
START -9144 -22332 -604 -32768 52 -28208 END
START -12460 -26096 10812 -32768 -2540 -27087 END
START -8692 -30400 25304 -32768 -3669 -27252 END
START -11108 -31840 32767 -32768 226 -30879 END
START -26064 -29916 32767 -32768 -3179 -30261 END
START -28556 -24544 32767 -29771 -6486 -23056 END
START -27752 -21184 32767 -25479 3001 -17589 END
START -32768 -21464 32767 -18595 8900 -13030 END
START -32768 -20268 32767 -5618 4364 -7679 END
START -32768 -18364 32767 6472 135 -3669 END
START -32628 -16968 32767 14768 -1875 878 END
START -30576 -15400 32767 20792 -2944 6414 END
START -24616 -14164 32767 25398 -2837 11356 END
START -19812 -14960 31952 29652 -2634 13981 END
START -16744 -15236 26460 32680 -2603 15579 END
START -14548 -15832 22260 32767 -2355 16753 END
START -14988 -16220 18768 32767 -1457 19158 END
START -15100 -16472 15820 32767 -513 22981 END
START -14656 -16284 11268 32767 -67 26560 END
START -12884 -16232 6196 32767 263 29909 END
START -11636 -16052 2404 32163 558 32767 END
START -10348 -15088 -1672 28701 1089 32767 END
START -8200 -13788 -5072 23845 2939 32767 END
START -6396 -12804 -8124 18043 3943 32767 END
START -5560 -12456 -11912 10911 1840 32767 END
START -3424 -12780 -13672 3700 -1209 32767 END
START 616 -11940 -15536 -4027 -4326 32767 END
START 4988 -12064 -13472 -10473 -2775 32767 END
START 13560 -10512 -11824 -16674 5006 32767 END
START 13644 -9404 -10500 -21692 13092 32767 END
START 13948 -9612 -11784 -26501 11047 30470 END
START 14980 -10148 -9368 -30343 4224 26578 END
START 23972 -10700 -2612 -32768 -3318 22397 END
START 32767 -8960 7768 -32768 -6111 14457 END
START 32767 -5896 16376 -31242 -2128 2657 END
START 32767 -4708 17864 -29415 8323 -12678 END
START 32767 -6280 19164 -29113 18023 -26450 END
START 32767 -8612 22096 -28403 26064 -32768 END
START 32767 -14756 24116 -26866 30420 -32768 END
START 19164 -22424 29092 -22039 23180 -32768 END
START 976 -30536 32767 -10272 7558 -32768 END
START -10012 -31100 32767 116 -7008 -32768 END