START 12248 2620 -18268 3610 4907 4209 END
START 5960 -1456 -21992 148 -1384 3620 END
START -492 -2416 -17228 -4714 -9547 4182 END
START -144 -2852 -16164 -9657 -8652 5547 END
START 4712 -3192 -18396 -15256 -4990 4415 END
START 1076 -5012 -16848 -21868 1405 5660 END
START 1400 -7100 -15948 -27609 2571 6239 END
START 2116 -8372 -15240 -32536 1085 5913 END
START 3468 -9992 -14944 -32768 -1550 3949 END
START 4692 -12636 -10408 -32768 -2428 1697 END
START 2736 -14908 -5000 -32768 246 -330 END
START -748 -16760 1416 -32768 2225 -104 END
START -3488 -17292 9436 -32768 1726 1498 END
START 380 -16944 19180 -32768 382 3351 END
START 6612 -15488 32767 -32768 2813 1157 END
START 10520 -13248 32767 -32768 5630 -5320 END
START 5776 -13072 32767 -32768 7112 -12662 END
START -4852 -14752 32767 -32768 -225 -13814 END
START -4960 -12540 32767 -22008 -2888 -11364 END
START -5520 -9496 32767 -12536 4920 -7547 END
START -5148 -6148 32767 -5673 12213 -4095 END
START -1848 -2832 32767 572 12145 -2402 END
START 1268 -828 32767 5617 9096 -3635 END
START 936 -556 32767 9915 4389 -4983 END
START 1192 -788 32767 13350 494 -5590 END
START 1508 -1548 28180 15585 -995 -5882 END
START 3292 -1188 22344 16089 -813 -6556 END
START 4960 -1352 17064 16081 1088 -7053 END
START 6788 -688 12580 14379 1661 -7858 END
START 10780 108 10264 12209 1434 -9538 END
START 16412 1800 9516 9420 2136 -14357 END
START 16796 3656 7636 5800 1861 -21057 END
START 15888 3304 12572 2452 4778 -28429 END
START 12176 1048 19660 3156 5844 -32768 END
START 9520 -2612 25816 5272 6500 -32768 END
START 3580 -8692 29740 6743 8508 -32768 END
START -10216 -17524 32767 8878 8915 -32768 END
START -31060 -24664 32767 17931 6023 -32768 END
START -32768 -24992 32767 31463 8663 -26158 END
START -32768 -24616 32767 32767 12931 -7512 END
START -26992 -22880 21424 32767 11931 5098 END
START -20716 -20172 8788 32767 7186 11623 END
START -16344 -16464 -556 32767 5613 15539 END
START -16428 -14020 -6260 31030 8664 21019 END
START -15596 -12156 -9404 23430 8535 28058 END
START -11384 -11008 -13008 17106 6911 32767 END
START -1968 -7848 -19480 9097 7852 32767 END
START 4500 -5340 -24432 -2159 13666 32767 END
START 6664 -3820 -23164 -13314 16152 31196 END
START 10460 -2088 -19516 -20612 13673 25596 END
START 11336 320 -13864 -23372 6347 18826 END
START 10924 2428 -8876 -24919 -1211 14766 END
START 10672 3892 -1620 -28355 -3567 13611 END