START 19344 5672 -16292 -3395 10289 2829 END
START 840 -656 -20016 -11564 8380 1144 END
START -2556 -1120 -15652 -18117 1316 3193 END
START 4192 -980 -14888 -20853 -3784 6992 END
START 7880 -1648 -12604 -23277 673 5298 END
START 6124 -3012 -11468 -25134 3847 4084 END
START 5020 -4232 -11656 -28296 4515 3254 END
START 5916 -5500 -12644 -32433 3659 1814 END
START 5664 -7568 -11772 -32768 2657 -1537 END
START 1340 -10948 -7384 -32768 2080 -2725 END
START -428 -13252 -4092 -32768 626 -2047 END
START -2080 -16180 552 -32768 -766 694 END
START 784 -18332 10492 -32768 -1098 3964 END
START 10308 -17300 24284 -32768 3280 4184 END
START 15296 -14488 32767 -32768 12805 -2001 END
START 8228 -13008 32767 -32768 17902 -9480 END
START 812 -13464 32767 -32768 13660 -12926 END
START -4396 -13116 32767 -32768 6616 -13225 END
START -5048 -11660 32767 -26038 4019 -10807 END
START -2968 -7976 32767 -18375 6543 -9349 END
START -4420 -6716 32767 -11821 8098 -9054 END
START -5452 -4904 32767 -6414 7853 -8401 END
START -3876 -3384 32767 -2428 7296 -7589 END
START 904 -1736 32767 695 9161 -8815 END
START 1544 -936 32767 2798 10252 -10458 END
START 1716 -296 31800 4953 7631 -11287 END
START 4084 372 27300 7327 3262 -12867 END
START 8164 2164 22844 7611 -2778 -15895 END
START 14860 4172 21236 6965 -4240 -21406 END
START 12908 4592 20300 6169 -596 -26763 END
START 15216 2992 16276 3485 5210 -30742 END
START 13080 -2680 17404 -276 8593 -32768 END
START 560 -11132 27820 409 9115 -32768 END
START -9112 -17404 32767 5672 9150 -32768 END
START -20356 -22864 32767 14037 10327 -32561 END
START -25684 -25656 32767 25870 5613 -20816 END
START -21196 -24796 32767 32767 3673 -12347 END
START -19592 -24024 23460 32767 8918 -5777 END
START -20708 -22408 16312 32767 10645 -559 END
START -21628 -20916 10776 32767 10236 4920 END
START -22920 -19108 6196 32767 10387 11851 END
START -22244 -17284 2588 27446 12136 19962 END
START -20152 -15748 104 21439 13360 28296 END
START -16212 -13952 -1100 15682 12677 32767 END
START -10912 -12728 -2552 10397 13034 32767 END
START -6376 -11656 -6004 3787 15355 32767 END
START -736 -11840 -7580 -3216 17938 32767 END
START 7108 -8252 -11336 -10466 18949 32767 END
START 9980 -5272 -13260 -18005 17104 32767 END
START 12140 -4504 -5324 -23218 10998 32767 END
START 20868 -532 -952 -23451 7785 32767 END
START 19776 2100 2100 -25435 9090 24689 END
START 19972 496 8252 -26034 8560 19323 END
START 19220 2668 12720 -25537 9301 15701 END
START 18960 2320 20080 -23980 9886 10366 END