START 3040 6312 -3948 8327 -2129 5268 END
START -6116 4664 5128 5221 -7353 5556 END
START -2040 3624 3880 2301 -6338 5526 END
START 8420 2828 -3320 240 -3925 4979 END
START 4408 2748 -2996 -2866 -2939 3975 END
START 2104 2300 -3628 -6487 -1735 3096 END
START 540 2052 -4792 -10376 -2402 3276 END
START 2400 1604 -4220 -14434 -2849 3163 END
START 2044 1136 -3904 -18190 -1454 3244 END
START 1684 396 -3108 -22393 -855 3375 END
START 2516 -632 -736 -25471 645 2977 END
START 1288 -968 -16 -28280 1987 2531 END
START 352 -1392 1228 -31273 1814 2372 END
START -400 -1520 3340 -32768 678 3388 END
START -696 -2104 6888 -32768 816 4265 END
START 1296 -1940 10312 -32768 1985 5095 END
START 3312 -1560 15696 -32768 5392 4933 END
START 4044 -1936 20912 -32768 8307 3888 END
START 1800 -2204 27276 -32768 8907 2557 END
START -772 -2268 32767 -32768 9243 2410 END
START -1816 -1684 32767 -32731 9476 2250 END
START -3948 -1668 32767 -27795 6940 2780 END
START -4456 -2040 32767 -20663 4442 4268 END
START -4460 -2396 32767 -12527 2011 6191 END
START -3976 -2508 32767 -3956 -682 7607 END
START -2404 -2500 32767 3773 -3907 8426 END
START -600 -2572 32767 10467 -5235 8581 END
START 2028 -2364 32767 16076 -6178 8118 END
START 3700 -1896 32752 20200 -7016 6936 END
START 5236 -1860 27612 23294 -6963 5306 END
START 6436 -2184 24012 25768 -6705 3335 END
START 10192 -2280 21552 27898 -4889 560 END
START 13836 -1892 18816 29627 338 -4236 END
START 11660 -3180 16240 31183 3576 -8160 END
START 11300 -2780 12796 32767 2419 -10410 END
START 10896 -2100 9760 32767 -2348 -13806 END
START 13232 -1560 8360 32767 -6317 -17631 END
START 13712 -360 3852 32767 -3957 -23015 END
START 10592 -260 464 29044 -43 -25738 END
START 8796 628 -2984 23999 4009 -27220 END
START 7248 1140 -5240 17986 7088 -27760 END
START 4656 1792 -6560 10840 4722 -29196 END
START 3640 1848 -8152 4544 312 -31843 END
START -120 768 -7744 -2538 -4236 -32768 END
START -4040 116 -7192 -8417 -4898 -32514 END
START -6380 -492 -7412 -15236 -4150 -31367 END
START -5888 -2912 -4884 -21868 -4330 -31327 END
START -9436 -5312 -2308 -26687 -3853 -29662 END
START -11196 -7012 860 -30518 -3668 -26489 END
START -11272 -7708 4072 -32768 -3899 -23535 END
START -13872 -9008 7152 -32768 -2655 -21125 END
START -18140 -10124 9816 -32768 -3530 -17128 END
START -22256 -12028 13860 -32768 -4701 -11943 END
START -26188 -14404 18868 -32768 -4849 -4500 END
START -31156 -16820 24496 -32768 -4420 4244 END
START -32768 -18884 27740 -27551 -6419 15723 END
START -32768 -18760 25576 -23511 -14068 30335 END
START -24008 -19192 25920 -23485 -15655 32767 END
START -13732 -20524 29176 -23652 -10134 32767 END
START -4588 -19952 32767 -19759 -5299 32767 END
START 5164 -17536 32767 -11358 -5034 32767 END
START 12352 -10704 32767 -1532 -3968 32767 END
START 11936 -5296 24464 4273 -3829 30081 END
START 8504 -3348 17544 4812 -5426 24830 END
START 9076 -2568 14932 3529 -3173 23348 END
START 11300 -1488 13612 1003 744 20391 END