START 17832 13080 -16972 12604 3314 -1296 END
START 11916 -140 -23160 5779 1988 -1300 END
START 8496 -1376 -20544 -866 702 -897 END
START -3612 -2640 -11876 -5639 -1876 194 END
START 592 -3892 -13180 -8913 -1349 1237 END
START -172 -4888 -12432 -12815 41 1940 END
START -1564 -5632 -10988 -16698 2920 2515 END
START -916 -6316 -11776 -20723 4674 2859 END
START -484 -7512 -13204 -25332 4953 2952 END
START 68 -9132 -13052 -31067 3957 3111 END
START 1068 -10160 -10716 -32768 3798 2238 END
START 944 -11560 -7772 -32768 6069 1090 END
START -1504 -12048 -6848 -32768 9420 577 END
START -5660 -12788 -2640 -32768 10069 1584 END
START -5056 -13640 6180 -32768 7260 3705 END
START -1348 -12640 20860 -32768 6879 4443 END
START 2236 -11152 32767 -32768 5811 3199 END
START 3680 -10920 32767 -32768 3324 458 END
START -404 -9896 32767 -32768 165 -1191 END
START -3608 -8160 32767 -27406 -2067 1084 END
START -1848 -5280 32767 -18054 -3477 5396 END
START 2036 -2576 32767 -9692 -2198 8056 END
START 5144 -732 32767 -2667 -1235 9128 END
START 7868 836 32767 4507 -44 8712 END
START 7160 708 32767 11023 -2176 8310 END
START 8756 44 32767 17546 -6943 8144 END
START 10880 -1240 32767 22683 -10516 6874 END
START 10528 -3132 32767 26765 -12033 5011 END
START 10300 -4840 32767 29774 -11394 3574 END
START 9820 -6116 29804 32679 -9278 1914 END
START 9564 -6692 24648 32767 -8031 -125 END
START 8888 -7452 18648 32767 -7302 -2143 END
START 8704 -7324 13392 32767 -8574 -3731 END
START 11080 -6600 8420 32767 -9564 -6732 END
START 12560 -5820 1876 32767 -8482 -10704 END
START 12344 -4720 -4408 31841 -7753 -14809 END
START 11244 -3228 -8652 25098 -5693 -18641 END
START 8980 -3504 -8000 18641 -2780 -21939 END
START 6548 -3892 -7200 14879 -1057 -23707 END
START 3456 -3700 -7888 11753 -838 -25133 END
START 2464 -3768 -8228 8799 -1167 -26140 END
START 1496 -4532 -7816 6199 -1615 -26856 END
START 168 -4820 -10640 4157 -1702 -26812 END
START 652 -4620 -12940 -1687 -2880 -25141 END
START 1404 -3612 -13284 -9432 -3126 -25440 END
START -1512 -5556 -10160 -16037 -1370 -25427 END
START -4256 -5748 -8168 -21297 -280 -23840 END
START -5416 -5728 -7744 -26788 1728 -23180 END
START -4320 -6648 -6952 -32768 5680 -23718 END
START -8076 -9912 -3564 -32768 11803 -25847 END
START -16644 -12764 1980 -32768 10272 -26955 END
START -27956 -14472 8980 -32768 1128 -25094 END
START -32768 -17020 15580 -32768 -4776 -17433 END
START -32768 -19236 23788 -32768 -2916 -3707 END
START -32768 -23612 32767 -32768 -691 14086 END
START -32768 -25500 32767 -29701 296 29719 END
START -32768 -24204 32767 -22965 3688 32767 END
START -30060 -20280 32767 -17175 3740 32767 END
START -18476 -17668 31492 -14723 1820 32767 END
START -3288 -14620 28088 -16716 3601 32767 END