START 11964 6496 -15316 -372 2191 4830 END
START 9952 -1816 -20624 -4667 -4295 5221 END
START 8184 -1536 -15736 -8775 -6086 5018 END
START 7752 -1844 -13100 -11542 -1511 4086 END
START 7140 -2220 -14408 -16204 2057 3057 END
START 6664 -2900 -14832 -21022 4638 1978 END
START 3336 -3520 -14520 -25836 4987 957 END
START 248 -4712 -12664 -30277 3937 -257 END
START -884 -7188 -11736 -32768 929 679 END
START 2548 -8688 -8864 -32768 425 459 END
START 5180 -10652 -5136 -32768 1984 -2368 END
START 2328 -12572 -1136 -32768 2036 -5681 END
START -780 -13888 5440 -32768 -929 -6623 END
START -2408 -14328 14052 -32768 -2216 -5747 END
START -4316 -14008 22656 -32768 17 -4320 END
START -2112 -12960 32556 -32768 3689 -3104 END
START -756 -11200 32767 -32768 9445 -5660 END
START -5708 -10912 32767 -32768 8464 -8152 END
START -6376 -10608 32767 -29185 5162 -9204 END
START -6264 -9108 32767 -21714 5105 -9367 END
START -10004 -7984 32767 -14876 6466 -8089 END
START -10140 -6612 32767 -9083 6830 -5913 END
START -7308 -5712 32767 -4873 8516 -4923 END
START -6860 -5176 32767 -1499 9600 -4784 END
START -5712 -4164 32767 1118 7043 -4587 END
START -4268 -3312 32767 3192 4289 -4754 END
START -1896 -2640 30664 5524 1986 -4992 END
START 2072 -1260 27480 7297 -803 -6009 END
START 7564 996 24828 8028 -2196 -9024 END
START 11936 4504 22380 6784 -1424 -13222 END
START 10928 5036 24964 5840 430 -17107 END
START 12168 4920 26032 5750 1614 -21024 END
START 10940 2836 26884 5910 5257 -26564 END
START 4436 -3592 29728 5949 8692 -32435 END
START -9112 -13028 32767 9384 7529 -32768 END
START -22100 -20216 32767 16711 3376 -29988 END
START -27172 -24112 32767 24985 4099 -20255 END
START -29380 -27268 32767 30994 5655 -10214 END
START -30724 -27680 24312 32767 6023 -174 END
START -29100 -25244 15740 32767 4586 8883 END
START -24448 -21884 8084 32767 7135 16142 END
START -22176 -19648 2504 31438 6155 22255 END
START -17568 -16936 -3724 27570 79 26781 END
START -10456 -13408 -8624 21801 -4028 27768 END
START -6932 -10412 -9992 13998 -2315 27856 END
START -4912 -8612 -9740 7554 1590 29185 END
START -1956 -6984 -10112 2012 3816 30959 END
START 5068 -4856 -9832 -3456 3981 30348 END
START 10672 -2212 -7912 -8655 7059 27260 END
START 12172 976 -4344 -13699 8678 23288 END
START 14744 3204 1644 -17463 11591 19345 END