START 18536 17844 -12300 6936 216 -2049 END
START 10108 3316 -13820 4550 -395 -1949 END
START 5968 2212 -10172 1122 -110 -2983 END
START 1368 988 -8284 -2894 -665 -4421 END
START 508 -208 -9280 -6840 -870 -4494 END
START 1072 -1048 -9532 -11183 -1671 -4692 END
START 124 -2932 -8756 -14642 -2031 -4132 END
START -536 -4148 -7712 -17916 -336 -2514 END
START -772 -4764 -8768 -21481 2005 -1759 END
START -2704 -5920 -10060 -25992 2568 -1077 END
START -5128 -7736 -9544 -31425 719 829 END
START -4144 -9476 -7716 -32768 -1190 3632 END
START -2856 -10348 -4892 -32768 -1203 5933 END
START -1708 -10288 -448 -32768 -1252 7916 END
START 2088 -10248 5700 -32768 -1567 9841 END
START 8888 -8600 14948 -32768 308 11537 END
START 13240 -6160 23044 -32768 6074 9301 END
START 8836 -6732 32767 -32768 7268 5800 END
START 3756 -9008 32767 -32768 -1433 3022 END
START 4516 -9168 32767 -32768 -14527 -300 END
START -48 -8384 32767 -22547 -21113 -1708 END
START -928 -6696 32767 -14667 -15673 2416 END
START 1476 -4972 32767 -9426 -4279 7072 END
START 1712 -3516 32767 -3904 4391 10136 END
START 2636 -2356 32767 2875 4823 11511 END
START 3556 -1584 32767 9938 -862 11138 END
START 5428 -1376 32767 16048 -7401 10076 END
START 7836 -1536 32767 20843 -11807 9328 END
START 11864 -2016 32767 24018 -10218 7392 END
START 13052 -3040 31636 26214 -5214 4516 END
START 11744 -4036 26892 27773 -2890 1326 END
START 10844 -5244 22680 29573 -3803 -915 END
START 10260 -6148 18188 31168 -5327 -3031 END
START 9924 -6364 12660 31174 -5641 -4473 END
START 10356 -6280 8260 29541 -4122 -5873 END
START 12220 -5420 3536 26744 -1356 -7603 END
START 13948 -3944 -2344 22273 1511 -10197 END
START 13064 -3456 -5388 16570 2522 -13617 END
START 10768 -4056 -4940 13847 564 -16159 END
START 10280 -3712 -6688 11896 -2384 -18607 END
START 10740 -3152 -6300 9209 -5586 -20920 END
START 12516 -2872 -5268 7442 -5572 -24294 END
START 12324 -3184 -5784 5732 -2117 -28564 END
START 9472 -4052 -7136 3410 1302 -32053 END
START 6120 -4848 -8148 370 3685 -32768 END
START 2184 -5464 -8076 -2679 3655 -32768 END
START 804 -6452 -7288 -5989 3334 -32768 END
START -828 -7144 -6020 -9094 2974 -32768 END
START -3148 -8728 -3772 -11738 3029 -32768 END
START -6532 -9588 -2784 -14800 3197 -32768 END
START -11688 -12316 -1256 -17180 4160 -32768 END
START -20196 -12744 328 -19363 367 -32768 END
START -24236 -12972 2912 -21983 -2669 -31789 END
START -28644 -13520 3988 -25981 -2163 -24808 END
START -32768 -15160 6504 -31453 623 -15503 END
START -32768 -17160 11188 -32768 4077 -3458 END
START -32768 -20400 18068 -32768 4512 7710 END
START -32768 -23080 24676 -32768 3965 16737 END
START -32768 -24388 28928 -32735 1746 25251 END
START -32768 -25388 30152 -26478 -3397 32767 END
START -32768 -24252 25852 -22895 -5736 32767 END
START -24564 -23732 24160 -23303 -5709 32767 END
START -12384 -23180 27628 -25631 -2401 32767 END
START 3396 -22932 32767 -25058 -242 32767 END
START 23348 -15456 32767 -20052 3542 32767 END
START 27436 -8096 32767 -13079 9794 32767 END