START -2792 5452 -3596 -11900 38 3939 END
START 636 716 -20520 -10141 550 4564 END
START -404 11028 -6700 -13022 -2246 4715 END
START -7636 4668 -2976 -12567 -2110 5369 END
START -2000 6276 -9588 -13740 -4408 5795 END
START -5432 5932 -6240 -14963 -4833 6290 END
START -1716 6120 -10404 -16153 -5705 6552 END
START -1092 5672 -9924 -17708 -5473 6827 END
START -352 5668 -9276 -19247 -5251 7031 END
START 412 5468 -9248 -20798 -4843 7113 END
START 188 5276 -7580 -22326 -4108 7118 END
START 1908 5300 -8008 -23813 -3253 6975 END
START 1768 4744 -5848 -25061 -2105 6760 END
START 2704 4564 -5324 -26235 -916 6528 END
START 2820 4180 -3920 -27197 418 6232 END
START 2864 3816 -2796 -28003 1654 5925 END
START 2868 3420 -1652 -28732 2940 5586 END
START 2504 3076 -584 -29310 4147 5323 END
START 2168 2740 312 -29782 5155 5142 END
START 1528 2476 928 -30272 5997 5010 END
START 756 2112 1816 -30690 6746 4959 END
START 152 1744 2724 -31099 7345 4972 END
START -352 1416 3788 -31505 7472 5057 END
START -936 1008 4844 -31860 7491 5180 END
START -1348 724 5500 -32134 7358 5383 END
START -1116 684 5856 -32369 7090 5591 END
START -1748 520 7580 -32512 6730 5861 END
START -1000 504 8012 -32564 6348 6160 END
START -1268 176 9832 -32552 5886 6356 END
START -508 16 10576 -32427 5342 6617 END
START -68 -140 12356 -32127 4789 6742 END
START 856 -352 12836 -31728 4233 6834 END
START 1444 -552 13668 -31190 3663 6803 END
START 2132 -392 14420 -30591 3031 6678 END
START 2604 -384 15088 -30031 2411 6522 END
START 3124 -4 15304 -29462 1709 6297 END
START 3560 220 15468 -29046 1140 6008 END
START 3860 548 15664 -28676 634 5628 END
START 4312 672 15812 -28425 282 5231 END
START 4544 736 16012 -28220 126 4761 END
START 4936 644 16168 -28024 179 4248 END
START 5092 416 16596 -27834 357 3743 END
START 5076 352 16840 -27602 658 3258 END
START 4552 396 17424 -27239 915 2763 END
START 4224 500 17608 -26892 1219 2402 END
START 3744 664 17816 -26481 1400 2039 END
START 3276 692 17868 -26029 1543 1742 END
START 2804 736 17720 -25661 1654 1506 END
START 2460 956 17528 -25362 1671 1279 END
START 2300 1380 17304 -25122 1645 1077 END
START 2000 1708 16928 -25111 1652 886 END
START 1780 2252 16760 -25220 1603 749 END
START 1448 2632 16808 -25390 1604 664 END
START 1204 2932 17060 -25651 1696 561 END
START 872 3052 17476 -25836 1750 569 END
START 668 3124 17840 -26016 1829 567 END
START 500 3060 18484 -26101 1859 645 END
START 268 3164 19100 -26109 1909 662 END
START 288 3332 19668 -25963 2018 685 END
START 96 3336 20200 -25811 2140 665 END
START 32 3340 20836 -25599 2284 667 END
START -316 3476 21352 -25394 2329 693 END
START -560 3676 22008 -25241 2313 742 END
START -760 3860 22484 -25068 2261 776 END
START -984 4028 23168 -24937 2179 893 END
START -836 4436 23572 -24733 2143 981 END
START -976 4596 24112 -24512 2119 1090 END
START -1132 4648 24756 -24203 2051 1267 END
START -1296 4588 25472 -23832 1931 1431 END
START -1196 4588 26080 -23340 1841 1624 END
START -856 4580 26604 -22812 1809 1802 END
START -568 4648 27000 -22306 1940 1962 END
START -216 4932 27292 -21831 2174 2067 END
START 36 5108 27620 -21350 2422 2149 END
START 348 5320 28036 -20977 2660 2117 END
START 532 5400 28484 -20525 2865 2035 END
START 800 5384 29272 -20115 2981 1927 END
START 716 5224 29744 -19556 3023 1754 END
START 716 5104 30472 -18982 2958 1642 END
START 648 5052 31252 -18283 2745 1478 END
START 772 5104 31596 -17461 2401 1340 END
START 900 5064 31936 -16574 1997 1159 END
START 996 4880 32184 -15596 1517 945 END
START 1056 4824 32208 -14506 948 662 END
START 1168 4976 32240 -13936 341 361 END
START 1028 5176 32140 -13042 -238 96 END
START 820 5260 31840 -12394 -764 -156 END
START 792 5436 31660 -11797 -1255 -284 END
START 768 5612 31380 -11300 -1547 -373 END
START 700 5700 31536 -10865 -1732 -423 END
START 804 5612 31436 -10340 -1819 -452 END
START 608 5500 31568 -9796 -1837 -438 END
START 564 5420 31620 -9255 -1820 -323 END
START 376 5224 31460 -8586 -1740 -205 END
START 388 5296 31024 -7958 -1628 -46 END
START 304 5368 30684 -7412 -1499 132 END
START 552 5536 30220 -6954 -1250 305 END
START 672 5644 29640 -6603 -1038 437 END
START 780 5260 29592 -6397 -760 468 END
START 1160 5744 28536 -5880 -537 576 END
START 1032 6372 28588 -6160 -358 651 END
START 1348 5808 28416 -6017 -109 641 END
START 1764 5372 28000 -5982 266 629 END
START 2056 5136 28408 -5671 489 513 END
START 2152 5168 28348 -5376 738 409 END
START 2388 5096 28356 -4995 927 255 END
START 2396 4868 28200 -4637 1150 95 END
START 2584 4896 27760 -4241 1358 -83 END
START 2432 4676 27648 -3908 1541 -282 END
START 2428 4556 27280 -3529 1664 -495 END
START 2188 4404 27124 -3199 1752 -665 END
START 2028 4428 26892 -2833 1749 -791 END
START 1732 4400 26632 -2460 1713 -946 END
START 1484 4124 26508 -2106 1590 -1014 END
START 1352 4012 26284 -1653 1420 -1051 END
START 1236 3900 26072 -1226 1178 -1079 END
START 1324 4012 25688 -834 958 -1092 END
START 1312 3928 25288 -429 765 -1154 END
START 1316 4004 24908 -120 549 -1238 END
START 1256 4096 24576 219 368 -1317 END
START 1268 4192 24372 542 213 -1440 END
START 1108 4152 24008 808 108 -1480 END
START 1012 4136 23796 1091 27 -1534 END
START 780 3988 23456 1370 14 -1557 END
START 668 3976 22876 1670 33 -1569 END
START 492 3828 22296 1994 -18 -1518 END
START 180 3980 22068 2223 -42 -1448 END
START 132 3980 21484 2435 -150 -1373 END
START 4 3912 20856 2605 -240 -1259 END
START -4 3808 20316 2691 -369 -1177 END
START 0 3804 19716 2764 -451 -1063 END
START 92 3732 19100 2741 -533 -963 END
START 176 3844 18956 2728 -577 -824 END
START 212 3748 18472 2700 -564 -717 END
START 548 3736 18200 2661 -527 -633 END
START 668 3692 17844 2579 -451 -507 END
START 1060 3696 17472 2525 -288 -445 END
START 1512 3676 17348 2459 -118 -405 END
START 1868 3708 17056 2378 34 -412 END
START 2328 3688 16984 2321 253 -474 END
START 2600 3532 16844 2208 413 -557 END
START 2956 3604 16728 2135 554 -686 END
START 3328 3540 16524 2063 616 -857 END
START 3496 3392 16236 1957 672 -1030 END
START 3884 3412 16360 1935 682 -1241 END
START 4340 3372 16144 1824 670 -1522 END
START 4492 3436 16184 1783 670 -1803 END
START 4700 3380 16000 1708 633 -2149 END
START 4820 3184 15952 1710 542 -2490 END
START 4872 3120 16204 1687 501 -2832 END
START 4916 3180 16068 1693 403 -3170 END
START 4972 3188 15772 1733 249 -3487 END
START 4896 3148 15524 1758 207 -3780 END
START 5092 3096 15332 1756 200 -4090 END
START 4888 3160 15088 1731 234 -4370 END
START 4628 3060 14884 1612 219 -4654 END
START 4476 3092 14560 1477 313 -4889 END
START 3960 3016 14708 1319 271 -5146 END
START 3552 3012 14548 1188 306 -5324 END
START 3352 2980 14496 1033 319 -5370 END
START 3160 2812 14460 883 374 -5432 END
START 3148 2836 14200 775 491 -5449 END
START 3100 2844 14212 640 610 -5431 END
START 3116 2796 14264 548 748 -5414 END
START 3296 2828 14312 431 893 -5438 END
START 3516 2776 14428 377 1008 -5489 END
START 3696 2744 14496 320 1060 -5584 END
START 4120 2720 14320 389 1108 -5682 END
START 4544 2764 14196 388 1215 -5850 END
START 5264 2708 14168 356 1337 -6138 END
START 6000 2616 13988 325 1453 -6452 END
START 6460 2688 13732 243 1604 -6876 END
START 6824 2788 13744 93 1710 -7412 END
START 7184 2752 13784 -41 1733 -7985 END
START 7508 2724 13796 -183 1694 -8540 END
START 7668 2756 13888 -342 1658 -9179 END
START 7928 2692 14052 -402 1609 -9844 END
START 8064 2672 14012 -468 1606 -10523 END
START 8352 2780 14036 -575 1584 -11288 END
START 8364 2772 14152 -654 1580 -12054 END
START 8208 2780 14256 -744 1628 -12830 END
START 8192 2760 14084 -844 1623 -13560 END
START 7728 2872 14488 -987 1545 -14256 END
START 7636 2968 14564 -1118 1521 -14944 END
START 7516 2900 15052 -1277 1471 -15576 END
START 7476 2824 15272 -1355 1434 -16146 END
START 7376 2776 15528 -1358 1386 -16743 END
START 7460 2800 15828 -1319 1370 -17331 END
START 7432 2604 15984 -1204 1266 -17903 END
START 7436 2644 16212 -1081 1166 -18509 END
START 7592 2640 16412 -1001 938 -19102 END
START 7612 2692 16748 -901 745 -19762 END
START 7796 2676 16788 -909 499 -20432 END
START 8080 2764 17004 -883 313 -21086 END
START 8248 2700 17612 -924 141 -21801 END
START 8412 2572 18084 -912 10 -22517 END
START 8032 2664 18792 -904 -24 -23254 END
START 7456 2720 19272 -793 -67 -23955 END
START 6688 2828 20132 -654 -218 -24649 END
START 5804 2676 21116 -385 -409 -25273 END
START 4624 2516 21804 -22 -690 -25813 END
START 3476 2520 22288 341 -1002 -26185 END
START 2192 2200 23124 792 -1345 -26450 END
START 944 2048 23720 1283 -1645 -26547 END
START -344 2040 24608 1860 -2014 -26500 END
START -1444 1976 25344 2493 -2445 -26354 END
START -2380 1732 26132 3214 -2848 -26081 END
START -3244 1488 26656 3961 -3225 -25773 END
START -4264 1376 27472 4801 -3544 -25425 END
START -5024 1172 27996 5667 -3863 -24966 END
START -5860 972 28836 6575 -4192 -24446 END
START -6516 592 29400 7533 -4473 -23927 END
START -6932 312 29776 8465 -4796 -23321 END
START -7276 300 30252 9482 -4983 -22678 END
START -7596 152 30960 10515 -5159 -22056 END
START -7900 -184 31484 11633 -5293 -21392 END
START -7864 -312 31940 12722 -5353 -20763 END
START -8072 -652 32620 13946 -5374 -20142 END
START -7972 -768 32767 15168 -5323 -19594 END
START -8188 -1140 32767 16399 -5293 -19109 END
START -8400 -1188 32767 17755 -5210 -18565 END
START -8644 -1416 32767 19065 -5152 -18044 END
START -9092 -1732 32767 20468 -5084 -17452 END
START -9604 -1940 32767 21850 -5098 -16788 END
START -10092 -1924 32767 23118 -5255 -16056 END
START -10660 -2224 32608 24374 -5440 -15238 END
START -10936 -2356 32092 25610 -5640 -14373 END
START -11168 -2420 31240 26770 -5764 -13448 END
START -11592 -2636 30468 27815 -5842 -12522 END
START -11940 -2596 29548 28853 -5906 -11519 END
START -12080 -2592 28632 29711 -5953 -10498 END
START -12596 -2488 27944 30472 -5883 -9484 END
START -12756 -2492 26984 31138 -5786 -8406 END
START -13068 -2392 25936 31763 -5526 -7276 END
START -13436 -2292 25312 32341 -5117 -6150 END
START -13780 -2200 24204 32767 -4586 -4949 END
START -14432 -2032 23512 32767 -4051 -3625 END
START -14916 -1732 22268 32767 -3454 -2286 END
START -15356 -1740 21360 32767 -2902 -857 END
START -15464 -1440 19872 32767 -2283 584 END
START -15848 -1436 18572 32767 -1741 2069 END
START -16060 -1256 17292 32767 -1148 3601 END
START -16244 -980 15384 32767 -586 5180 END
START -16364 -944 14600 32767 -18 6677 END
START -16624 -636 13176 32767 519 8251 END
START -16752 -320 11884 32767 1121 9737 END
START -16632 0 10384 32767 1732 11233 END
START -16484 444 8820 32005 2491 12828 END
START -16344 632 7124 31210 3305 14141 END
START -16260 864 5680 30162 4123 15651 END
START -16164 1188 4232 28949 4933 17167 END
START -15920 1424 2908 27628 5693 18685 END
START -15788 1572 1748 26182 6372 20213 END
START -15508 1808 640 24642 6937 21773 END
START -15152 1852 52 23051 7442 23294 END
START -14880 1776 -592 21443 7812 24785 END
START -14408 1936 -892 19891 8115 26221 END
START -13772 1880 -1152 18378 8342 27604 END
START -13148 1940 -1480 16933 8448 28856 END
START -12264 1792 -1588 15585 8361 30074 END
START -11420 1624 -1924 14289 8042 31143 END
START -10472 1540 -2176 12990 7539 32113 END
START -9464 1616 -2376 11746 7009 32767 END
START -8800 1564 -2500 10487 6498 32767 END
START -8176 1560 -2728 9240 5866 32767 END
START -7668 1420 -2648 8052 5051 32767 END
START -6516 1392 -2836 6970 4154 32767 END
START -4932 1496 -3192 5917 3319 32767 END
START -2712 1560 -3588 4774 2603 32767 END
START -984 1668 -3504 3579 2139 32767 END
START 1788 1800 -3804 2327 1957 32767 END
START 5048 2104 -3744 957 2157 32767 END
START 7968 2364 -3636 -348 2637 32767 END
START 11132 2812 -3288 -1636 3363 32767 END
START 13796 3312 -2908 -3040 4414 32767 END
START 16036 3592 -2004 -4276 5573 31089 END
START 17660 4068 -1312 -5449 6826 28977 END
START 18700 4468 -396 -6484 8088 26825 END
START 18824 4956 704 -7396 9274 24578 END
START 18824 5440 1756 -8137 10410 22562 END
START 18376 5924 2684 -8712 11470 20636 END
START 17364 6572 4016 -9237 12424 18810 END
START 16360 7120 5232 -9569 12942 17199 END
START 15436 7524 6632 -9719 13312 15851 END
START 14928 7900 7952 -9782 13187 14498 END
START 14548 8032 9048 -9652 13044 13251 END
START 14368 8144 9780 -9372 12518 12065 END
START 14504 8336 10680 -9011 12266 11016 END
START 14176 8580 12100 -8589 11718 9772 END
START 14096 8764 12716 -8088 11096 8617 END
START 13992 9020 13520 -7513 10284 7462 END
START 13560 9056 13844 -6923 9404 6322 END
START 13188 9080 14364 -6327 8379 5282 END
START 12740 9056 14660 -5676 7301 4337 END
START 12276 9256 14856 -5081 6224 3500 END
START 11672 9372 14996 -4493 5035 2719 END
START 11124 9712 15088 -3924 3859 2072 END