START 18700 4376 -8644 45 6075 3340 END
START -2512 900 -3168 -1555 2687 2386 END
START -1692 -508 -3536 -2466 4146 2030 END
START -196 -368 -7764 -4348 2807 2254 END
START 4872 80 -13948 -8003 912 2514 END
START 848 -116 -10428 -12557 -685 2033 END
START 1988 -616 -10736 -17140 1764 1264 END
START 2536 -1920 -10932 -21977 4544 13 END
START 2800 -3612 -9844 -26784 6594 -1398 END
START 1320 -5352 -8448 -30932 8028 -2876 END
START -904 -7112 -7088 -32768 5957 -3301 END
START -2764 -9252 -3556 -32768 2649 -2292 END
START 500 -9248 -1896 -32768 3430 -1176 END
START 1096 -10908 5932 -32768 4827 -2571 END
START -968 -11640 14376 -32768 2965 -2527 END
START 1996 -6872 19028 -32768 1038 -3139 END
START -2364 -7504 32767 -32768 2699 -4662 END
START 5496 -7120 32767 -32768 9408 -6276 END
START -2112 -5148 32767 -32768 13523 -6534 END
START -1712 -4364 32767 -30339 14634 -6852 END
START -6820 -2616 32767 -21961 9769 -6737 END
START -4692 -804 32767 -15529 4945 -6850 END
START -6004 236 32767 -10780 3664 -7211 END
START -6504 836 32767 -6209 3575 -6499 END
START -6076 1100 32767 -2136 5056 -5083 END
START -6692 1056 32767 1773 6292 -3477 END
START -5620 1332 32767 4620 6274 -1753 END
START -4012 1316 29212 6544 4860 -682 END
START -1868 1752 24044 7709 1710 -438 END
START 776 2020 19016 7211 -1775 -1222 END
START 3648 2460 16688 5856 -4151 -2609 END
START 6552 2624 15884 4542 -3788 -4980 END
START 8464 3044 15336 2856 -2686 -8036 END
START 10720 3340 16524 1481 -1235 -12033 END
START 12368 4120 17688 272 -410 -17765 END
START 12556 3684 19524 -587 650 -24416 END
START 11208 1740 22484 -707 2502 -30637 END
START 7392 -2076 25280 -396 7678 -32768 END
START 108 -7032 28788 1173 11167 -32768 END
START -11676 -12928 32767 6246 10037 -32768 END
START -20036 -16368 32767 15777 4950 -31658 END
START -20536 -17132 32767 23484 4634 -23622 END
START -20412 -17668 30160 28701 5680 -16613 END
START -20244 -16944 23796 31161 7153 -9550 END
START -19788 -15564 18348 31697 7713 -3126 END
START -20116 -14464 14632 31479 7046 2999 END
START -20008 -14140 12156 31497 5057 8835 END
START -18840 -13784 8012 30908 3896 14712 END
START -16580 -12428 3292 28503 3824 20017 END
START -15056 -11024 -700 24192 4633 24586 END
START -14508 -10024 -4504 18363 5388 29951 END
START -11836 -9356 -6476 11753 5561 32767 END
START -10704 -9304 -6516 5645 7101 32767 END
START -8248 -9872 -6372 752 7132 32767 END
START -4268 -9520 -7344 -3776 7353 32767 END
START 2572 -8412 -7572 -9646 7913 32767 END
START 9804 -5840 -5060 -15473 8710 32767 END
START 22192 -1728 200 -19745 8898 32767 END
START 24432 2564 6904 -20893 11918 28863 END
START 21512 4216 13392 -19393 11924 20884 END
START 18596 6028 17176 -17644 9083 15409 END