START -4268 7540 -7848 2166 -245 437 END
START 3244 1444 -9984 2567 -6281 2154 END
START -8728 1796 -3048 -673 -5876 1097 END
START -3216 1364 -6884 -5960 -2478 -474 END
START -1312 320 -6976 -10933 -1325 -1711 END
START -1208 -1332 -7016 -13548 -855 -1996 END
START -2488 -1836 -7316 -15646 -2366 -427 END
START -2476 -2712 -7280 -18782 -2848 1307 END
START -936 -3672 -7984 -22215 -1767 2991 END
START 820 -4528 -9288 -26736 -733 3392 END
START 2820 -5772 -9720 -32325 334 2325 END
START 2668 -8084 -6660 -32768 2268 504 END
START 700 -10644 -3888 -32768 3321 -938 END
START -1072 -12736 -1344 -32768 3265 -1727 END
START -2428 -15252 1592 -32768 5623 -1692 END
START -3740 -17000 7564 -32768 7757 -86 END
START -4040 -16216 16988 -32768 7028 1612 END
START -308 -14812 30032 -32768 4048 1906 END
START 6444 -11416 32767 -32768 4302 -2432 END
START 4452 -9344 32767 -32768 7044 -8012 END
START -2604 -8528 32767 -32768 6516 -10378 END
START -9276 -6588 32767 -29851 477 -8483 END
START -7404 -4276 32767 -21829 -1580 -4788 END
START -4064 -1892 32767 -14257 2054 -1456 END
START -3452 -620 32767 -7223 3350 58 END
START -5200 204 32767 -265 279 1283 END
START -6264 580 32767 5502 -2705 4109 END
START -4388 848 32767 11064 -4708 8439 END
START 152 420 32767 16401 -5959 11499 END
START 3276 -712 32767 20607 -6833 12372 END
START 6872 -1336 32767 23688 -7995 11909 END
START 9876 -2332 32767 26449 -8480 8941 END
START 10692 -3244 28312 29027 -9088 5266 END
START 9432 -3900 23776 31195 -10297 2101 END
START 10708 -4572 17752 31587 -11726 -626 END
START 12388 -4648 14660 30859 -12683 -4001 END
START 14484 -4936 12264 30511 -12010 -8192 END
START 13944 -5268 8808 28959 -9268 -12865 END
START 12544 -5632 7136 26457 -6277 -15770 END
START 11844 -5364 5356 24135 -3202 -18230 END
START 11276 -5308 3604 21887 -1666 -20920 END
START 10240 -5696 2292 19978 -467 -22879 END
START 8932 -5640 600 18850 -947 -23740 END
START 8084 -4988 -1104 16532 -2602 -25030 END
START 6772 -4160 -1568 14664 -4451 -26547 END
START 6508 -3040 -3328 11329 -6229 -28815 END
START 5144 -3452 -6104 7585 -6514 -30678 END
START 4376 -4044 -6996 1830 -7619 -32003 END
START 2732 -4496 -6944 -3195 -6248 -32265 END
START 592 -5028 -6108 -7567 -4659 -31577 END
START -2608 -5376 -5152 -11297 -4667 -30485 END
START -4268 -5804 -4708 -14418 -6374 -28282 END
START -4864 -6256 -4080 -17926 -7848 -27033 END
START -7332 -6848 -2044 -21210 -10292 -25681 END
START -7892 -7212 -444 -24225 -12526 -24341 END
START -11256 -7696 2136 -28557 -12576 -22668 END
START -16296 -9056 5668 -32400 -11640 -19508 END
START -22060 -11052 11884 -32768 -9849 -13887 END
START -25672 -11688 19280 -32768 -6867 -6737 END
START -28024 -13084 28436 -32768 -2520 -1895 END
START -29636 -14568 32767 -30560 3268 2699 END
START -32768 -16528 32767 -24593 7689 7035 END
START -32768 -17832 31184 -19548 4483 15604 END
START -32768 -17544 27528 -16527 -1627 26551 END
START -32100 -17320 24680 -15521 -3261 32767 END
START -21924 -16672 24088 -17771 1394 32767 END
START -10112 -16404 27196 -20208 7432 32767 END
START 2388 -16292 31100 -20501 6834 32767 END
START 17608 -12860 31996 -18904 3144 32767 END
START 24072 -8768 32767 -16244 584 32767 END
START 24132 -7928 32767 -11912 4006 27605 END