START 2136 7564 -8820 -6605 -9644 2544 END
START 5396 3712 -24436 -5698 -8679 2848 END
START 4680 12988 -11560 -9352 -9262 2736 END
START 4272 9308 -12172 -9947 -7557 2651 END
START 4356 9084 -13236 -11948 -7328 2365 END
START 3628 8576 -12324 -13744 -5614 2111 END
START 3972 7884 -11996 -15255 -3894 1878 END
START 3764 7224 -10224 -17005 -2192 1593 END
START 4076 6848 -10100 -18379 -378 1324 END
START 2448 6604 -7972 -19348 1254 1044 END
START 2280 6612 -8308 -20183 3150 918 END
START 1880 6584 -7460 -20828 4655 873 END
START 1068 6160 -6428 -21410 6134 839 END
START 64 5676 -5348 -21826 7117 898 END
START -800 5460 -4132 -22185 7681 960 END
START -1740 5360 -2808 -22401 7802 1059 END
START -2160 5444 -2324 -22517 7782 1186 END
START -2928 4448 -2812 -22383 8149 1386 END
START -3844 4220 -1892 -22397 8332 1812 END
START -4512 3916 -548 -22481 7752 2385 END
START -4616 3704 640 -22671 6695 2882 END
START -4768 3444 52 -22808 6059 3317 END
START -5056 3484 228 -22964 5641 3728 END
START -5016 3400 728 -23060 5254 4212 END
START -5012 3092 1460 -23105 4776 4813 END
START -4900 2592 1872 -23022 4353 5409 END
START -4576 2036 2024 -22926 3870 6068 END
START -4044 1712 1968 -22921 3447 6575 END
START -3544 1536 2012 -22931 3112 7053 END
START -3088 1332 1752 -23128 2776 7481 END
START -2360 1472 1624 -23426 2639 7748 END
START -1520 1320 1888 -23871 2609 8010 END
START -1016 1292 2076 -24378 2803 8144 END
START -528 1276 2352 -24879 3146 8249 END
START 104 1168 2780 -25355 3658 8299 END
START 568 780 3248 -25790 4275 8305 END
START 888 552 3636 -26175 4933 8256 END
START 1216 300 3972 -26511 5729 8212 END
START 1360 40 4524 -26826 6535 8063 END
START 1600 36 4544 -27057 7369 7916 END
START 1648 116 4836 -27336 8151 7650 END
START 1376 212 5116 -27601 8828 7391 END
START 1024 332 5384 -27875 9189 7116 END
START 844 376 5700 -28152 9290 6891 END
START 740 484 6168 -28530 9258 6619 END
START 640 568 6228 -28831 9032 6369 END
START 932 392 6636 -29160 8778 6084 END
START 1268 268 7128 -29454 8337 5784 END
START 1508 176 7596 -29780 7881 5480 END
START 2008 72 7816 -30076 7493 5178 END
START 2196 -132 8304 -30393 7144 4829 END
START 2212 -260 8832 -30720 6815 4530 END
START 2120 -324 9284 -31033 6454 4340 END
START 2072 -500 9912 -31280 6262 4210 END
START 1784 -560 10728 -31437 6140 4191 END
START 1548 -792 11504 -31470 5988 4281 END
START 1396 -1032 12404 -31313 5879 4414 END
START 1176 -1264 12596 -31021 5864 4642 END
START 1300 -1468 12780 -30657 5949 4843 END
START 1288 -1400 13116 -30347 6188 5069 END
START 1524 -896 12916 -30084 6466 5270 END
START 1460 -612 12664 -29986 6772 5451 END
START 1280 -208 12720 -30058 7133 5653 END
START 1336 184 12748 -30243 7460 5886 END
START 1500 448 12840 -30552 7860 6105 END
START 1724 856 12868 -30993 8396 6373 END
START 2092 956 13368 -31409 8983 6575 END
START 2364 820 14240 -31788 9598 6728 END
START 2728 684 15072 -32079 10165 6821 END
START 3304 452 15976 -32289 10674 6844 END
START 4076 300 16760 -32326 11157 6753 END
START 4704 132 17488 -32409 11579 6542 END
START 5232 228 18504 -32370 11915 6225 END
START 5676 380 19388 -32389 12103 5883 END
START 5952 708 20472 -32399 12103 5472 END
START 5992 876 21672 -32379 11928 5071 END
START 6080 800 22872 -32289 11698 4558 END
START 6296 728 23988 -32114 11319 4189 END
START 6452 656 25348 -31800 10900 3756 END
START 6396 508 26632 -31394 10514 3398 END
START 6448 444 27824 -30855 10184 3006 END
START 6436 524 28880 -30242 9934 2678 END
START 6348 684 29700 -29572 9872 2374 END
START 6112 900 30636 -28864 9873 2133 END
START 5800 1204 31320 -28034 9880 1851 END
START 5392 1516 32104 -27325 9882 1735 END
START 4936 1796 32767 -26495 9874 1536 END
START 4560 2040 32767 -25723 9706 1445 END
START 4056 2360 32767 -24975 9447 1436 END
START 3588 2452 32767 -24158 9058 1443 END
START 3268 2624 32767 -23319 8548 1457 END
START 3136 2976 32767 -22479 7964 1490 END
START 3328 3092 32767 -21650 7495 1585 END
START 3380 3332 32767 -20832 7091 1626 END
START 3764 3616 32767 -20027 6847 1684 END
START 3928 3848 32767 -19233 6638 1667 END
START 4180 3984 32767 -18468 6497 1687 END
START 4476 4096 32767 -17658 6420 1647 END
START 4964 4136 32767 -16822 6343 1525 END
START 5372 4136 32767 -15879 6376 1306 END
START 5572 4244 32767 -14874 6343 1085 END
START 5880 4188 32767 -13976 6273 764 END
START 6128 4192 32767 -13009 6150 417 END
START 6244 4336 32767 -12007 5962 57 END
START 6332 4392 32767 -11044 5797 -338 END
START 6356 4356 32767 -10127 5580 -808 END
START 6172 4432 32767 -9242 5298 -1277 END
START 5928 4244 32767 -8459 4947 -1735 END
START 5376 4248 32767 -7744 4469 -2155 END
START 4904 4104 32767 -7071 4012 -2585 END
START 4256 4056 32767 -6457 3562 -2862 END
START 3852 4068 32767 -5871 3148 -3109 END
START 3196 3828 32767 -5336 2816 -3273 END
START 2708 3828 32767 -4756 2537 -3378 END
START 2180 3732 32767 -4203 2224 -3450 END
START 1676 3732 32767 -3707 1936 -3434 END
START 1320 3560 32767 -3207 1687 -3435 END
START 896 3468 32767 -2733 1445 -3334 END
START 540 3324 32536 -2360 1234 -3210 END
START 284 3300 32028 -1935 1059 -3060 END
START -36 3088 31864 -1475 895 -2843 END
START -232 2992 31428 -1043 740 -2690 END
START -260 2900 31244 -605 666 -2413 END
START -388 2796 30740 -125 529 -2181 END
START -628 2812 30172 323 426 -1902 END
START -608 2756 29484 743 338 -1652 END
START -344 2772 28932 1091 272 -1343 END
START -192 2652 28272 1411 225 -1127 END
START -112 2708 27580 1650 228 -892 END
START 148 2712 27468 1898 231 -730 END
START 236 2648 27000 2082 211 -526 END
START 616 2604 26444 2285 242 -439 END
START 844 2600 26052 2468 276 -336 END
START 1148 2404 25404 2692 302 -299 END
START 1468 2372 25112 2842 343 -243 END
START 1804 2272 24508 3035 427 -259 END
START 2220 2236 24228 3228 580 -270 END
START 2500 2112 23744 3360 752 -342 END
START 2772 2256 23200 3493 946 -475 END
START 3052 2244 22808 3572 1138 -609 END
START 3268 2228 22452 3637 1281 -750 END
START 3316 2276 22140 3722 1370 -958 END
START 3244 2292 21756 3781 1391 -1141 END
START 3220 2328 21520 3814 1299 -1345 END
START 2996 2412 21240 3864 1157 -1509 END
START 3000 2376 20916 3942 939 -1634 END
START 3100 2368 20692 4032 709 -1767 END
START 2896 2356 20420 4132 451 -1859 END
START 2844 2352 20044 4240 198 -1919 END
START 3040 2452 19820 4315 -27 -1987 END
START 3020 2520 19624 4361 -272 -2095 END
START 2948 2608 19364 4367 -470 -2180 END
START 2916 2464 19016 4392 -712 -2241 END
START 2888 2428 18776 4407 -940 -2274 END
START 2772 2548 18432 4383 -1064 -2300 END
START 2760 2720 18264 4450 -1112 -2263 END
START 2540 2752 18052 4432 -1130 -2212 END
START 2408 2816 17964 4435 -1093 -2143 END
START 2404 2716 17692 4435 -1030 -2044 END
START 2364 2832 17616 4466 -934 -1897 END
START 2264 2820 17332 4488 -831 -1812 END
START 2220 2748 17244 4485 -703 -1648 END
START 2364 2856 17080 4524 -543 -1520 END
START 2692 2808 16840 4502 -364 -1355 END
START 2936 2840 16616 4438 -163 -1233 END
START 3292 2900 16624 4380 40 -1144 END
START 3780 2980 16260 4288 232 -1091 END
START 4412 3032 16176 4190 491 -1133 END
START 4996 3120 16304 4081 754 -1166 END
START 5740 3104 16336 3950 1007 -1293 END
START 6284 3048 16444 3857 1272 -1454 END
START 7032 3160 16436 3744 1475 -1690 END
START 7464 2992 16564 3715 1660 -2041 END
START 7824 2928 16696 3688 1755 -2384 END
START 8192 2988 16800 3700 1765 -2772 END
START 8552 3128 16764 3733 1656 -3188 END
START 8824 3216 16696 3745 1506 -3623 END
START 9084 3240 16540 3732 1336 -4079 END
START 9268 3380 16420 3652 1202 -4561 END
START 9496 3392 16348 3573 1065 -5058 END
START 9480 3408 16464 3490 903 -5544 END
START 9312 3264 16464 3467 685 -5970 END
START 9148 3248 16336 3494 464 -6365 END
START 9012 3280 16300 3523 235 -6748 END
START 9084 3208 16308 3537 1 -7070 END
START 9156 3272 16116 3545 -157 -7391 END
START 9704 3428 16012 3459 -243 -7733 END
START 10056 3368 15876 3390 -213 -8122 END
START 10356 3508 16020 3201 -134 -8551 END
START 10836 3544 16060 3080 55 -9035 END
START 11108 3376 16144 2978 283 -9513 END
START 11348 3348 15952 2935 604 -10051 END
START 11556 3260 16212 2949 913 -10593 END
START 11700 3184 16260 2942 1191 -11174 END
START 11932 3260 16316 2923 1414 -11737 END
START 12160 3220 16048 2912 1632 -12316 END
START 12316 3340 15848 2822 1820 -12969 END
START 12304 3324 15976 2760 1935 -13597 END
START 12208 3244 15804 2679 1998 -14238 END
START 12084 3160 15784 2612 1958 -14834 END
START 12040 3148 15712 2575 1869 -15436 END
START 12100 3188 15416 2560 1804 -16072 END
START 12324 3184 15052 2474 1844 -16763 END
START 12328 3172 14888 2384 1937 -17512 END
START 12064 3216 14796 2171 1984 -18290 END
START 11848 3200 14696 1985 2003 -19057 END
START 11488 3076 14496 1800 1941 -19809 END
START 11192 2856 14504 1626 1806 -20578 END
START 10632 2796 14508 1403 1587 -21383 END
START 10380 2764 14220 1237 1406 -22171 END
START 9932 2768 14300 987 1137 -22936 END
START 9472 2968 14236 762 891 -23742 END
START 9004 2872 14160 513 643 -24510 END
START 8480 3012 14076 186 383 -25283 END
START 8016 2952 14188 -186 266 -26081 END
START 7376 2888 14356 -556 253 -26779 END
START 6568 2556 14760 -991 286 -27419 END
START 5984 2452 15076 -1323 354 -27954 END
START 5032 2284 15788 -1632 354 -28473 END
START 3880 1964 16652 -1840 342 -28914 END
START 3064 1740 17396 -1876 296 -29248 END
START 1976 1692 18304 -1783 330 -29580 END
START 1072 1544 18884 -1636 355 -29782 END
START 460 1496 19544 -1304 451 -29999 END
START -84 1416 20052 -1026 493 -30178 END
START -576 924 20768 -733 531 -30350 END
START -1264 596 21408 -448 475 -30529 END
START -1988 208 22020 -203 241 -30717 END
START -2944 -88 22676 111 82 -30846 END
START -3864 -432 23404 432 -166 -30980 END
START -5344 -820 24040 752 -342 -30997 END
START -6100 -932 24632 1149 -591 -30872 END
START -7684 -1292 25304 1640 -774 -30601 END
START -9192 -1424 25948 2204 -853 -30237 END
START -10564 -1696 26312 2834 -880 -29729 END
START -11776 -1900 26768 3483 -796 -29050 END
START -13140 -2280 27304 4206 -693 -28281 END
START -14448 -2504 27572 4954 -648 -27365 END
START -15992 -2968 27928 5761 -531 -26298 END
START -17188 -3188 28320 6529 -406 -25185 END
START -18164 -3352 28608 7369 -291 -23913 END
START -19036 -3552 28772 8195 -276 -22637 END
START -19772 -3736 29044 9073 -301 -21306 END
START -20288 -3812 29020 9978 -402 -19953 END
START -20888 -3744 29116 10866 -480 -18598 END
START -20968 -3808 28920 11790 -576 -17211 END
START -21164 -4084 28864 12677 -740 -15925 END
START -20960 -4192 28896 13559 -911 -14667 END
START -20800 -4460 28532 14422 -1014 -13389 END
START -20628 -4448 28284 15334 -1095 -12232 END
START -20464 -4420 28000 16147 -1082 -11084 END
START -20316 -4444 27424 16921 -1038 -10031 END
START -20172 -4356 26740 17749 -841 -8927 END
START -20048 -4184 26300 18507 -602 -7794 END
START -20040 -4096 25548 19186 -402 -6771 END
START -19812 -3988 24952 19840 -140 -5699 END
START -19560 -3904 24328 20377 113 -4655 END
START -19568 -3768 23616 20854 300 -3635 END
START -19248 -3708 22880 21291 464 -2633 END
START -19100 -3516 22096 21684 675 -1615 END
START -18836 -3380 21092 22059 907 -685 END
START -18652 -3196 20452 22368 1195 280 END
START -18460 -2900 19224 22580 1560 1174 END
START -18196 -2688 18332 22730 1890 2092 END
START -17952 -2572 17636 22828 2213 3002 END
START -17720 -2312 16832 22816 2564 3941 END
START -17364 -2176 16328 22761 2796 4812 END
START -17152 -1956 15600 22692 2978 5704 END
START -16960 -1860 15336 22581 3064 6549 END
START -16496 -1956 14804 22526 3151 7348 END
START -16160 -1776 14344 22450 3176 8153 END
START -15876 -1692 13944 22400 3229 8961 END
START -15584 -1536 13524 22432 3228 9707 END
START -15348 -1288 13240 22380 3263 10488 END
START -15096 -1200 12576 22365 3284 11250 END
START -14756 -968 12380 22345 3291 11954 END
START -14584 -1004 11840 22288 3373 12926 END
START -14316 -952 11500 22243 3424 13515 END
START -14208 -912 11272 22188 3454 14325 END
START -14056 -732 10708 22137 3528 15175 END
START -13880 -696 10348 22081 3559 16002 END
START -14008 -604 9872 22033 3680 16840 END
START -13840 -528 9488 21993 3798 17659 END
START -13740 -416 9004 21861 4004 18475 END
START -13792 -452 8396 21721 4130 19360 END
START -13844 -448 8156 21552 4252 20254 END
START -13796 -368 7552 21379 4321 21234 END
START -13728 -424 7228 21182 4323 22227 END
START -13528 -456 6776 20967 4260 23223 END
START -13044 -648 6292 20807 4203 24208 END
START -12496 -720 5708 20659 4114 25166 END
START -12056 -984 5200 20411 3976 26066 END
START -11448 -928 4428 20206 3839 26912 END
START -10800 -864 4036 19890 3638 27729 END
START -10268 -1104 3168 19541 3468 28480 END
START -9892 -1172 2440 19145 3138 29310 END
START -9512 -1344 1544 18769 2754 30177 END
START -8864 -1256 476 18350 2271 30977 END
START -8048 -1312 -676 17918 1840 31747 END
START -6980 -784 -2120 17252 1534 32426 END
START -6016 -508 -3280 16340 1339 32767 END
START -4944 -160 -4472 15218 1218 32767 END
START -3860 148 -5484 13847 1256 32767 END
START -2672 380 -6164 12355 1346 32767 END
START -1396 340 -6732 10829 1584 32767 END
START -264 340 -7292 9205 1898 32767 END
START 756 308 -7348 7650 2217 32767 END
START 2160 252 -7720 6091 2655 32767 END
START 3660 484 -7816 4572 3216 32767 END
START 5012 968 -7704 2946 3868 32767 END
START 6208 1436 -7612 1408 4536 32767 END
START 7724 2040 -6712 -157 5247 32767 END
START 9280 2452 -5812 -1596 5813 32767 END
START 11572 2952 -5116 -2912 6509 32767 END
START 14092 3372 -3992 -4082 7156 32711 END
START 16120 3660 -3196 -5209 7918 31561 END
START 18164 3812 -2032 -6182 8468 30200 END
START 19640 4164 -1052 -7016 8784 28625 END
START 21028 4668 -24 -7715 9085 26954 END
START 22156 5288 856 -8328 9192 25179 END
START 23044 5868 1860 -8869 9303 23420 END
START 23692 6424 3004 -9283 9234 21556 END
START 24020 6916 3784 -9656 9150 19763 END
START 24240 7412 4652 -9979 8950 18020 END
START 24360 7660 5768 -10237 8549 16345 END
START 24208 8064 6556 -10418 8099 14780 END
START 24168 8304 7728 -10521 7561 13210 END
START 24176 8500 8616 -10566 7062 11920 END
START 23848 8876 10028 -10509 6586 10516 END
START 23552 9340 11000 -10375 6098 9241 END
START 23132 9788 12516 -10090 5542 8056 END
START 22620 10160 13788 -9701 5066 6949 END
START 22224 10320 14988 -9144 4628 5897 END
START 21764 10320 16056 -8464 4175 4913 END
START 21056 10252 16964 -7616 3721 3952 END
START 20444 10280 18172 -6704 3267 3083 END
START 19664 10420 18820 -5726 2837 2290 END
START 19076 10500 19232 -4698 2449 1568 END
START 18252 10600 19420 -3627 2016 982 END
START 17312 10228 19476 -2667 1571 477 END
START 16444 10508 20016 -1847 908 105 END