START -1492 7764 -2716 5401 2296 200 END
START 2596 -220 -20664 7113 3811 868 END
START -3348 9884 -3600 4476 2177 1131 END
START -4224 7580 -4380 5164 2958 1895 END
START -6548 6304 -4020 4466 913 2436 END
START -4820 6796 -7072 3944 58 3237 END
START -7012 6052 -6456 3194 -1293 3944 END
START -4944 6072 -10032 2444 -2006 4854 END
START -7116 5948 -8220 1459 -3624 5623 END
START -6896 5752 -9200 501 -4700 6364 END
START -5168 5656 -12004 -718 -6019 7089 END
START -5920 4840 -11540 -2031 -6851 7908 END
START -5300 4196 -12480 -3457 -7809 8738 END
START -4376 4376 -12708 -4895 -8699 9494 END
START -2644 3824 -13752 -6390 -8908 10117 END
START -464 3796 -14128 -8008 -8525 10478 END
START 1048 3768 -13880 -9647 -7724 10559 END
START 2776 3548 -13616 -11282 -6599 10461 END
START 4532 3228 -13128 -12794 -5231 10064 END
START 6536 2732 -12132 -14479 -3543 9475 END
START 7728 2468 -11064 -15653 -1773 8645 END
START 8268 2304 -9236 -16870 -75 7696 END
START 8496 2200 -8520 -17798 1412 6730 END
START 8048 2124 -7176 -18502 2777 5665 END
START 7684 2120 -6348 -18969 4016 4692 END
START 6532 1940 -5044 -19262 4900 3801 END
START 5308 1844 -3968 -19391 5513 3127 END
START 3736 1532 -3292 -19385 5753 2689 END
START 2216 1544 -2500 -19258 5707 2476 END
START 976 1392 -2360 -19149 5344 2441 END
START -264 1304 -1812 -18955 4727 2571 END
START -1120 1316 -1700 -18744 3930 2867 END
START -1688 1076 -1956 -18594 3138 3228 END
START -1796 1172 -2220 -18483 2275 3640 END
START -1972 1148 -2400 -18454 1450 4061 END
START -1960 1140 -2536 -18535 684 4501 END
START -1732 1092 -2712 -18665 55 4897 END
START -1504 964 -2948 -18830 -416 5270 END
START -1500 960 -2704 -19037 -749 5621 END
START -1392 1068 -2832 -19309 -983 5961 END
START -1400 888 -2488 -19563 -1099 6316 END
START -1424 876 -2476 -19886 -1113 6690 END
START -1608 704 -2456 -20201 -1065 7088 END
START -1984 656 -2328 -20510 -900 7563 END
START -2108 536 -2268 -20907 -732 8059 END
START -2508 576 -2204 -21334 -600 8674 END
START -2908 468 -1984 -21762 -413 9271 END
START -3092 404 -1940 -22260 -233 9931 END
START -3180 284 -1960 -22831 99 10646 END
START -3136 224 -1988 -23386 577 11316 END
START -3040 28 -1964 -24046 1186 11960 END
START -2976 -4 -1740 -24791 1967 12876 END
START -3068 -72 -1248 -25498 2778 13245 END
START -2976 -152 -984 -26311 3693 14154 END
START -2600 -164 -400 -27061 4542 14830 END
START -1956 -456 -88 -27849 5438 15533 END
START -1192 -712 580 -28582 6167 16173 END
START -752 -792 1384 -29243 6733 16652 END
START 344 -744 1988 -29874 7191 17044 END
START 1412 -644 3316 -30455 7446 17196 END
START 2440 -396 4096 -30952 7563 17175 END
START 3256 -132 5312 -31410 7625 17008 END
START 4072 72 6568 -31776 7585 16648 END
START 4508 256 7800 -31998 7458 16283 END
START 4988 320 8824 -32155 7410 15870 END
START 5024 368 10128 -32176 7358 15442 END
START 5088 676 10896 -32048 7438 15030 END
START 4884 960 11656 -31914 7556 14671 END
START 4592 1116 12332 -31807 7631 14389 END
START 4324 1216 12888 -31634 7686 14166 END
START 4260 1504 13260 -31536 7733 13946 END
START 4112 1708 13604 -31499 7861 13785 END
START 3916 2148 13888 -31537 7954 13581 END
START 3820 2416 14512 -31602 8127 13422 END
START 3968 2856 15212 -31778 8293 13321 END
START 4040 3088 15776 -31882 8557 13245 END
START 4340 3432 16716 -31974 8740 13091 END
START 4556 3676 17776 -31964 9003 12879 END
START 4888 4128 18704 -31835 9261 12972 END
START 5208 4524 19740 -31661 9526 12643 END
START 5688 4812 20376 -31380 9799 12442 END
START 6340 5104 21544 -31148 10118 11889 END
START 7228 5720 22688 -30803 10478 11376 END
START 7836 5960 23684 -30522 10828 10732 END
START 8116 6312 24612 -30158 11192 10050 END
START 8412 6596 25440 -29798 11445 9270 END
START 8500 6728 26448 -29391 11518 8562 END
START 8120 6896 27496 -28908 11452 7871 END
START 8208 6932 28380 -28395 11257 7196 END
START 7964 7016 29164 -27800 10948 6559 END
START 7592 7148 29868 -27168 10608 6027 END
START 7576 7164 30580 -26472 10272 5542 END
START 7420 7232 30948 -25777 9941 5126 END
START 7320 7312 31292 -25135 9658 4715 END
START 7128 7396 31732 -24441 9330 4343 END
START 6864 7588 32240 -23782 9017 3953 END
START 6612 7936 32632 -23158 8745 3616 END
START 6316 8160 32767 -22510 8495 3321 END
START 6028 8264 32767 -21961 8239 3037 END
START 5764 8388 32767 -21376 8024 2803 END
START 5424 8380 32767 -20790 7791 2597 END
START 5152 8260 32767 -20103 7491 2442 END
START 4860 8092 32767 -19409 7201 2308 END
START 4392 7636 32767 -18500 6943 2247 END
START 4004 7548 32767 -17572 6658 2235 END
START 3504 7664 32767 -16559 6295 2235 END
START 3388 7552 32767 -15465 5905 2318 END
START 3312 7304 32767 -14296 5633 2430 END
START 3628 7120 32767 -13372 5363 2573 END
START 4044 6952 32767 -12235 5265 2682 END
START 4536 6852 32767 -11194 5188 2849 END
START 5360 6804 32767 -10212 5258 2913 END
START 6384 6736 32767 -9236 5448 2905 END
START 7276 6608 32767 -8312 5695 2806 END
START 8072 6616 32767 -7415 5956 2601 END
START 8956 6504 32767 -6544 6223 2275 END
START 9668 6492 32767 -5702 6468 1820 END
START 10252 6504 32767 -4928 6655 1322 END
START 10276 6572 32767 -4128 6752 747 END
START 10280 6620 32767 -3347 6693 137 END
START 10212 6680 32767 -2665 6563 -398 END
START 10132 6920 32767 -1998 6320 -989 END
START 9992 7048 32767 -1459 6060 -1558 END
START 9664 7096 31968 -999 5726 -2060 END
START 9448 7084 31084 -641 5427 -2603 END
START 9084 7116 30476 -342 5130 -3084 END
START 8640 7192 29700 -67 4806 -3532 END
START 8240 7196 28784 110 4523 -3970 END
START 7888 7188 28320 318 4256 -4372 END
START 7572 7288 27820 448 4009 -4780 END
START 7216 7084 27324 635 3844 -5184 END
START 7008 6984 26760 801 3690 -5532 END
START 6788 6860 26444 999 3638 -5883 END
START 6500 6648 25888 1250 3632 -6250 END
START 6264 6540 25692 1499 3603 -6572 END
START 5712 6428 25224 1809 3517 -6834 END
START 5600 6236 24656 2123 3291 -7086 END
START 5420 6196 23864 2383 3106 -7307 END
START 5296 5940 23076 2630 2978 -7500 END
START 5236 5776 22112 2807 2789 -7705 END
START 5460 5684 20828 2884 2725 -7905 END
START 5592 5560 20016 2884 2654 -8082 END
START 6264 5552 19252 2780 2776 -8335 END
START 7128 5556 18304 2609 2847 -8668 END
START 7844 5588 17572 2366 2995 -9031 END
START 8668 5660 17036 2134 3084 -9625 END
START 9396 5404 16436 1867 3146 -10302 END
START 9840 5332 15760 1646 3141 -11133 END
START 10128 5044 15276 1479 3039 -11955 END
START 10324 5148 14684 1264 2790 -12790 END
START 10812 5256 13748 1012 2517 -13658 END
START 11716 5524 12880 639 2401 -14654 END
START 12432 5776 12156 131 2314 -15707 END
START 13120 5844 12108 -471 2363 -16897 END
START 13288 5764 12108 -1254 2249 -18252 END
START 13400 5628 12404 -1981 2173 -19594 END
START 13332 5560 13216 -2676 1954 -20959 END
START 13208 5488 14172 -3215 1839 -22343 END
START 12884 5248 15100 -3562 1616 -23637 END
START 12268 5088 16052 -3628 1342 -24875 END
START 11600 4704 17036 -3544 1007 -26122 END
START 10828 4444 17844 -3278 638 -27165 END
START 9860 4220 18400 -2934 344 -28102 END
START 8820 4052 19008 -2464 -4 -28863 END
START 7672 3880 19320 -2018 -316 -29463 END
START 6300 3708 19812 -1551 -707 -29945 END
START 4720 3336 20204 -1103 -1144 -30184 END
START 3264 3404 20248 -651 -1609 -30279 END
START 2116 3364 20028 -183 -2060 -30227 END
START 1480 3496 19800 188 -2370 -30104 END
START 1268 3576 19348 549 -2411 -29915 END
START 1296 3440 19232 821 -2235 -29780 END
START 1476 3156 19060 994 -1907 -29643 END
START 1824 2844 19172 1068 -1426 -29637 END
START 1996 2832 19372 1180 -857 -29634 END
START 1868 2552 20152 1253 -371 -29776 END
START 1556 2300 20508 1298 49 -29913 END
START 972 1916 21076 1411 438 -30036 END
START 516 1576 21652 1624 883 -30162 END
START -4 1172 22320 1945 1342 -30215 END
START -536 1104 22852 2261 1787 -30277 END
START -1012 884 23392 2675 2093 -30264 END
START -1784 472 23880 3198 2338 -30265 END
START -3008 -24 24352 3746 2359 -30159 END
START -4364 -456 25156 4332 2200 -29969 END
START -5940 -780 25940 4980 1743 -29580 END
START -7604 -996 26476 5636 1152 -29084 END
START -9008 -1360 26964 6402 520 -28441 END
START -10308 -1648 27476 7147 -26 -27661 END
START -11256 -2116 27708 7994 -287 -26820 END
START -12168 -2648 27892 8842 -331 -25847 END
START -13080 -2888 27992 9760 -63 -24739 END
START -13968 -3116 28440 10599 295 -23585 END
START -14712 -3332 28500 11502 852 -22309 END
START -15212 -3640 28592 12441 1399 -21016 END
START -16032 -3884 28616 13426 2045 -19557 END
START -16388 -3972 28408 14430 2637 -18101 END
START -16768 -4116 28084 15404 3133 -16589 END
START -17052 -4188 27884 16350 3475 -15119 END
START -17036 -4236 27528 17253 3693 -13675 END
START -17072 -4288 27104 18107 3755 -12348 END
START -17020 -4288 26572 19017 3658 -10916 END
START -16860 -4200 25968 19853 3574 -9564 END
START -16724 -4328 25612 20682 3348 -8308 END
START -16472 -4196 24864 21514 3072 -7036 END
START -16364 -4284 24444 22239 2719 -5856 END
START -15972 -4256 23704 22886 2402 -4731 END
START -15904 -4084 22700 23560 2032 -3603 END
START -15872 -3956 22300 24132 1645 -2555 END
START -15840 -3876 21376 24692 1275 -1466 END
START -15900 -3612 20720 25176 924 -463 END
START -15956 -3476 20060 25595 611 596 END
START -16292 -3276 19448 25985 271 1601 END
START -16536 -3164 18936 26363 -33 2731 END
START -16804 -2936 18256 26694 -382 3830 END
START -16908 -2732 17444 26997 -638 4990 END
START -16912 -2596 16804 27273 -815 6269 END
START -17052 -2420 15940 27505 -936 7517 END
START -17252 -2340 15288 27783 -1086 8789 END
START -17068 -2304 14640 27979 -1226 10141 END
START -16980 -2192 13680 28108 -1306 11459 END
START -16916 -2036 12952 28270 -1330 12768 END
START -16656 -1888 12024 28329 -1182 14265 END
START -16428 -1784 11104 28305 -1103 15650 END
START -16332 -1560 10464 28266 -1027 17070 END
START -16032 -1452 9840 28158 -972 18445 END
START -15656 -1428 8684 28078 -797 19840 END
START -15200 -1472 7684 27897 -570 21125 END
START -14804 -1352 6868 27693 -398 22440 END
START -14484 -1184 5944 27397 -169 23734 END
START -14088 -1064 4920 27068 119 25053 END
START -13556 -912 3964 26583 459 26391 END
START -13260 -756 3000 26001 871 27776 END
START -12888 -624 1836 25261 1315 29158 END
START -12464 -580 960 24502 1747 30524 END
START -12088 -324 148 23593 2094 31855 END
START -11268 -148 -856 22620 2466 32767 END
START -10180 40 -1732 21512 2878 32767 END
START -8696 220 -2504 20352 3329 32767 END
START -7172 296 -3592 19098 3853 32767 END
START -5244 380 -4156 17811 4308 32767 END
START -3032 636 -4592 16409 4697 32767 END
START -784 668 -5256 14980 4985 32767 END
START 1400 848 -5372 13629 5143 32767 END
START 4028 1004 -5900 12223 5075 32767 END
START 6252 1516 -6284 10781 4865 32767 END
START 8772 2128 -7004 9306 4592 32767 END
START 11068 2860 -7448 7823 4422 32767 END
START 13252 3764 -8140 6042 4311 32767 END
START 15112 4472 -8352 4178 4347 32640 END
START 16956 5304 -8688 2214 4461 30974 END
START 18660 5944 -8740 159 4859 29127 END
START 19692 6356 -8296 -1846 5465 27163 END
START 20464 6868 -7272 -3697 6122 25118 END
START 20700 7456 -5884 -5326 6733 23078 END
START 20956 7868 -4784 -6804 7664 20981 END
START 20452 8476 -2596 -8048 8384 19125 END
START 19904 8992 -1284 -9084 8953 17411 END
START 19004 9376 532 -9866 9483 15843 END
START 18324 9596 2576 -10352 9722 14502 END
START 17848 9824 4340 -10641 9879 13018 END
START 17440 10000 6096 -10715 9899 11877 END
START 16988 10044 7460 -10558 9884 10762 END
START 16600 10240 8800 -10242 9767 9640 END
START 16036 10340 10192 -9782 9613 8722 END
START 15492 10520 11256 -9202 9337 7762 END
START 15052 10700 12196 -8604 9014 6996 END
START 14572 11056 12964 -7991 8679 6241 END