START -1388 7372 -4324 7182 -4090 -2648 END
START 1636 2432 -19388 8490 -3865 -2138 END
START -2476 9772 -6312 5836 -5324 -1710 END
START -1428 8208 -9292 5882 -5707 -1189 END
START -3840 7436 -8628 4666 -7098 -778 END
START -1436 8200 -12052 3347 -7734 -520 END
START -3096 7764 -10768 1735 -8404 -292 END
START -928 7976 -13436 43 -8497 -85 END
START -1304 7804 -12636 -1842 -8314 140 END
START -652 7408 -12720 -3592 -7847 321 END
START -460 7160 -12396 -5317 -7203 452 END
START 212 6564 -12236 -6914 -6303 516 END
START 228 5884 -10860 -8300 -5225 599 END
START 872 5676 -10516 -9566 -4152 575 END
START 1064 5336 -9664 -10613 -2912 561 END
START 1244 4936 -8976 -11522 -1576 507 END
START 1224 4660 -8156 -12348 -359 463 END
START 756 4276 -7116 -13000 673 399 END
START 548 4168 -6596 -13547 1516 374 END
START 108 4004 -5728 -13962 2133 399 END
START -264 3912 -5080 -14294 2621 418 END
START -504 3844 -4684 -14675 2981 512 END
START -876 3712 -4396 -14713 3151 650 END
START -1252 3652 -4120 -14717 3146 824 END
START -1756 3492 -3748 -15213 2963 1090 END
START -2120 3452 -3556 -15010 2572 1354 END
START -2544 3276 -3596 -15073 2038 1686 END
START -2644 3256 -3568 -15148 1420 2036 END
START -2660 3216 -4028 -15268 830 2392 END
START -2604 3224 -3944 -15433 249 2741 END
START -2500 3212 -4356 -15616 -357 3068 END
START -2032 3132 -4540 -15889 -829 3341 END
START -1912 3220 -4428 -16266 -1205 3601 END
START -1728 3140 -4716 -16648 -1521 3780 END
START -1640 3072 -4528 -17079 -1764 3968 END
START -1672 2840 -4516 -17463 -1971 4179 END
START -1392 2692 -4596 -17854 -2133 4395 END
START -1108 2624 -4588 -18251 -2209 4615 END
START -980 2356 -4604 -18634 -2272 4790 END
START -1044 2256 -4856 -19043 -2271 4986 END
START -900 2244 -4996 -19484 -2315 5197 END
START -1140 2180 -4888 -19915 -2400 5416 END
START -1000 2272 -5220 -20420 -2426 5705 END
START -924 2472 -5672 -20996 -2349 5935 END
START -660 2632 -6156 -21739 -2097 6193 END
START -484 2684 -6460 -22559 -1826 6394 END
START 56 2548 -6484 -23580 -1327 6600 END
START 592 2424 -6428 -24618 -748 6647 END
START 980 2368 -6260 -25727 33 6703 END
START 1468 2152 -6096 -26865 989 6693 END
START 2128 1896 -5828 -28003 2184 6596 END
START 2540 1680 -5216 -29011 3398 6457 END
START 2668 1472 -4380 -30025 4635 6270 END
START 2948 1348 -3852 -30976 5882 6011 END
START 2936 1316 -3100 -31847 6929 5761 END
START 2996 1212 -2272 -32586 7792 5502 END
START 2912 920 -1340 -32768 8592 5210 END
START 2604 672 -596 -32768 9207 4905 END
START 2248 648 448 -32768 9564 4594 END
START 1640 640 1340 -32768 9739 4372 END
START 860 684 2312 -32768 9521 4229 END
START 540 680 2664 -32768 9197 4162 END
START -56 540 3824 -32768 8679 4174 END
START -312 568 4488 -32768 8163 4270 END
START -740 500 5284 -32768 7565 4398 END
START -780 740 5860 -32768 7005 4517 END
START -1068 952 6768 -32768 6492 4659 END
START -1496 1192 7596 -32768 5967 4838 END
START -1552 1468 8724 -32768 5412 5060 END
START -1712 1816 9784 -32768 4904 5283 END
START -1652 1832 10908 -32768 4539 5518 END
START -1472 1636 11808 -32768 4362 5763 END
START -1444 1440 12592 -32768 4338 6055 END
START -1372 1264 13512 -32768 4498 6323 END
START -1204 1064 13952 -32768 4787 6607 END
START -1024 1020 14604 -32768 5139 6895 END
START -840 960 15336 -32768 5553 7160 END
START -588 848 15700 -32768 5984 7415 END
START -532 868 16144 -32768 6386 7646 END
START -312 1012 16452 -32768 6821 7888 END
START 212 1348 16740 -32768 7280 8064 END
START 688 1336 17488 -32768 7698 8161 END
START 1324 1592 17772 -32768 8093 8156 END
START 2132 1496 18540 -32768 8582 8056 END
START 3152 1560 19284 -32768 8991 7783 END
START 3820 1572 20216 -32768 9404 7384 END
START 4380 1440 21052 -32768 9615 6846 END
START 4484 1424 22296 -32768 9628 6217 END
START 4508 1240 23392 -32768 9378 5613 END
START 4340 1420 24416 -32768 9035 5023 END
START 4216 1504 25116 -32271 8545 4415 END
START 3900 1548 26012 -31539 7936 3876 END
START 3560 1816 26784 -30773 7179 3329 END
START 3180 2020 27388 -30004 6362 2825 END
START 3032 2140 27780 -29225 5602 2370 END
START 2912 2196 28200 -28426 4854 1869 END
START 2748 2472 28384 -27637 4244 1408 END
START 2396 2552 28472 -26878 3614 983 END
START 2180 2496 28644 -26171 3062 646 END
START 2012 2684 28648 -25552 2570 253 END
START 1780 2700 28752 -24944 2121 -25 END
START 1360 2676 28980 -24462 1743 -186 END
START 924 2800 28768 -24017 1400 -303 END
START 428 2980 29048 -23603 1080 -280 END
START -56 3020 29504 -23200 716 -223 END
START -476 2932 29700 -22755 420 -48 END
START -628 2832 30044 -22253 152 156 END
START -704 2780 30460 -21729 -89 408 END
START -824 2688 30612 -21138 -255 681 END
START -900 2840 30916 -20564 -357 1054 END
START -860 3072 31344 -20031 -361 1370 END
START -684 3264 31944 -19469 -274 1737 END
START -396 3320 32200 -18903 -147 2047 END
START -340 3352 32767 -18245 93 2329 END
START -152 3296 32767 -17620 292 2557 END
START -12 3360 32767 -16847 524 2785 END
START -12 3252 32767 -16056 670 2990 END
START 12 3432 32767 -15078 825 3131 END
START 144 3564 32767 -14533 924 3277 END
START 300 3512 32767 -13445 1125 3435 END
START 524 3588 32767 -12648 1274 3549 END
START 648 3684 32767 -11889 1429 3662 END
START 980 3820 32767 -11263 1577 3725 END
START 1488 3752 32767 -10651 1794 3768 END
START 2084 3764 32767 -10108 2135 3717 END
START 2592 3708 32767 -9626 2529 3665 END
START 3012 3608 32767 -9123 2901 3533 END
START 3568 3404 32767 -8696 3260 3379 END
START 4020 3316 32767 -8256 3538 3130 END
START 4220 3196 32767 -7846 3710 2844 END
START 4296 3128 32767 -7420 3774 2561 END
START 4208 3052 32767 -7028 3646 2289 END
START 3928 2944 32767 -6537 3505 2009 END
START 3800 2892 32767 -6020 3220 1763 END
START 3480 2784 32767 -5450 2818 1568 END
START 3608 2800 32767 -4836 2399 1389 END
START 3508 2768 32767 -4171 2006 1200 END
START 3528 2736 32767 -3503 1628 1008 END
START 3680 2820 32560 -2847 1273 807 END
START 3508 2784 32376 -2199 1025 626 END
START 3352 2844 31824 -1561 765 400 END
START 3332 2900 31484 -936 563 295 END
START 3068 2868 30872 -333 376 165 END
START 2868 2832 30404 247 164 102 END
START 2432 2816 29668 794 -66 5 END
START 2128 2836 29164 1329 -295 -6 END
START 2060 2744 28816 1864 -540 30 END
START 1840 2896 28172 2308 -713 49 END
START 1704 2860 27232 2714 -843 101 END
START 1664 2880 26588 3089 -912 167 END
START 1680 2708 25760 3423 -882 197 END
START 1716 2752 25024 3726 -819 246 END
START 1828 2552 24280 3991 -705 293 END
START 1764 2564 23700 4239 -527 305 END
START 1676 2384 23128 4451 -364 329 END
START 1696 2436 22136 4601 -262 354 END
START 1808 2408 21692 4727 -139 368 END
START 1888 2356 20764 4833 -11 417 END
START 2180 2360 20100 4865 171 410 END
START 2556 2256 19048 4838 414 351 END
START 2792 2380 18696 4741 719 308 END
START 3076 2452 18000 4609 1078 166 END
START 3396 2508 17292 4378 1521 26 END
START 3364 2520 16852 4100 1849 -61 END
START 3124 2456 16280 3842 2079 -140 END
START 3172 2316 15764 3603 2150 -172 END
START 3116 2256 15184 3379 2228 -143 END
START 3408 2128 14588 3124 2217 -156 END
START 3568 2152 14196 2849 2289 -191 END
START 3764 2252 13796 2592 2391 -239 END
START 3932 2304 13444 2325 2445 -372 END
START 4176 2276 13232 1981 2514 -533 END
START 4632 2352 12788 1716 2645 -724 END
START 5084 2284 12600 1371 2784 -933 END
START 5636 2220 12448 1107 2944 -1206 END
START 6028 2044 12108 790 2982 -1469 END
START 6408 2004 11980 550 2954 -1759 END
START 6728 2048 11932 318 2793 -2090 END
START 6984 2076 11836 108 2536 -2435 END
START 7448 1988 11448 -60 2270 -2855 END
START 7584 1908 11260 -245 1924 -3214 END
START 7712 1984 10988 -379 1515 -3636 END
START 7564 1856 10752 -530 1065 -4017 END
START 7596 2116 10780 -719 587 -4389 END
START 7688 2276 10392 -912 263 -4764 END
START 8092 2424 10124 -1166 182 -5140 END
START 8424 2588 9696 -1468 401 -5512 END
START 8784 2784 9236 -1805 888 -5935 END
START 8976 2944 8804 -2186 1560 -6344 END
START 9112 2940 8464 -2583 2280 -6737 END
START 9128 2960 8024 -3059 3088 -7151 END
START 9248 2956 7952 -3457 3810 -7507 END
START 9020 2912 7724 -3944 4412 -7850 END
START 9232 2996 7416 -4436 4808 -8175 END
START 9364 2948 7384 -4997 5154 -8510 END
START 9896 2968 7208 -5666 5421 -8975 END
START 10876 3056 7348 -6381 5699 -9453 END
START 11768 3108 7800 -7182 5980 -10112 END
START 12640 3220 8168 -7989 6197 -10968 END
START 13540 2884 8980 -8755 6387 -11985 END
START 14060 2808 9816 -9419 6575 -13157 END
START 14136 2568 10620 -10053 6684 -14484 END
START 14080 2396 11648 -10448 6673 -15752 END
START 13816 2332 12608 -10828 6599 -17051 END
START 13288 2404 13960 -11102 6424 -18416 END
START 12944 2232 14772 -11265 6290 -19678 END
START 12512 1880 15984 -11390 6136 -20958 END
START 11692 1572 16756 -11381 6019 -22235 END
START 10808 1296 17892 -11325 5898 -23381 END
START 9804 1152 18732 -11187 5766 -24533 END
START 8520 1104 19524 -10934 5606 -25526 END
START 7020 956 20380 -10613 5435 -26411 END
START 5680 564 21244 -10288 5165 -27169 END
START 4036 248 22360 -9940 4757 -27694 END
START 2324 4 23352 -9548 4258 -28048 END
START 1084 -140 24144 -9072 3749 -28249 END
START 216 -376 25156 -8441 3375 -28418 END
START -360 -496 25936 -7819 3159 -28454 END
START -648 -868 26964 -7070 3089 -28518 END
START -700 -1200 27728 -6291 3114 -28629 END
START -728 -1776 28428 -5450 3356 -28828 END
START -944 -2468 29044 -4568 3566 -29039 END
START -1088 -3144 29724 -3696 3715 -29264 END
START -1448 -3864 30336 -2834 3599 -29543 END
START -2012 -4380 30972 -1930 3296 -29825 END
START -3024 -4816 31564 -1135 2792 -30053 END
START -3972 -4956 31916 -325 2161 -30201 END
START -5016 -5068 32248 440 1509 -30323 END
START -6004 -5168 32440 1179 1064 -30343 END
START -6972 -5456 32672 1903 842 -30179 END
START -7740 -5668 32632 2618 1054 -29895 END
START -8700 -5960 32760 3303 1655 -29521 END
START -9548 -6408 32767 3982 2567 -29042 END
START -10876 -6696 32767 4784 3699 -28343 END
START -12172 -6976 32767 5662 4778 -27432 END
START -13396 -7252 32767 6669 5687 -26419 END
START -14920 -7496 32767 7877 6307 -25237 END
START -16824 -7888 32767 9216 6198 -23813 END
START -18676 -8268 32767 10843 5280 -22017 END
START -19860 -8384 32767 12697 3762 -20026 END
START -19984 -8248 32767 14438 2191 -18130 END
START -19144 -7700 32767 16126 736 -16270 END
START -17748 -7176 32640 17629 -344 -14753 END
START -16484 -6956 31452 18865 -918 -13514 END
START -15316 -6620 30432 19923 -1055 -12538 END
START -14216 -6348 29056 20917 -689 -11688 END
START -13868 -6132 28092 21737 -161 -10889 END
START -13692 -6024 27064 22440 385 -10111 END
START -14024 -5960 26040 23090 716 -9191 END
START -14172 -5684 25260 23708 832 -8201 END
START -14156 -5488 24488 24244 694 -7191 END
START -14180 -5224 23684 24643 388 -6181 END
START -13868 -5040 22872 25042 -63 -5231 END
START -13312 -4724 22104 25372 -462 -4390 END
START -12888 -4428 21336 25673 -764 -3643 END
START -12412 -4364 20756 25917 -974 -2923 END
START -11696 -4144 20000 26232 -926 -2258 END
START -11212 -3824 18976 26499 -642 -1672 END
START -10808 -3572 18192 26707 -79 -1162 END
START -10608 -3280 17172 26875 468 -620 END
START -10712 -3108 16380 26957 1051 -45 END
START -11004 -2772 15752 26918 1518 584 END
START -11220 -2576 14780 26780 1982 1253 END
START -11436 -2316 13908 26578 2435 1997 END
START -11500 -1988 13432 26348 2843 2772 END
START -11676 -1656 12808 26102 3212 3639 END
START -11560 -1844 12408 25747 3541 4467 END
START -11156 -1956 11964 25500 3836 5333 END
START -11008 -1852 11496 25316 4166 6176 END
START -10836 -1756 11008 25145 4608 7021 END
START -10868 -1592 10592 25029 4927 7816 END
START -10640 -1392 10164 24878 5188 8650 END
START -10488 -1220 9720 24683 5311 9471 END
START -10136 -972 9596 24476 5342 10251 END
START -9936 -796 9220 24210 5252 10975 END
START -9652 -968 9056 23963 4983 11649 END
START -9420 -1100 8856 23769 4578 12398 END
START -9120 -1188 8696 23620 4157 13013 END
START -8964 -1132 8608 23555 3516 13412 END
START -8600 -1076 8372 23561 2961 14049 END
START -8396 -992 7824 23658 2440 14577 END
START -8092 -692 7432 23712 1995 15105 END
START -8020 -568 6624 23751 1580 15613 END
START -7836 -308 5944 23691 1168 16136 END
START -7804 -208 5252 23484 807 16699 END
START -7808 44 4824 23183 383 17284 END
START -7748 340 4256 22771 -26 17865 END
START -7732 336 4044 22350 -442 18514 END
START -7864 476 3552 21799 -866 19177 END
START -7876 652 3072 21340 -1164 19889 END
START -7912 608 2868 20848 -1522 20662 END
START -7904 700 2188 20347 -1832 21506 END
START -7676 980 1948 19809 -2064 22307 END
START -7228 1284 1432 19220 -2261 23179 END
START -6756 1592 1112 18466 -2283 24060 END
START -5996 1860 628 17622 -2253 24869 END
START -5156 2004 124 16628 -2011 25675 END
START -4312 2296 -196 15601 -1582 26358 END
START -3324 2516 -336 14471 -984 26956 END
START -2228 2684 -320 13403 -285 27504 END
START -984 2816 48 12263 491 27970 END
START 720 3004 272 11249 1197 28366 END
START 2528 3108 564 10276 1963 28632 END
START 4580 3324 1056 9304 2823 28718 END
START 6812 3608 1520 8355 3763 28585 END
START 8476 3884 2312 7499 4555 28154 END
START 9732 4000 2576 6670 5224 27515 END
START 11156 4156 3296 5925 5729 26638 END
START 12168 4456 4176 5302 6030 25537 END
START 12564 4924 5160 4813 5960 24319 END
START 13340 5712 5708 4401 5719 23025 END
START 13648 6116 6408 4182 5336 21696 END
START 14004 6620 6376 4051 4877 20304 END
START 14032 6896 6508 3972 4291 18902 END
START 13812 7212 6652 3924 3830 17654 END
START 13544 7496 6424 3830 3258 16469 END
START 12876 7936 6296 3708 2740 15435 END
START 12148 8348 6052 3459 2194 14485 END
START 11436 8788 6032 3195 1654 13681 END
START 10728 9080 5908 2920 1077 12950 END
START 10132 9312 5988 2609 530 12771 END
START 9792 9580 5668 2238 -32 12158 END
START 9660 9736 6124 1842 -583 11947 END
START 9720 10004 6124 1465 -1136 11604 END
START 9888 10212 6544 1054 -1707 11196 END
START 9992 10452 6752 641 -2130 10813 END
START 10012 10620 6956 254 -2426 10422 END
START 9836 10860 7420 -136 -2719 10036 END
START 9684 11024 8008 -513 -2942 9675 END
START 9388 10972 8688 -794 -3123 9355 END
START 9104 11012 9080 -1055 -3144 9057 END
START 9216 10972 9776 -1200 -2971 8809 END
START 8956 10944 10264 -1258 -2676 8588 END
START 8932 10884 10648 -1252 -2296 8361 END
START 8636 10828 11072 -1167 -1774 8195 END
START 8468 10768 11232 -1057 -1190 8036 END
START 8308 10824 11316 -941 -568 7876 END
START 8484 10844 11220 -808 80 7702 END
START 8784 10740 10936 -736 786 7524 END
START 9200 10880 10652 -769 1565 7287 END
START 9656 10872 10740 -938 2338 6866 END
START 10448 10892 10532 -1131 3057 6433 END