START 4188 7372 -4052 3029 1138 -1092 END
START 9688 1676 -24152 4452 2454 -888 END
START 1988 8092 -4832 1142 754 -1235 END
START 5632 7576 -6908 1722 1481 -1250 END
START 1224 5844 -3676 472 431 -1484 END
START 1188 6016 -3340 -265 774 -1537 END
START 4708 6280 -8260 -1210 596 -1704 END
START 2248 5320 -5184 -1835 1150 -1657 END
START 2984 5372 -6272 -2590 909 -1639 END
START 1996 4760 -5588 -3034 1155 -1446 END
START 1156 4512 -5208 -3520 891 -1377 END
START 1252 4232 -5976 -3895 862 -1144 END
START 168 3928 -5164 -4196 663 -958 END
START 428 3944 -6076 -4576 579 -709 END
START 80 3900 -5996 -5020 330 -440 END
START -204 3696 -5864 -5496 210 -122 END
START -368 3436 -5768 -6066 -17 181 END
START 16 3324 -5976 -6576 -168 435 END
START -84 3088 -5508 -7124 -307 697 END
START 160 2892 -5572 -7594 -395 923 END
START 248 2672 -5000 -8063 -450 1058 END
START 464 2456 -4848 -8456 -583 1177 END
START 756 2328 -4636 -8725 -607 1262 END
START 924 2112 -4536 -9007 -545 1348 END
START 1084 1928 -4556 -9170 -439 1411 END
START 1204 1788 -4592 -9378 -285 1493 END
START 1192 1836 -5024 -9639 -125 1559 END
START 1256 1780 -5336 -9995 38 1649 END
START 1064 1740 -5628 -10431 148 1687 END
START 1032 1852 -6164 -11002 198 1808 END
START 808 1816 -6424 -11619 183 1852 END
START 656 1952 -6728 -12400 174 1946 END
START 488 1844 -6504 -13191 105 2024 END
START 316 1656 -6324 -13955 131 2142 END
START 464 1484 -6140 -14474 119 2240 END
START 284 1392 -5660 -15094 151 2336 END
START 256 1136 -5476 -15845 288 2467 END
START 108 928 -4804 -16408 349 2560 END
START -252 792 -4256 -16891 430 2691 END
START -532 728 -3472 -17287 570 2821 END
START -740 648 -3060 -17627 643 2953 END
START -904 584 -2580 -17872 778 3120 END
START -1104 340 -2160 -18118 935 3267 END
START -1468 152 -1708 -18337 1042 3395 END
START -1812 164 -1332 -18604 1157 3653 END
START -2400 220 -1008 -18807 1159 3917 END
START -2836 316 -696 -19085 1152 4322 END
START -3176 336 -788 -19359 1126 4787 END
START -3468 480 -692 -19671 1146 5307 END
START -3436 404 -708 -20056 1185 5864 END
START -3248 280 -680 -20431 1277 6409 END
START -2996 216 -628 -20932 1398 7004 END
START -2928 136 -348 -21433 1488 7570 END
START -2620 92 -208 -21970 1639 8080 END
START -2256 192 -152 -22487 1810 8557 END
START -1768 196 -44 -23143 2111 9010 END
START -1224 216 208 -23792 2397 9376 END
START -756 344 584 -24451 2807 9682 END
START -312 500 1188 -25136 3173 9887 END
START 64 620 2016 -25757 3541 10071 END
START 440 732 2520 -26365 3956 10182 END
START 796 856 3372 -26896 4332 10287 END
START 960 984 4276 -27325 4595 10302 END
START 1104 1072 4752 -27657 4793 10328 END
START 1416 1168 5516 -27869 5021 10389 END
START 2032 1436 6124 -28138 5259 10408 END
START 2744 1780 6876 -28346 5556 10360 END
START 3320 2184 7560 -28517 5889 10269 END
START 4056 2544 8472 -28700 6255 10103 END
START 4820 2832 9144 -28823 6590 9831 END
START 5252 3152 10188 -28899 6864 9503 END
START 5688 3204 10824 -28917 7141 9107 END
START 5920 3596 11664 -28935 7367 8685 END
START 6112 4236 12488 -28907 7545 8299 END
START 5828 4808 13484 -28849 7724 7920 END
START 5644 5296 14284 -28696 7786 7574 END
START 5460 5800 14956 -28472 7839 7229 END
START 5144 5952 15748 -28215 7752 6886 END
START 5024 6172 16220 -27926 7656 6587 END
START 5276 6124 16284 -27633 7688 6368 END
START 5208 6480 16452 -27392 7776 6066 END
START 5236 6916 16784 -27307 7867 5750 END
START 4992 7396 16916 -27340 7980 5453 END
START 4932 7800 17560 -27494 8139 5174 END
START 4776 8136 18236 -27705 8214 4939 END
START 4560 8300 18952 -27903 8277 4691 END
START 4320 8352 19756 -27955 8295 4489 END
START 4372 8300 20880 -27937 8335 4325 END
START 4384 8284 21440 -27811 8417 4165 END
START 4544 8364 22308 -27594 8538 3996 END
START 4652 8512 22776 -27435 8748 3848 END
START 4552 8848 23608 -27276 8971 3703 END
START 4680 9004 24284 -27103 9140 3574 END
START 4600 9316 25296 -27010 9327 3450 END
START 4476 9388 26252 -26819 9494 3367 END
START 4768 9392 26876 -26579 9655 3266 END
START 5016 9284 28044 -26263 9695 3157 END
START 5204 9100 29376 -25780 9787 3011 END
START 5732 8924 30256 -25150 9781 2789 END
START 6064 8796 31300 -24359 9756 2518 END
START 6556 8696 32092 -23486 9725 2178 END
START 6624 8756 32540 -22507 9687 1759 END
START 6968 8872 32767 -21566 9599 1357 END
START 6948 9016 32767 -20550 9393 919 END
START 6956 9376 32767 -19742 9177 530 END
START 6760 9624 32767 -18823 8813 86 END
START 6748 9640 32767 -18075 8484 -267 END
START 6536 9600 32767 -17264 8124 -645 END
START 6376 9544 32767 -16555 7695 -916 END
START 6248 9472 32767 -15848 7314 -1120 END
START 5984 9452 32767 -15050 6830 -1311 END
START 5912 9448 32767 -14607 6444 -1420 END
START 5892 9240 32767 -13679 6001 -1558 END
START 5808 9108 32767 -12924 5566 -1625 END
START 5816 8916 32767 -12101 5181 -1747 END
START 5816 8752 32767 -11217 4743 -1873 END
START 5764 8500 32767 -10333 4389 -1954 END
START 5836 8292 32767 -9463 4015 -2019 END
START 5660 8072 32767 -8549 3785 -2074 END
START 5720 7904 32767 -7589 3542 -2090 END
START 5668 7744 32767 -6684 3367 -2093 END
START 5800 7608 32767 -5828 3263 -2076 END
START 6052 7424 32767 -4982 3226 -2048 END
START 6460 7172 32767 -4105 3377 -2055 END
START 6908 7020 32767 -3346 3630 -2097 END
START 7296 6948 32767 -2685 3951 -2176 END
START 7868 6756 32767 -2084 4340 -2328 END
START 8304 6748 32767 -1600 4669 -2532 END
START 8748 6736 32767 -1129 5068 -2804 END
START 9372 6636 32656 -729 5465 -3142 END
START 9948 6564 31988 -277 5854 -3567 END
START 10504 6436 31852 129 6144 -4060 END
START 10936 6288 31340 573 6381 -4624 END
START 11372 6140 30692 1033 6553 -5191 END
START 11512 6096 30140 1562 6691 -5877 END
START 11764 6056 29376 2070 6719 -6549 END
START 11784 6064 28716 2609 6652 -7206 END
START 11788 5952 27768 3154 6389 -7946 END
START 11560 6056 26576 3625 6003 -8638 END
START 11408 6188 25268 4017 5456 -9344 END
START 11156 6492 23792 4254 4814 -10040 END
START 10880 6572 22520 4381 4067 -10731 END
START 10276 6572 21388 4402 3158 -11396 END
START 9912 6680 20100 4303 2041 -12022 END
START 9888 6996 18752 4153 934 -12637 END
START 10108 7348 17400 3799 -44 -13309 END
START 10556 7652 15984 3253 -753 -14093 END
START 11092 7836 15320 2588 -1201 -14917 END
START 11524 7916 14624 1776 -1432 -15842 END
START 11816 7900 14440 904 -1380 -16838 END
START 11916 7616 14812 138 -1208 -17801 END
START 12192 7300 15028 -526 -743 -18758 END
START 12368 6776 15832 -994 -235 -19741 END
START 12352 6656 16456 -1283 378 -20684 END
START 12044 6168 17164 -1310 1065 -21781 END
START 11444 5928 17876 -1189 1534 -22790 END
START 10644 5660 18364 -928 1703 -23782 END
START 9620 5512 18544 -579 1680 -24700 END
START 8920 5564 18124 -258 1531 -25546 END
START 8384 5476 18096 26 1241 -26360 END
START 7760 5360 18008 184 926 -27080 END
START 7104 5148 17704 194 500 -27834 END
START 6380 4804 17696 202 -16 -28495 END
START 5500 4468 17636 95 -675 -29170 END
START 4364 4372 17736 -14 -1248 -29747 END
START 3280 4184 18036 -150 -1831 -30218 END
START 2328 3768 18424 -237 -2385 -30563 END
START 1260 3428 18844 -284 -2786 -30795 END
START 124 3136 19412 -269 -2941 -30981 END
START -948 2800 20088 -172 -3039 -31009 END
START -2040 2600 21152 2 -3153 -30982 END
START -2624 2536 21532 249 -3166 -30903 END
START -3500 2204 22396 649 -3090 -30694 END
START -4440 1920 22972 1115 -3003 -30410 END
START -5592 1520 23796 1665 -2874 -30040 END
START -6764 1208 24044 2243 -2752 -29542 END
START -7888 1004 24496 2792 -2622 -28943 END
START -8956 876 24812 3452 -2486 -28236 END
START -9848 720 25124 4059 -2389 -27449 END
START -10576 572 25520 4698 -2271 -26605 END
START -11116 284 25520 5336 -2117 -25762 END
START -11608 108 25656 5953 -1912 -24852 END
START -12324 -204 25744 6584 -1623 -24003 END
START -12772 -292 25912 7179 -1343 -23027 END
START -13632 -616 25768 7784 -989 -21971 END
START -14100 -880 25820 8413 -631 -20932 END
START -14424 -964 25852 9018 -342 -19899 END
START -14860 -1160 25956 9625 -135 -18783 END
START -15376 -1412 25780 10283 -54 -17659 END
START -15680 -1592 25968 10933 -60 -16579 END
START -15840 -1700 25792 11595 -203 -15491 END
START -15996 -1592 25776 12213 -337 -14481 END
START -16308 -1616 25572 12920 -490 -13412 END
START -16288 -1804 25524 13628 -556 -12394 END
START -16336 -1752 25364 14340 -617 -11329 END
START -16596 -1704 25076 15068 -658 -10301 END
START -16580 -1592 24928 15843 -648 -9277 END
START -16656 -1676 24808 16551 -551 -8262 END
START -16524 -1632 24392 17283 -474 -7248 END
START -16756 -1616 24196 18102 -337 -6239 END
START -16620 -1628 23604 18850 -231 -5214 END
START -16748 -1624 23128 19582 -202 -4204 END
START -17028 -1708 22472 20286 -205 -3155 END
START -17284 -1568 22016 20948 -336 -2085 END
START -17484 -1616 21160 21576 -532 -950 END
START -17648 -1432 20516 22140 -752 170 END
START -17904 -1320 19972 22618 -1069 1384 END
START -18008 -1216 19204 23108 -1357 2608 END
START -17960 -1204 18404 23573 -1655 3887 END
START -17936 -1020 17484 24018 -1886 5140 END
START -17640 -936 16748 24372 -2056 6386 END
START -17288 -948 15984 24696 -2217 7610 END
START -16960 -908 15008 24933 -2281 8836 END
START -16680 -924 14296 25141 -2408 9998 END
START -16348 -756 13140 25224 -2497 11261 END
START -16016 -532 12192 25262 -2603 12492 END
START -15712 -312 11408 25215 -2658 13553 END
START -15144 -172 10592 25090 -2619 14717 END
START -14704 -132 9752 24916 -2583 15877 END
START -14276 92 8860 24675 -2463 16995 END
START -13792 120 8092 24389 -2230 18032 END
START -13128 244 7400 24019 -1900 19084 END
START -12620 480 6628 23634 -1482 20108 END
START -12092 600 5952 23192 -990 21106 END
START -11696 548 5108 22669 -501 22074 END
START -11272 504 4540 22093 -51 23043 END
START -10612 784 4004 21461 341 23988 END
START -9908 916 3580 20779 705 24895 END
START -9284 904 3068 20133 1120 25774 END
START -8212 1016 2544 19417 1429 26598 END
START -6960 988 2060 18686 1741 27354 END
START -5648 1020 1852 17922 2055 27933 END
START -4280 928 1460 17207 2311 28407 END
START -3044 956 1004 16369 2587 28739 END
START -2160 1064 796 15529 2761 29021 END
START -1076 1368 784 14729 2949 29168 END
START -52 1696 844 13930 2997 29250 END
START 1016 2204 824 13205 3085 29209 END
START 2204 2480 756 12521 3123 29118 END
START 3412 2572 648 11835 3090 28909 END
START 4904 2588 248 11182 3106 28541 END
START 6212 2828 108 10521 3110 28052 END
START 7568 3324 -44 9799 3013 27457 END
START 8880 3900 -252 9020 2990 26703 END
START 9832 4292 -528 8232 2870 25905 END
START 10988 4696 -368 7431 2792 24923 END
START 12232 5116 -328 6598 2715 23830 END
START 12988 5412 -112 5886 2564 22726 END
START 13744 5748 176 5136 2481 21488 END
START 14024 6172 504 4495 2259 20320 END
START 14212 6456 1056 3853 1961 19045 END
START 13972 6832 1516 3255 1653 17946 END
START 13540 7156 2092 2740 1265 16913 END
START 12996 7528 2872 2342 889 15980 END
START 12540 7960 3496 2063 488 15139 END
START 12036 8308 4104 1869 89 14438 END
START 11692 8520 4744 1849 -252 13912 END
START 11520 8740 5140 1877 -569 13292 END
START 11308 8988 5732 1986 -831 12789 END
START 11252 9224 6060 2149 -995 12501 END
START 11236 9388 6060 2342 -1130 12156 END
START 11380 9648 6052 2498 -1078 11716 END
START 11660 10096 5980 2593 -956 11318 END
START 12072 10372 5896 2606 -658 10919 END
START 12340 10708 5616 2512 -199 10496 END
START 12752 10932 5212 2328 350 10069 END
START 13196 11424 5084 2021 1080 9642 END
START 13560 11600 4996 1631 1862 9198 END
START 13952 11852 4956 1158 2659 8734 END
START 14012 11968 5000 611 3443 8281 END
START 14580 12252 5260 75 4193 7801 END
START 14736 12512 5820 -448 4862 7188 END
START 15084 12752 6000 -944 5543 6607 END
START 15344 13052 6684 -1427 6030 5868 END