START 11184 3660 -15140 1978 8074 1994 END
START 3572 -760 -21136 -3403 -521 4249 END
START -4148 -1628 -13400 -7888 -5864 5907 END
START 2592 -2256 -16564 -13027 -4939 8043 END
START 3388 -2760 -15184 -17837 -2634 8578 END
START 4448 -3948 -13896 -21864 -1528 8029 END
START 4216 -4800 -12712 -25755 -1277 6222 END
START 3788 -6136 -12584 -30000 -3096 5041 END
START 2908 -8280 -11240 -32768 -1766 3734 END
START 1232 -10680 -9636 -32768 -189 3162 END
START -528 -13676 -6844 -32768 -1197 3433 END
START 1460 -16276 -3720 -32768 -1550 3146 END
START -824 -18848 3388 -32768 -914 3329 END
START -1024 -20260 13908 -32768 -1383 4878 END
START 4632 -18672 26632 -32768 2491 4761 END
START 6784 -15608 32767 -32768 4535 224 END
START 4584 -13068 32767 -32768 5174 -5097 END
START -304 -11504 32767 -32768 3640 -7606 END
START 836 -10268 32767 -32768 5868 -7397 END
START -464 -9328 32767 -30063 9218 -7950 END
START -4288 -8452 32767 -20330 6622 -8576 END
START -3420 -5564 32767 -10804 3544 -8718 END
START -3264 -3300 32767 -3841 4367 -8184 END
START -1724 -1924 32767 547 7037 -7304 END
START -1076 -1456 32767 3036 9621 -6551 END
START -404 -1272 32767 4594 10169 -6069 END
START 1952 -516 27392 5048 7379 -6379 END
START 6520 372 23988 4854 3674 -8311 END
START 10680 1580 19064 3970 3577 -11562 END
START 13620 2084 17012 1765 4605 -16095 END
START 16024 2544 16256 -307 5241 -22103 END
START 13848 904 18012 -899 8299 -27657 END
START 10344 -892 18752 -457 7940 -31501 END
START 6792 -4240 22212 1274 6337 -32768 END
START 5828 -8960 24276 3445 7932 -32768 END
START -4708 -17468 28716 5525 10572 -32768 END
START -16260 -22088 32767 11068 9108 -32768 END
START -25940 -25628 32767 20720 6214 -28699 END
START -27888 -27196 32767 30777 4994 -17910 END
START -27376 -26524 28108 32767 5388 -7787 END
START -25612 -23952 18388 32767 7676 411 END
START -25892 -21836 13504 32767 7462 7606 END
START -24188 -19512 10484 32392 5683 15090 END
START -20512 -16832 8412 30012 3231 21207 END
START -16012 -14324 5980 27269 2691 26121 END
START -12508 -12568 4016 23866 3110 30279 END
START -8540 -11280 2760 19803 4388 32767 END
START -5008 -9576 976 15902 7231 32767 END
START -1668 -8652 -344 11388 11170 32767 END
START 312 -6148 -2876 5548 15559 32767 END
START 2936 -5468 -3848 -221 17750 32767 END
START 4536 -4048 -3192 -6191 18309 32767 END