START 18732 10640 -12372 -5969 4759 1045 END
START 6184 1048 -15060 -8192 -831 914 END
START 6428 1836 -14284 -11076 -4636 2197 END
START 4908 1364 -12936 -14151 808 2082 END
START 3200 -488 -13408 -17461 2584 772 END
START 2828 -1220 -13480 -21880 2879 -1586 END
START 1876 -3384 -12920 -26638 3817 -4404 END
START 2628 -6136 -13464 -31393 3890 -6290 END
START -80 -8484 -12208 -32768 4372 -7423 END
START -3412 -11268 -10656 -32768 4975 -6750 END
START -5356 -14824 -7208 -32768 4401 -5043 END
START -3184 -17468 -1964 -32768 5105 -4200 END
START -2688 -19000 7332 -32768 6131 -5158 END
START -5356 -19052 17428 -32768 3509 -4764 END
START -4060 -18352 27876 -32768 640 -3810 END
START 112 -17292 32767 -32768 1065 -3811 END
START 2856 -15076 32767 -32768 4307 -5827 END
START 2868 -12660 32767 -32768 8455 -9515 END
START -4212 -11872 32767 -29916 12753 -12055 END
START -9492 -11352 32767 -21837 11307 -10523 END
START -7992 -9776 32767 -14591 9177 -8148 END
START -5576 -6944 32767 -9010 9018 -7354 END
START -5600 -4860 32767 -5894 10292 -7159 END
START -6508 -3656 32767 -3879 10473 -6861 END
START -6364 -2120 32767 -1919 9267 -5923 END
START -4216 -848 32767 -320 7706 -5117 END
START -1076 -152 32767 1767 6125 -4930 END
START 3732 864 32767 4772 5424 -6306 END
START 7124 1712 32767 7470 5061 -9114 END
START 10196 2076 31384 9288 5407 -14317 END
START 8888 560 30316 10565 5943 -19643 END
START 5316 -2320 30092 12554 6737 -23758 END
START 3460 -4744 27120 13939 7176 -26846 END
START 456 -7932 24940 14324 8593 -30978 END
START -6260 -12596 25940 15971 8037 -32768 END
START -17200 -16792 28736 20377 6403 -31584 END
START -23856 -20208 28756 26592 3856 -24113 END
START -27556 -22480 25876 31449 3319 -15101 END
START -29356 -23620 21056 32767 3562 -5839 END
START -30260 -23080 15376 32767 2861 3469 END
START -28392 -21312 9040 32767 2806 11857 END
START -24768 -19084 2596 32592 2453 19159 END
START -21708 -16688 -2240 27550 1507 25633 END
START -16104 -13744 -5332 21150 1167 30540 END
START -11076 -11636 -8192 13930 3417 32767 END
START -7768 -10292 -9952 5972 4286 32767 END
START -4124 -9252 -9716 -784 4475 32767 END
START -728 -8100 -7748 -6247 6312 32767 END
START 2660 -7900 -6600 -9985 9406 32767 END
START 952 -6596 68 -11130 10382 32767 END
START 6548 -5168 2088 -11999 13533 32767 END