START 13184 -1336 -11184 3785 -220 1560 END
START 3956 -880 -13532 475 -5065 1522 END
START -3880 -2056 -8068 -4495 -7777 2921 END
START 492 -2776 -8572 -9002 -5571 4144 END
START -1476 -3076 -7984 -12688 -1525 4758 END
START -1968 -4972 -8756 -17297 1095 6985 END
START -1560 -4912 -9912 -22336 1698 9518 END
START 1092 -5688 -6800 -27366 3385 9647 END
START 2560 -6656 -3548 -30176 5124 8433 END
START 832 -6592 -1444 -32721 4308 7396 END
START -1188 -7036 1296 -32768 4499 7398 END
START -1156 -6856 4932 -32768 3597 8278 END
START 796 -5836 11236 -32768 2731 9270 END
START 4492 -3732 18856 -32768 3068 9113 END
START 6624 -2248 28048 -32768 4954 8212 END
START 9928 -1084 32767 -32768 7477 5935 END
START 6036 -916 32767 -31686 6404 4313 END
START 7924 -80 32767 -25308 3546 4696 END
START 11624 1092 32767 -18269 2869 4464 END
START 13108 2684 32767 -11042 2833 3219 END
START 13360 3180 32767 -3297 508 2035 END
START 13960 3716 32767 3014 -870 355 END
START 12344 3244 32767 8276 -1591 -593 END
START 10972 2364 32767 13023 -2581 -779 END
START 10736 1188 32767 16610 -3184 -1134 END
START 9036 84 31104 19790 -4833 -1916 END
START 8816 -860 26308 22123 -6835 -2788 END
START 8780 -2552 23784 24115 -7748 -4029 END
START 10764 -3652 21792 27191 -7737 -6261 END
START 10844 -5240 18152 30220 -5734 -8613 END
START 11228 -6200 11764 30811 -4800 -10706 END
START 13396 -6296 5292 29207 -3725 -12771 END
START 12844 -5468 620 24911 -4001 -14791 END
START 13516 -5324 552 21236 -4681 -16633 END
START 13864 -4764 -856 19128 -4745 -20011 END
START 12460 -5044 -3312 16434 -3908 -22964 END
START 10960 -4472 -5696 12675 -2470 -24943 END
START 10460 -3548 -9372 7633 -657 -26446 END
START 9184 -2640 -11060 634 12 -28680 END
START 6380 -3064 -9468 -5328 186 -30350 END
START 3652 -3380 -6980 -9647 172 -31548 END
START -548 -3428 -5440 -13398 393 -31459 END
START -2776 -3280 -4440 -17859 887 -31309 END
START -5764 -3516 -2636 -23373 2458 -31901 END
START -10660 -5732 3176 -27761 4793 -31913 END
START -17776 -7240 8016 -29369 5805 -30195 END
START -24544 -7400 11284 -29615 5922 -25569 END
START -28800 -6768 13296 -30703 7352 -20112 END
START -32060 -8512 16640 -31547 8484 -14533 END
START -32768 -9952 20956 -29677 8942 -7359 END
START -32768 -11464 23576 -27167 10593 1228 END
START -32768 -12224 24092 -25121 11709 13141 END
START -32768 -12592 26616 -24286 10169 27574 END
START -29460 -12540 30740 -23514 8316 32767 END
START -15960 -12996 32767 -21213 6143 32767 END
START 2992 -11496 32767 -17641 4970 32767 END
START 14280 -9000 32767 -13380 5630 32767 END
START 21424 -5916 32767 -8910 6545 32767 END