START -244 5076 -1716 5817 -2863 4014 END
START 2440 -464 -13068 7470 -2564 4189 END
START 3172 8320 -3992 4918 -4512 3927 END
START 500 5160 -1852 5474 -4331 3784 END
START 2068 4896 -5048 4745 -6383 3494 END
START 1568 4920 -4784 4188 -7164 3178 END
START 2176 4752 -6128 3415 -8628 2695 END
START 4188 4848 -8412 2617 -8841 2247 END
START 3680 4364 -7756 1604 -9093 1611 END
START 4828 4296 -9412 493 -8956 1065 END
START 3488 4152 -8304 -661 -8950 452 END
START 3904 4128 -9108 -1860 -8603 -73 END
START 3520 4012 -9016 -2957 -8107 -503 END
START 3324 3932 -9136 -4021 -7281 -839 END
START 2648 3724 -8892 -5058 -6201 -1089 END
START 2464 3492 -8944 -5962 -5033 -1243 END
START 1464 3196 -8324 -6859 -3796 -1314 END
START 544 2900 -7980 -7694 -2675 -1240 END
START -396 2768 -7680 -8417 -1657 -1094 END
START -1608 2656 -6684 -9089 -896 -796 END
START -2732 2532 -6276 -9715 -252 -375 END
START -3664 2644 -5720 -10122 224 114 END
START -4616 2476 -5180 -10517 594 749 END
START -5328 2432 -4712 -10743 871 1460 END
START -5908 2448 -4488 -10964 989 2252 END
START -6420 2424 -3984 -11097 1009 3162 END
START -6792 2256 -3780 -11224 1041 4098 END
START -6700 2236 -3916 -11335 1015 5047 END
START -6600 2048 -3772 -11466 931 5902 END
START -6304 1860 -3476 -11579 822 6787 END
START -5812 1772 -3552 -11667 705 7592 END
START -5136 1572 -3724 -11793 687 8336 END
START -4092 1592 -3844 -11946 712 9033 END
START -2924 1460 -4192 -12180 887 9565 END
START -1732 1464 -4528 -12537 1124 9954 END
START -476 1396 -4568 -13006 1379 10212 END
START 332 1372 -4412 -13501 1593 10326 END
START 1348 1332 -4472 -14086 1695 10227 END
START 2148 1304 -4264 -14445 1803 10109 END
START 2808 1272 -4208 -14955 1812 9845 END
START 3268 1456 -4032 -15753 1841 9576 END
START 3560 1552 -3940 -16336 1835 9270 END
START 3832 1584 -3708 -17014 1803 8910 END
START 3776 1604 -3432 -17653 1821 8635 END
START 3800 1716 -3232 -18317 1817 8285 END
START 3508 1708 -2752 -18983 1891 8034 END
START 3484 1652 -2584 -19586 2059 7752 END
START 3136 1468 -2048 -20234 2274 7554 END
START 2820 1428 -1492 -20901 2506 7406 END
START 2336 1388 -1156 -21535 2794 7340 END
START 1912 1464 -872 -22200 3133 7333 END
START 1552 1520 -916 -22796 3599 7378 END
START 1140 1420 -456 -23469 4075 7515 END
START 1008 1416 -116 -24203 4562 7719 END
START 772 1236 408 -24906 5067 7948 END
START 760 1244 1280 -25580 5653 8234 END
START 632 1248 1908 -26319 6265 8487 END
START 532 1216 2720 -26904 6986 8747 END
START 744 1396 3380 -27401 7607 9011 END
START 776 1728 4520 -27860 8283 9260 END
START 1068 1884 5212 -28186 8999 9453 END
START 1280 1988 6044 -28493 9532 9651 END
START 1168 2064 7292 -28685 10008 9668 END
START 1540 2236 7856 -28812 10271 9755 END
START 1308 2212 8992 -28876 10431 9733 END
START 1596 2344 9264 -28903 10542 9686 END
START 1540 2152 10060 -28893 10414 9619 END
START 1644 2204 10600 -28831 10254 9529 END
START 1852 2304 11048 -28826 10013 9378 END
START 1916 2432 11532 -28837 9785 9228 END
START 2168 2512 11928 -28872 9556 9029 END
START 2620 2620 12508 -28915 9353 8789 END
START 3100 2544 13164 -28866 9327 8494 END
START 3720 2612 13636 -28826 9336 8142 END
START 4196 2468 14296 -28739 9427 7715 END
START 4644 2432 14748 -28618 9616 7200 END
START 4764 2668 15288 -28457 9762 6672 END
START 4648 3044 15740 -28403 9910 6162 END
START 4492 3492 16192 -28312 10057 5647 END
START 4188 3900 16320 -28214 10166 5246 END
START 3948 4360 16596 -28177 10257 4864 END
START 3620 4552 17076 -28186 10262 4494 END
START 3256 4668 17408 -28220 10210 4209 END
START 2724 4632 17660 -28255 10058 3948 END
START 2196 4676 17952 -28217 9799 3767 END
START 1740 4920 18280 -28214 9462 3660 END
START 1348 5288 18760 -28181 9147 3585 END
START 1124 5544 19296 -28223 8853 3548 END
START 1040 5672 19440 -28216 8671 3494 END
START 1128 5800 19948 -28211 8592 3439 END
START 1172 5556 20276 -28238 8681 3364 END
START 1136 5228 20980 -28240 8872 3292 END
START 812 5268 21596 -28253 9030 3267 END
START 432 5212 22288 -28212 9206 3330 END
START 264 5152 22924 -28139 9396 3480 END
START 24 5188 23628 -28020 9643 3749 END
START 44 5364 24268 -27896 9949 4044 END
START 280 5476 24860 -27734 10304 4357 END
START 640 5600 25828 -27450 10682 4740 END
START 1080 5720 26752 -27155 11070 5010 END
START 1404 5664 27688 -26754 11447 5236 END
START 2160 5612 29156 -26232 11764 5365 END
START 2500 5776 30112 -25638 11947 5383 END
START 2812 5968 30976 -24985 12063 5344 END
START 3168 6240 31824 -24227 12148 5266 END
START 3468 6512 32708 -23434 12208 5145 END
START 3944 6628 32767 -22611 12267 4918 END
START 4096 6628 32767 -21652 12359 4690 END
START 4324 6648 32767 -20705 12241 4387 END
START 4428 6920 32767 -19764 12021 4046 END
START 4536 7084 32767 -18807 11671 3704 END
START 4292 7180 32767 -17810 11147 3336 END
START 4308 7364 32767 -16847 10498 2978 END
START 4064 7344 32767 -15975 9737 2667 END
START 4164 7436 32767 -14943 9009 2406 END
START 4276 7512 32767 -14208 8280 2166 END
START 4344 7588 32767 -13564 7536 1916 END
START 4488 7648 32767 -12758 6836 1710 END
START 4612 7652 32767 -12021 6176 1489 END
START 4976 7584 32767 -11196 5485 1279 END
START 4864 7504 32767 -10436 4797 1013 END
START 4996 7476 32767 -9683 4146 757 END
START 5028 7352 32767 -8892 3520 551 END
START 4936 7312 32767 -8134 2847 369 END
START 4996 7236 32767 -7314 2253 204 END
START 5008 7276 32767 -6558 1732 64 END
START 5168 7308 32767 -5751 1319 -34 END
START 5308 7312 32767 -4945 984 -149 END
START 5536 7196 32767 -4240 812 -262 END
START 5560 7180 32644 -3492 638 -373 END
START 5776 7212 32032 -2853 459 -531 END
START 5956 7136 31600 -2276 286 -704 END
START 6272 7104 30980 -1733 213 -875 END
START 6500 7104 30404 -1248 169 -1097 END
START 6980 6972 29804 -834 245 -1394 END
START 7092 6852 29312 -351 281 -1688 END
START 7180 6512 28548 132 273 -1995 END
START 7264 6276 28188 572 198 -2310 END
START 7296 6124 27240 1053 92 -2611 END
START 7432 5884 26232 1423 15 -2880 END
START 7844 5976 24784 1719 52 -3230 END
START 7976 6064 23676 1877 93 -3583 END
START 7956 6004 22620 1858 69 -3958 END
START 7984 5968 21776 1789 76 -4279 END
START 8016 5964 20900 1572 -15 -4597 END
START 8088 5852 20008 1263 -85 -4916 END
START 7948 5788 19292 900 -170 -5183 END
START 8004 5656 18700 491 -295 -5490 END
START 8208 5644 18336 94 -406 -5757 END
START 8244 5496 18192 -283 -557 -6072 END
START 8360 5392 17992 -649 -729 -6369 END
START 8700 5232 17896 -909 -836 -6660 END
START 8648 5088 17944 -1151 -890 -7008 END
START 8932 4900 17748 -1260 -849 -7358 END
START 9352 4708 17216 -1296 -719 -7673 END
START 10248 4564 16456 -1308 -411 -8094 END
START 11468 4436 15388 -1418 160 -8628 END
START 12448 4592 14512 -1728 902 -9359 END
START 13064 4568 13800 -2139 1761 -10251 END
START 13208 4884 13208 -2759 2619 -11223 END
START 12992 4760 12820 -3399 3422 -12212 END
START 12516 4696 12380 -4095 4127 -13105 END
START 11820 4704 12448 -4789 4758 -13930 END
START 10712 4676 12312 -5398 5187 -14542 END
START 9704 4616 12352 -5946 5375 -15042 END
START 8708 4576 12672 -6316 5323 -15403 END
START 7604 4512 12704 -6589 4939 -15657 END
START 7272 4436 12712 -6813 4361 -15884 END
START 7224 4492 12656 -7043 3590 -16208 END
START 7704 4536 12368 -7344 2858 -16611 END
START 8244 4708 12420 -7724 2252 -17160 END
START 8808 4692 12192 -8208 1797 -17831 END
START 9588 4648 12856 -8691 1570 -18595 END
START 10120 4452 13324 -9130 1438 -19381 END
START 10568 4196 13964 -9453 1554 -20244 END
START 10788 3800 14656 -9653 1739 -21180 END
START 10736 3344 15580 -9667 1953 -22089 END
START 10740 3064 16424 -9589 2109 -23020 END
START 10380 2872 16952 -9345 2221 -23916 END
START 9832 2800 17732 -9030 2196 -24743 END
START 9052 2776 18452 -8664 1889 -25594 END
START 8400 2576 19120 -8239 1379 -26389 END
START 7988 2728 19328 -7777 811 -27236 END
START 7760 2544 19808 -7386 231 -28011 END
START 7432 2560 19996 -7002 -279 -28773 END
START 7204 2188 20284 -6718 -678 -29584 END
START 6504 2076 20556 -6397 -972 -30294 END
START 5752 1684 21000 -6114 -1221 -30981 END
START 4864 1324 21444 -5789 -1510 -31491 END
START 3944 940 21916 -5465 -1710 -31956 END
START 2924 508 22200 -5157 -1907 -32240 END
START 1884 172 22848 -4774 -1988 -32482 END
START 952 -152 23248 -4400 -1995 -32583 END
START 56 -668 23436 -4049 -1799 -32609 END
START -1012 -1108 23916 -3677 -1468 -32508 END
START -1976 -1596 24428 -3339 -1063 -32341 END
START -3068 -1804 25004 -2992 -589 -32049 END
START -4172 -1940 25624 -2627 -80 -31608 END
START -5452 -2052 26264 -2243 494 -31058 END
START -6436 -2524 26676 -1841 973 -30439 END
START -7364 -2980 27396 -1422 1459 -29674 END
START -8372 -3496 27760 -995 1843 -28811 END
START -9300 -3820 28484 -592 2102 -27894 END
START -9964 -4152 29276 -127 2233 -26915 END
START -10240 -4268 29880 348 2429 -25920 END
START -10324 -4504 30648 898 2644 -24935 END
START -10128 -4692 31492 1495 2938 -24025 END
START -10100 -4976 32364 2230 3273 -23187 END
START -10220 -5284 32767 3084 3609 -22500 END
START -10380 -5408 32767 4076 3946 -21832 END
START -10728 -5700 32767 5190 4322 -21211 END
START -11044 -5960 32767 6474 4595 -20573 END
START -11736 -6196 32767 7797 4784 -19902 END
START -12192 -6308 32767 9208 4890 -19123 END
START -12804 -6428 32767 10591 4838 -18303 END
START -13364 -6600 32767 12082 4669 -17372 END
START -13916 -6628 32767 13504 4412 -16453 END
START -14240 -6592 32767 14946 4029 -15484 END
START -14508 -6596 32767 16393 3551 -14524 END
START -14464 -6544 32767 17832 2980 -13537 END
START -14504 -6648 32752 19167 2400 -12604 END
START -14296 -6676 32004 20433 1861 -11728 END
START -14132 -6752 31008 21602 1340 -10890 END
START -14116 -6496 30024 22665 861 -10095 END
START -14048 -6348 29224 23628 445 -9300 END
START -13996 -6216 28028 24447 62 -8521 END
START -13896 -5980 26804 25183 -215 -7807 END
START -13796 -5896 25684 25754 -441 -7042 END
START -13640 -5684 24800 26270 -576 -6260 END
START -13832 -5472 23784 26688 -713 -5507 END
START -13716 -5084 22756 27019 -841 -4775 END
START -13680 -4728 21848 27292 -898 -3998 END
START -13848 -4500 21328 27465 -971 -3233 END
START -13676 -4300 20184 27618 -993 -2448 END
START -13596 -4104 19432 27641 -990 -1669 END
START -13500 -3868 18792 27722 -974 -860 END
START -13504 -3732 17972 27745 -845 -56 END
START -13444 -3544 17284 27666 -709 794 END
START -13644 -3380 16696 27590 -560 1677 END
START -13488 -2992 16292 27465 -390 2511 END
START -13480 -2892 15680 27320 -163 3366 END
START -13420 -2784 15276 27187 60 4227 END
START -13212 -2644 14900 27046 302 5057 END
START -13156 -2628 14648 26947 635 5908 END
START -12980 -2704 14212 26824 975 6767 END
START -12700 -2368 13900 26705 1397 7586 END
START -12344 -2232 13340 26643 1886 8475 END
START -12072 -2144 12964 26544 2414 9308 END
START -11760 -2088 12604 26473 2987 10192 END
START -11512 -2024 12300 26353 3566 10984 END
START -11388 -1992 12108 26283 4109 11852 END
START -11224 -1924 11672 26168 4556 12700 END
START -11152 -1828 11064 26078 4938 13331 END
START -11096 -1684 10872 25914 5239 14237 END
START -10988 -1704 10328 25785 5483 15040 END
START -10872 -1672 9972 25633 5666 15851 END
START -10696 -1492 9468 25497 5874 16623 END
START -10680 -1360 8760 25309 6034 17425 END
START -10696 -1232 8152 25106 6125 18257 END
START -10576 -904 7536 24799 6141 19064 END
START -10380 -768 7088 24538 6107 19875 END
START -10204 -916 6316 24152 6091 20676 END
START -10108 -724 5700 23735 6021 21455 END
START -10092 -752 5112 23309 5850 22275 END
START -10132 -512 4432 22877 5604 23138 END
START -10032 -420 3752 22409 5354 24082 END
START -10012 -372 3196 21909 5078 25098 END
START -10172 -448 2272 21372 4782 26109 END
START -9944 -400 1776 20807 4411 27161 END
START -9916 -408 1036 20205 3903 28225 END
START -9764 -212 152 19574 3276 29318 END
START -9196 40 -680 18856 2522 30386 END
START -8400 232 -1980 18039 1882 31336 END
START -6748 716 -2964 16982 1285 32193 END
START -4872 736 -4128 15751 946 32767 END
START -2724 1032 -5016 14298 860 32767 END
START -540 1320 -5824 12626 1104 32767 END
START 1460 1512 -6284 10849 1486 32767 END
START 3308 1788 -6028 8967 2003 32767 END
START 5256 2084 -5764 7045 2684 32767 END
START 6956 2420 -5228 5317 3577 32547 END
START 8512 2864 -4688 3663 4583 31839 END
START 10152 3284 -4060 2163 5608 31004 END
START 11544 3692 -3316 850 6621 29992 END
START 12592 4036 -2628 -265 7429 28894 END
START 13516 4496 -2096 -1325 8172 27616 END
START 14224 4968 -1460 -2281 8687 26271 END
START 14708 5452 -992 -3187 9157 24871 END
START 15052 5892 -472 -4011 9364 23501 END
START 15260 6304 488 -4828 9510 22162 END
START 15544 6628 1280 -5482 9469 20938 END
START 16016 6952 2076 -6135 9405 19680 END
START 16508 7228 2956 -6656 9321 18439 END
START 16832 7592 4168 -7014 9144 17122 END
START 16940 8008 5252 -7292 8970 15817 END
START 16988 8284 6204 -7338 8741 14455 END
START 16816 8628 7264 -7340 8429 13066 END
START 16412 8932 8212 -7169 8023 11919 END
START 16016 9048 9020 -6965 7592 10769 END
START 15572 9108 9732 -6693 7159 9802 END
START 15072 9280 10744 -6410 6656 8927 END
START 14744 9520 11364 -6145 6245 8160 END
START 14348 9724 12328 -5835 5821 7463 END
START 14060 10144 13080 -5514 5463 6879 END
START 13852 10500 13608 -5173 5160 6339 END
START 13548 10640 14376 -4710 4876 5786 END
START 13396 10780 15160 -4196 4602 5239 END
START 13308 10716 15680 -3646 4390 4680 END
START 13040 10716 16508 -2952 4167 4147 END
START 12620 10704 16884 -2223 3896 3632 END
START 12140 10860 16900 -1489 3577 3178 END
START 11832 10852 16960 -755 3252 2782 END
START 11376 10848 16944 -89 2870 2445 END