START 13116 4284 -13828 11952 -2647 -182 END
START 5996 -1000 -19404 6629 -4829 812 END
START 4464 -672 -19732 83 -4943 1806 END
START -1336 -516 -14048 -7539 -5940 1045 END
START 452 -1412 -12204 -14238 -5193 -519 END
START 952 -2416 -12328 -18914 -3022 -1436 END
START 360 -3352 -12160 -23766 -822 -1628 END
START 320 -4704 -11616 -29222 2069 -1671 END
START -44 -6284 -11348 -32768 5075 -1260 END
START -2856 -8000 -10020 -32768 4797 -392 END
START -3876 -9924 -7420 -32768 1784 634 END
START -860 -12048 -2600 -32768 -575 700 END
START 1184 -12836 5132 -32768 638 -618 END
START -1012 -12692 14256 -32768 2558 -1943 END
START -4444 -12112 23052 -32768 1539 -1167 END
START -4052 -11108 32544 -32768 -117 1196 END
START 3592 -9336 32767 -32768 3407 771 END
START 1212 -5792 32767 -32768 8113 -2453 END
START -2612 -3552 32767 -32768 6652 -3326 END
START -7708 -2244 32767 -24072 -392 -2018 END
START -9496 -944 32767 -15579 -8196 1981 END
START -5656 624 32767 -8791 -9889 6460 END
START 2072 2160 32767 -3212 -4784 7358 END
START 1848 2288 32767 2618 218 7142 END
START 1552 2344 32767 8824 -721 7565 END
START 3612 1984 32767 14686 -4363 7828 END
START 5092 636 32767 19647 -8252 7714 END
START 6940 -804 32767 23679 -11049 7183 END
START 10592 -1656 32767 26676 -10651 4920 END
START 10700 -2604 29144 28573 -6456 2117 END
START 10608 -4044 25956 29923 -3207 151 END
START 10776 -4308 22172 31435 -1742 -2762 END
START 8560 -4988 17572 32767 -2617 -5401 END
START 7512 -5432 13556 32767 -5703 -6996 END
START 7632 -5188 10004 32767 -8969 -8738 END
START 8980 -4556 6420 32767 -11601 -11933 END
START 10344 -3872 2976 32767 -10987 -16340 END
START 10148 -3616 200 29997 -7777 -20790 END
START 9572 -3492 -2432 25863 -4200 -24609 END
START 7732 -3716 -3992 21580 -1340 -27388 END
START 5904 -3844 -4908 18035 -678 -29437 END
START 4392 -3900 -5088 14795 -3159 -31454 END
START 3328 -3824 -5800 12004 -6789 -32768 END
START 420 -3328 -7528 7883 -9912 -32768 END
START -1392 -3244 -8504 2988 -12355 -32342 END
START -948 -2432 -8940 -3120 -12996 -32094 END
START -1396 -2244 -9460 -10660 -10162 -32040 END
START -2924 -3508 -8224 -18294 -6718 -31738 END
START -4844 -4652 -6516 -24625 -5415 -32634 END
START -7116 -7060 -5032 -30200 -4835 -32768 END
START -11112 -9288 -1912 -32768 -4352 -32768 END
START -18816 -10752 3808 -32768 -5422 -30188 END
START -25076 -11820 9128 -32768 -7931 -23496 END
START -27920 -12788 12288 -32768 -7061 -14199 END
START -27296 -12904 14032 -32768 -1966 -5572 END
START -29024 -15408 15772 -32768 3381 1242 END
START -28204 -17088 16328 -32768 3903 7277 END
START -27652 -18680 17428 -32768 6503 12383 END
START -26324 -19856 19312 -32768 9293 16341 END
START -28824 -22300 23208 -32768 7941 20022 END
START -29936 -23224 27028 -32768 1196 25335 END
START -28968 -23168 29352 -30505 -4678 32519 END
START -24500 -21424 30844 -26888 -5882 32767 END
START -17928 -20784 32767 -24128 -3990 32767 END
START -4912 -18004 32767 -18784 352 32767 END
START 5344 -13916 32767 -10589 2515 32767 END
START 11740 -8304 32767 -1841 3191 32767 END
START 9684 -4812 32767 4639 -444 28064 END
START 7580 -3376 29784 9173 -5662 21834 END