START 7548 1228 -9564 13363 -7225 3215 END
START 5828 -2484 -13900 5867 -489 4573 END
START -6884 -3444 -2620 1353 6678 4165 END
START -9088 -4352 -1968 -38 10635 6019 END
START -7352 -3408 -5780 -175 7435 7393 END
START 1436 -1004 -15052 -2144 -584 6300 END
START 5456 12 -18712 -7482 -5777 3303 END
START 5280 -500 -17668 -11733 -4869 1232 END
START 5124 -1228 -18760 -17423 1500 446 END
START 2596 -1648 -20320 -24336 7269 468 END
START 1828 -3784 -19356 -31369 7424 -6 END
START 2756 -5824 -16968 -32768 7962 -771 END
START 3220 -8808 -14940 -32768 6745 -2252 END
START 4752 -12180 -12208 -32768 5538 -4830 END
START 4056 -15964 -9544 -32768 8067 -7623 END
START -728 -20224 -2660 -32768 11525 -7907 END
START -3524 -22492 9800 -32768 12049 -5780 END
START -4460 -22816 27796 -32768 9219 -4818 END
START -1904 -20452 32767 -32768 -847 -5748 END
START 4640 -17012 32767 -32768 -2968 -11589 END
START -1300 -17220 32767 -32768 1338 -14939 END
START -8304 -16848 32767 -32768 8082 -12440 END
START -14484 -16120 32767 -26404 10437 -7814 END
START -12632 -12988 32767 -14144 7431 -2816 END
START -10644 -9940 32767 -4265 5983 157 END
START -6220 -6684 32767 2561 4990 1051 END
START -3480 -5048 32767 6914 4675 929 END
START -1608 -3284 32767 8758 5148 918 END
START 480 -2504 29880 9870 4539 1091 END
START 6340 -1004 24760 11090 3957 -1028 END
START 7740 -1260 20856 11837 3165 -4408 END
START 7764 -1516 17336 12656 1844 -6417 END
START 10688 -360 11332 13151 1255 -8314 END
START 12884 2236 5212 10446 560 -11572 END
START 14212 3784 4288 5933 71 -16821 END
START 15984 3740 7728 2309 2020 -22750 END
START 15236 988 13324 -802 6222 -30174 END
START 9692 -3368 19364 -2316 9634 -32768 END
START 368 -11776 28500 -1814 10953 -32768 END
START -12784 -20676 32767 5406 7398 -32768 END
START -24556 -24248 32767 17752 4360 -32768 END
START -28780 -26740 32767 28924 5574 -27450 END
START -29208 -24840 32767 32767 8428 -14384 END
START -23180 -21992 23984 32767 12563 -3867 END
START -19956 -19156 16228 32767 14244 2209 END
START -20032 -18392 13240 32767 11682 5673 END
START -21292 -18144 10816 32767 7671 9901 END
START -22608 -17916 8004 32404 4573 15088 END
START -21836 -17172 3812 30850 4263 22341 END
START -19148 -15920 -152 26814 7281 30023 END
START -16376 -14764 -3660 20714 11428 32767 END
START -12060 -13992 -7468 12992 13885 32767 END
START -7728 -13476 -9760 6033 14754 32767 END
START -1576 -12828 -11624 -2946 9980 32767 END
START 1808 -11408 -5260 -7708 9494 32767 END
START 6684 -8320 -1540 -10928 11947 32767 END
START 8584 -5096 -1172 -14070 15351 32767 END
START 12344 -1740 -1520 -19080 15494 32767 END
START 15328 1572 2512 -24845 13940 29129 END
START 19924 3300 11228 -29231 16238 26564 END