START 11516 8632 -7476 4966 -753 -1864 END
START 5980 3724 -13068 2337 -3023 -1413 END
START 2824 1908 -10208 -662 -1496 -677 END
START -244 844 -9120 -3771 94 939 END
START -108 504 -9024 -6856 2927 2286 END
START 1636 -164 -10360 -9896 2606 3084 END
START -184 -336 -9696 -13732 1712 3155 END
START 1160 -1228 -10268 -17923 1464 2033 END
START 928 -1900 -9556 -22275 1467 1019 END
START -64 -3180 -8476 -25984 3113 672 END
START -1256 -4268 -7520 -29596 4349 1239 END
START -2168 -5552 -6424 -32768 5409 2237 END
START -1824 -6108 -4176 -32768 5883 3761 END
START -3332 -7460 4184 -32768 5086 5213 END
START -1528 -7168 10072 -32768 2484 5490 END
START 3848 -6928 18460 -32768 2291 3952 END
START 4684 -5528 28996 -32768 5948 1176 END
START 584 -4684 32767 -32768 6656 -677 END
START -1108 -3412 32767 -32768 5449 -434 END
START -1096 -1728 32767 -29288 6078 842 END
START -1016 -180 32767 -23152 7064 2237 END
START -644 516 32767 -17089 5937 3356 END
START 440 1108 32767 -11381 3091 4105 END
START 2764 1376 32767 -4774 1201 4666 END
START 5060 1324 32767 1850 -185 4646 END
START 4756 560 32767 7924 -2820 4703 END
START 6448 -128 32767 13683 -6036 4890 END
START 8984 -936 32767 18627 -7834 4195 END
START 11404 -1492 32767 22035 -7466 2305 END
START 11984 -2464 27964 24421 -5635 -515 END
START 12600 -2856 23188 25567 -4134 -3902 END
START 11916 -3356 19200 26091 -2757 -7730 END
START 9932 -3828 15396 26335 -2738 -11253 END
START 7300 -4512 12080 25865 -3463 -13746 END
START 5636 -4528 9348 24728 -3745 -14760 END
START 5228 -4288 7904 23290 -4084 -15418 END
START 6060 -3896 6432 22158 -4105 -16728 END
START 6048 -3656 4136 21002 -3217 -19056 END
START 6720 -3144 1956 19400 -2547 -21926 END
START 7384 -2684 -1072 16954 -402 -25702 END
START 5336 -2808 -3908 12930 1653 -29153 END
START 1168 -3376 -5984 8274 2472 -29881 END
START -740 -3164 -6004 4030 759 -28898 END
START -1032 -2320 -5892 559 -1954 -28369 END
START -1836 -1492 -6580 -3659 -4407 -28534 END
START -1048 -2076 -6240 -7926 -5310 -29306 END
START -2284 -2056 -6436 -13290 -4349 -30486 END
START -2088 -3392 -5808 -21405 201 -32768 END
START -4616 -6616 -4688 -29799 4680 -32768 END
START -8684 -11524 -156 -32768 4416 -32768 END
START -17500 -14916 6664 -32768 -1910 -32768 END
START -26192 -17480 14692 -32768 -10453 -32768 END
START -32508 -17464 19120 -31432 -10473 -23106 END
START -32768 -17640 18424 -29310 -293 -9342 END
START -32768 -18432 14084 -31438 10527 4605 END
START -32768 -21212 10152 -32768 11503 17191 END
START -32768 -24464 13868 -32768 3606 26311 END
START -29536 -26300 20900 -32768 -3932 32767 END
START -23488 -26380 27472 -32768 -6759 32767 END
START -17104 -25228 30648 -30268 -7553 32767 END
START -8512 -22244 32767 -25836 -7264 32767 END