START 7156 8732 -17980 9875 -10 2708 END
START -88 356 -14212 5177 -7115 3805 END
START -11080 -896 -6080 -129 -6071 4279 END
START -4056 -1512 -8016 -5676 -6245 3414 END
START -1252 -2656 -7092 -9506 -6135 1959 END
START 16 -2816 -6228 -12091 -2490 1094 END
START 408 -2920 -8384 -14448 1526 235 END
START 516 -3164 -9664 -17786 3390 83 END
START -1908 -3724 -10468 -21727 4103 296 END
START 656 -4048 -12712 -27467 3267 78 END
START 2636 -5088 -10360 -32645 2925 -1503 END
START 5364 -6256 -9108 -32768 5762 -4602 END
START 4836 -8452 -7384 -32768 10231 -8158 END
START 944 -11008 -5704 -32768 11852 -10899 END
START -4876 -13308 -416 -32768 7376 -10260 END
START -5300 -14388 7376 -32768 2543 -5899 END
START 2760 -15056 25560 -32768 5173 -2674 END
START 10484 -10616 32767 -32768 16463 -6821 END
START 2492 -10736 32767 -32768 21454 -15417 END
START -8064 -12804 32767 -32768 8992 -19223 END
START -11548 -14056 32767 -29145 -2329 -17280 END
START -8236 -13928 32767 -25858 4603 -13413 END
START -11064 -12708 32767 -18520 14643 -8953 END
START -9268 -9832 32767 -8969 18977 -6357 END
START -7632 -7416 32767 -1597 16515 -5389 END
START -956 -4564 32767 4560 10785 -6899 END
START 4564 -2396 29064 7487 6016 -10726 END
START 9668 -892 23112 7353 2360 -15932 END
START 13760 -1720 24376 5666 6182 -22196 END
START 15376 -2332 24168 6409 15661 -30223 END
START 8308 -6516 22212 7826 19752 -32768 END
START 516 -10652 23368 10832 13950 -32768 END
START -3344 -14048 23972 13853 9398 -32768 END
START -11876 -18188 25604 16916 7984 -32768 END
START -23948 -20700 28020 20799 7636 -32768 END
START -27780 -20680 28616 24903 10344 -29894 END
START -29408 -20700 27168 29762 9396 -18558 END
START -27328 -19216 22176 32767 6224 -7919 END
START -23248 -17216 16840 32767 2552 420 END
START -19824 -15304 12880 32767 1594 6426 END
START -17812 -13180 10360 32767 1785 12088 END
START -16960 -12848 9944 31362 3239 18004 END
START -16728 -12608 9200 30444 4173 24389 END
START -15140 -12780 6144 29504 4616 30981 END
START -10976 -12184 1616 26571 4660 32767 END
START -7324 -11240 -3844 20574 6602 32767 END
START -5092 -10460 -7676 12063 8781 32767 END
START -3120 -8732 -11328 1623 14358 32767 END
START 1684 -6796 -13932 -12260 22137 32767 END
START 8044 -5404 -10260 -28281 32192 32767 END
START 6264 -4516 2876 -32768 30550 24780 END
START 3664 -2216 13872 -31989 21174 20609 END
START 5524 1872 24676 -23809 11244 20545 END
START 18288 8216 28596 -17408 16349 17088 END
START 17536 12016 26996 -16002 26261 9507 END