START 13028 7120 -10624 -3846 3903 7663 END
START 11344 -1260 -17820 -4035 -1342 6726 END
START 7124 -2488 -14200 -5356 -4084 5295 END
START 7164 -2508 -16764 -8481 -6156 4121 END
START 6388 -3256 -18068 -13365 -6393 3979 END
START 3824 -3872 -16212 -19407 -4596 4044 END
START 4352 -5392 -15712 -25954 -2802 3451 END
START 4176 -7492 -11640 -31067 -1574 1852 END
START 4040 -9864 -8828 -32768 -817 -335 END
START 4816 -12068 -8724 -32768 -1958 -1718 END
START -160 -14120 -5540 -32768 -4287 -1197 END
START -84 -16340 -3696 -32768 -3255 588 END
START 2080 -17492 184 -32768 -494 2032 END
START 2492 -18704 7980 -32768 3025 2465 END
START 5084 -19320 22684 -32768 2934 214 END
START 10596 -17960 32767 -32768 -294 -6790 END
START 1884 -18024 32767 -32768 -4367 -14392 END
START -7520 -16408 32767 -32768 -9374 -11470 END
START -7920 -13140 32767 -27056 -3736 -4672 END
START -3324 -10616 32767 -19092 3738 13 END
START 2164 -8640 32767 -12009 9273 -951 END
START -1520 -6720 32767 -6341 10930 -3214 END
START -3412 -4908 32767 -1666 8111 -2868 END
START -2424 -3164 32767 1803 6121 -1923 END
START -604 -1692 32767 4149 5386 -1371 END
START 1796 -828 28908 5328 4517 -824 END
START 7760 624 25832 5689 5059 -2298 END
START 11564 1048 24420 6004 5768 -5789 END
START 14340 2220 22204 5698 5882 -10599 END
START 16328 2016 21836 5180 8043 -16194 END
START 14344 188 22420 4653 11109 -21428 END
START 11772 -2572 24412 5398 12478 -25622 END
START 6196 -6576 26892 7536 12039 -30665 END
START -968 -11140 28736 10532 10716 -32768 END
START -8328 -15792 30376 13796 9872 -32768 END
START -18732 -20228 32767 19232 8630 -29790 END
START -26320 -22604 32767 27616 5516 -20136 END
START -25888 -21760 29836 32767 4804 -8327 END
START -21368 -20024 22828 32767 6042 153 END
START -19796 -18572 18964 32767 7198 5966 END
START -20432 -17788 16004 32767 5131 11326 END
START -20780 -16976 12304 32767 3598 17450 END
START -19272 -15764 6184 32767 1711 24689 END
START -14708 -13440 -584 32767 2465 30722 END
START -10204 -10668 -8304 26563 6435 32767 END
START -7016 -7680 -13284 16465 10669 32767 END
START -3396 -6336 -14472 3540 13552 32767 END
START -1044 -4980 -12432 -5072 12760 32767 END
START 1220 -4672 -9224 -8616 8593 32767 END
START 6264 -2980 -9124 -11164 5393 32458 END
START 12304 704 -10336 -16378 6279 28441 END
START 14136 2628 -5740 -22414 8111 24747 END
START 17524 4200 1472 -27017 11651 20842 END
START 17828 5240 10300 -29535 15584 15442 END
START 17584 5760 20452 -28811 18051 10332 END