START 18744 6768 -18096 11077 9434 -4885 END
START 1724 -1252 -21296 5031 4012 -3464 END
START 2376 -2316 -21728 -1131 -1851 -1770 END
START 3040 -2160 -20628 -6273 -2966 674 END
START 4248 -1884 -20268 -12887 2570 1197 END
START 2308 -2708 -18928 -19372 8189 1685 END
START 2232 -3832 -18468 -25386 12041 1992 END
START 2464 -5024 -16544 -30682 13493 1731 END
START 2408 -6320 -15012 -32768 12442 -386 END
START 1504 -8984 -11776 -32768 10327 -3383 END
START -280 -12284 -7788 -32768 9370 -5559 END
START -3328 -16388 -1796 -32768 10722 -4934 END
START -7460 -18216 7924 -32768 11241 -2330 END
START -8308 -17832 18416 -32768 11657 74 END
START -7308 -15892 30352 -32768 10178 1827 END
START -1484 -11384 32767 -32768 9592 213 END
START -920 -7556 32767 -32768 8310 -3576 END
START -2916 -6652 32767 -32768 4830 -5639 END
START -6220 -6308 32767 -32768 -117 -4649 END
START -4248 -4368 32767 -23593 -4963 -3952 END
START 796 -416 32767 -12554 -5026 -5576 END
START -16 1780 32767 -5489 2554 -8083 END
START -3508 2440 32767 -2801 13950 -8327 END
START -10120 1692 32767 -223 20702 -5978 END
START -14520 760 32767 6006 17404 -1304 END
START -13216 -888 32767 15236 8378 3450 END
START -7548 -2212 32767 23986 1618 7059 END
START -1560 -3976 32767 29187 -1232 8092 END
START 2452 -5252 31068 31216 -125 8391 END
START 5296 -6096 26964 31937 2161 8579 END
START 7356 -6248 23440 32767 2488 7985 END
START 8764 -6680 19996 32767 1147 6634 END
START 10648 -6332 16300 32767 -2328 4838 END
START 12632 -5672 11792 32767 -5017 1472 END
START 11832 -4852 8400 32767 -7274 -1317 END
START 13472 -4220 5340 32767 -7915 -4067 END
START 13640 -3512 1556 32767 -7515 -8003 END
START 11920 -2808 -2400 30619 -9565 -12864 END
START 10452 -1764 -5952 25458 -11861 -17075 END
START 8348 -1080 -6952 19459 -12011 -21206 END
START 5184 -1604 -6136 14249 -12116 -24292 END
START 1880 -1700 -5696 10974 -11849 -25468 END
START 316 -1628 -6708 6999 -11268 -25776 END
START -1128 -1624 -7748 1965 -9713 -25948 END
START -3432 -2084 -7372 -3602 -8896 -25066 END
START -4488 -2200 -6704 -8586 -9375 -23804 END
START -4568 -2560 -5408 -13140 -10523 -23737 END
START -5864 -3572 -4036 -18095 -11741 -24854 END
START -9224 -5932 -2188 -22730 -13444 -25239 END
START -14120 -8224 1768 -27365 -13216 -22964 END
START -19156 -8612 5324 -30921 -11327 -17784 END
START -24148 -9728 9000 -32768 -7662 -11838 END
START -27788 -11140 13536 -32768 -5321 -5036 END
START -30396 -13824 18480 -32768 -2045 1714 END
START -32768 -16364 22920 -32768 817 8256 END
START -32768 -18352 26976 -31592 2505 15643 END
START -32768 -19828 29388 -27720 2885 24574 END
START -32768 -19204 27876 -25273 4610 32767 END
START -29044 -17836 26832 -25341 10375 32767 END
START -17988 -16532 30868 -28010 14777 32767 END
START -2312 -15152 32767 -26297 16800 32767 END
START 14008 -10416 32767 -18981 19992 32767 END