START 3552 9048 2312 2988 -2036 -778 END
START 6660 4528 -12640 4842 -390 -586 END
START 7016 14288 -388 2230 -1551 -884 END
START 356 7660 4428 3318 -265 -819 END
START 5496 8964 -1992 2892 -974 -972 END
START 1660 8620 2968 2647 -665 -1044 END
START 4268 8796 -440 2393 -850 -1282 END
START 2688 8252 1136 2221 -704 -1438 END
START 3236 8128 140 2051 -694 -1541 END
START 2500 7724 476 1968 -748 -1605 END
START 2216 7544 336 1859 -841 -1554 END
START 1300 7060 656 1829 -875 -1420 END
START 1636 6840 -508 1847 -786 -1285 END
START 304 6604 -44 1823 -869 -1070 END
START 724 6732 -1940 1836 -881 -733 END
START -40 6660 -2288 1682 -1026 -442 END
START -12 6680 -3196 1309 -919 -143 END
START 404 6724 -4832 739 -984 52 END
START 456 6688 -5524 -36 -871 242 END
START 360 6596 -6240 -994 -897 373 END
START 412 6620 -6496 -2101 -831 503 END
START 688 6468 -6968 -3294 -746 610 END
START 684 6048 -6552 -4376 -552 742 END
START 904 5792 -6696 -5479 -306 852 END
START 828 5328 -6296 -6419 -75 1032 END
START 900 5024 -5912 -7194 208 1167 END
START 920 4988 -5832 -7918 389 1298 END
START 916 4792 -5504 -8586 532 1388 END
START 1324 4520 -5100 -9173 747 1445 END
START 1636 4264 -4896 -9733 1030 1389 END
START 1808 3968 -4520 -10290 1203 1339 END
START 1684 3652 -4024 -10832 1350 1236 END
START 1520 3380 -3484 -11287 1438 1147 END
START 1428 3224 -3224 -11702 1557 1104 END
START 1208 2852 -3180 -12016 1651 1104 END
START 1076 2880 -3168 -12274 1856 1086 END
START 792 2592 -3484 -12492 1891 1140 END
START 520 2412 -3744 -12783 1972 1205 END
START 316 2116 -3912 -13093 1968 1266 END
START 104 2076 -4172 -13469 1944 1356 END
START -92 1732 -4572 -13999 1886 1528 END
START -380 1440 -4716 -14499 1805 1710 END
START -580 1244 -4688 -14855 1702 1975 END
START -780 960 -4700 -15474 1611 2235 END
START -740 916 -4632 -15925 1535 2511 END
START -880 948 -4416 -16392 1490 2799 END
START -720 880 -4160 -16721 1460 3000 END
START -832 956 -4056 -17061 1483 3142 END
START -684 828 -3708 -17406 1531 3301 END
START -912 864 -3364 -17685 1525 3415 END
START -984 800 -3224 -17949 1489 3509 END
START -1308 780 -2832 -18148 1352 3622 END
START -1760 584 -2492 -18322 1112 3772 END
START -2128 340 -2516 -18440 826 3971 END
START -2532 92 -2632 -18512 563 4214 END
START -2544 68 -2724 -18615 305 4536 END
START -2808 -148 -3184 -18724 27 4867 END
START -2748 -188 -3112 -18993 -107 5176 END
START -2812 -336 -3572 -19331 -305 5564 END
START -2708 -356 -3640 -19801 -463 5975 END
START -2748 -508 -3752 -20329 -598 6401 END
START -2572 -632 -3680 -20895 -749 6777 END
START -2280 -632 -3644 -21557 -861 7219 END
START -1876 -924 -3372 -22197 -899 7616 END
START -1388 -864 -3132 -22874 -825 7972 END
START -968 -1104 -3016 -23581 -596 8325 END
START -508 -1100 -2404 -24262 -311 8574 END
START -344 -968 -2056 -24954 56 8810 END
START -8 -768 -1240 -25641 412 9058 END
START 188 -644 -628 -26326 807 9319 END
START 580 -600 328 -26993 1258 9563 END
START 852 -648 880 -27647 1758 9767 END
START 1144 -608 1944 -28279 2234 9962 END
START 1784 -476 2844 -28859 2871 10139 END
START 2464 -524 4160 -29365 3538 10150 END
START 3144 -412 5236 -29843 4161 10193 END
START 3560 -456 6544 -30242 4751 10094 END
START 4104 -384 7740 -30563 5321 9964 END
START 4472 -336 9044 -30746 5768 9819 END
START 4932 -24 10232 -30922 6226 9640 END
START 5192 288 11712 -31016 6595 9466 END
START 5648 672 12628 -31122 6878 9279 END
START 6092 732 13808 -31107 7225 9000 END
START 6904 980 14304 -31055 7552 8656 END
START 7132 1288 15656 -30990 7859 8314 END
START 7676 1624 16420 -30863 8239 7910 END
START 7888 1868 17536 -30744 8536 7443 END
START 8012 2240 18420 -30557 8738 6927 END
START 8120 2588 19220 -30411 9013 6377 END
START 8168 2976 19948 -30198 9204 5824 END
START 7924 3212 20632 -29966 9397 5334 END
START 7856 3252 21176 -29700 9416 4810 END
START 7628 3328 22144 -29475 9393 4357 END
START 7336 3604 23012 -29152 9330 3869 END
START 7164 3648 23792 -28821 9154 3364 END
START 6816 3976 24680 -28383 8888 2900 END
START 6296 4276 25236 -27869 8572 2491 END
START 5764 4436 25760 -27368 8172 2111 END
START 5352 4728 26220 -26862 7803 1721 END
START 5236 4848 26540 -26390 7573 1378 END
START 5032 5056 27048 -25972 7328 1106 END
START 4808 5252 27336 -25589 7254 859 END
START 4560 5280 27464 -25210 7240 665 END
START 4328 5388 28108 -24870 7359 523 END
START 3908 5440 28716 -24520 7528 420 END
START 3664 5508 29288 -24161 7749 391 END
START 3224 5652 30004 -23806 8012 407 END
START 2936 5780 30776 -23374 8262 474 END
START 2480 5460 31220 -22910 8449 561 END
START 2020 5300 31968 -22380 8495 740 END
START 1504 5044 32708 -21689 8429 961 END
START 1144 4940 32767 -20974 8309 1148 END
START 796 4784 32767 -20184 8096 1400 END
START 664 4788 32767 -19342 7894 1678 END
START 360 4744 32767 -18514 7595 1942 END
START 192 4780 32767 -17715 7324 2233 END
START 32 4692 32767 -16959 6992 2514 END
START 104 4712 32767 -16260 6654 2767 END
START -36 4764 32767 -15610 6270 3036 END
START 0 4712 32767 -14993 5842 3292 END
START 60 4660 32767 -14530 5409 3534 END
START 368 4456 32767 -13826 4996 3770 END
START 524 4260 32767 -13245 4586 3987 END
START 944 4116 32767 -12599 4215 4213 END
START 1544 4036 32767 -11913 3929 4356 END
START 1908 3928 32767 -11192 3580 4460 END
START 2412 3920 32767 -10510 3369 4498 END
START 2924 4092 32767 -9829 3196 4522 END
START 3400 4304 32767 -9189 3098 4512 END
START 4124 4252 32767 -8551 3076 4410 END
START 4612 4304 32767 -7906 3109 4324 END
START 5100 4304 32767 -7355 3130 4184 END
START 5444 4348 32767 -6739 3169 3958 END
START 5856 4280 32767 -6116 3242 3715 END
START 6040 4332 32767 -5536 3223 3474 END
START 6080 4212 32767 -4888 3147 3232 END
START 5932 4124 32767 -4311 3011 2955 END
START 6068 4144 32767 -3707 2794 2732 END
START 5928 4312 32188 -3205 2551 2560 END
START 6012 4300 31640 -2742 2358 2394 END
START 6160 4340 30964 -2368 2163 2218 END
START 6088 4376 30528 -2100 1950 2060 END
START 6160 4332 30172 -1855 1775 1917 END
START 6080 4252 29988 -1597 1534 1793 END
START 6152 4116 29820 -1326 1272 1628 END
START 6376 4100 29580 -985 1069 1551 END
START 6424 3976 29376 -628 863 1414 END
START 6592 3920 29424 -247 661 1284 END
START 6804 3836 29096 218 475 1130 END
START 6808 3800 28792 669 347 975 END
START 7012 3656 28360 1154 225 786 END
START 7104 3716 27776 1591 113 629 END
START 7108 3652 27460 1982 46 448 END
START 7196 3656 26784 2367 24 323 END
START 7096 3576 26280 2689 -64 177 END
START 7044 3588 25660 2993 -81 22 END
START 7076 3540 25120 3258 -109 -85 END
START 7056 3484 24636 3543 -104 -188 END
START 7088 3348 24164 3731 -111 -319 END
START 7092 3304 23456 4012 -84 -478 END
START 7228 3368 22724 4156 -45 -603 END
START 7184 3136 22180 4337 -19 -777 END
START 7228 3088 21496 4494 23 -953 END
START 7256 3088 20916 4578 81 -1175 END
START 7244 2904 20360 4648 112 -1393 END
START 7176 2908 19760 4634 115 -1614 END
START 7088 2924 19692 4653 124 -1844 END
START 6936 2844 19056 4648 134 -2070 END
START 6728 2696 18588 4645 154 -2255 END
START 6464 2644 18168 4663 178 -2433 END
START 6184 2440 17828 4726 144 -2536 END
START 6056 2460 17248 4733 151 -2580 END
START 6008 2452 16824 4705 117 -2630 END
START 5820 2428 16296 4641 14 -2659 END
START 5708 2528 15920 4503 -114 -2665 END
START 5800 2440 15588 4360 -243 -2662 END
START 5992 2416 15440 4181 -379 -2690 END
START 6156 2432 15192 4042 -441 -2714 END
START 6352 2356 15104 4011 -447 -2766 END
START 6692 2208 14872 3956 -387 -2852 END
START 7036 2324 14612 3937 -300 -2974 END
START 7412 2248 14360 3918 -165 -3172 END
START 7776 2260 13996 3848 -6 -3402 END
START 8076 2176 13656 3704 135 -3693 END
START 8284 2068 13424 3616 344 -3999 END
START 8548 2076 13220 3483 482 -4318 END
START 8640 1964 12872 3389 530 -4595 END
START 8828 1796 12592 3258 545 -4850 END
START 9084 1924 12168 3192 436 -5157 END
START 9172 1832 11820 3065 356 -5491 END
START 9464 1892 11268 2894 250 -5848 END
START 9776 2044 10548 2647 177 -6274 END
START 9996 2356 10048 2288 173 -6700 END
START 10328 2700 9496 1935 174 -7156 END
START 10692 2944 9164 1442 230 -7603 END
START 11064 3168 8828 937 382 -8155 END
START 11400 3388 8796 411 577 -8695 END
START 11776 3500 8720 -110 796 -9279 END
START 11924 3556 8856 -588 1053 -9884 END
START 12068 3608 9164 -1040 1217 -10536 END
START 12028 3652 9436 -1418 1370 -11188 END
START 11716 3876 9896 -1775 1461 -11862 END
START 11596 4000 10272 -2054 1552 -12492 END
START 11452 4136 10692 -2327 1539 -13068 END
START 11408 4172 11140 -2578 1542 -13632 END
START 11412 4180 11920 -2807 1539 -14125 END
START 11600 4192 12484 -3004 1450 -14731 END
START 11744 4208 12972 -3148 1349 -15344 END
START 11860 4104 13612 -3148 1198 -16056 END
START 11964 4176 14256 -3175 1045 -16730 END
START 12080 4192 14464 -3067 887 -17591 END
START 12012 4276 14620 -2954 793 -18350 END
START 11764 4444 14820 -2862 696 -19162 END
START 11608 4620 14800 -2845 580 -19945 END
START 11768 4936 14716 -2875 457 -20722 END
START 12136 5028 14560 -3074 472 -21595 END
START 12568 5096 14608 -3369 456 -22554 END
START 12676 5080 14924 -3748 542 -23663 END
START 12648 4840 15144 -4190 627 -24865 END
START 12476 4608 15760 -4631 658 -26150 END
START 12016 4300 16340 -4978 694 -27408 END
START 11336 4016 17128 -5302 743 -28628 END
START 10648 3528 17828 -5586 847 -29822 END
START 9436 3192 18744 -5763 965 -30949 END
START 7968 2680 19756 -5924 917 -31855 END
START 6608 2204 20788 -6004 928 -32690 END
START 5252 1820 21916 -6010 903 -32768 END
START 3980 1320 22988 -5865 938 -32768 END
START 2996 968 24020 -5639 897 -32768 END
START 1892 680 25092 -5263 849 -32768 END
START 1000 248 25932 -4849 822 -32768 END
START 124 -288 26956 -4285 748 -32768 END
START -484 -712 27508 -3693 546 -32768 END
START -1424 -1228 28212 -3026 311 -32768 END
START -2484 -1676 28904 -2307 -8 -32768 END
START -3648 -2088 29248 -1638 -304 -32768 END
START -4688 -2420 29800 -876 -628 -32768 END
START -6012 -2884 30168 -161 -978 -32768 END
START -7020 -3112 30620 557 -1328 -32768 END
START -8272 -3520 30988 1318 -1621 -32768 END
START -9244 -3808 31472 2116 -1887 -32768 END
START -9844 -4192 31528 2965 -1994 -32768 END
START -10544 -4368 31828 3819 -1939 -32768 END
START -11356 -4780 32276 4727 -1956 -32742 END
START -12600 -4980 32767 5676 -2047 -31830 END
START -13876 -4920 32767 6695 -2251 -30917 END
START -15008 -4788 32767 7762 -2503 -29891 END
START -15932 -4712 32767 8900 -2811 -28732 END
START -16892 -4644 32767 10143 -3037 -27487 END
START -17468 -4412 32767 11381 -3203 -26154 END
START -17852 -4356 32767 12704 -3254 -24801 END
START -18096 -4380 32767 13952 -3148 -23346 END
START -18248 -4392 32767 15200 -2926 -21960 END
START -18196 -4508 32360 16399 -2553 -20558 END
START -18144 -4368 31568 17435 -2063 -19213 END
START -17872 -4220 30132 18458 -1343 -17809 END
START -17716 -4024 28776 19299 -471 -16465 END
START -17596 -3792 27460 19963 513 -15207 END
START -17524 -3820 26104 20497 1507 -13951 END
START -17420 -3700 24524 20790 2464 -12624 END
START -17316 -3900 23308 20955 3242 -11427 END
START -17232 -3636 22112 20929 3955 -10179 END
START -17100 -3452 21204 20848 4443 -8938 END
START -16860 -3356 20240 20635 4834 -7782 END
START -16604 -3096 19628 20367 5092 -6659 END
START -16364 -3024 18964 20117 5221 -5667 END
START -16204 -2812 18340 19842 5248 -4677 END
START -15968 -2728 17884 19603 5240 -3796 END
START -15772 -2604 17784 19406 5096 -2824 END
START -15504 -2512 17548 19254 4943 -1926 END
START -15396 -2364 17416 19148 4728 -1021 END
START -15340 -2440 17272 19122 4455 -186 END
START -15312 -2380 17364 19156 4208 668 END
START -15192 -2252 17172 19314 3941 1491 END
START -15120 -2332 17096 19499 3669 2400 END
START -15256 -2260 17168 19773 3328 3250 END
START -15272 -2164 16808 20111 3190 4091 END
START -15228 -2020 16460 20455 3082 4988 END
START -15372 -1904 15800 20878 3074 5915 END
START -15540 -1760 15176 21177 3108 6858 END
START -15676 -1732 14980 21488 3111 7928 END
START -15912 -1620 14488 21729 3004 8995 END
START -15784 -1456 14112 21898 2899 10116 END
START -15964 -1496 13620 22102 2829 11340 END
START -15836 -1584 13256 22304 2705 12611 END
START -15792 -1724 12988 22510 2543 13665 END
START -15660 -1664 12788 22748 2369 14908 END
START -15396 -1624 12392 22982 2179 16123 END
START -14944 -1524 12288 23241 1986 17330 END
START -14596 -1812 11940 23517 1778 18425 END
START -13892 -1764 11620 23819 1574 19574 END
START -13412 -2032 11372 24111 1247 20664 END
START -12868 -1936 11148 24426 889 21655 END
START -11956 -1904 10604 24710 578 22671 END
START -11188 -1844 10164 24918 347 23572 END
START -10156 -1848 9516 25096 138 24457 END
START -9068 -1916 8944 25199 9 25246 END
START -7924 -1848 8376 25307 -91 25915 END
START -6792 -1992 7904 25334 -168 26502 END
START -5852 -1964 7300 25318 -192 27012 END
START -4904 -1724 6772 25259 -136 27449 END
START -4024 -1680 6060 25162 -42 27822 END
START -2944 -1436 5288 25015 181 28106 END
START -1988 -1248 4728 24813 445 28320 END
START -972 -1044 3488 24463 806 28518 END
START -56 -840 2764 24021 1194 28649 END
START 880 -880 2080 23410 1709 28760 END
START 1812 -624 1392 22680 2276 28844 END
START 2452 -380 812 21899 2972 28861 END
START 2908 -104 480 21191 3636 28910 END
START 3556 320 336 20386 4297 28932 END
START 4152 680 132 19598 4802 29062 END
START 4912 956 -100 18921 5175 29178 END
START 5868 1164 -576 18154 5477 29267 END
START 6704 1224 -756 17406 5550 29293 END
START 7848 1336 -996 16681 5393 29225 END
START 9340 1596 -1264 15979 5082 29016 END
START 10856 2324 -1292 15286 4734 28694 END
START 12172 3024 -1684 14521 4354 28182 END
START 13204 3496 -2000 13802 3849 27649 END
START 13996 3668 -2268 13066 3248 27050 END
START 14928 4076 -2892 12244 2662 26462 END
START 16148 4624 -3764 11373 2103 25773 END
START 17724 5584 -4488 10378 1833 25010 END
START 19424 6692 -5052 9145 1747 23943 END
START 21000 7936 -5232 7698 1848 22599 END
START 22676 8608 -5264 6195 2231 20934 END
START 23656 9440 -4836 4592 2819 19099 END
START 24308 10136 -4456 3072 3627 17136 END
START 24156 10664 -3340 1611 4501 15158 END
START 23688 11372 -2460 333 5319 13137 END
START 22988 12036 -1348 -678 6131 11387 END
START 21916 11416 36 -1486 6794 9637 END
START 20896 11840 1112 -1957 7641 8278 END
START 19820 11776 2100 -2363 8499 7100 END
START 18388 11984 2944 -2521 9089 6097 END
START 16920 12352 3828 -2657 9375 5349 END
START 15344 12848 4684 -2722 9339 4738 END
START 14228 13372 5556 -2748 8887 4164 END
START 13668 13836 5912 -2807 8400 3715 END
START 13432 13912 6560 -2981 7830 3330 END
START 13276 13808 7412 -2989 7207 2887 END
START 15300 13040 8464 -3215 6962 2486 END
START 14872 12040 9456 -2606 6944 1983 END
START 14352 12764 10272 -2579 6795 1388 END
START 13208 13592 11936 -2197 6197 942 END
START 12644 13640 12856 -1755 5545 593 END
START 12348 13412 13296 -1236 5042 262 END
START 11696 13044 13836 -598 4515 63 END
START 10848 12624 13888 -22 3865 -74 END
START 9832 12488 14064 560 3025 -87 END
START 8980 12368 13624 1065 2135 27 END
START 8392 12500 13088 1380 1239 240 END
START 8192 12724 12620 1550 545 461 END
START 8236 12764 12440 1587 15 685 END
START 8336 13032 11872 1430 -278 859 END
START 8732 12984 11860 1223 -311 956 END
START 9060 13212 11836 920 -159 974 END
START 9616 13100 11704 700 239 864 END