START 3360 3096 -9476 9888 -2604 3667 END
START -3096 496 -9692 6441 -5227 4074 END
START -2672 -236 -10312 1726 -7267 3894 END
START -1600 -1120 -9576 -3049 -6202 4170 END
START -1296 -1972 -8452 -7612 -4258 3763 END
START -896 -2900 -9340 -11440 -921 3633 END
START -208 -3564 -11676 -15732 1611 3971 END
START 1636 -4660 -13824 -21354 4197 3066 END
START -1272 -6620 -12880 -26432 5242 2998 END
START 304 -7652 -13664 -31077 3652 2506 END
START 1560 -9476 -13252 -32768 4972 904 END
START -88 -12444 -14632 -32768 6452 327 END
START -2140 -15556 -13000 -32768 5929 758 END
START -2788 -19132 -9456 -32768 5827 354 END
START -3128 -21644 -5432 -32768 5806 793 END
START -3924 -22404 3848 -32768 3729 3134 END
START 2452 -20708 20788 -32768 3099 4370 END
START 13144 -16956 32767 -32768 11448 727 END
START 13624 -16688 32767 -32768 17278 -9963 END
START 5168 -21108 32767 -32768 15203 -19404 END
START -8112 -23764 32767 -32768 8498 -20942 END
START -10912 -20448 32767 -26211 5115 -15972 END
START -2992 -15516 32767 -13447 9982 -12605 END
START -396 -10584 32767 -8110 13930 -14263 END
START -1932 -8868 32767 -5668 12764 -17314 END
START -1444 -8732 32767 -1106 10210 -21590 END
START -8120 -9808 32767 5517 7028 -23622 END
START -9100 -10160 32767 12916 3582 -21594 END
START -4784 -9856 32767 19404 4391 -21273 END
START -4528 -9768 32767 23460 6647 -23007 END
START -6620 -10928 28540 25894 9191 -23680 END
START -13192 -13460 25488 29091 7952 -22282 END
START -15904 -16048 22672 31862 4784 -19722 END
START -17860 -18040 20596 32767 5704 -16293 END
START -21040 -19992 18968 32767 7532 -11002 END
START -24676 -21512 17320 32767 8120 -3878 END
START -26352 -22092 14080 32767 9261 4917 END
START -26744 -22400 10544 32767 9188 14287 END
START -23140 -21932 5824 32767 8625 23587 END
START -18840 -20288 2116 32540 9022 31301 END
START -13672 -18356 -1792 27042 12295 32767 END
START -10552 -15664 -7552 18441 16448 32767 END
START -5592 -12516 -13472 6737 17308 32767 END
START -736 -11244 -14992 -6330 14266 32767 END
START 8636 -9300 -10400 -17313 12324 32767 END
START 13348 -6860 -4956 -24170 17430 32767 END
START 8508 -4312 -180 -28591 19148 32767 END
START 12340 -3944 5204 -31468 16449 32767 END
START 23220 -1740 14996 -32768 18964 31773 END