START 9704 6692 -12268 10796 1339 -2607 END
START 6328 1952 -18280 5631 -4514 -1362 END
START 4752 856 -14564 -385 -8031 -1732 END
START 2920 100 -11400 -5218 -7701 -1836 END
START 1048 -1660 -7376 -9159 -3540 -1966 END
START -1360 -3132 -8272 -12490 1437 -56 END
START -2064 -3928 -11176 -18072 3548 2373 END
START -1648 -6052 -11064 -24448 4802 3069 END
START 1692 -8296 -11852 -29121 4014 3022 END
START 1260 -9372 -12312 -32768 2790 2433 END
START -380 -12244 -9148 -32768 1152 2492 END
START -432 -13696 -6632 -32768 1213 3555 END
START 1268 -15600 -5952 -32768 3592 4009 END
START 2184 -17216 -128 -32768 6037 3705 END
START 1752 -18008 7136 -32768 7183 2064 END
START -3712 -17924 16708 -32768 5920 1250 END
START -4200 -16860 28092 -32768 1085 3851 END
START 4820 -13252 32767 -32768 2842 5036 END
START 4632 -10144 32767 -32768 5350 2520 END
START 1620 -8716 32767 -32768 2498 -265 END
START -1588 -7648 32767 -24155 -930 -1648 END
START -6944 -5376 32767 -13120 -2338 219 END
START -8352 -3484 32767 -3858 -2077 5802 END
START -2888 -1844 32767 3006 597 10285 END
START 976 -932 32767 8383 2803 11812 END
START 3512 -1396 32767 14156 485 11863 END
START 6792 -1468 32767 19815 -3373 10652 END
START 9312 -2368 32767 24211 -5789 8485 END
START 10084 -4108 32767 27070 -6727 6400 END
START 10376 -5872 29548 29259 -7376 4690 END
START 13040 -7420 25924 30930 -5814 2539 END
START 12664 -8696 23304 32383 -4972 11 END
START 13512 -9128 19092 32767 -4475 -2559 END
START 13180 -10196 16724 32767 -5484 -4923 END
START 14652 -9496 10256 32767 -6729 -8018 END
START 16172 -8312 3460 30949 -6740 -12550 END
START 14428 -8136 524 26150 -4198 -16330 END
START 14680 -7616 -2124 22405 -1510 -19386 END
START 13256 -7072 -5212 17689 1990 -23291 END
START 10276 -7676 -6488 14129 3086 -26622 END
START 7120 -7664 -7608 11647 589 -28730 END
START 5564 -6768 -8916 9495 -2609 -30966 END
START 2984 -6760 -11948 6244 -5985 -32182 END
START 720 -6804 -12492 1884 -9269 -31798 END
START -532 -5792 -11320 -3427 -9821 -30325 END
START -1156 -4948 -11356 -9352 -7280 -29596 END
START -1932 -5892 -10836 -16045 -3373 -29582 END
START -5084 -8208 -7724 -22573 -1711 -31352 END
START -12024 -11864 -4092 -27943 -3880 -32421 END
START -19516 -15388 2572 -32768 -5803 -29761 END
START -28532 -16872 11780 -32768 -5749 -24668 END
START -32768 -18408 20688 -32768 -2864 -17173 END
START -32768 -19204 26032 -30145 2041 -8060 END
START -32768 -19104 27176 -27484 7012 401 END
START -32768 -19316 27560 -25845 9135 9438 END
START -32768 -19720 27584 -24275 9538 20244 END
START -32768 -19892 26964 -22460 7377 31556 END
START -31604 -19408 25076 -21983 6637 32767 END
START -22260 -19808 26816 -22164 6315 32767 END
START -8600 -19276 30096 -21530 6728 32767 END
START 2476 -17452 32676 -18613 8000 32767 END
START 8016 -15548 31888 -15995 7175 32767 END
START 9192 -14392 30488 -13875 2755 32767 END
START 10524 -12948 30224 -11772 561 32767 END
START 14272 -10144 28840 -9819 949 32767 END