START -2176 10748 -23052 19197 2902 -3043 END
START 6072 -1188 -25232 10977 -1740 -2255 END
START -2644 -1968 -15740 1282 -3299 -1076 END
START 1724 -2168 -13528 -5294 -461 -1247 END
START 4048 -2688 -13388 -8902 5922 -1538 END
START -76 -3496 -10180 -10141 8454 -1815 END
START 1932 -4084 -14244 -13768 10992 -3476 END
START -1080 -5304 -15576 -19138 10693 -4848 END
START -3024 -6480 -15464 -24123 8331 -4658 END
START -2800 -7144 -15528 -28716 5842 -3545 END
START -2372 -8624 -13560 -32768 4381 -2694 END
START -1900 -10048 -11004 -32768 5856 -2033 END
START -900 -11912 -7340 -32768 8762 -1832 END
START -424 -13220 -640 -32768 10513 -2106 END
START -1088 -12540 10440 -32768 8645 -2864 END
START -1388 -11832 24340 -32768 2244 -3243 END
START 2268 -8608 32767 -32768 1730 -4246 END
START -240 -6388 32767 -32768 6242 -5307 END
START -4268 -4836 32767 -32768 8387 -4527 END
START -5160 -2428 32767 -32768 11280 -2696 END
START -5956 -412 32767 -28090 13150 -1946 END
START -7240 904 32767 -20144 7648 -837 END
START -7044 1236 32767 -13105 -411 694 END
START -6048 932 32767 -5596 -4667 2879 END
START -5348 424 32767 2160 -5953 5848 END
START -2172 92 32767 9031 -6300 8506 END
START 1440 -360 32767 14507 -4972 10003 END
START 3684 -884 32767 19408 -5639 10326 END
START 6236 -1416 32767 23331 -7848 9084 END
START 6656 -2352 31536 26422 -10478 7036 END
START 7856 -3060 26872 29004 -11952 4791 END
START 8024 -3660 21720 30929 -11321 2077 END
START 7876 -3892 17180 32255 -9929 -237 END
START 8316 -3952 12264 32679 -7674 -2715 END
START 8412 -3808 7876 32311 -5322 -5319 END
START 8096 -3536 3844 30833 -3777 -8033 END
START 7112 -3320 424 28627 -3467 -10549 END
START 7256 -3000 -2516 25511 -3418 -12461 END
START 6596 -2396 -5100 21777 -3154 -14268 END
START 5768 -1932 -7536 17731 -3930 -16270 END
START 4092 -1648 -8872 13356 -5709 -18066 END
START 2196 -1696 -9004 9640 -7477 -19275 END
START 1000 -1248 -9396 6228 -9108 -20128 END
START -200 -1168 -9424 2146 -9533 -20853 END
START -1740 -1372 -9164 -1871 -9141 -20584 END
START -1160 -1056 -9076 -6603 -7603 -20529 END
START -320 -776 -9604 -12290 -3359 -21536 END
START -1192 -1012 -10128 -19131 2507 -23114 END
START -4332 -3716 -8304 -26390 5586 -24908 END
START -10968 -6984 -4752 -32249 2770 -24862 END
START -16752 -9916 596 -32768 -4453 -21896 END
START -18568 -11884 7328 -32768 -7434 -18665 END
START -25616 -15428 16888 -32768 -2606 -16370 END
START -32768 -20084 25784 -32768 1162 -10467 END
START -32768 -23840 32708 -31165 -4358 2850 END
START -32768 -29036 30712 -27566 -8223 27751 END
START -32276 -30744 31684 -31486 -3667 32767 END
START -17404 -32768 32767 -31533 1882 32767 END
START -3452 -28084 32767 -21249 6096 32767 END
START 6180 -17044 32767 -12277 8422 32767 END
START 14992 -10304 32724 -9781 8228 32767 END