START 15472 12864 -13828 9035 7843 2784 END
START 4344 -1152 -16512 4988 3581 2869 END
START 3344 -536 -15840 246 -2351 2820 END
START 464 -1048 -13260 -3821 -6310 1815 END
START -2040 -1708 -10684 -7865 -6643 1419 END
START -2888 -2100 -8656 -11218 -3578 2018 END
START 396 -2656 -11552 -14549 -72 3189 END
START -400 -2844 -11596 -17943 311 3768 END
START 3232 -3880 -13308 -22176 867 2884 END
START 5316 -5224 -14596 -27001 493 849 END
START 5832 -6980 -14288 -31678 -1229 -2061 END
START 3832 -9424 -13040 -32768 -2732 -4733 END
START 244 -11912 -11220 -32768 -1448 -5091 END
START -4444 -15632 -5232 -32768 374 -2490 END
START -5168 -18388 808 -32768 3891 860 END
START -3064 -20216 13708 -32768 6848 2735 END
START 4 -18384 26712 -32768 10329 1372 END
START -1044 -17320 32767 -32768 7963 -3142 END
START -1576 -16140 32767 -32768 2831 -8689 END
START -5196 -15304 32767 -32768 1938 -13299 END
START -12116 -14428 32767 -32768 2319 -12128 END
START -10288 -11180 32767 -27666 10151 -7822 END
START -10268 -8492 32767 -17757 18004 -3939 END
START -7028 -4900 32767 -8635 17105 -2745 END
START -1280 -2152 32767 -864 10590 -4659 END
START 2016 -568 32767 3963 7697 -7533 END
START 4296 376 32767 6667 9468 -9619 END
START 5636 -264 32767 7817 11538 -11768 END
START 9440 -388 29404 8796 10045 -13635 END
START 13228 212 26576 10315 8005 -19336 END
START 11432 240 23456 11724 5315 -25528 END
START 9780 -1564 22072 11889 5138 -30829 END
START 4444 -4340 22284 13013 6980 -32768 END
START -72 -8632 21056 14001 8307 -32768 END
START -6544 -13720 23456 15004 8888 -32768 END
START -18124 -19468 29296 20043 5995 -32768 END
START -25764 -23376 29784 27291 4063 -26281 END
START -29944 -24360 25528 32767 5828 -15010 END
START -28736 -23580 18664 32767 7693 -3135 END
START -24648 -22224 11812 32767 9766 6437 END
START -22556 -20012 6800 32692 9197 13580 END
START -19360 -17400 2624 29845 7478 19488 END
START -17840 -15372 284 26436 4422 23392 END
START -15932 -13720 -2156 22884 2578 28215 END
START -11360 -11800 -4940 18125 847 32023 END
START -7880 -9800 -7396 12238 -8 32767 END
START -6632 -8612 -9288 5835 -849 32767 END
START -5472 -7644 -10484 -1028 -1755 32767 END
START 1068 -5956 -8964 -7819 -2402 32767 END
START 7628 -3200 -6472 -14387 2630 32767 END
START 13900 -1472 -3364 -21082 9971 31990 END
START 14464 1032 1152 -26512 15804 25360 END
START 12552 3080 8604 -29629 15403 19873 END
START 7824 3520 18112 -26984 11563 18266 END
START 13620 4284 24824 -22695 11751 17397 END