START 6356 8808 -16568 3804 -2883 -1681 END
START 6984 2720 -16620 142 -6793 -1667 END
START 4596 1056 -11216 -5361 -6766 -2805 END
START 5348 372 -11516 -8161 -2839 -3097 END
START 2912 -784 -10756 -11012 -88 -2064 END
START -48 -1072 -9108 -14694 1607 -1331 END
START 1376 -1608 -9716 -18762 3437 -1908 END
START 2472 -2332 -10528 -23062 4825 -3195 END
START 1272 -3620 -9760 -27321 4763 -5051 END
START -644 -5964 -7876 -31507 3579 -5570 END
START -1556 -7576 -5040 -32768 2721 -5762 END
START -3432 -8876 -3116 -32768 738 -5024 END
START -848 -9504 -428 -32768 648 -4189 END
START 820 -10004 5980 -32768 3275 -4178 END
START 1412 -9944 13980 -32768 6882 -4910 END
START -964 -9128 24192 -32768 6453 -6244 END
START -352 -7796 32767 -32768 2890 -7833 END
START -2360 -5648 32767 -32768 4377 -9424 END
START -10752 -4200 32767 -32768 2136 -7967 END
START -12912 -2700 32767 -28584 -1427 -2620 END
START -9496 -888 32767 -22657 -3181 2862 END
START -2472 1436 32767 -16164 -574 4601 END
START -1448 2728 32767 -8981 3933 4147 END
START -4292 2628 32767 -1624 3295 4726 END
START -4680 2620 32767 6391 -2488 6706 END
START -2408 2144 32767 13775 -8397 8801 END
START 2648 1344 32767 20369 -11519 9759 END
START 8432 520 32767 24422 -9267 8007 END
START 10356 -392 32767 26665 -4624 4751 END
START 8256 -1972 30232 28745 -2350 2022 END
START 7136 -3136 26032 31186 -4199 421 END
START 8408 -4252 22304 32767 -5460 -1642 END
START 9736 -4252 16220 32767 -6315 -4788 END
START 9044 -4620 11432 32767 -4456 -7921 END
START 8336 -4736 7644 32767 -3700 -10339 END
START 9444 -4124 3996 32408 -3289 -12972 END
START 8892 -3772 276 30188 -2593 -16016 END
START 7408 -3460 -3588 26837 -1472 -18191 END
START 5996 -2740 -6272 22320 221 -19743 END
START 4216 -2436 -8484 17785 1268 -21077 END
START 2572 -2176 -8852 13365 -144 -22234 END
START 1584 -1864 -8888 10034 -2488 -23365 END
START -588 -2008 -8676 6894 -5257 -24205 END
START -1568 -1936 -9332 3760 -8373 -24413 END
START -2580 -2124 -9360 -432 -9836 -24039 END
START -876 -1444 -10200 -5809 -8031 -23849 END
START -1892 -1760 -10412 -12805 -3992 -24505 END
START -4308 -3152 -9664 -20053 -1879 -24199 END
START -6660 -4892 -7832 -27272 -1413 -23182 END
START -9880 -7224 -4668 -32768 -2315 -21583 END
START -15460 -9968 1860 -32768 -3946 -18447 END
START -20368 -11444 9180 -32768 -4250 -14324 END
START -26252 -14600 16452 -32768 -2677 -9358 END
START -31932 -16212 21932 -32768 516 -1602 END
START -32768 -17916 25072 -32768 4691 6427 END
START -32768 -19748 26384 -32768 6483 15185 END
START -32768 -20464 28072 -30807 6011 23723 END
START -32768 -20192 28204 -27147 2799 32246 END
START -26316 -18260 27176 -24672 -184 32767 END
START -13144 -15504 30464 -24732 1437 32767 END
START 4800 -11976 32767 -24011 7308 32767 END
START 21516 -6744 32767 -18447 15984 32767 END
START 22300 -1404 32767 -10491 22840 24014 END