START -1136 7860 -3256 697 -3067 1679 END
START 4020 476 -21812 2148 -2112 2320 END
START -68 12508 -5172 -1336 -4115 2384 END
START 0 9048 -5728 -1285 -3356 2772 END
START 172 8936 -6188 -2980 -4847 2798 END
START 1940 8812 -7832 -4303 -4243 2829 END
START 1432 7704 -6304 -5872 -4439 2665 END
START 4108 7692 -7972 -7152 -3603 2572 END
START 2892 6956 -5684 -8410 -3081 2260 END
START 2980 6984 -5288 -9307 -1721 2101 END
START 4312 7496 -6088 -10255 -721 1895 END
START 3596 7468 -4296 -10880 478 1691 END
START 4168 7268 -4888 -11387 1609 1377 END
START 3920 6264 -5584 -11690 3391 1116 END
START 2924 5784 -4380 -12238 4482 985 END
START 3060 5704 -3500 -12923 4857 885 END
START 2408 5712 -2832 -13686 5033 617 END
START 1980 5848 -3936 -14346 5624 325 END
START 1156 6016 -3624 -14752 6329 192 END
START 316 6032 -2908 -15495 6667 174 END
START -676 5836 -2208 -15866 6875 305 END
START -1372 5424 -1540 -16144 6827 528 END
START -1880 4864 -1212 -16270 6686 793 END
START -2184 4636 -864 -16265 6415 1052 END
START -2352 4400 -600 -16230 6085 1309 END
START -2848 4284 -476 -16135 5580 1626 END
START -3416 4412 -176 -16131 5000 1952 END
START -3732 4536 56 -16166 4320 2286 END
START -3964 4560 180 -16305 3616 2733 END
START -3900 4380 428 -16438 2878 3207 END
START -3720 4140 912 -16622 2264 3680 END
START -3496 3784 1048 -16696 1730 4184 END
START -2848 3564 1344 -16802 1260 4660 END
START -2292 3376 1764 -16785 930 5121 END
START -1816 2940 2068 -16809 709 5497 END
START -1280 2708 2356 -16724 518 5862 END
START -800 2404 2604 -16658 329 6152 END
START -416 2152 3028 -16564 240 6406 END
START -84 2116 3116 -16519 174 6659 END
START 160 1808 3316 -16496 96 6882 END
START 624 1504 3332 -16420 100 7079 END
START 1016 1284 3164 -16381 187 7276 END
START 1448 1236 2680 -16366 409 7406 END
START 1904 1204 2236 -16423 733 7525 END
START 2556 1320 1888 -16591 1164 7580 END
START 2980 1700 1184 -16948 1724 7578 END
START 3388 1856 592 -17456 2374 7447 END
START 3992 1900 500 -18060 3042 7287 END
START 4440 1852 336 -18764 3741 7057 END
START 4720 1844 64 -19594 4433 6711 END
START 5196 1724 48 -20353 5134 6329 END
START 5420 1528 600 -21109 5682 5887 END
START 5392 1528 696 -21837 6229 5408 END
START 5352 1612 936 -22603 6606 4934 END
START 5012 1596 1676 -23338 6875 4501 END
START 4376 1600 2344 -24030 7096 4084 END
START 4044 1504 3500 -24705 7063 3766 END
START 3468 1540 4540 -25248 7046 3513 END
START 3032 1488 5400 -25702 6911 3380 END
START 2396 1292 6536 -25958 6837 3329 END
START 2156 1248 7808 -26152 6752 3338 END
START 1808 1212 8380 -26173 6659 3379 END
START 1424 1156 9084 -26118 6657 3475 END
START 1088 1112 9688 -25941 6676 3649 END
START 852 1240 10232 -25760 6802 3848 END
START 328 1396 10864 -25558 6917 4111 END
START 64 1492 11032 -25347 7092 4377 END
START -204 1656 11080 -25188 7160 4616 END
START -448 1864 11328 -25131 7247 4928 END
START -648 2140 11276 -25066 7300 5192 END
START -556 2396 11304 -25154 7500 5425 END
START -636 2652 11428 -25290 7574 5656 END
START -868 2724 11764 -25418 7530 5862 END
START -820 2712 12192 -25521 7496 6014 END
START -840 2728 12260 -25638 7435 6208 END
START -728 2644 12424 -25710 7411 6419 END
START -664 2720 13056 -25835 7351 6660 END
START -600 2616 13308 -25989 7350 6862 END
START -36 2620 13784 -26151 7385 7076 END
START 384 2632 14324 -26304 7537 7192 END
START 852 2488 14752 -26348 7793 7248 END
START 1180 2344 15428 -26434 8145 7256 END
START 1432 2248 15904 -26382 8501 7188 END
START 1416 2432 16192 -26302 8790 7114 END
START 1324 2656 16672 -26242 9026 7061 END
START 1220 2848 17116 -26222 9288 7014 END
START 1116 3164 17244 -26243 9400 7003 END
START 1100 3388 17664 -26388 9470 6996 END
START 880 3644 18532 -26546 9414 6973 END
START 1048 3684 19352 -26631 9179 6886 END
START 960 3688 20564 -26670 8863 6808 END
START 1076 3620 21240 -26620 8518 6774 END
START 1176 3560 22252 -26449 8162 6734 END
START 1160 3612 23296 -26109 7780 6753 END
START 1332 3696 23972 -25707 7456 6679 END
START 1548 3736 25116 -25225 7159 6629 END
START 1900 3460 25668 -24683 6994 6529 END
START 2180 3184 26020 -24110 6940 6430 END
START 2280 3192 26588 -23587 6941 6320 END
START 2208 3176 27060 -23095 6960 6254 END
START 2076 3484 27364 -22666 6944 6272 END
START 2024 3576 27836 -22338 6973 6338 END
START 2044 3704 28152 -21959 6976 6512 END
START 2188 3688 28576 -21669 7129 6681 END
START 2464 3768 29204 -21352 7291 6878 END
START 2884 3856 29864 -21063 7497 7040 END
START 3380 4052 30532 -20787 7712 7161 END
START 3776 4264 31276 -20421 7922 7210 END
START 4192 4448 32304 -20070 8055 7184 END
START 4664 4424 32767 -19650 8117 7129 END
START 5072 4348 32767 -19031 8161 7017 END
START 5412 4428 32767 -18362 8176 6847 END
START 5600 4228 32767 -17519 8120 6657 END
START 6156 4276 32767 -16633 8041 6461 END
START 6484 4372 32767 -15640 8039 6176 END
START 7004 4384 32767 -14774 7879 5876 END
START 7632 4392 32767 -13577 7799 5531 END
START 8072 4404 32767 -12537 7681 5111 END
START 8624 4476 32767 -11562 7456 4650 END
START 9140 4464 32767 -10637 7232 4097 END
START 9380 4668 32767 -9741 6935 3542 END
START 9800 4608 32767 -8973 6648 3043 END
START 9996 4600 32767 -8197 6336 2523 END
START 10152 4660 32767 -7456 6128 2008 END
START 10376 4648 32767 -6731 5882 1471 END
START 10276 4668 32767 -6004 5664 1013 END
START 10280 4704 32767 -5264 5464 529 END
START 10172 4764 32767 -4486 5265 108 END
START 10064 4800 32767 -3696 5102 -297 END
START 9908 4712 32767 -2884 4987 -690 END
START 9824 4732 32767 -2077 4858 -1041 END
START 9772 4692 32767 -1253 4788 -1360 END
START 9712 4652 32767 -424 4744 -1672 END
START 9440 4628 32767 395 4687 -1967 END
START 9116 4536 32767 1222 4571 -2172 END
START 8660 4028 32767 2068 4418 -2339 END
START 8244 3740 32767 2927 4090 -2433 END
START 8116 3580 32767 3729 3735 -2428 END
START 7956 3600 31588 4409 3257 -2459 END
START 8024 3824 30264 4884 2789 -2518 END
START 8268 4064 28924 5110 2344 -2615 END
START 8560 3972 27748 5265 1997 -2748 END
START 8976 4016 26700 5304 1710 -2936 END
START 9600 3928 25696 5294 1559 -3261 END
START 10212 3856 25132 5246 1454 -3625 END
START 10568 3680 24148 5219 1422 -4121 END
START 10764 3444 23436 5213 1348 -4638 END
START 10980 3372 22420 5214 1270 -5170 END
START 11288 3244 21292 5208 1206 -5727 END
START 11448 3212 20232 5105 1301 -6306 END
START 11576 3112 18812 4855 1451 -6936 END
START 11520 3152 17824 4570 1689 -7566 END
START 11336 3192 17228 4153 1957 -8161 END
START 11184 3244 16460 3707 2216 -8690 END
START 10940 3076 16124 3233 2473 -9209 END
START 10832 2876 15776 2784 2703 -9640 END
START 10548 2716 15828 2395 2848 -10114 END
START 10228 2604 15796 2146 2899 -10595 END
START 9904 2336 15640 1984 2830 -10982 END
START 9488 2064 15408 2010 2679 -11340 END
START 9400 1988 14800 2089 2564 -11720 END
START 9552 2152 13648 2050 2552 -12033 END
START 9536 2396 12784 1956 2587 -12442 END
START 9640 2496 12216 1753 2513 -12848 END
START 9572 2612 11344 1368 2422 -13252 END
START 9488 2656 10820 876 2323 -13608 END
START 9340 2568 10424 374 2137 -13997 END
START 9296 2648 10120 -208 1938 -14348 END
START 8996 2704 9972 -750 1651 -14693 END
START 8744 2860 9780 -1230 1255 -15023 END
START 8548 2844 9604 -1713 795 -15356 END
START 8756 2964 9792 -2195 279 -15777 END
START 8944 3084 9848 -2669 -164 -16171 END
START 9316 3248 10196 -3240 -668 -16667 END
START 10048 3508 10620 -3717 -1081 -17282 END
START 10476 3588 11196 -4203 -1307 -17983 END
START 10632 3436 11716 -4615 -1377 -18828 END
START 10944 3512 12308 -4894 -1352 -19658 END
START 10992 3432 12996 -5049 -1224 -20538 END
START 11004 3396 13800 -5125 -1005 -21379 END
START 10664 3424 14168 -5120 -736 -22273 END
START 10324 3316 14456 -5055 -480 -23043 END
START 9940 3240 14752 -5000 -337 -23836 END
START 9368 2944 14996 -4918 -311 -24510 END
START 8864 2756 15400 -4876 -400 -25152 END
START 8428 2456 15492 -4905 -618 -25795 END
START 8060 2612 15980 -4998 -773 -26442 END
START 7892 2696 15992 -5125 -929 -27081 END
START 7556 2420 16280 -5298 -951 -27788 END
START 7220 2304 16900 -5526 -909 -28488 END
START 6732 2024 17624 -5700 -850 -29192 END
START 6368 1648 18408 -5835 -742 -29863 END
START 5880 1084 19224 -5930 -561 -30507 END
START 5408 376 19860 -5881 -371 -31093 END
START 4336 -232 20656 -5845 -206 -31693 END
START 3152 -756 21960 -5711 -130 -32156 END
START 1764 -1124 22936 -5495 -144 -32496 END
START 248 -1392 23924 -5211 -227 -32701 END
START -1196 -1672 24744 -4842 -250 -32768 END
START -2656 -2140 25772 -4385 -288 -32762 END
START -4028 -2424 26712 -3895 -273 -32567 END
START -5212 -2620 27464 -3344 -206 -32307 END
START -6324 -2824 28596 -2675 -80 -31964 END
START -7340 -3184 29344 -1922 65 -31558 END
START -8344 -3464 30200 -1083 300 -31048 END
START -9448 -3884 30888 -152 513 -30515 END
START -10404 -4296 31364 804 711 -29918 END
START -11504 -4644 31632 1861 765 -29249 END
START -12576 -4848 31704 2898 756 -28474 END
START -13316 -5048 31772 3940 721 -27657 END
START -14444 -5152 31484 4942 621 -26737 END
START -14964 -5028 31376 5827 559 -25815 END
START -15636 -5032 30856 6652 475 -24835 END
START -16292 -5004 30728 7360 443 -23807 END
START -16592 -5048 30304 8098 498 -22726 END
START -16872 -5164 30132 8727 638 -21673 END
START -17288 -5196 30088 9411 916 -20496 END
START -17676 -5272 29912 10163 1203 -19265 END
START -18316 -5244 29476 11003 1424 -18013 END
START -19044 -5300 28820 11802 1479 -16610 END
START -19412 -5216 28188 12634 1388 -15120 END
START -19756 -5204 27588 13371 1163 -13598 END
START -19816 -5080 26756 13967 862 -12250 END
START -19536 -4752 26216 14502 557 -10938 END
START -19244 -4496 25496 14886 343 -9748 END
START -18740 -4308 24616 15222 242 -8579 END
START -18376 -4208 24156 15475 303 -7562 END
START -18088 -4056 23448 15720 526 -6546 END
START -17820 -3904 22700 15935 886 -5626 END
START -17608 -3748 21968 16145 1268 -4697 END
START -17436 -3340 21224 16330 1710 -3699 END
START -17520 -3244 20476 16484 2102 -2789 END
START -17504 -2968 19840 16576 2385 -1808 END
START -17704 -2768 19384 16627 2569 -852 END
START -17676 -2496 18880 16629 2668 137 END
START -17716 -2360 18552 16614 2686 1056 END
START -17600 -2160 18164 16620 2682 2028 END
START -17536 -1920 17784 16596 2647 2984 END
START -17152 -1868 17640 16649 2646 3961 END
START -16820 -1744 17604 16731 2680 4837 END
START -16312 -1800 17176 16826 2760 5717 END
START -15516 -1704 17028 16972 2920 6617 END
START -14804 -1700 17056 17112 3118 7363 END
START -14208 -1824 17024 17268 3364 8085 END
START -13712 -1776 17132 17514 3625 8765 END
START -13180 -1708 17200 17768 3803 9363 END
START -12896 -1724 17080 18073 3905 9986 END
START -12696 -1664 17264 18459 4014 10563 END
START -12476 -1568 17192 18868 4074 11131 END
START -12264 -1664 16968 19372 4013 11770 END
START -12076 -1652 16672 19880 3924 12441 END
START -11736 -1568 16056 20460 3822 13020 END
START -11500 -1688 15528 20953 3663 13459 END
START -11292 -1616 14884 21474 3443 14095 END
START -11108 -1512 14148 21886 3221 14688 END
START -11056 -1452 13352 22210 2936 15290 END
START -10712 -1312 12580 22489 2689 15936 END
START -10584 -1248 11856 22646 2425 16600 END
START -10248 -1088 11108 22720 2136 17213 END
START -9820 -1064 10152 22711 1881 17854 END
START -9396 -912 9408 22612 1646 18444 END
START -9080 -848 8624 22437 1408 19009 END
START -8816 -724 7992 22189 1158 19595 END
START -8712 -448 7480 21877 924 20218 END
START -8584 -252 6768 21562 698 20832 END
START -8352 28 6268 21110 473 21563 END
START -7880 236 5720 20668 346 22240 END
START -7412 344 5260 20201 272 22965 END
START -6644 496 4720 19696 310 23624 END
START -5856 564 4140 19153 384 24290 END
START -4888 600 3904 18575 508 24905 END
START -3900 684 3640 17979 634 25459 END
START -3084 648 3568 17369 763 25934 END
START -1640 924 3476 16755 933 26234 END
START -100 1076 3236 16111 1058 26435 END
START 1532 1208 3120 15574 1229 26436 END
START 3040 1476 2952 14933 1406 26253 END
START 4236 1576 2920 14362 1503 25927 END
START 5348 1768 2744 13810 1574 25504 END
START 6216 2000 2504 13291 1580 24945 END
START 6756 2372 1944 12771 1486 24425 END
START 7132 2668 1572 12172 1363 23862 END
START 7460 3172 1040 11545 1241 23294 END
START 7712 3572 640 10837 1098 22701 END
START 7960 3928 180 10062 1015 22211 END
START 7976 4260 -124 9227 922 21721 END
START 7972 4556 -416 8371 943 21267 END
START 8084 4896 -424 7498 981 20869 END
START 8192 5212 -472 6608 1054 20520 END
START 8136 5568 -356 5785 1192 20230 END
START 8196 5740 -200 4934 1349 19950 END
START 8476 5904 -188 4148 1460 19653 END
START 8664 6112 100 3395 1601 19389 END
START 9176 6320 452 2618 1761 19128 END
START 9704 6568 732 1861 2002 18842 END
START 10216 6712 1132 1115 2223 18550 END
START 10792 6832 1584 359 2510 18191 END
START 11276 7080 2036 -340 2813 17856 END
START 11616 7308 3156 -983 3113 17427 END
START 12036 7316 4212 -1580 3348 16992 END
START 12436 7508 5464 -2017 3522 16556 END
START 13112 7644 6160 -2297 3763 16033 END
START 13856 7680 6864 -2537 4053 15448 END
START 14656 7740 7460 -2606 4380 14845 END
START 15544 7800 8364 -2645 4767 14108 END
START 16280 7764 8908 -2624 5219 13359 END
START 16844 7996 9728 -2554 5595 12303 END
START 17188 8144 10104 -2431 6009 11562 END
START 17492 8288 10760 -2262 6338 10471 END
START 17560 8400 11216 -2077 6454 9349 END