START 10200 8764 -8096 13080 4790 372 END
START 928 724 -4424 11508 1823 1050 END
START -5772 180 -4004 8616 1289 1407 END
START 7156 568 -15524 3165 456 1065 END
START 3656 -252 -12488 -2372 -4578 -590 END
START 2332 -1460 -8548 -6007 -5051 -1974 END
START -304 -2432 -6512 -8287 -1661 -1204 END
START -1008 -2828 -8104 -10695 1002 1007 END
START 2080 -2648 -10704 -14446 3827 2554 END
START 2172 -3292 -11416 -18856 6024 2751 END
START 2772 -4264 -12588 -23286 4809 2199 END
START 3948 -5408 -11608 -27740 2561 -375 END
START 2244 -7672 -9484 -30535 1881 -2489 END
START -984 -9716 -9520 -32768 1458 -2741 END
START -3456 -10256 -8780 -32768 1391 -1388 END
START -4208 -11628 -5608 -32768 867 833 END
START -1564 -12644 1420 -32768 -738 2456 END
START 2432 -11872 11148 -32768 -1870 3034 END
START 3404 -11292 25400 -32768 -2818 2024 END
START 4932 -10268 32767 -32768 -2827 549 END
START 1900 -9472 32767 -32768 -2238 -835 END
START -2436 -8240 32767 -30696 -4562 125 END
START -5584 -5212 32767 -20379 -5693 3053 END
START -2868 -2808 32767 -11133 -6074 7728 END
START 2148 8 32767 -4195 -3663 10056 END
START 3764 900 32767 1383 -2051 11133 END
START 4832 1072 32767 7105 -3177 12109 END
START 10228 1388 32767 13709 -4721 12555 END
START 13492 708 32767 20033 -5911 10829 END
START 15060 -868 32767 24945 -8451 8387 END
START 16324 -2756 32767 29100 -10014 5746 END
START 17024 -3952 32328 32767 -9181 1984 END
START 16356 -5556 25524 32767 -7481 -2345 END
START 15180 -6772 18356 32767 -5168 -6484 END
START 14156 -7680 12328 32767 -3510 -10288 END
START 12192 -8428 6984 32767 -1565 -14093 END
START 12420 -8236 748 32767 -1259 -17723 END
START 12748 -7244 -5100 29522 1316 -22272 END
START 9432 -8048 -6876 24349 3060 -25343 END
START 6624 -8212 -7256 21753 2781 -26615 END
START 4860 -8092 -8632 19921 -93 -27813 END
START 4576 -6944 -10860 16525 -2275 -29171 END
START 4908 -6184 -11500 12047 -4158 -31549 END
START 2008 -5556 -12436 7784 -4231 -32768 END
START -492 -7088 -12724 1912 -3184 -31520 END
START -2776 -3988 -12752 -4044 -1699 -28341 END
START -1264 -2484 -12248 -11100 823 -29257 END
START -1532 -2548 -11380 -18333 2552 -31856 END
START -4596 -5572 -8556 -24645 2055 -32768 END
START -8836 -7076 -5928 -30849 216 -32768 END
START -12672 -9092 -1076 -32768 -233 -32768 END
START -20488 -12080 6224 -32768 525 -32768 END
START -28772 -13392 12400 -32768 2341 -28560 END
START -32768 -14020 15988 -32768 3541 -19148 END
START -32768 -16884 16692 -32768 4916 -8786 END
START -32768 -19004 16244 -32768 3799 2339 END
START -32768 -22596 16928 -32768 2073 11610 END
START -32768 -25712 18696 -32768 520 22580 END
START -32768 -29668 24132 -32768 194 32767 END
START -32204 -30560 30040 -32768 -795 32767 END
START -21036 -30516 32767 -32768 -7278 32767 END
START -4564 -24508 32767 -23034 -10696 32767 END
START 7376 -16320 32767 -12311 -7108 32767 END
START 13392 -9860 32767 -4144 -700 32767 END
START 15172 -6524 32767 1365 1789 32149 END