START 16684 13432 -15296 582 7259 1699 END
START 14828 1884 -20608 -2285 3108 357 END
START -4288 252 -8608 -7274 -295 846 END
START -5560 -44 -7908 -11005 -4933 1124 END
START -1372 -692 -7624 -14278 -6956 1306 END
START -1928 -2052 -5004 -16567 -3737 2068 END
START -296 -2696 -5392 -18996 1744 2462 END
START 1084 -3400 -6968 -21522 5019 1886 END
START 1896 -4352 -8740 -24691 6134 724 END
START 1020 -5224 -9996 -28375 4345 -295 END
START 400 -6012 -7148 -32747 2586 -1998 END
START 832 -7544 -5132 -32768 2126 -3513 END
START 1064 -9132 -4504 -32768 3299 -4164 END
START -372 -10304 -2112 -32768 5662 -4231 END
START 88 -11568 864 -32768 6902 -4860 END
START -372 -13424 4684 -32768 7345 -6000 END
START -592 -15420 10752 -32768 7945 -7078 END
START -384 -16888 19784 -32768 8900 -6695 END
START 5204 -16252 30412 -32768 13099 -7512 END
START 9848 -15424 32767 -32768 20287 -12710 END
START 9840 -14704 32767 -32768 23403 -20150 END
START 6132 -13560 32767 -32768 20173 -25687 END
START -1760 -13652 32767 -27251 12167 -28985 END
START -9148 -13000 32767 -16394 1866 -28718 END
START -10508 -11180 32767 -6882 -3441 -25322 END
START -11924 -10012 32767 -2010 -788 -21989 END
START -10956 -8972 32767 726 3457 -19037 END
START -10452 -8156 32767 3382 5074 -17351 END
START -8328 -6912 32767 5379 4735 -16832 END
START -7276 -6176 32767 7179 3887 -17177 END
START -6872 -5556 32767 9544 3205 -17510 END
START -6520 -5016 32767 11548 3693 -17120 END
START -4620 -5400 31136 13445 5361 -16217 END
START -3556 -6332 29288 15096 7314 -18004 END
START -5976 -8012 27404 16520 7283 -18963 END
START -8404 -10088 26232 17815 9458 -19642 END
START -15024 -12184 25384 19951 11021 -17158 END
START -18500 -14284 24364 22911 10309 -12382 END
START -21564 -15720 22704 26305 8232 -6126 END
START -20760 -15948 19020 28705 5781 -309 END
START -18924 -15616 13544 29189 5205 4559 END
START -18588 -14056 8816 27338 6215 9384 END
START -18228 -12856 6444 24656 6659 13963 END
START -17184 -12312 5244 22241 6142 18484 END
START -16560 -11656 3768 20426 4711 22699 END
START -16084 -11152 2420 18036 2416 27138 END
START -12964 -10244 1240 15537 100 31002 END
START -9744 -9768 604 13087 -973 32767 END
START -7124 -9076 244 10447 -137 32767 END
START -7792 -9576 908 8429 1160 32767 END
START -6744 -8820 -764 6782 1383 32767 END
START -3292 -8176 -3164 3398 2875 32767 END
START 1352 -6476 -7108 -2649 5079 32767 END
START 6680 -4844 -7692 -10611 7784 32767 END
START 9424 -3920 -2884 -18524 11863 32767 END