START -652 7664 -4052 11507 -4297 -153 END
START 4440 2124 -25128 13071 -3377 473 END
START -3340 9328 -6532 9815 -5679 687 END
START 28 8600 -9864 9900 -5244 1122 END
START -40 8096 -11452 8570 -7305 1386 END
START -3716 7692 -8272 6989 -7563 1737 END
START -244 8068 -13012 5260 -8468 1911 END
START -1588 7832 -11348 3556 -8159 2159 END
START -64 7908 -12704 1713 -8187 2326 END
START 136 7644 -12212 -13 -7496 2471 END
START 308 7260 -11340 -1656 -6931 2495 END
START 1556 6964 -11304 -3169 -5844 2526 END
START 1524 6584 -9772 -4351 -4683 2376 END
START 2448 6572 -9328 -5523 -3439 2228 END
START 2476 6360 -8452 -6467 -2215 1978 END
START 2344 6196 -7368 -7177 -1130 1637 END
START 2524 5808 -6752 -7758 -35 1298 END
START 2064 5440 -5884 -8124 783 949 END
START 1868 5416 -5412 -8469 1463 618 END
START 1328 5284 -4724 -8686 1940 377 END
START 840 5188 -4588 -8867 2229 154 END
START 140 5096 -3924 -8986 2353 92 END
START -412 4844 -3784 -9069 2375 71 END
START -1092 4716 -3528 -9074 2234 134 END
START -1700 4436 -3480 -9068 1927 278 END
START -2064 4276 -3288 -8947 1516 496 END
START -2644 4112 -3408 -8915 1015 818 END
START -3016 4040 -3788 -8819 467 1167 END
START -3236 4008 -3924 -8825 -53 1551 END
START -3288 4184 -4192 -8880 -589 1905 END
START -3212 4116 -4804 -9122 -1035 2311 END
START -3252 3948 -4928 -9378 -1439 2660 END
START -3120 3740 -5204 -9731 -1663 3095 END
START -2844 3760 -5256 -10133 -1896 3494 END
START -2692 3608 -5484 -10575 -1989 3914 END
START -2304 3360 -5684 -10985 -2009 4340 END
START -2152 3272 -5628 -11419 -1920 4764 END
START -1648 3056 -6028 -11862 -1730 5145 END
START -1312 2920 -5892 -12338 -1460 5528 END
START -1132 2752 -6232 -12844 -1205 5894 END
START -832 2780 -6424 -13457 -917 6244 END
START -272 2964 -6260 -14005 -558 6548 END
START 48 3008 -6144 -14879 -215 6815 END
START 216 3032 -6004 -15307 171 7004 END
START 564 2956 -5792 -16065 531 7190 END
START 920 2832 -5464 -16673 915 7320 END
START 1268 2796 -5144 -17231 1271 7420 END
START 1528 2536 -4460 -17821 1690 7529 END
START 2008 2564 -4464 -18305 2116 7607 END
START 2280 2372 -4288 -18886 2510 7571 END
START 2908 2316 -3920 -19431 3035 7533 END
START 3336 2252 -3436 -19974 3518 7404 END
START 3648 2104 -3016 -20525 4077 7190 END
START 3828 2120 -2660 -21053 4543 6931 END
START 3640 2100 -2144 -21638 4977 6636 END
START 3616 1984 -1720 -22146 5294 6372 END
START 3312 1996 -1264 -22611 5579 6116 END
START 2940 2000 -864 -23063 5768 5921 END
START 2724 1948 -300 -23507 5890 5777 END
START 2544 1724 164 -23947 6048 5701 END
START 2272 1716 524 -24388 6152 5623 END
START 2044 1652 1008 -24869 6327 5608 END
START 1884 1676 1588 -25366 6504 5578 END
START 1672 1544 1912 -25828 6713 5601 END
START 1444 1472 2696 -26256 6900 5609 END
START 1244 1440 3176 -26650 7138 5673 END
START 876 1272 4052 -27009 7361 5767 END
START 532 1280 4696 -27268 7411 5890 END
START 124 1452 5100 -27518 7424 6055 END
START 8 1484 5732 -27766 7396 6235 END
START -340 1428 6404 -27929 7316 6360 END
START -384 1452 6828 -28182 7188 6501 END
START -224 1412 7392 -28352 7043 6635 END
START -596 1284 8156 -28501 6902 6783 END
START -812 1204 8436 -28632 6679 6949 END
START -772 1012 8760 -28745 6564 7113 END
START -824 1060 9064 -28832 6521 7328 END
START -704 1196 9428 -28932 6639 7509 END
START -736 1384 9676 -29150 6880 7687 END
START -428 1460 9924 -29308 7206 7850 END
START -200 1284 10208 -29471 7653 8012 END
START -72 1200 10840 -29693 8143 8172 END
START 692 944 11244 -29927 8758 8281 END
START 1588 820 11788 -30071 9414 8359 END
START 2444 916 11808 -30253 10338 8255 END
START 2960 992 12108 -30448 11224 8030 END
START 3300 1184 12732 -30609 12030 7736 END
START 3172 1512 13388 -30768 12787 7423 END
START 2944 1796 13896 -30963 12974 7104 END
START 2576 2196 14384 -31101 13304 6830 END
START 2256 2492 14940 -31286 13327 6540 END
START 2200 2504 15740 -31417 13690 6369 END
START 2136 2376 16360 -31493 13154 6167 END
START 1940 2100 17124 -31525 13131 5987 END
START 1628 2028 17940 -31414 13054 5844 END
START 1280 2184 18860 -31321 12423 5825 END
START 1052 2508 19428 -31144 11986 5806 END
START 912 2872 20088 -31030 11477 5865 END
START 944 3036 20772 -30886 10956 5885 END
START 1056 2968 21616 -30692 10528 5960 END
START 1456 2920 22244 -30476 10231 6021 END
START 1632 2700 23152 -30199 9915 6063 END
START 1856 2656 24124 -29892 9591 6176 END
START 2248 2608 24744 -29578 9406 6232 END
START 2692 2616 25528 -29189 9365 6356 END
START 3496 2760 25980 -28821 9582 6443 END
START 4132 2596 26520 -28455 9957 6571 END
START 4596 2584 27248 -28110 10459 6612 END
START 5184 2556 27948 -27757 10983 6630 END
START 5588 2796 28852 -27407 11498 6674 END
START 5976 3112 29632 -26921 12053 6629 END
START 6408 3468 30432 -26388 12462 6606 END
START 6860 3676 31228 -25799 13063 6467 END
START 7056 4124 32068 -25161 13011 6356 END
START 7492 4400 32728 -24488 13251 6119 END
START 7956 4472 32767 -23723 13209 5862 END
START 8576 4768 32767 -22874 13180 5477 END
START 9200 4940 32767 -22027 13185 4997 END
START 9864 5024 32767 -21149 13178 4483 END
START 10572 5164 32767 -20251 13144 3808 END
START 11028 5384 32767 -19394 13043 3037 END
START 11540 5304 32767 -18521 12620 2167 END
START 11724 5460 32767 -17712 12284 1332 END
START 11720 5532 32767 -16865 11814 453 END
START 11636 5304 32767 -15945 11272 -366 END
START 11312 5212 32767 -15087 10489 -1188 END
START 10892 5104 32767 -14284 9607 -1883 END
START 10540 5016 32767 -13375 8565 -2579 END
START 10248 5064 32767 -12668 7605 -3177 END
START 10252 5080 32767 -11957 6614 -3753 END
START 9920 5060 32767 -11350 5701 -4243 END
START 9920 5020 32767 -10736 4890 -4750 END
START 9932 4984 32767 -10152 4205 -5189 END
START 9764 4948 32767 -9616 3642 -5655 END
START 9716 4644 32767 -9018 3237 -6089 END
START 9400 4496 32767 -8367 2907 -6489 END
START 9072 4324 32767 -7657 2653 -6789 END
START 8800 4156 32767 -6904 2517 -7045 END
START 8372 3948 32767 -6062 2458 -7190 END
START 8236 3856 32767 -5167 2474 -7314 END
START 8092 3808 32767 -4346 2549 -7387 END
START 8076 3764 32767 -3540 2699 -7443 END
START 8024 3616 31952 -2881 2888 -7515 END
START 8168 3768 31020 -2307 3076 -7643 END
START 8388 3644 30064 -1875 3273 -7768 END
START 8728 3436 29408 -1505 3430 -7935 END
START 9272 3400 28468 -1256 3536 -8209 END
START 9984 3280 27832 -954 3608 -8605 END
START 10816 3212 26956 -697 3709 -9082 END
START 11684 3384 26104 -503 3799 -9722 END
START 12520 3440 25076 -402 3965 -10408 END
START 13068 3652 24444 -378 4132 -11354 END
START 13592 3780 24012 -489 4236 -12361 END
START 13708 3872 23620 -691 4291 -13424 END
START 13528 4012 23404 -940 4344 -14523 END
START 13284 4032 23168 -1210 4286 -15602 END
START 12596 4168 23484 -1369 4114 -16596 END
START 12128 4232 23712 -1486 3940 -17539 END
START 11632 4192 23920 -1519 3696 -18478 END
START 11396 4080 23916 -1493 3498 -19344 END
START 11288 3776 24140 -1359 3246 -20253 END
START 11176 3620 24296 -1239 2941 -21247 END
START 11020 3568 24228 -1094 2700 -22240 END
START 10932 3588 24092 -975 2565 -23275 END
START 10592 3620 24144 -847 2462 -24272 END
START 10548 3376 24148 -709 2428 -25261 END
START 10088 3060 24156 -570 2447 -26189 END
START 9460 2664 24264 -432 2395 -27092 END
START 8668 2300 24456 -192 2240 -27934 END
START 7664 2072 25156 53 1991 -28658 END
START 6476 1892 25180 364 1583 -29362 END
START 5588 1668 25384 652 1118 -30003 END
START 4648 1400 25416 1023 689 -30521 END
START 3432 1268 25636 1387 299 -31003 END
START 2272 856 25848 1855 -105 -31372 END
START 1056 480 26032 2312 -434 -31621 END
START -80 308 26248 2829 -775 -31746 END
START -876 164 26476 3311 -1015 -31702 END
START -1784 -144 26700 3869 -1286 -31568 END
START -2412 -300 26896 4417 -1387 -31335 END
START -2928 -544 26948 4995 -1535 -31065 END
START -3300 -844 27252 5636 -1628 -30831 END
START -3796 -972 27436 6229 -1839 -30606 END
START -4324 -1476 27740 6896 -2077 -30471 END
START -4868 -1812 27824 7595 -2372 -30304 END
START -5312 -2040 27820 8243 -2528 -30173 END
START -5344 -2500 27660 8876 -2589 -30029 END
START -5464 -2900 27584 9487 -2516 -29876 END
START -5496 -3552 27312 10060 -2322 -29724 END
START -5780 -3976 27468 10589 -2162 -29593 END
START -6408 -4492 27288 11044 -2056 -29476 END
START -7296 -4884 27396 11492 -2048 -29309 END
START -8324 -5048 27572 11899 -2135 -29084 END
START -9432 -5176 27808 12355 -2231 -28772 END
START -10600 -5260 28008 12855 -2369 -28305 END
START -11600 -5324 28020 13427 -2491 -27731 END
START -12488 -5276 28180 14039 -2530 -27023 END
START -13356 -5336 28336 14749 -2472 -26251 END
START -14172 -5388 28548 15431 -2296 -25349 END
START -15044 -5412 28728 16274 -2115 -24402 END
START -15712 -5348 28640 17121 -1824 -23335 END
START -16300 -5312 28520 18002 -1479 -22200 END
START -16916 -5204 28332 18890 -1186 -20980 END
START -17344 -5400 28228 19767 -870 -19713 END
START -17856 -5264 27748 20641 -607 -18399 END
START -18036 -5216 27316 21460 -430 -17052 END
START -18360 -5336 26988 22234 -308 -15661 END
START -18460 -5256 26612 22975 -256 -14288 END
START -18492 -5280 26236 23683 -236 -12884 END
START -18396 -5352 25484 24351 -274 -11603 END
START -18316 -5356 24924 25002 -281 -10253 END
START -18040 -5372 24328 25681 -387 -8917 END
START -18080 -5440 23952 26286 -461 -7682 END
START -18016 -5256 23508 26857 -542 -6396 END
START -17880 -5204 22988 27465 -545 -5177 END
START -17664 -5136 22588 28041 -540 -4003 END
START -17500 -5040 21964 28579 -484 -2828 END
START -17340 -4988 21316 29148 -328 -1660 END
START -17112 -4940 20676 29668 -180 -526 END
START -17108 -4912 20140 30181 24 584 END
START -17164 -4896 19548 30625 200 1661 END
START -17196 -4672 18688 31079 426 2783 END
START -17424 -4576 17920 31477 675 4007 END
START -17560 -4300 17332 31844 937 5176 END
START -17528 -4192 16428 32098 1194 6407 END
START -17328 -4040 15256 32298 1517 7672 END
START -17044 -4140 14272 32448 1829 8925 END
START -16760 -3980 13280 32491 2135 10230 END
START -16424 -3948 12116 32430 2434 11394 END
START -16188 -3692 11252 32275 2709 12497 END
START -15648 -3576 10168 31967 3082 13864 END
START -15304 -3492 9228 31601 3411 15034 END
START -14928 -3256 8172 31106 3894 16254 END
START -14728 -2892 7244 30583 4391 17436 END
START -14512 -2496 6268 29960 4976 18652 END
START -14232 -2104 5288 29308 5507 19832 END
START -13852 -1696 4180 28502 6085 21124 END
START -13504 -1512 3348 27636 6650 22322 END
START -13232 -1096 2784 26708 7011 23496 END
START -13276 -1048 2364 25785 7274 24664 END
START -12908 -916 1856 24707 7433 25899 END
START -12552 -752 1344 23681 7472 27060 END
START -12044 -752 1104 22639 7516 28207 END
START -11396 -584 820 21635 7676 29356 END
START -10796 -464 604 20662 7932 30458 END
START -10096 -220 428 19725 8211 31561 END
START -9076 -124 612 18832 8456 32533 END
START -7688 -12 740 17979 8786 32767 END
START -5876 -128 1008 17187 9119 32767 END
START -4584 -328 1096 16431 9501 32767 END
START -2620 -344 1284 15671 9852 32767 END
START -808 -476 2060 14972 10180 32767 END
START 900 -284 2536 14349 10356 32767 END
START 2464 28 2932 13836 10307 32767 END
START 4020 380 3500 13444 10087 32767 END
START 5484 620 3632 13140 9645 32767 END
START 7148 856 3684 12900 9086 32767 END
START 8836 1184 3512 12697 8391 32767 END
START 10716 1576 2880 12463 7667 31855 END
START 12672 2104 2648 12179 6944 30608 END
START 14232 2700 2076 11797 6223 29114 END
START 15684 3384 1328 11300 5606 27576 END
START 16448 3996 1056 10777 4984 25891 END
START 16656 4644 644 10137 4279 24138 END
START 16396 5368 148 9551 3514 22559 END
START 16172 6152 -420 8958 2687 21078 END
START 16036 6740 -1040 8319 1998 19732 END
START 16040 7348 -1752 7582 1510 18520 END
START 15964 7920 -2396 6752 1258 17356 END
START 15924 8500 -2680 5736 1161 16325 END
START 15764 8976 -2768 4677 1263 15313 END
START 15344 9340 -2616 3488 1466 14415 END
START 15000 9688 -2220 2392 1767 13619 END
START 14540 10108 -1692 1259 2130 13017 END
START 14284 10416 -812 250 2586 12388 END
START 14056 10716 -16 -555 3064 11756 END
START 13844 10968 840 -1225 3608 11292 END
START 13832 11204 1968 -1772 4221 10834 END
START 14120 11292 2816 -2223 4940 10402 END
START 14056 11516 3660 -2511 5701 9924 END
START 14232 11644 4456 -2653 6420 9429 END
START 13964 11764 5172 -2726 7088 8969 END
START 13868 11908 5752 -2736 7667 8459 END
START 13780 11936 6280 -2702 8116 8020 END
START 13756 11868 6840 -2663 8388 7557 END
START 13608 11964 7312 -2615 8498 7121 END
START 13456 11984 7616 -2539 8472 6727 END
START 13712 11972 7916 -2540 8393 6297 END
START 13844 12072 8396 -2443 8313 5839 END
START 13840 12176 8860 -2410 7996 5353 END
START 14008 12248 9164 -2347 7731 4828 END