START 10552 9992 -12260 5779 5696 2530 END
START 11532 1624 -18672 4014 1682 1740 END
START -2988 1328 -11976 195 -1897 1686 END
START -6348 416 -10464 -4969 -5535 3081 END
START -4248 -512 -9020 -10044 -4206 3613 END
START -1356 -1916 -8196 -14232 -1029 3191 END
START 2876 -2592 -10980 -18462 3903 1975 END
START 2152 -3932 -11328 -23429 7775 -311 END
START -564 -5648 -11920 -28010 8469 -1428 END
START -928 -6932 -13240 -32768 6234 -2200 END
START -1140 -8784 -12356 -32768 4205 -3026 END
START -772 -11404 -9372 -32768 3990 -3748 END
START 3208 -13488 -6452 -32768 7202 -6051 END
START 3772 -15940 -4248 -32768 13640 -10423 END
START -1176 -19012 1468 -32768 16140 -14690 END
START -7656 -20684 11524 -32768 11318 -15210 END
START -6736 -21192 26204 -32768 4342 -14011 END
START 1844 -21236 32767 -32768 6741 -16545 END
START -840 -21164 32767 -32768 16341 -22548 END
START -11264 -22460 32767 -32768 18033 -24671 END
START -19480 -20076 32767 -25360 11280 -20668 END
START -14548 -14536 32767 -16663 10377 -15499 END
START -14228 -10108 32767 -8209 13309 -12990 END
START -11884 -6888 32767 -2316 14160 -12507 END
START -11264 -5208 32767 2793 14013 -12237 END
START -8288 -4932 32767 8371 12014 -12071 END
START -5388 -5168 32767 13651 10125 -13886 END
START -4500 -6084 32767 17591 6536 -15906 END
START -4472 -6576 32767 20776 3768 -18929 END
START -5924 -8448 31684 23187 3300 -20551 END
START -10208 -10784 30880 26305 3121 -20960 END
START -12012 -12184 28676 29480 1959 -19713 END
START -13484 -14076 26660 31739 1760 -19059 END
START -15788 -14828 23720 32767 3222 -17769 END
START -21920 -16524 20292 32767 4200 -13356 END
START -24732 -16960 15608 32767 3458 -7226 END
START -26500 -18492 10276 32767 2398 -1617 END
START -30632 -18412 2884 32767 423 5186 END
START -32268 -18192 -4464 32767 -1527 13030 END
START -30340 -16612 -10476 24570 -1958 22477 END
START -24160 -14764 -13364 13858 -1078 30520 END
START -17576 -13192 -13040 4051 336 32767 END
START -13512 -12956 -12380 -3697 2073 32767 END
START -6956 -11460 -11468 -10212 1473 32767 END
START -120 -10012 -9624 -16232 273 32767 END
START 8072 -7432 -1608 -19722 1675 32767 END
START 11776 -4488 4640 -21414 7128 32767 END