START 20388 12364 -11892 3745 5016 -1393 END
START 2936 -656 -14864 -98 4828 -593 END
START 5380 -640 -16956 -5806 -2726 1386 END
START 5308 -1568 -11684 -10188 -4856 951 END
START 1868 -1560 -7372 -12760 -3182 -1377 END
START -316 -4256 -5600 -14330 819 -3093 END
START -2508 -4700 -10532 -17816 6078 -1380 END
START -1928 -5500 -14012 -23922 8772 458 END
START -2904 -6448 -14472 -29532 8471 1537 END
START -1240 -7812 -12248 -32768 5150 1220 END
START 624 -8980 -8976 -32768 11291 -1086 END
START -5104 -11180 -7924 -32768 18531 -2532 END
START -10144 -13256 -9516 -32768 17731 -1719 END
START -15556 -15228 -4884 -32768 8290 2339 END
START -12216 -15760 4692 -32768 -2485 9067 END
START 7260 -15572 26564 -32768 -1003 11366 END
START 19996 -12744 32767 -32768 16325 3275 END
START 10092 -12524 32767 -32768 23062 -7853 END
START -6376 -12988 32767 -32768 11921 -11381 END
START -12300 -8500 32767 -23490 -1971 -6990 END
START -6656 -4668 32767 -13337 -1932 360 END
START -76 -1492 32767 -7860 1370 3211 END
START 3652 204 32767 -3173 1027 2463 END
START 2376 472 32767 1780 -2176 1122 END
START 2740 -12 32767 7361 -6687 1155 END
START 2996 -1480 32767 12662 -9809 1760 END
START 3988 -2260 32767 17926 -12623 2726 END
START 6040 -3464 32767 22262 -13605 3245 END
START 8248 -4280 32767 25631 -11168 2155 END
START 7544 -5524 32767 29206 -9554 794 END
START 9100 -6180 28244 32195 -9672 -1501 END
START 9216 -7028 21920 32767 -10582 -4556 END
START 9300 -7224 16676 32767 -12200 -8084 END
START 8820 -7380 12088 32767 -12242 -12409 END
START 7532 -8048 8572 32767 -11807 -16014 END
START 6784 -8108 5372 32767 -10311 -18665 END
START 6100 -7816 1744 32121 -9337 -20745 END
START 5484 -7688 -860 30279 -8635 -22419 END
START 5260 -7020 -3588 28221 -9991 -23480 END
START 5592 -5584 -6844 26193 -10336 -24802 END
START 7956 -5108 -9168 20503 -13105 -26054 END
START 9420 -3568 -13948 15884 -12589 -28022 END
START 5536 -4120 -13040 6732 -11675 -30138 END
START 2956 -4152 -11932 1152 -9228 -30430 END
START 2288 -4148 -11888 -4389 -6258 -30668 END
START 1720 -4428 -12488 -10034 -3546 -31001 END
START 492 -5092 -13216 -15769 -2563 -31104 END
START -544 -5564 -11864 -21099 -3659 -31424 END
START -3188 -6604 -10268 -26124 -4092 -31342 END
START -6464 -7128 -9348 -32669 -5710 -30133 END
START -8776 -8552 -4520 -32768 -5867 -29191 END
START -13020 -10796 1204 -32768 -3310 -27226 END
START -21236 -13572 9500 -32768 -2620 -22766 END
START -27632 -16424 19000 -32768 -3498 -16920 END
START -32768 -19500 30100 -32768 -6898 -9207 END
START -32768 -19620 32767 -32768 -5179 -1330 END
START -32768 -20584 32767 -30356 582 7340 END
START -32768 -22108 32767 -28809 4083 17231 END
START -32768 -23344 32767 -26028 2397 29485 END
START -32768 -24732 32767 -20831 -907 32767 END
START -27044 -24388 32767 -12010 -6960 32767 END
START -13312 -21964 32767 -4602 -10019 32767 END
START 1148 -18516 32192 -3684 -7921 32767 END
START 15912 -15752 31908 -5303 -5476 32767 END
START 28068 -13332 32767 -4020 -4432 32767 END
START 29608 -8888 32472 511 -2203 32767 END
START 29800 -6272 26820 3498 661 32767 END