START 12160 11852 -15260 6758 2571 2098 END
START 13952 1952 -21656 2962 -1422 1077 END
START 10932 1892 -17320 -2824 -3995 558 END
START 5372 -176 -10520 -5888 -4609 113 END
START 4684 -1020 -9288 -7106 -3774 781 END
START 960 -1404 -7624 -9364 -1287 -85 END
START 1264 -2392 -9844 -12473 885 -769 END
START 1324 -3604 -12220 -16281 2117 -562 END
START 708 -4484 -14140 -21779 3289 -191 END
START 2204 -5524 -13600 -27378 4147 -556 END
START 2044 -7752 -11448 -32265 6056 -1899 END
START 1784 -10088 -10112 -32768 8259 -3206 END
START 12 -11860 -9500 -32768 9769 -3795 END
START -152 -12860 -9876 -32768 10792 -4640 END
START -2740 -13504 -8532 -32768 14067 -5656 END
START -3232 -14808 -3464 -32768 24972 -5809 END
START -5144 -15848 16020 -32768 32767 -6200 END
START -5056 -15808 32767 -32768 31422 -11728 END
START -9512 -16840 32767 -32768 17042 -20737 END
START -17940 -18488 32767 -31520 2352 -25295 END
START -25364 -18440 32767 -20596 -3724 -21147 END
START -24876 -14892 32767 -12763 4923 -11227 END
START -23308 -12516 32767 -6966 16024 -3060 END
START -19060 -9544 32767 585 17615 1746 END
START -14872 -7452 32767 7284 12139 2862 END
START -8200 -4960 31880 9182 4354 1594 END
START -3440 -4060 26012 8456 -417 -724 END
START 2664 -2492 21008 7028 -2001 -3691 END
START 5716 -2004 20324 5392 -493 -6869 END
START 8984 -1632 21036 5834 349 -9891 END
START 11396 -904 17828 6070 1546 -13908 END
START 11852 296 16288 4893 1262 -18444 END
START 12620 1016 19160 4663 3444 -23708 END
START 10852 460 20892 5145 6088 -30411 END
START 8432 -4864 23456 6370 9665 -32768 END
START -8808 -12916 31692 11304 7408 -32768 END
START -27184 -21136 32767 20263 1472 -32768 END
START -32768 -24120 32767 26845 -814 -27625 END
START -32768 -25040 32767 32039 1686 -13449 END
START -32768 -24556 28388 32767 3887 78 END
START -28572 -21444 21024 32767 5509 7957 END
START -23584 -19164 14888 32767 4735 12220 END
START -21728 -17928 9796 32767 249 14720 END
START -21128 -16076 5384 32767 -3745 18393 END
START -16696 -13672 640 32767 -2023 22512 END
START -13044 -11768 -2800 28139 4875 25975 END
START -10036 -10408 -5552 20453 13356 28808 END
START -10512 -10248 -6056 13931 16449 32463 END
START -7760 -8576 -10120 7122 14705 32767 END
START -3656 -6896 -12848 -1266 11927 32767 END
START 448 -5920 -12052 -10722 11257 32767 END
START 2668 -4940 -8980 -18686 15315 32767 END
START -1036 -5032 -4788 -23564 18753 32767 END
START 872 -5660 -744 -26958 15438 32767 END
START 6784 -5020 3528 -28650 11343 32767 END
START 14532 -3784 9160 -29722 10157 32767 END