START 9528 9032 -19060 -4441 1160 1387 END
START 2560 3076 -11628 -6746 -5301 1221 END
START 988 1732 -8632 -7983 -6454 2156 END
START -148 2008 -8012 -10112 -3886 3889 END
START 1736 1748 -8284 -12174 -671 3703 END
START 4476 524 -11584 -15178 3120 2718 END
START 5220 -312 -13064 -19398 4651 1329 END
START 5044 -1996 -12444 -24155 6237 -890 END
START 2344 -3476 -11892 -28765 6791 -2320 END
START -1132 -5528 -9072 -32768 4939 -2902 END
START -2652 -7844 -4220 -32768 3847 -1968 END
START -392 -9300 172 -32768 6138 -1026 END
START 1112 -9892 6384 -32768 9527 -1773 END
START -472 -10412 12856 -32768 9790 -2937 END
START -1480 -9516 19268 -32768 7618 -3827 END
START -5616 -7496 28068 -32768 5142 -3246 END
START -6996 -4868 32767 -32768 2370 -764 END
START -1488 -1872 32767 -32768 4298 1412 END
START 3044 1112 32767 -27536 10861 550 END
START 4128 2796 32767 -21505 16463 -2913 END
START -220 2836 32767 -15588 16741 -5949 END
START -5016 2048 32767 -10135 10986 -6161 END
START -7092 2060 32767 -4698 4397 -4420 END
START -7180 2604 32767 -484 1789 -1790 END
START -7480 3184 32767 2242 2024 948 END
START -6340 3368 32767 3678 2007 3582 END
START -3712 2848 31032 4762 1181 5288 END
START 312 2644 28748 5639 -588 5164 END
START 1052 2620 27328 6167 -2806 3804 END
START -240 1912 28376 6951 -5986 2821 END
START -2616 1244 29280 8890 -9720 2877 END
START -1576 1244 29396 10837 -11277 3631 END
START -2204 936 29812 12489 -9491 4782 END
START -3088 552 29572 14359 -9340 6735 END
START -1916 116 29944 16706 -10335 8368 END
START 2572 -484 29912 19694 -12423 8854 END
START 7432 -552 29000 22844 -11905 6535 END
START 9260 -888 26124 26039 -10490 3409 END
START 9984 -1336 21828 28359 -8521 128 END
START 10596 -1472 16928 28952 -4923 -3126 END
START 9800 -1400 13084 28836 -1794 -6439 END
START 9236 -1804 8932 28283 571 -9550 END
START 8340 -1748 4600 26414 2276 -12479 END
START 7264 -1784 1032 23298 3145 -15278 END
START 7804 -2064 -1136 20490 3419 -18055 END
START 7000 -2228 -3808 17513 3509 -21486 END
START 4868 -2620 -6096 14375 3090 -23696 END
START 4412 -2480 -9416 10262 1038 -25396 END
START 3896 -2152 -12736 4930 -2296 -26887 END
START 3192 -2232 -13600 -1396 -7010 -28467 END
START 3680 -2816 -13840 -7882 -9432 -30321 END
START 2776 -3860 -12456 -13798 -8063 -32032 END
START 260 -5112 -10672 -19588 -3771 -32768 END
START -4476 -6648 -8432 -23526 1779 -32730 END
START -12992 -8432 -5792 -26106 1567 -31026 END
START -19544 -9932 -4040 -28666 -986 -26033 END
START -24356 -10832 -1356 -32768 69 -20427 END
START -32500 -13600 6284 -32768 4031 -12958 END
START -32768 -15552 12280 -32768 5614 -2237 END
START -32768 -16872 16984 -32768 4345 7176 END
START -32768 -17816 21196 -32768 6872 14068 END
START -32768 -18444 23128 -32768 3017 21759 END
START -31980 -18448 24568 -29720 -2043 28455 END
START -25700 -17748 25636 -26804 -3804 32767 END
START -18368 -16516 28692 -24279 -4094 32767 END
START -8040 -14788 31768 -20155 -3373 32767 END
START -2452 -12952 32767 -16071 -2940 32767 END
START 8944 -10228 32767 -14057 -6866 32767 END
START 19472 -5828 32767 -11671 -2894 25970 END
START 20440 -2856 32767 -5673 4483 18723 END