START 12388 7940 -6172 9951 -1348 2672 END
START 5548 2492 -18408 8156 -9829 3847 END
START 2424 2084 -19312 425 -13473 5143 END
START 1320 360 -16920 -8742 -9387 5584 END
START -4344 -1948 -12220 -14965 -2870 5845 END
START -4436 -3516 -13092 -20030 983 6838 END
START -4252 -5068 -12832 -23928 1581 7022 END
START -2480 -6200 -13376 -27356 467 6393 END
START -2304 -7536 -11908 -30478 -534 6254 END
START 132 -8624 -11360 -32768 -429 5871 END
START 2140 -9924 -10288 -32768 2110 4062 END
START 2864 -11516 -7668 -32768 6817 2215 END
START 2456 -12696 -4396 -32768 10419 -288 END
START -440 -13824 -368 -32768 9977 -2596 END
START -1324 -15012 4964 -32768 6940 -3388 END
START 1336 -16096 14868 -32768 7882 -3960 END
START 4296 -15992 27384 -32768 14441 -5966 END
START 7156 -14760 32767 -32768 20954 -12323 END
START -2552 -15192 32767 -32768 20461 -17126 END
START -5752 -13876 32767 -32768 14071 -16362 END
START -7132 -12128 32767 -28774 9283 -15195 END
START -1200 -9836 32767 -21074 10698 -16207 END
START -4160 -9268 32767 -13941 12037 -18104 END
START -4488 -8824 32767 -7527 13225 -18277 END
START -6612 -9064 32767 -1346 15506 -17467 END
START -9168 -8548 32767 5064 15676 -15498 END
START -9792 -8180 32767 10505 13985 -12827 END
START -6796 -6924 32767 15525 11954 -11197 END
START -3952 -5960 32767 20217 9746 -11553 END
START -1128 -4756 32767 24281 6076 -14379 END
START -1340 -5028 28612 27171 2819 -19486 END
START -3676 -6448 25276 27811 1244 -22765 END
START -10932 -9292 24972 28660 2975 -23082 END
START -18548 -12808 24476 31084 4010 -19145 END
START -23556 -15176 21064 32767 4584 -13033 END
START -24932 -17144 14572 32767 3068 -6638 END
START -26884 -17344 6292 32767 2316 -568 END
START -29696 -17204 -1108 32767 1206 6575 END
START -31964 -16808 -6768 29414 -1156 16033 END
START -28832 -15528 -11360 21598 -2287 26736 END
START -21976 -14088 -12356 13039 -504 32767 END
START -15240 -12760 -12776 5132 756 32767 END
START -8900 -12316 -11284 -1503 1097 32767 END
START -1084 -11280 -8152 -7127 1413 32767 END
START 7312 -9764 -4816 -11078 2735 32767 END
START 12264 -7712 -1072 -14343 6091 32767 END
START 13368 -6496 4592 -16065 6843 32767 END
START 18652 -4480 9100 -15811 7914 32767 END
START 24236 76 9632 -17249 11739 27523 END
START 25944 2712 12692 -19497 16107 19170 END
START 24272 4556 18088 -21025 18991 9605 END