START 11640 3696 -21216 6563 -1251 282 END
START 772 1644 -14472 -5034 -7615 -86 END
START -64 -384 -9928 -11609 -5105 -2064 END
START -3556 -2064 -7272 -14375 -2848 -1517 END
START -3428 -3088 -5804 -16127 -2216 1743 END
START 336 -2568 -8672 -18649 -1775 4210 END
START 1596 -2876 -9816 -21575 -632 5545 END
START 3572 -3744 -9652 -26273 -71 5544 END
START 3984 -4008 -7024 -29802 -352 4446 END
START 3624 -5244 -3356 -32768 -652 2892 END
START 2264 -5928 1332 -32768 -561 2273 END
START 672 -6880 8440 -32768 -223 2183 END
START 380 -7312 16460 -32768 -14 3024 END
START 964 -7596 22952 -32768 1790 3548 END
START -332 -7576 30996 -32768 4204 4555 END
START -156 -5524 32767 -32768 6052 5013 END
START -396 -2820 32767 -28268 5243 5222 END
START 348 -1196 32767 -23158 3050 5502 END
START 4600 716 32767 -17024 1504 5858 END
START 6680 3228 32767 -10732 2029 4941 END
START 8000 4072 32767 -5366 2578 3655 END
START 7848 3084 32767 -226 1976 2668 END
START 7860 1972 32767 5295 27 2465 END
START 7340 796 32767 10711 -2093 2285 END
START 6952 -556 32767 16264 -5359 1951 END
START 6580 -2096 32767 21771 -6797 2111 END
START 6912 -3036 32767 26044 -5241 2319 END
START 6992 -3768 25912 28660 -3421 2618 END
START 6708 -3812 20512 29985 -3810 1914 END
START 8348 -4420 16852 31287 -6520 -787 END
START 9576 -4780 12552 32656 -9227 -4162 END
START 11104 -4912 7096 32621 -11081 -8510 END
START 11756 -5004 2536 29786 -11893 -12522 END
START 12528 -4712 140 26377 -11766 -15307 END
START 13804 -3328 -2560 22470 -9569 -17993 END
START 14136 -2244 -5652 16301 -5257 -19728 END
START 13968 -628 -6164 10103 -3331 -21499 END
START 13660 448 -4400 5094 -3464 -24788 END
START 13008 520 -1564 2275 -3427 -28471 END
START 10684 44 -1176 289 -2306 -31959 END
START 7220 -908 -2428 -3491 132 -32768 END
START 4872 -2588 -2040 -7843 3403 -32768 END
START 1436 -3528 -2544 -12382 6823 -32768 END
START -2544 -4848 -2484 -17325 7951 -32768 END
START -7640 -6512 -1468 -20677 7813 -32768 END
START -15008 -7852 -1128 -22728 6047 -32768 END
START -22176 -7852 -1364 -25599 4709 -30059 END
START -27820 -7356 -336 -29010 4334 -23446 END
START -31952 -8084 2076 -32608 4839 -16040 END
START -32768 -10968 7540 -32768 6360 -9560 END
START -32768 -14860 15996 -32768 8190 -3765 END
START -32768 -19200 27432 -32019 5601 5913 END
START -32768 -21528 32767 -25028 -288 21622 END
START -32768 -19872 32767 -18157 -2928 32767 END
START -30816 -16748 28700 -19001 5344 32767 END
START -16744 -16116 30636 -25622 14295 32767 END
START 4908 -14584 32767 -26719 18095 32767 END
START 16708 -9576 32767 -18794 13947 32767 END
START 19028 -4100 32767 -9938 6434 31175 END
START 19240 -3060 31028 -5725 6140 23926 END