START 13840 10204 -11732 129 10442 6701 END
START 8280 952 -15860 -4115 9263 2597 END
START 4236 -472 -15432 -8356 6818 248 END
START -5020 -2008 -9188 -13439 3486 -1344 END
START -1308 -1932 -13376 -18305 -1903 -3010 END
START 1008 -4004 -11312 -23510 -2182 -4212 END
START -1444 -4572 -8132 -28324 1894 -3372 END
START 2304 -5856 -10092 -31484 5888 -3028 END
START 528 -6116 -7860 -32768 5752 -3227 END
START 760 -6796 -8068 -32768 3551 -4384 END
START 2660 -8368 -8264 -32768 2102 -6312 END
START 2816 -9752 -7900 -32768 1993 -8621 END
START 2380 -13196 -5612 -32768 4947 -11311 END
START -4372 -16120 2224 -32768 4434 -11855 END
START -9116 -17692 17680 -32768 1026 -9638 END
START -6948 -17312 32767 -32768 -435 -7987 END
START -1640 -13256 32767 -32768 1075 -12040 END
START -6676 -10768 32767 -30586 -19 -14921 END
START -6376 -8244 32767 -26344 411 -14148 END
START -9032 -7472 32767 -23121 1208 -12836 END
START -9220 -7404 32767 -16315 1322 -10734 END
START -9632 -6792 32767 -7292 20 -8580 END
START -8340 -5964 32767 6 950 -6447 END
START -5244 -4816 32767 5691 3632 -4830 END
START -1196 -4116 32767 10166 6823 -4443 END
START 4812 -2908 32480 12220 9267 -6055 END
START 8744 -2108 22440 11522 6804 -9988 END
START 11884 532 17844 8815 -1588 -15690 END
START 11372 1684 16076 6873 -5275 -22480 END
START 4840 3148 16596 5432 -2874 -25558 END
START 8436 5252 13516 2091 1862 -27352 END
START 9720 5016 15284 -2199 6973 -32560 END
START 4888 1396 20748 -3273 6186 -32768 END
START 1860 -5864 28596 -10 3749 -32768 END
START -9276 -15536 32767 6411 3025 -32768 END
START -24164 -24676 32767 16079 1834 -32768 END
START -32768 -29080 32767 26776 5054 -25681 END
START -32768 -29224 32767 32767 7969 -9001 END
START -26636 -27764 25084 32767 13214 3168 END
START -19216 -24720 15088 32767 16911 10464 END
START -16580 -22156 7564 32767 17932 14438 END
START -16568 -20724 1956 32767 14664 18258 END
START -16940 -19048 -2184 30378 9454 22979 END
START -15152 -16120 -6828 25206 7110 28389 END
START -10956 -13716 -10824 16480 6510 32713 END
START -7472 -12164 -11036 7200 6565 32767 END
START -4672 -11476 -9996 -250 7086 32767 END
START -3672 -10544 -7996 -6173 6539 32767 END
START 596 -9896 -5448 -10573 6511 32767 END
START 6160 -7872 -3228 -13759 6343 32767 END
START 15608 -3664 -1480 -16716 5502 32767 END
START 20352 1204 896 -20611 6201 26808 END
START 17976 2932 5520 -24209 5222 20602 END
START 16608 4144 13192 -26841 4752 18719 END
START 19108 5136 23700 -26710 9869 16971 END