START 1968 9252 -2408 9015 332 -1384 END
START 2244 3620 -12284 10134 1421 -1037 END
START 3848 11452 -5488 7261 1157 -994 END
START -844 8144 -3400 7811 1646 -802 END
START 672 8404 -6208 6538 1238 -582 END
START -208 8388 -5160 5835 1317 -276 END
START -92 8240 -6076 4932 1238 -85 END
START 1632 8196 -7844 4076 2011 175 END
START 920 7676 -6224 3264 2386 327 END
START 1056 7384 -6428 2531 2939 502 END
START 2016 7400 -7020 1761 3183 515 END
START 1716 7076 -6528 1011 3519 550 END
START 1620 6840 -6488 296 3693 565 END
START 1596 6396 -6652 -378 3803 588 END
START 972 5920 -6264 -1020 3595 711 END
START 368 5544 -6588 -1472 3166 925 END
START -52 5156 -6840 -1884 2501 1226 END
START -532 5108 -7316 -2408 1678 1599 END
START -1052 5164 -7736 -2991 788 1980 END
START -1176 5356 -8048 -3872 -267 2359 END
START -904 5324 -8240 -4847 -1001 2687 END
START -680 5092 -8012 -5904 -1586 2994 END
START -156 4784 -7932 -6998 -1935 3315 END
START 372 4496 -7200 -7928 -1989 3519 END
START 892 4076 -6732 -8710 -1886 3677 END
START 1324 3704 -6048 -9374 -1464 3746 END
START 1592 3440 -5776 -9951 -830 3843 END
START 1844 3192 -5524 -10346 -88 3906 END
START 2284 2900 -5384 -10736 774 3913 END
START 2456 2684 -5244 -11126 1697 3884 END
START 2440 2468 -5316 -11539 2618 3825 END
START 2348 2532 -5368 -12036 3348 3781 END
START 2032 2328 -5480 -12648 4034 3772 END
START 1724 2440 -5492 -13369 4632 3786 END
START 1332 2468 -5644 -14166 5074 3894 END
START 976 2412 -5236 -14998 5440 4032 END
START 724 2272 -4900 -15529 5701 4213 END
START 480 2192 -4532 -16255 5927 4456 END
START 436 1940 -3980 -16831 6079 4641 END
START 444 1788 -3360 -17350 6097 4820 END
START 420 1552 -2592 -17778 6070 5015 END
START 296 1500 -1992 -18120 6027 5150 END
START 264 1444 -1368 -18370 5911 5253 END
START 52 1376 -960 -18510 5698 5394 END
START -108 1200 -664 -18563 5449 5530 END
START -248 1264 -132 -18538 5112 5711 END
START -480 848 -76 -18449 4745 5941 END
START -516 840 4 -18486 4361 6151 END
START -608 920 200 -18493 3893 6379 END
START -448 1180 -32 -18677 3468 6608 END
START -468 1176 -188 -18916 3129 6800 END
START -344 1192 -388 -19258 2926 7058 END
START -204 1232 -28 -19675 2830 7268 END
START -236 1224 216 -20062 2812 7560 END
START 112 1288 568 -20503 2986 7817 END
START 336 1232 1080 -20939 3251 8019 END
START 748 1192 1488 -21261 3582 8237 END
START 1116 1332 1704 -21515 4021 8340 END
START 1336 1296 2092 -21759 4543 8467 END
START 1468 1420 2080 -21971 4999 8499 END
START 1524 1440 2196 -22221 5497 8527 END
START 1532 1528 1968 -22534 6035 8569 END
START 1748 1832 2092 -22967 6472 8568 END
START 1536 2168 2208 -23546 6870 8556 END
START 1424 2312 2328 -24135 7171 8569 END
START 1252 2312 3008 -24809 7389 8555 END
START 1284 2368 3320 -25364 7611 8572 END
START 1428 2180 4104 -25830 7721 8628 END
START 1420 1996 4904 -26180 7787 8656 END
START 1792 1908 5900 -26414 7698 8681 END
START 2440 1864 6536 -26589 7639 8665 END
START 2812 2048 7324 -26638 7533 8535 END
START 3372 2336 8160 -26584 7377 8381 END
START 3668 2708 8820 -26520 7246 8211 END
START 4012 3156 9328 -26457 7057 7937 END
START 4280 3368 9956 -26406 6905 7712 END
START 4580 3520 10500 -26326 6763 7364 END
START 4924 3776 10928 -26241 6638 7051 END
START 5232 3932 10944 -26129 6614 6697 END
START 5480 4200 11480 -26033 6650 6314 END
START 5564 4284 11500 -25880 6732 5957 END
START 5396 4604 11804 -25794 6811 5632 END
START 5352 4744 11872 -25777 6793 5293 END
START 4992 4980 11980 -25734 6772 4995 END
START 4612 5312 11812 -25832 6759 4786 END
START 4368 5580 11968 -25956 6713 4599 END
START 4220 5796 12288 -26195 6648 4470 END
START 3952 5816 12720 -26446 6600 4347 END
START 3968 5828 13084 -26682 6592 4241 END
START 4000 5788 13560 -26917 6786 4175 END
START 4196 5684 14156 -27089 7026 4058 END
START 4288 5576 14352 -27281 7468 4004 END
START 4184 5560 15012 -27460 7930 3955 END
START 4136 5512 15820 -27637 8443 3957 END
START 3980 5304 16452 -27770 8839 4012 END
START 3968 5508 17108 -27901 9302 4119 END
START 4364 5524 17716 -27997 9749 4231 END
START 4688 5648 18296 -28077 10250 4341 END
START 5152 5928 19396 -28126 10701 4416 END
START 5888 6100 20020 -28172 11226 4449 END
START 6488 6272 20900 -28146 11650 4343 END
START 7032 6556 21708 -28055 12049 4128 END
START 7428 6468 22800 -27890 12342 3800 END
START 7772 6552 23692 -27635 12603 3444 END
START 7956 6660 24484 -27291 12647 2966 END
START 8180 6632 25236 -26845 12507 2492 END
START 8164 6772 25916 -26410 12364 1979 END
START 8244 6772 26516 -25848 12134 1376 END
START 8264 6992 26924 -25282 11769 773 END
START 8356 6996 27148 -24766 11471 210 END
START 8392 7116 27524 -24244 11095 -422 END
START 8580 7132 28064 -23793 10756 -1052 END
START 8664 7104 28384 -23336 10355 -1696 END
START 8868 6984 28720 -22865 10006 -2368 END
START 8948 6848 29088 -22316 9741 -3057 END
START 8780 6652 29264 -21798 9457 -3761 END
START 8424 6596 29628 -21234 9173 -4367 END
START 8184 6724 29900 -20678 8815 -4966 END
START 7776 6832 30280 -20185 8538 -5510 END
START 7564 6928 30396 -19697 8296 -5982 END
START 7240 6852 30480 -19225 8121 -6432 END
START 7068 6708 30672 -18823 8039 -6787 END
START 6828 6692 30904 -18296 8018 -7168 END
START 6548 6660 31296 -17861 8075 -7535 END
START 6212 6652 31536 -17256 8183 -7835 END
START 5844 6892 31708 -16721 8293 -8120 END
START 5428 7108 32136 -16154 8431 -8352 END
START 5036 7244 32216 -15566 8567 -8544 END
START 4660 7340 32464 -15010 8591 -8773 END
START 4172 7316 32724 -14415 8550 -8937 END
START 3700 7204 32767 -13568 8349 -9084 END
START 3148 7188 32767 -12837 8052 -9163 END
START 2744 7168 32767 -12112 7617 -9237 END
START 2516 7080 32767 -11351 7170 -9260 END
START 2440 6984 32767 -10692 6688 -9287 END
START 2332 7004 32700 -10090 6244 -9340 END
START 2508 7084 32612 -9499 5800 -9428 END
START 2528 7000 32632 -8929 5377 -9567 END
START 2600 6876 32744 -8404 5045 -9780 END
START 2772 6544 32644 -7872 4722 -10006 END
START 2432 6300 32767 -7344 4349 -10223 END
START 2228 6116 32767 -6659 3941 -10476 END
START 1840 5976 32767 -5959 3497 -10638 END
START 1488 5708 32767 -5195 3018 -10798 END
START 1444 5572 32767 -4393 2574 -10957 END
START 1248 5588 32767 -3569 2071 -11107 END
START 1456 5420 32767 -2747 1629 -11288 END
START 1388 5200 32767 -1958 1198 -11525 END
START 1556 5236 32767 -1177 837 -11799 END
START 1404 5092 32767 -492 492 -12046 END
START 1320 5100 32260 234 226 -12285 END
START 972 5008 31752 840 2 -12542 END
START 972 5020 31360 1426 -127 -12731 END
START 740 4988 30580 2011 -213 -12936 END
START 532 4872 30168 2531 -232 -13105 END
START 364 4832 29640 2955 -213 -13234 END
START 100 4716 28972 3377 -111 -13347 END
START -252 4696 28512 3652 -21 -13418 END
START -392 4660 27660 3951 122 -13470 END
START -528 4548 27324 4128 319 -13496 END
START -808 4392 26904 4332 493 -13468 END
START -1016 4316 26544 4540 654 -13433 END
START -1044 4284 26120 4797 692 -13432 END
START -1012 4204 25716 4984 713 -13429 END
START -648 4204 25308 5231 716 -13433 END
START -228 4096 24676 5422 723 -13523 END
START 424 4076 24264 5558 777 -13689 END
START 1364 4164 23956 5662 855 -13955 END
START 2336 4256 23576 5702 973 -14429 END
START 3212 4084 23232 5740 1187 -14988 END
START 3964 3960 23108 5769 1386 -15715 END
START 4272 3928 23200 5813 1480 -16534 END
START 4508 4040 23332 5919 1435 -17425 END
START 4576 4076 23140 6067 1315 -18344 END
START 4488 4220 23036 6244 1081 -19335 END
START 4316 4016 23160 6420 906 -20342 END
START 4092 3896 23084 6654 635 -21296 END
START 3584 3716 23052 6850 340 -22246 END
START 3116 3336 22972 7016 -58 -23108 END
START 2808 3068 22976 7186 -428 -23915 END
START 2352 2924 23196 7332 -825 -24718 END
START 1740 2652 23408 7482 -1198 -25436 END
START 704 2320 23512 7659 -1398 -26036 END
START -500 1972 23604 7869 -1599 -26458 END
START -1648 1736 24232 8106 -1776 -26694 END
START -2908 1604 24676 8549 -2087 -26778 END
START -4296 2376 25128 8855 -2519 -26721 END
START -4312 1088 25048 9273 -2619 -26546 END
START -4796 188 25564 9848 -2529 -26356 END
START -5928 -324 25764 10534 -2386 -26001 END
START -7528 -480 26440 11246 -2281 -25441 END
START -8980 -364 26692 12048 -2200 -24752 END
START -10100 -452 26704 12922 -1932 -23873 END
START -11152 -352 26740 13847 -1658 -22832 END
START -11972 -636 26564 14728 -1304 -21780 END
START -13100 -704 26184 15601 -998 -20592 END
START -13760 -784 25932 16381 -678 -19426 END
START -14012 -916 25488 17206 -279 -18147 END
START -14224 -1096 24844 17939 93 -16907 END
START -14324 -1392 24472 18654 501 -15669 END
START -14232 -1508 23628 19291 933 -14392 END
START -14232 -1716 22912 19869 1344 -13194 END
START -13948 -2008 22188 20479 1755 -11943 END
START -13716 -2088 21656 20901 2071 -10781 END
START -13332 -2376 21036 21360 2333 -9701 END
START -13092 -2480 20272 21702 2561 -8629 END
START -12888 -2620 19488 22045 2729 -7596 END
START -12796 -2744 19012 22341 2841 -6607 END
START -12528 -2748 18320 22642 2939 -5684 END
START -12464 -2736 17752 22894 3035 -4719 END
START -12164 -2748 16928 23131 3131 -3858 END
START -12064 -2792 16328 23326 3213 -3014 END
START -11996 -2896 15672 23457 3237 -2212 END
START -12076 -2864 14916 23557 3190 -1414 END
START -12380 -2624 14344 23665 3102 -601 END
START -12576 -2532 14084 23700 3023 197 END
START -13008 -2496 13452 23786 2834 1025 END
START -13256 -2372 13000 23834 2556 1998 END
START -13620 -2164 12528 23886 2211 2860 END
START -13860 -2072 12104 23916 1803 3830 END
START -14032 -2064 11612 23998 1290 4800 END
START -14192 -2128 11120 23988 777 5779 END
START -14616 -2136 10768 23939 273 6794 END
START -15000 -2224 10340 23820 -215 7933 END
START -15448 -1944 10384 23764 -660 9075 END
START -16104 -1980 10100 23748 -1105 10379 END
START -16716 -2120 9936 23808 -1546 11908 END
START -17056 -2092 9720 23906 -1897 13445 END
START -17592 -1932 9496 24050 -2135 15111 END
START -17984 -1848 9264 24213 -2362 16866 END
START -18320 -1704 8988 24367 -2484 18642 END
START -18476 -1704 8432 24512 -2498 20665 END
START -18560 -1692 7892 24555 -2349 22657 END
START -18592 -1536 7464 24561 -2153 24716 END
START -18428 -1480 6656 24445 -1793 26869 END
START -18068 -1412 6044 24268 -1271 29052 END
START -17628 -1272 5656 24055 -777 31058 END
START -16636 -1204 4936 23753 -196 32767 END
START -15624 -1292 4180 23346 511 32767 END
START -14532 -1224 3456 22908 1366 32767 END
START -13008 -1536 2532 22379 2282 32767 END
START -11044 -1892 1696 21718 3290 32767 END
START -8824 -2212 1124 20986 4515 32767 END
START -6280 -2508 248 20126 5809 32767 END
START -3748 -2492 -148 19132 7089 32767 END
START -1260 -2408 -428 18108 8294 32767 END
START 1608 -2260 -248 17129 9180 32767 END
START 4884 -1828 -216 16184 9632 32767 END
START 9692 -1724 -772 15312 9858 32767 END
START 14104 -1412 -1112 14503 9995 32767 END
START 18464 -496 -1748 13580 10027 32767 END
START 22548 632 -2632 12464 9870 32767 END
START 25760 2036 -3188 11189 9549 32767 END
START 28212 3516 -3788 9816 9097 32767 END
START 29828 5228 -4080 8246 8426 29984 END
START 30988 6304 -4492 6658 7685 26416 END
START 31656 6608 -3740 4922 6723 22728 END
START 31612 6932 -3236 3405 5300 18964 END
START 30640 8068 -1860 2183 3483 15215 END
START 29524 8724 -1252 1152 1873 11820 END
START 27284 9992 372 329 478 8589 END
START 24660 10872 1008 -159 -982 6118 END
START 22976 11052 1720 -445 -2276 3968 END
START 20372 11072 2736 -590 -3655 2141 END
START 18000 10828 3476 -672 -4780 727 END
START 15592 10860 4432 -648 -5884 -249 END
START 13296 11244 5056 -585 -6683 -836 END
START 11480 11832 5644 -470 -7392 -1113 END
START 10060 12264 6108 -255 -7740 -1181 END
START 8848 12576 6676 -36 -7849 -1109 END
START 8100 12724 6764 245 -7705 -895 END
START 7720 12936 7284 575 -7229 -662 END
START 7660 13228 7276 944 -6471 -314 END
START 7544 13496 7136 1278 -5508 12 END
START 7752 13676 6784 1497 -4338 372 END
START 8044 13880 6348 1648 -3114 725 END
START 8336 13996 6188 1621 -1880 971 END
START 8628 13900 5808 1427 -637 1151 END
START 8956 14008 5672 1083 373 1231 END
START 9264 14060 5488 672 1313 1272 END
START 9448 13928 5532 186 2104 1202 END
START 9480 13960 5408 -231 2762 1116 END
START 9792 13788 5704 -724 3296 996 END
START 9856 13712 6428 -1195 3685 825 END
START 10596 13712 6192 -1548 3976 617 END
START 10464 13616 7356 -1975 4085 333 END
START 11128 13584 7816 -2364 4149 -139 END
START 11584 13584 8872 -2609 4008 -778 END
START 11760 13612 9816 -2751 3884 -1394 END
START 11636 13612 10508 -2832 3643 -2195 END
START 11456 13556 11320 -2774 3216 -3038 END
START 10924 13584 12324 -2665 2874 -3824 END
START 10184 13492 12724 -2422 2362 -4619 END
START 9424 13512 13544 -2167 1798 -5344 END
START 8596 13536 14012 -1893 1109 -6019 END
START 7556 13520 15008 -1606 271 -6533 END
START 6664 13380 15376 -1284 -522 -6979 END
START 5696 13280 16040 -877 -1433 -7287 END
START 4768 13344 16532 -402 -2360 -7554 END
START 3948 13316 16912 175 -3172 -7678 END
START 3104 13436 17032 709 -3942 -7737 END
START 2508 13444 17124 1185 -4510 -7697 END
START 1940 13608 16816 1660 -4883 -7585 END
START 1340 13700 16384 2036 -5018 -7375 END
START 820 13984 16224 2300 -4931 -7091 END
START 564 14136 16100 2538 -4653 -6750 END
START 296 14156 15852 2699 -4165 -6338 END
START 128 14312 15624 2782 -3571 -5920 END
START -228 14368 15264 2802 -2927 -5467 END
START -424 14332 15168 2814 -2267 -4973 END
START -740 14412 14888 2792 -1585 -4483 END