START 6284 3872 -14332 10999 6837 6269 END
START 8300 -564 -17008 8438 2074 5291 END
START 1612 -8 -17372 2895 -2676 4926 END
START -4060 -1356 -11412 -3224 -5841 4616 END
START 104 -1668 -11416 -8824 -4675 4631 END
START 1092 -2428 -10464 -12510 595 4017 END
START 1592 -3500 -12660 -15413 4073 3924 END
START 2404 -4224 -15700 -19476 3584 4238 END
START 4260 -5376 -16956 -25056 1003 4153 END
START 7320 -7240 -15208 -30508 1359 2671 END
START 7736 -9304 -13684 -32768 3741 -154 END
START 5492 -11300 -11048 -32768 6264 -2098 END
START 2352 -13552 -5196 -32768 7251 -2500 END
START 528 -16344 4064 -32768 7219 -1734 END
START -1640 -16640 16132 -32768 6291 -544 END
START -1588 -13192 27528 -32768 3722 -699 END
START 2248 -8512 32008 -32768 9135 -3688 END
START -4624 -6724 32767 -32768 15876 -8349 END
START -11948 -8488 32767 -32768 21873 -9276 END
START -19168 -9204 32767 -32768 15000 -8709 END
START -20268 -6672 32767 -21910 4859 -5645 END
START -13940 -3396 32767 -12395 -2337 -2451 END
START -6532 -960 32767 -6909 -1222 -1531 END
START -2096 576 32767 -3540 2707 -2316 END
START -460 360 32767 -1118 5358 -3025 END
START 5920 1300 32767 174 2877 -4960 END
START 10152 2432 30676 33 1877 -9961 END
START 11012 2116 28644 970 1914 -15045 END
START 12556 3144 23544 1508 3609 -20474 END
START 10068 1428 22252 930 6591 -26022 END
START 4512 -1572 23648 2167 6494 -29553 END
START -1372 -3756 25556 4627 4257 -30455 END
START -4628 -6496 28916 8829 2081 -30868 END
START -14304 -10820 32767 15014 -1821 -29643 END
START -21864 -14508 32767 23184 -5561 -23423 END
START -23704 -15596 32767 28070 -2475 -15494 END
START -22488 -16200 26800 29682 5604 -7524 END
START -24480 -15612 21324 30209 9936 -769 END
START -24128 -15292 17092 30815 7926 4426 END
START -23704 -14672 13140 31311 3545 8728 END
START -23100 -13352 9332 31069 276 13224 END
START -20668 -12392 5452 29492 -422 18047 END
START -17272 -10848 2424 26053 2227 22477 END
START -13064 -9632 -720 21302 5951 25805 END
START -9268 -8472 -3940 14985 11415 28335 END
START -5796 -6992 -7500 8144 14575 29971 END
START -3040 -5732 -9648 838 13276 29885 END
START 2328 -3552 -10632 -6906 10801 27727 END
START 5944 -2708 -6692 -13775 10548 24810 END
START 9456 -448 1328 -17641 12661 23580 END