START 14944 11464 -16744 6261 5642 1510 END
START 9900 736 -24052 2001 -2906 1923 END
START -8804 400 -11508 -4480 -10864 2758 END
START 3700 -192 -13680 -9125 -10844 2501 END
START 2472 -1256 -9648 -11659 -4171 1878 END
START -384 -2460 -8328 -13265 1392 1665 END
START -1212 -3032 -10012 -15783 4446 2069 END
START -184 -3528 -12272 -19120 6005 2122 END
START -1172 -4508 -14904 -23266 5421 2629 END
START 612 -5372 -14928 -29837 4529 1814 END
START 52 -7040 -10872 -32768 6992 637 END
START -1016 -8712 -8124 -32768 11669 59 END
START -3412 -9568 -6540 -32768 14917 -91 END
START -5452 -9432 -3488 -32768 12465 -266 END
START -3792 -10428 2100 -32768 5290 -392 END
START 1928 -11476 10548 -32768 3602 -1803 END
START 6400 -11856 24272 -32768 8500 -5521 END
START 5932 -10608 32767 -32768 15540 -10983 END
START -3068 -10584 32767 -32768 17248 -14619 END
START -10592 -9912 32767 -32768 12063 -13779 END
START -9664 -8864 32767 -26115 6258 -9391 END
START -408 -6740 32767 -18155 6120 -7762 END
START 9688 -5468 32767 -12434 11911 -11688 END
START 6740 -4848 32767 -9013 18321 -16853 END
START 2324 -4248 32767 -6863 19000 -18881 END
START 1048 -4096 32767 -3743 15600 -19742 END
START 2472 -3452 32767 -573 12044 -22010 END
START 4684 -2580 32767 3285 10228 -25447 END
START 4564 -2476 32767 4687 10850 -29715 END
START 3040 -4832 30560 4329 10812 -32768 END
START -3708 -8488 32767 6934 10177 -32768 END
START -12232 -10456 32767 12600 8661 -32768 END
START -13908 -11916 28788 16651 10026 -30970 END
START -17600 -13952 23884 18776 11721 -27564 END
START -21816 -16240 21608 20599 11937 -24171 END
START -28384 -18456 19116 22475 11679 -18217 END
START -32768 -19096 15332 24331 7276 -8204 END
START -32768 -18840 12152 25750 2114 2402 END
START -30012 -17964 8900 26625 -1034 11705 END
START -24908 -17520 5112 25888 -1009 18809 END
START -20460 -16448 2132 23285 519 24157 END
START -18720 -15900 368 20678 902 29560 END
START -16768 -15912 -2684 18010 -27 32767 END
START -11056 -13168 -7440 13402 -4416 32767 END
START -3380 -10620 -10712 5992 -5237 32767 END
START 4624 -7900 -9308 -2268 -1073 32767 END
START 8444 -6632 -6860 -8491 5289 32767 END
START 10764 -4056 -5412 -13681 7471 32767 END
START 15468 -2592 -500 -17765 7673 29475 END