START -9064 4688 2300 8593 3915 -8240 END
START -3948 1972 8420 8000 176 -10182 END
START -7720 -328 16828 10285 -702 -12723 END
START -8140 376 16516 12714 -135 -13138 END
START -12780 424 15944 13360 1788 -12656 END
START -17752 100 14528 12793 5458 -8978 END
START -21400 -652 12856 11184 8220 -3869 END
START -22540 -2728 11276 10484 9116 461 END
START -23532 -5200 10040 9523 9825 3271 END
START -27276 -7244 8636 8635 11095 6411 END
START -32188 -8712 7080 7573 12657 12472 END
START -32768 -9696 5492 6317 12739 21777 END
START -31280 -10776 2664 4074 12926 32184 END
START -26996 -11488 684 520 10827 32767 END
START -19856 -12836 -556 -3142 9077 32767 END
START -12720 -14552 -960 -6892 7389 32767 END
START -1232 -15604 496 -9998 8516 32767 END
START 7240 -14340 1140 -12215 12534 32767 END
START 16132 -11476 -1892 -15289 18119 32767 END
START 9852 -12428 -5420 -21458 25256 32767 END
START 2640 -14468 -5960 -27340 23156 32767 END
START 1784 -15476 -3668 -32498 15215 32767 END
START 11888 -18164 -364 -32768 5665 32767 END
START 31896 -16172 2908 -32768 5567 32767 END
START 32767 -13356 7184 -32768 14188 32589 END
START 29556 -12004 11944 -32768 13250 24976 END
START 26864 -11300 13088 -32768 9428 20146 END
START 26608 -10812 12260 -32768 7897 16581 END
START 30568 -11372 15912 -32768 8750 13171 END
START 32767 -10780 20784 -32768 21096 4965 END
START 32767 -11828 23388 -32768 30698 -7677 END
START 29004 -14780 25976 -32768 29880 -20002 END
START 19640 -18324 30432 -32768 18717 -27734 END
START 16196 -19964 32767 -28278 8140 -32112 END
START 16896 -20864 32767 -23311 7958 -32768 END
START 17876 -22088 32760 -20199 14213 -32768 END
START 16768 -23368 29336 -18878 20106 -32768 END
START 9460 -26852 30072 -17323 20446 -32768 END
START -1196 -29344 32767 -12403 14151 -32768 END
START -12296 -29892 32767 -4862 5598 -32768 END
START -17444 -28632 32767 813 5228 -32768 END
START -23328 -27340 32767 5962 9795 -32768 END