START -3084 -1716 -5040 7706 10204 -3257 END
START -7796 -5612 -3608 8735 3005 -735 END
START -23264 -4892 4048 7361 -2791 4151 END
START -24576 -5964 2824 5761 -4824 9950 END
START -22992 -5956 1156 3328 -5738 15401 END
START -19520 -5816 -628 601 -5734 20689 END
START -17024 -5560 -752 -1802 -6821 25357 END
START -15492 -5460 -2380 -2912 -11360 29909 END
START -11020 -4544 -4948 -4801 -18346 32767 END
START -6424 -4196 -5272 -8127 -19916 32767 END
START 548 -4056 -5924 -12263 -17492 32767 END
START 7480 -2788 -5376 -16787 -14912 32767 END
START 13768 -2112 -4344 -20855 -12068 32767 END
START 16836 -1480 -4192 -25247 -10373 32649 END
START 17508 -2196 -2776 -29924 -9225 28145 END
START 13972 -5220 2136 -32768 -7759 26732 END
START 16836 -7508 10272 -32768 -7321 26389 END
START 22456 -7216 17392 -32768 -5285 20630 END
START 22320 -7536 18960 -30813 -4640 13249 END
START 23520 -7160 20696 -29724 -3783 6082 END
START 22432 -7548 25204 -27983 -1461 -150 END
START 22744 -7928 29580 -24652 1912 -5217 END
START 23288 -7224 30712 -20768 6590 -10962 END
START 23580 -6920 29864 -17624 10549 -17475 END
START 21340 -7776 30280 -14664 13168 -24785 END
START 18848 -8396 29164 -11282 14235 -30617 END
START 16968 -9572 27764 -8088 16970 -32768 END
START 12732 -9476 24700 -5633 17645 -32768 END
START 9184 -9504 21132 -5478 17315 -32768 END
START 7728 -10356 19104 -6765 16995 -32768 END
START 904 -12240 19240 -7326 17114 -32768 END
START -6464 -14116 21640 -5217 14423 -32768 END
START -13552 -16096 23756 -1264 11757 -32768 END