START -244 7120 7620 4800 13700 2494 END
START -13872 -1004 8460 4791 8783 6574 END
START -17164 -1992 9872 4175 7228 11608 END
START -16352 -2424 10752 3684 6191 15756 END
START -12812 -2660 10332 3804 5946 18542 END
START -9740 -3188 8828 4622 6542 20535 END
START -9788 -3112 6712 4643 6289 21876 END
START -10380 -3388 3940 3664 3816 24028 END
START -10292 -3524 1780 1611 1505 27437 END
START -9284 -3480 56 -1504 379 31360 END
START -7748 -3836 -864 -5066 -235 32767 END
START -3712 -4264 -276 -8828 -337 32767 END
START 2168 -4572 324 -12329 53 32767 END
START 8284 -3852 2172 -15501 724 32767 END
START 11780 -2564 4864 -17311 3058 32767 END
START 10752 -1904 5056 -18591 3496 29541 END
START 9084 -2324 4636 -20295 1769 28207 END
START 9688 -2588 5904 -22147 -755 28037 END
START 13412 -2644 8464 -23381 -2262 27361 END
START 16416 -2876 10828 -24879 -1088 25774 END
START 22016 -2088 13724 -25840 1979 21874 END
START 22960 -1536 14940 -26657 6354 15316 END
START 19436 -2124 15372 -27523 8443 10011 END
START 18188 -2472 15668 -28256 7957 5872 END
START 16756 -3392 17780 -28363 7599 2253 END
START 16588 -3788 19624 -27351 5739 -1074 END
START 19964 -3572 21992 -26009 5430 -5639 END
START 20560 -3636 23520 -24176 7164 -12755 END
START 17608 -5108 23328 -22597 8480 -19158 END
START 12916 -6836 24800 -20786 5827 -22750 END
START 13592 -7392 25776 -19118 3958 -25729 END
START 13748 -8476 26852 -18802 8603 -30099 END
START 11952 -10192 26668 -18197 14053 -32768 END
START 9616 -11712 25800 -17234 17148 -32768 END
START 6376 -14036 25956 -14995 14397 -32768 END
START 2876 -15236 27220 -11180 8500 -32768 END
START -3160 -15780 28932 -6892 6357 -32768 END
START -6596 -15000 27808 -3046 9740 -32768 END
START -8556 -15812 25924 197 13689 -32768 END
START -11196 -15092 25716 3110 13637 -28666 END