START -12344 744 -584 12741 13268 8516 END
START -6252 -868 -2836 10191 10323 11047 END
START -10092 -2848 -988 8281 9513 12856 END
START -10444 -2924 -204 4425 8302 14400 END
START -11960 -3912 2296 2012 7547 15599 END
START -13140 -4916 4712 1290 6393 18269 END
START -13196 -5676 6196 1742 5067 21069 END
START -12692 -6004 5760 2623 3297 24283 END
START -11096 -6092 4196 2894 2421 27578 END
START -8728 -6052 1416 1398 2726 30790 END
START -6044 -6668 100 -1001 2833 32767 END
START -5312 -7420 -700 -3478 3378 32767 END
START -3100 -7440 -1680 -6170 3657 32767 END
START 1004 -6940 -2316 -9600 3105 32767 END
START 3820 -6728 -1916 -13146 3856 32767 END
START 7692 -5824 44 -16416 4819 32767 END
START 11624 -4128 940 -18574 5794 32767 END
START 13596 -2852 1876 -20929 6999 30471 END
START 13076 -2660 3700 -23307 7987 28013 END
START 13400 -2376 5672 -25349 8577 26705 END
START 13708 -2424 8580 -26396 7714 26403 END
START 20140 -1444 9728 -27715 6038 24172 END
START 25964 -1440 13716 -28632 5555 19012 END
START 28840 824 13780 -29374 10268 11570 END
START 22732 -756 14580 -30667 12889 5436 END
START 18392 -2544 15728 -31076 11573 2621 END
START 17232 -3664 16736 -31511 9083 544 END
START 18712 -4356 18368 -32088 9402 -1492 END
START 21796 -5528 23496 -31655 10103 -5314 END
START 23992 -5400 26636 -28330 12224 -12499 END
START 20984 -7140 27568 -24080 12093 -19971 END
START 16324 -8560 26860 -20852 10918 -24382 END
START 14576 -9236 26468 -20089 11959 -26293 END
START 15620 -10252 26232 -21262 19203 -28579 END
START 16424 -12260 26708 -23151 29967 -32516 END
START 8008 -16296 31080 -19536 32593 -32768 END
START -880 -17292 32767 -10332 22009 -32768 END
START -6588 -16944 32384 -734 9509 -32768 END
START -7552 -14468 27752 4505 3741 -32768 END
START -8108 -13944 23764 5699 4089 -32768 END
START -10068 -14320 21464 5253 5897 -32768 END
START -18356 -15664 23012 6159 1690 -30851 END
START -21252 -15620 23276 8559 -1866 -26181 END
START -24008 -14940 21980 10256 -2203 -19199 END
START -22260 -12896 19072 9963 465 -10969 END