START -6620 9256 20176 4325 5243 -3376 END
START -4704 4456 10940 6158 5006 -3311 END
START -5304 10988 20728 4948 5376 -3166 END
START -4800 8704 18388 6429 6353 -3279 END
START -5728 8792 18344 6597 6289 -3368 END
START -6208 9208 19292 6930 5918 -3509 END
START -6416 9208 18652 7088 5532 -3721 END
START -6408 9376 18048 7309 5328 -3888 END
START -6480 9332 18084 7471 5140 -4081 END
START -6724 9108 18280 7675 4894 -4152 END
START -6740 8820 17892 7893 4696 -4208 END
START -6824 8700 17620 8162 4658 -4225 END
START -6840 8388 17620 8435 4681 -4249 END
START -7168 8308 17328 8726 4744 -4243 END
START -7360 8364 16908 8961 4773 -4171 END
START -7636 8488 16896 9156 4843 -4129 END
START -7844 8588 16684 9314 4883 -4073 END
START -7912 8572 16500 9428 4809 -3999 END
START -7932 8572 16148 9463 4781 -3979 END
START -8112 8504 15892 9523 4745 -3961 END
START -7960 8356 15652 9540 4794 -3950 END
START -8144 8200 15140 9589 4908 -3888 END
START -8064 8188 14988 9587 5069 -3879 END
START -8268 7992 14800 9579 5200 -3768 END
START -8480 7832 14480 9535 5395 -3678 END
START -8740 7732 14360 9492 5529 -3537 END
START -9084 7628 14124 9437 5626 -3386 END
START -9280 7536 13904 9422 5694 -3256 END
START -9460 7436 13484 9393 5773 -3087 END
START -9764 7320 13376 9338 5850 -2896 END
START -10048 7140 13236 9322 5921 -2762 END
START -10292 6992 13116 9238 5935 -2503 END
START -10592 6744 12708 9154 5929 -2319 END
START -10800 6564 12360 9102 5911 -2039 END
START -11076 6360 12304 9026 5858 -1803 END
START -11380 6160 12160 9005 5870 -1484 END
START -11512 5960 11744 8979 5834 -1196 END
START -11672 5784 11348 8956 5943 -892 END
START -12104 5492 11304 8969 5916 -566 END
START -12412 5456 11160 8942 5924 -228 END
START -12528 5084 10756 8909 5942 119 END
START -12732 4892 10336 8840 5967 483 END
START -12988 4724 9912 8847 6096 787 END
START -13304 4456 9596 8775 6164 1183 END
START -13672 4316 9004 8670 6293 1571 END
START -13904 4040 8644 8539 6332 2002 END
START -14228 3800 7996 8335 6391 2442 END
START -14624 3472 7876 8152 6385 2922 END
START -15212 3212 7472 7916 6265 3414 END
START -15708 2956 6960 7678 6237 4028 END
START -16284 2512 6660 7509 6132 4662 END
START -16852 2216 6304 7358 6001 5376 END
START -17472 2064 5680 7221 5758 6160 END
START -17852 1756 5096 7047 5440 6978 END
START -18128 1564 4096 6770 5245 7775 END
START -18484 1316 3460 6476 5056 8597 END
START -18704 1136 2680 6093 4834 9455 END
START -18812 1024 2036 5678 4689 10342 END
START -19120 1016 1492 5154 4474 11284 END
START -19188 828 788 4588 4333 12307 END
START -19392 648 244 4023 4166 13171 END
START -19628 824 68 3424 3997 14079 END
START -19892 684 -260 2791 3804 15135 END
START -20268 584 -412 2189 3418 16336 END
START -20136 540 -996 1576 3135 17476 END
START -20052 512 -1252 960 2889 18619 END
START -19812 532 -1432 326 2697 19839 END
START -19552 588 -1760 -356 2580 21052 END
START -19188 636 -1844 -1015 2547 22252 END
START -18724 640 -1880 -1730 2547 23475 END
START -18240 500 -1976 -2437 2620 24674 END
START -17612 500 -1836 -3072 2674 25750 END
START -16948 416 -1940 -3750 2812 26874 END
START -16268 288 -2028 -4366 3006 27968 END
START -15612 64 -1804 -4975 3188 29003 END
START -14940 -376 -1688 -5532 3240 30058 END
START -14096 -588 -1824 -6051 3258 31079 END
START -13168 -812 -1772 -6542 3224 31973 END
START -11904 -1076 -2068 -7083 3108 32767 END
START -10644 -1460 -2168 -7713 2905 32767 END
START -8908 -1576 -2368 -8401 2558 32767 END
START -7080 -1648 -2748 -9122 2338 32767 END
START -5168 -1796 -2904 -9861 2141 32767 END
START -3464 -1976 -2980 -10618 2055 32767 END
START -2044 -1892 -3104 -11385 1996 32767 END
START -720 -1608 -2988 -12168 1948 32767 END
START 228 -1504 -2916 -12888 1974 32767 END
START 1028 -1416 -2852 -13593 2071 32767 END
START 1496 -1408 -2752 -14402 2108 32767 END
START 1672 -1320 -2556 -15032 2063 32681 END
START 1976 -1192 -2808 -15563 1988 32286 END
START 2084 -1336 -2772 -16209 1915 31881 END
START 2132 -1216 -2548 -16873 1796 31593 END
START 2284 -1112 -2428 -17495 1679 31287 END
START 2412 -1336 -2420 -18090 1596 31039 END
START 2112 -1436 -2112 -18606 1509 30802 END
START 1948 -1584 -1668 -19082 1310 30700 END
START 1932 -1840 -1536 -19503 1031 30553 END
START 1896 -2152 -1688 -19945 825 30501 END
START 1736 -2340 -1776 -20410 505 30452 END
START 1268 -2700 -2068 -20896 177 30590 END
START 908 -2612 -1432 -21596 -547 30830 END
START 1108 -2508 -1864 -22374 -1187 31094 END
START 1320 -2352 -1952 -23090 -1544 31414 END
START 1804 -2464 -2004 -23846 -1601 31754 END
START 2220 -2880 -1952 -24506 -1576 32114 END
START 2556 -3404 -1268 -25247 -1457 32529 END
START 3196 -3528 -420 -25902 -1478 32767 END
START 4316 -3704 236 -26575 -1570 32767 END
START 5804 -3796 508 -27236 -1288 32767 END
START 7476 -3872 1260 -27838 -944 32767 END
START 9356 -4088 1980 -28347 -590 32767 END
START 11324 -4260 2692 -28741 -75 32767 END
START 13264 -4328 3504 -29056 394 32767 END
START 14948 -4444 4360 -29329 861 32148 END
START 16660 -4196 5120 -29526 1268 31351 END
START 18224 -4044 6072 -29789 1624 30234 END
START 19344 -3940 7172 -29955 1823 28968 END
START 20160 -3596 8244 -29986 1874 27610 END
START 20632 -3192 9192 -29989 1807 26218 END
START 20800 -2948 9964 -29939 1573 24805 END
START 20680 -2956 10640 -29893 1215 23588 END
START 21148 -1720 10580 -29820 823 22616 END
START 21344 -3404 12296 -29811 409 21178 END
START 20772 -2964 14956 -28981 -261 19907 END
START 20092 -496 14012 -29007 -906 19192 END
START 20256 92 13060 -29794 -1479 18632 END
START 20660 -1016 13092 -30438 -1556 17990 END
START 21180 -2092 14608 -30855 -1419 17189 END
START 21892 -2444 16332 -30683 -1126 16298 END
START 22128 -1796 18184 -30293 -989 15530 END
START 22192 -1052 19240 -30172 -848 14938 END
START 22724 -1008 19732 -29978 -435 14171 END
START 23252 -1220 20428 -29804 210 13347 END
START 23568 -1304 21636 -29371 772 12319 END
START 23520 -1252 23312 -28936 1165 11615 END
START 23980 -1384 24660 -28309 1382 10625 END
START 23788 -512 26528 -27590 1407 9778 END
START 24044 56 26508 -27185 1639 9010 END
START 24796 -24 27012 -26742 1929 8180 END
START 25432 -164 27792 -26294 2333 7244 END
START 25984 -216 28784 -25723 2647 6158 END
START 26244 -132 29960 -24957 2816 5040 END
START 26632 184 31024 -24160 2819 3877 END
START 26760 148 31340 -23296 2755 2689 END
START 26776 348 31580 -22456 2701 1443 END
START 26936 500 31592 -21650 2661 181 END
START 26956 636 31800 -20952 2640 -1063 END
START 26968 680 31980 -20194 2661 -2467 END
START 26632 636 32148 -19484 2663 -3791 END
START 26200 700 32004 -18701 2783 -5110 END
START 25664 664 32216 -17990 2906 -6421 END
START 24792 668 32032 -17260 3075 -7610 END
START 23936 620 31760 -16527 3202 -8693 END
START 22896 504 31524 -15785 3385 -9694 END
START 21660 472 31316 -15194 3521 -10591 END
START 20552 -252 31508 -14438 3592 -11368 END
START 19584 -460 30640 -13401 3680 -12031 END
START 18528 1164 29896 -13125 3602 -12517 END
START 18012 728 29224 -12794 3637 -13032 END
START 17724 448 28712 -12613 3835 -13549 END
START 17340 328 28780 -12332 4013 -14153 END
START 16760 -112 28824 -11902 4165 -14695 END
START 16352 -496 28900 -11245 4348 -15205 END
START 15888 -748 28876 -10394 4483 -15749 END
START 15552 -1100 28480 -9503 4592 -16255 END
START 15168 -1204 27956 -8739 4721 -16767 END
START 14960 -1164 27232 -8013 4721 -17269 END
START 14804 -1008 26532 -7535 4767 -17802 END
START 14420 -896 25992 -7143 4689 -18410 END
START 13972 -920 25384 -6892 4611 -19024 END
START 13532 -1052 25160 -6685 4397 -19688 END
START 12832 -1304 24904 -6393 4209 -20313 END
START 12044 -1472 24628 -6014 3919 -20947 END
START 11220 -1608 24236 -5629 3657 -21444 END
START 10464 -1608 23868 -5248 3388 -21915 END
START 9504 -1884 23196 -4881 3098 -22304 END
START 8700 -1840 22636 -4555 2790 -22671 END
START 7928 -1836 21996 -4347 2434 -23033 END
START 7236 -1824 21444 -4153 1976 -23298 END
START 6468 -1764 21012 -4063 1486 -23613 END
START 5900 -1860 20344 -3976 1007 -23840 END
START 5160 -1828 19840 -3974 556 -24025 END
START 4516 -1940 19500 -3987 188 -24157 END
START 3940 -1944 19012 -4038 -151 -24237 END
START 3476 -2096 18804 -4093 -444 -24232 END
START 3096 -2116 18224 -4111 -591 -24213 END
START 3028 -2144 17868 -4148 -691 -24190 END
START 2800 -2072 17628 -4192 -769 -24223 END
START 2396 -2064 17048 -4255 -910 -24340 END
START 2116 -2188 16752 -4374 -1112 -24465 END
START 1620 -1996 16340 -4532 -1318 -24572 END
START 1264 -2008 15904 -4697 -1524 -24672 END
START 676 -2120 15712 -4884 -1731 -24696 END
START 188 -2136 15484 -5139 -1869 -24692 END
START -416 -2132 15248 -5424 -2071 -24665 END
START -1112 -2168 14996 -5677 -2302 -24589 END
START -1944 -2300 15120 -5917 -2627 -24434 END
START -2736 -2428 15172 -6178 -2967 -24218 END
START -3620 -2392 15212 -6350 -3406 -23886 END
START -4368 -2340 15312 -6544 -3742 -23489 END
START -5020 -2268 15208 -6727 -4042 -23039 END
START -5376 -2072 15308 -6886 -4203 -22594 END
START -5972 -1980 15476 -7053 -4252 -22087 END
START -6444 -1932 15664 -7187 -4268 -21589 END
START -6928 -1868 15892 -7310 -4295 -21051 END
START -7608 -1876 16040 -7338 -4447 -20464 END
START -8088 -1916 16308 -7346 -4734 -19825 END
START -8304 -1844 16252 -7320 -5089 -19214 END
START -8384 -1800 16560 -7298 -5472 -18584 END
START -8332 -1716 16560 -7319 -5905 -18015 END
START -7972 -1696 16832 -7327 -6307 -17551 END
START -7972 -1876 16976 -7375 -6721 -17097 END
START -7776 -1956 17288 -7372 -7125 -16694 END
START -7796 -1944 17724 -7383 -7455 -16278 END
START -7532 -1904 18060 -7357 -7725 -15938 END
START -7332 -1924 18400 -7293 -7786 -15624 END
START -7156 -1948 18900 -7193 -7663 -15371 END
START -7220 -1816 19464 -7042 -7454 -15189 END
START -7304 -2060 20020 -6827 -7090 -14954 END
START -7748 -2164 20640 -6526 -6829 -14719 END
START -8480 -2476 21248 -6140 -6727 -14415 END
START -9100 -2732 21764 -5624 -6830 -13959 END
START -9732 -2992 22464 -5082 -7217 -13476 END
START -10384 -3352 23080 -4423 -7751 -12884 END
START -10688 -3452 23388 -3749 -8287 -12245 END
START -11056 -3420 23672 -3102 -8872 -11593 END
START -11100 -3308 23808 -2480 -9369 -10938 END
START -10940 -3508 23880 -1833 -9733 -10303 END
START -10664 -3744 23908 -1226 -9855 -9603 END
START -10544 -3940 23764 -590 -9730 -8983 END
START -10416 -4108 23804 -19 -9384 -8323 END