START -7080 11472 24140 -5490 9244 -7296 END
START -2824 5448 8820 -3418 10003 -7196 END
START -6612 13464 23508 -5185 8628 -7389 END
START -8692 11768 25868 -3424 9449 -7327 END
START -9084 11536 24968 -3423 8748 -7337 END
START -9552 11660 25832 -2965 8497 -7122 END
START -9924 11080 26244 -2567 8260 -7015 END
START -9252 10448 25956 -1979 8409 -6763 END
START -10560 10232 27568 -1315 8340 -6569 END
START -10104 10008 27116 -436 8242 -6217 END
START -11228 9724 28532 510 8166 -5902 END
START -10984 9416 27888 1511 7990 -5624 END
START -11864 9192 29316 2626 7781 -5214 END
START -11976 8836 28832 3758 7421 -4807 END
START -12240 8616 29216 4974 7087 -4374 END
START -12252 8416 29016 6203 6793 -3898 END
START -12176 8212 28776 7433 6555 -3404 END
START -12672 7940 28780 8699 6286 -2903 END
START -12456 7888 28460 10037 5871 -2409 END
START -12708 7860 28152 11389 5468 -1936 END
START -12584 7900 27684 12680 4964 -1447 END
START -12608 7636 27104 13956 4450 -974 END
START -12464 7300 26280 15279 3812 -554 END
START -12292 7196 25576 16440 3200 -119 END
START -11696 7168 24564 17616 2639 233 END
START -11404 6924 23532 18661 2223 555 END
START -11044 6916 22344 19666 1860 832 END
START -10676 6756 21376 20501 1503 1073 END
START -10228 6532 20128 21219 1275 1255 END
START -9904 6492 18824 21882 1123 1425 END
START -9584 6328 17660 22413 1045 1532 END
START -9344 6248 16288 22864 1091 1631 END
START -9296 6168 15308 23173 1137 1716 END
START -9164 6004 14028 23436 1258 1823 END
START -9236 6024 12532 23527 1389 1948 END
START -9392 5988 11220 23508 1625 2126 END
START -9368 5940 10092 23439 1924 2273 END
START -9548 6080 9076 23238 2209 2484 END
START -9708 6068 8376 22944 2545 2689 END
START -9640 5944 7300 22631 2829 2955 END
START -9744 5824 6648 22241 3126 3170 END
START -9908 5620 5588 21805 3464 3424 END
START -10060 5584 4732 21385 3862 3651 END
START -10216 5508 3932 20912 4223 3865 END
START -10468 5428 3092 20364 4609 4080 END
START -10664 5320 2168 19825 4995 4367 END
START -11200 5172 1512 19325 5224 4711 END
START -11672 5116 756 18740 5414 5133 END
START -12128 4736 -104 18151 5541 5547 END
START -12540 4600 -1004 17509 5557 5995 END
START -12992 4480 -2040 16779 5581 6562 END
START -13584 4460 -2776 16035 5373 7173 END
START -14288 4504 -3392 15261 4989 7858 END
START -14796 4792 -4104 14400 4451 8654 END
START -15336 4932 -5104 13497 3891 9557 END
START -15516 5072 -5968 12499 3400 10504 END
START -15836 5280 -6620 11399 3088 11493 END
START -15592 5484 -7180 10204 2943 12469 END
START -15468 5760 -7436 8995 2959 13639 END
START -15400 5808 -7480 7770 3081 14722 END
START -15132 5716 -7484 6598 3378 15811 END
START -14816 5620 -7288 5489 3754 16845 END
START -14444 5392 -7192 4514 4259 17833 END
START -14040 5200 -6968 3632 4877 18868 END
START -13636 5220 -6880 2785 5525 19812 END
START -13172 4936 -6772 1910 6185 20791 END
START -12596 4900 -6924 1078 6852 21696 END
START -12196 4728 -6768 194 7565 22659 END
START -11800 4304 -6696 -570 8109 23541 END
START -11116 4256 -6700 -1367 8609 24414 END
START -10644 4028 -6352 -2153 8859 25268 END
START -9948 3712 -6260 -2898 8978 26048 END
START -8996 3264 -6512 -3577 9029 26745 END
START -7648 2996 -6556 -4222 9130 27281 END
START -6512 3024 -6484 -4908 9247 27767 END
START -5052 2632 -6340 -5513 9305 28168 END
START -3608 2180 -6164 -6104 9327 28439 END
START -2132 1892 -6124 -6640 9390 28528 END
START -624 1780 -5984 -7182 9394 28477 END
START 628 1824 -5632 -7688 9395 28275 END
START 1688 1872 -5328 -8125 9260 27928 END
START 2464 1936 -4624 -8491 8954 27489 END
START 2964 1960 -4368 -8887 8607 27002 END
START 3632 1892 -4064 -9127 8158 26467 END
START 3884 1852 -3628 -9307 7642 25970 END
START 4068 1720 -3272 -9397 7095 25472 END
START 3876 1740 -3212 -9469 6456 25049 END
START 3840 1544 -2860 -9447 5716 24663 END
START 3624 1584 -2876 -9417 4943 24397 END
START 3572 1608 -2864 -9480 4131 24194 END
START 3544 1488 -3012 -9442 3383 23955 END
START 3484 1428 -3260 -9599 2780 23879 END
START 3444 1468 -3564 -9719 2221 23795 END
START 3320 1396 -3768 -9959 1704 23771 END
START 3308 1312 -3924 -10234 1294 23839 END
START 3316 1240 -4292 -10598 1025 23939 END
START 3500 1100 -4656 -11066 894 24125 END
START 3724 996 -4948 -11560 951 24259 END
START 4148 912 -5084 -12144 1188 24469 END
START 4544 756 -5464 -12820 1546 24640 END
START 4748 608 -5472 -13545 2026 24806 END
START 5164 604 -5516 -14425 2577 25035 END
START 5552 368 -5784 -14984 3148 25214 END
START 5804 368 -5812 -15995 3757 25396 END
START 6332 316 -5764 -16909 4341 25633 END
START 7008 164 -5672 -17883 5011 25772 END
START 7600 272 -5716 -18870 5602 25903 END
START 8560 12 -5460 -19880 6210 25940 END
START 9464 -148 -5184 -20872 6823 25845 END
START 10540 -128 -4860 -21927 7536 25656 END
START 11268 -284 -4468 -22948 8140 25304 END
START 12168 -508 -3852 -23887 8856 24850 END
START 13148 -528 -3248 -24774 9449 24293 END
START 13860 -748 -2440 -25632 10047 23609 END
START 14648 -876 -1748 -26337 10404 22896 END
START 15424 -852 -1008 -27023 10737 22111 END
START 16548 -732 -476 -27657 11004 21301 END
START 17468 -748 220 -28318 11319 20413 END
START 18236 -716 676 -28941 11462 19443 END
START 18896 -800 1500 -29590 11573 18347 END
START 19316 -716 2296 -30212 11585 17134 END
START 19672 -756 2936 -30735 11494 15897 END
START 19856 -964 3840 -31237 11274 14527 END
START 19628 -1024 4932 -31607 11006 13149 END
START 19344 -1248 5768 -31940 10657 12004 END
START 18816 -1644 6568 -32121 10375 10821 END
START 18208 -1772 7320 -32225 9952 9728 END
START 17432 -1960 8264 -32312 9566 8833 END
START 16456 -2084 8880 -32416 9086 8116 END
START 15884 -2184 9648 -32469 8689 7532 END
START 15160 -2384 10200 -32558 8319 7098 END
START 14592 -2416 10892 -32645 8057 6784 END
START 14176 -2796 11376 -32689 7998 6585 END
START 13692 -2848 11980 -32768 7986 6404 END
START 13544 -3088 12376 -32768 8135 6273 END
START 13192 -3272 12884 -32768 8413 6232 END
START 12952 -3464 13336 -32768 8794 6188 END
START 12900 -3800 14024 -32768 9322 6198 END
START 12560 -4056 14692 -32768 9900 6220 END
START 12424 -4292 15588 -32768 10517 6329 END
START 12420 -4612 16652 -32768 11174 6386 END
START 12504 -4844 17604 -32768 11923 6477 END
START 12828 -5216 18588 -32768 12865 6559 END
START 13680 -5476 19812 -32768 13566 6520 END
START 14588 -5808 21052 -32768 14648 6395 END
START 15592 -5844 22172 -32768 15660 6037 END
START 16384 -6004 23424 -32768 16590 5476 END
START 17336 -6088 24728 -32768 17480 4758 END
START 17980 -6144 26164 -32768 18138 3811 END
START 18536 -6308 27520 -32768 18491 2754 END
START 19268 -6528 28680 -32768 18711 1607 END
START 20080 -6612 30332 -32192 18768 250 END
START 20464 -6632 31524 -31266 18539 -1150 END
START 20656 -6544 32544 -30207 18095 -2723 END
START 20640 -6696 32767 -29024 17439 -4291 END
START 20388 -6688 32767 -27750 16585 -5984 END
START 20048 -6552 32767 -26418 15574 -7656 END
START 19300 -6604 32767 -25071 14346 -9143 END
START 18400 -6564 32767 -23706 12849 -10657 END
START 17592 -5704 32767 -22407 11884 -11975 END
START 17396 -7328 32767 -21272 10842 -12864 END
START 15880 -8880 32564 -18927 10119 -14094 END
START 12612 -2596 32767 -17904 7504 -14667 END
START 13044 -2732 31560 -19031 7114 -15030 END
START 12900 -5204 31012 -18177 7111 -15468 END
START 12544 -4576 31060 -18416 7017 -15862 END
START 11436 -4808 31644 -18068 7208 -16020 END
START 10860 -5120 32516 -17221 7086 -16118 END
START 10296 -5056 32767 -16359 7140 -16126 END
START 9792 -4872 32767 -15284 7287 -16074 END
START 9420 -4444 32600 -14311 7545 -16011 END
START 9492 -3776 32220 -13421 7786 -16034 END
START 9484 -3540 32008 -12797 8009 -16055 END
START 9832 -3212 31400 -12392 8246 -16132 END
START 10276 -3108 30928 -12042 8688 -16278 END
START 10756 -3228 30604 -11698 9268 -16467 END
START 10916 -3072 30400 -11272 9744 -16803 END
START 11164 -3232 30152 -10732 10206 -17236 END
START 11248 -3136 30424 -10150 10568 -17739 END
START 11348 -3156 30184 -9628 10842 -18295 END
START 11788 -3208 29740 -9042 11131 -18909 END
START 11936 -3348 29708 -8506 11379 -19595 END
START 11848 -3304 29220 -8048 11529 -20395 END
START 11752 -3216 28884 -7682 11574 -21265 END
START 11592 -3300 28848 -7200 11407 -22221 END
START 11172 -3228 28712 -6813 11168 -23291 END
START 10360 -3504 28552 -6387 10791 -24325 END
START 9492 -3612 28772 -5921 10398 -25319 END
START 8700 -3492 28504 -5462 10009 -26262 END
START 7168 -3812 28488 -4983 9450 -27050 END
START 5984 -3864 28532 -4392 8834 -27786 END
START 4788 -4160 28544 -3712 8110 -28461 END
START 3544 -4092 28352 -3094 7326 -29028 END
START 2108 -4208 28324 -2458 6455 -29420 END
START 712 -4248 27896 -1891 5504 -29659 END
START -452 -4152 27540 -1418 4510 -29871 END
START -1504 -4280 27324 -918 3573 -29951 END
START -2376 -4336 27048 -469 2641 -29960 END
START -3212 -4316 26668 11 1822 -29892 END
START -3948 -4292 26468 406 1130 -29798 END
START -4480 -4364 25960 809 567 -29686 END
START -4944 -4540 25464 1159 92 -29523 END
START -5272 -4564 25080 1496 -251 -29310 END
START -5804 -4704 24636 1817 -455 -29174 END
START -6036 -4652 24172 2033 -571 -28956 END
START -6440 -4696 23708 2224 -506 -28774 END
START -7016 -4708 23216 2328 -330 -28578 END
START -7464 -4476 22644 2395 -100 -28422 END
START -7864 -4572 21976 2399 292 -28165 END
START -8624 -4600 21900 2421 548 -27932 END
START -9396 -4576 21412 2330 824 -27649 END
START -10416 -4544 21076 2334 1033 -27337 END
START -11232 -4352 20768 2276 1163 -26975 END
START -12144 -4332 20260 2216 1209 -26526 END
START -13136 -4224 20232 2117 1149 -26024 END
START -14080 -4076 20088 1972 955 -25416 END
START -14944 -3924 19916 1849 704 -24765 END
START -15576 -3856 19844 1730 318 -24075 END
START -16200 -3852 19920 1683 -156 -23383 END
START -16784 -3716 19936 1628 -722 -22645 END
START -17196 -3664 19944 1666 -1296 -21936 END
START -17408 -3620 20156 1743 -1959 -21247 END
START -17908 -3484 19928 1930 -2657 -20523 END
START -18204 -3620 20324 2132 -3363 -19890 END
START -18044 -3360 20216 2351 -4080 -19317 END
START -18308 -3340 19420 2500 -4741 -18584 END
START -18468 -2964 19480 2670 -5344 -17831 END
START -18536 -2948 19176 2759 -5849 -17159 END
START -18288 -2824 18788 2824 -6296 -16446 END
START -18040 -2584 18636 2862 -6518 -15769 END
START -17948 -2392 18388 2860 -6680 -15117 END
START -17780 -2304 18184 2829 -6728 -14537 END
START -17708 -2308 18120 2775 -6656 -13959 END
START -17696 -2364 17780 2778 -6580 -13318 END
START -17764 -2324 17844 2771 -6417 -12766 END
START -17828 -2164 17580 2787 -6190 -12140 END
START -17844 -1940 17536 2864 -5910 -11496 END
START -17792 -1940 17108 2870 -5597 -10822 END
START -17952 -1768 17060 2886 -5207 -10157 END
START -17796 -1736 16652 2852 -4766 -9402 END
START -17676 -1612 16256 2819 -4318 -8753 END
START -17380 -1484 16032 2683 -3833 -8042 END
START -17440 -1448 15708 2575 -3348 -7340 END
START -17140 -1404 15420 2325 -2841 -6616 END
START -17008 -1384 15132 2146 -2315 -5952 END
START -16988 -1300 15156 1923 -1730 -5192 END
START -16720 -1052 14892 1736 -1211 -4453 END
START -16672 -1196 14784 1418 -707 -3704 END
START -16440 -1104 14528 1265 -286 -3010 END
START -16324 -1028 14480 957 68 -2222 END
START -15988 -1156 14656 819 370 -1513 END