START 3716 5460 -556 1551 11723 11156 END
START -4440 2584 -2772 -233 8258 14441 END
START -14076 1100 5740 -1801 4946 17398 END
START -10676 920 7312 -2581 3470 19165 END
START -7088 912 8408 -2679 3760 19091 END
START -6900 780 8396 -2051 4972 18961 END
START -5756 776 6276 -1567 3696 19819 END
START -6580 1120 6000 -1406 1904 21277 END
START -5376 1604 4512 -2129 83 23414 END
START -2024 2512 3268 -4109 -987 24310 END
START 2868 3432 3240 -6984 761 23129 END
START 5028 4804 3648 -9989 3591 20279 END
START 2036 4820 5796 -12009 4855 18290 END
START -340 4624 7800 -12423 3808 18835 END
START 288 4280 9104 -11814 2071 19774 END
START 2456 4632 9040 -11579 143 20308 END
START 3984 4668 9828 -11691 -1543 19998 END
START 5200 4680 9856 -12389 -1034 19200 END
START 5952 4488 9444 -13874 574 18346 END
START 5064 4120 9808 -15483 1706 17751 END
START 3972 3384 10596 -16717 1258 18095 END
START 5384 2460 13040 -16491 -352 18833 END
START 7852 1848 13852 -15707 -1670 18129 END
START 9968 1348 13064 -15737 -2410 16679 END
START 11008 1004 12988 -16758 -1169 14782 END
START 9868 744 12508 -17948 280 14030 END
START 11012 1000 13024 -18998 976 13345 END
START 12800 1016 13828 -20000 2556 11454 END
START 14084 588 15288 -21014 4015 8395 END
START 13916 -20 16636 -20944 3677 5355 END
START 13084 -960 18368 -19876 1631 2676 END
START 13160 -1744 18900 -18473 213 315 END
START 11832 -2060 18344 -17672 241 -1219 END
START 11844 -2376 18084 -17349 686 -2016 END
START 13840 -2232 18160 -17376 3223 -4042 END
START 14796 -2684 17816 -17677 5505 -7205 END
START 14764 -3516 18756 -17872 5745 -11047 END
START 13332 -4380 19912 -17072 4686 -14458 END
START 12572 -4608 19820 -16803 5087 -17065 END
START 12720 -4916 19988 -16861 7372 -19553 END
START 12492 -5728 20760 -16912 10182 -22437 END
START 13384 -6536 21364 -16928 12434 -26575 END
START 12004 -8576 23436 -16101 13207 -31703 END
START 7160 -10624 25084 -13660 10815 -32768 END
START 1772 -11812 26152 -10454 9305 -32768 END
START -20 -11612 25084 -7556 9626 -32768 END
START -788 -11392 23360 -5685 11819 -32477 END
START -3172 -11392 21076 -4236 12387 -31874 END
START -6064 -11332 20344 -2651 9568 -30759 END
START -7172 -11048 20556 -721 5849 -29904 END
START -11936 -11464 21956 1574 3175 -28057 END
START -14420 -11168 21108 3690 3057 -23312 END