START -1044 4168 2216 10732 11971 -8065 END
START -11572 -3396 -548 9694 5846 -5591 END
START -14864 -3792 2516 7673 3978 -3240 END
START -16380 -4904 4308 5615 4671 340 END
START -16880 -5012 7572 4472 6102 3773 END
START -17400 -5060 9740 5004 7801 6444 END
START -16536 -4748 9380 6165 8510 8805 END
START -15296 -4092 7792 7298 8069 10321 END
START -13720 -3084 4680 7218 8040 11635 END
START -13872 -2104 2476 5242 8431 13018 END
START -13744 -1520 1300 2623 8126 15134 END
START -12596 -1132 2096 -11 7824 16645 END
START -13292 -1344 2988 -1933 8180 18716 END
START -12796 -1364 3288 -3350 8082 21104 END
START -12840 -2260 4060 -4346 7922 24111 END
START -10832 -2812 3880 -5128 6425 27065 END
START -8068 -3720 3604 -5779 5832 29183 END
START -5936 -3752 2416 -6992 4808 30358 END
START -3720 -3796 1992 -8778 3245 30996 END
START -1436 -4184 2164 -10548 2126 31462 END
START 844 -4856 2680 -12455 2232 31691 END
START 1696 -5276 3668 -14513 3335 32324 END
START 3064 -6268 4688 -15894 3641 32767 END
START 6836 -6268 6076 -16884 2621 32767 END
START 11252 -5880 6232 -17553 2140 32001 END
START 12636 -4804 6476 -19202 1826 29497 END
START 14364 -4356 6912 -21418 2123 27806 END
START 15604 -4076 8428 -23473 3068 26155 END
START 17060 -4132 10328 -24863 4189 24027 END
START 19328 -3928 13360 -25542 4504 21344 END
START 23456 -3484 15592 -25936 6599 17156 END
START 24332 -3552 15904 -26482 9958 10983 END
START 21224 -4344 16408 -27241 10049 5997 END
START 20052 -4872 17468 -27691 9076 2341 END
START 21552 -5332 20348 -27440 9581 -933 END
START 21680 -5952 20708 -26456 11653 -5468 END
START 18724 -7244 21756 -25344 11293 -9244 END
START 18832 -7744 23204 -24051 10162 -13036 END
START 18112 -8620 24164 -22560 10535 -17339 END
START 15688 -9928 24616 -20819 10409 -20446 END
START 15204 -10432 24516 -19571 10452 -23398 END
START 14168 -10908 25820 -18622 11286 -26546 END
START 13832 -11984 27748 -16685 11045 -29749 END
START 12772 -13484 28724 -13812 10256 -32768 END
START 10948 -14444 28204 -11110 9740 -32768 END
START 10288 -14192 28428 -9819 11292 -32768 END
START 12712 -15656 29348 -7954 16188 -32768 END
START 10004 -18804 28260 -5139 20298 -32768 END
START 2160 -22348 26488 -1475 20325 -32768 END
START -9800 -24640 25624 2610 16322 -32768 END
START -17056 -23776 22560 5696 12984 -32768 END
START -20424 -21020 18696 6352 13247 -32768 END
START -23280 -18980 15380 6151 14102 -31128 END
START -28596 -17368 13284 6008 11339 -26004 END
START -32280 -16592 13528 5937 5357 -19119 END
START -32476 -15532 13572 5904 1057 -10679 END