START -16184 6160 5440 8535 10484 3223 END
START -6432 1452 4392 9982 6055 6688 END
START -6880 2052 7492 10014 3229 8418 END
START -6804 2216 11640 9934 4450 6564 END
START -5124 2224 9216 8206 9048 3883 END
START -6848 1140 6132 6893 10641 2964 END
START -12692 180 6344 6095 8416 4881 END
START -15616 -380 5608 5635 5620 8990 END
START -14832 -620 3752 4881 3844 13624 END
START -13912 -836 1564 2769 3797 18091 END
START -11128 -700 168 -11 3699 21316 END
START -8864 -812 420 -2467 2891 22697 END
START -8032 -1072 820 -4458 2405 24369 END
START -6292 -2032 1616 -6007 1794 26523 END
START -4212 -2504 1440 -7344 2091 27979 END
START -4620 -3600 504 -9204 2071 30152 END
START -4088 -4200 -976 -11517 1188 32767 END
START -1284 -5172 -1528 -15008 -348 32767 END
START 4468 -5136 128 -17841 -559 32767 END
START 6456 -5196 700 -20188 609 32767 END
START 8084 -5916 2536 -22497 525 32767 END
START 11312 -5268 3568 -24423 1862 32275 END
START 10976 -6192 5472 -26658 2510 30844 END
START 12120 -6584 7872 -27898 2549 30224 END
START 16548 -6392 11060 -28389 2431 28554 END
START 21676 -5312 12896 -28881 3533 23842 END
START 26516 -4352 17104 -29375 5560 17119 END
START 27152 -3168 19892 -28712 8493 8823 END
START 24792 -3588 20628 -28161 9431 2494 END
START 23096 -3864 21972 -27834 10670 -2161 END
START 23524 -3860 24164 -26884 13125 -6759 END
START 23448 -4072 25792 -25291 16034 -12762 END
START 21104 -4936 26788 -22915 16135 -20052 END
START 16200 -6608 27876 -19710 12763 -26083 END
START 13900 -7508 27896 -17142 9220 -30198 END
START 11944 -8216 28656 -15363 9843 -32768 END
START 10084 -8364 28284 -13879 11649 -32768 END
START 8000 -8824 28072 -12185 13116 -32768 END
START 4624 -9556 27628 -9799 12075 -32768 END
START 896 -9804 26104 -7880 10435 -32768 END
START -4928 -11468 25580 -6494 8381 -32768 END
START -11108 -12268 26172 -3941 4963 -32768 END
START -14604 -12636 26552 -442 2891 -32768 END
START -16440 -13240 25112 3354 851 -26375 END
START -16772 -13520 21428 5838 550 -20016 END
START -16452 -12468 16524 5722 544 -14020 END