START -11412 3944 -3552 452 6033 -3207 END
START -14920 -3656 100 6 2823 1205 END
START -28916 -5712 10060 716 2273 7927 END
START -27808 -6884 10984 1154 4165 14515 END
START -23268 -7800 10080 2194 4785 19884 END
START -19928 -8640 8536 3176 5820 23416 END
START -20348 -9624 6524 3888 6272 27614 END
START -20456 -9704 3032 3354 4220 32767 END
START -19220 -9972 132 1345 2935 32767 END
START -16476 -10436 -1900 -2090 3949 32767 END
START -13076 -12328 -3068 -6824 4902 32767 END
START -5428 -14764 -1624 -10377 3580 32767 END
START 2412 -14504 -88 -12167 3044 32767 END
START 2424 -14816 28 -12957 1886 32767 END
START 4556 -15948 -600 -13840 77 32767 END
START 6560 -15656 -2288 -16117 695 32767 END
START 8428 -16588 -2096 -19920 910 32767 END
START 15408 -16764 -504 -23971 900 32767 END
START 30812 -14736 4060 -26378 4701 32767 END
START 32767 -11528 6356 -28087 8636 32767 END
START 32068 -10296 8848 -28942 9209 25902 END
START 29040 -10072 11056 -28963 6758 21661 END
START 31072 -9192 12532 -28720 6263 19716 END
START 32767 -8172 13544 -30371 9171 16523 END
START 32767 -7036 17224 -31152 15868 8173 END
START 32767 -6644 16940 -30849 22946 -4556 END
START 32767 -9896 16960 -31308 23773 -15633 END
START 26480 -13116 20392 -30642 20921 -22532 END
START 20340 -15088 23660 -28690 18555 -26055 END
START 18608 -16360 25436 -26606 18475 -29217 END
START 14984 -17516 28096 -23353 16533 -32768 END
START 13404 -17436 27828 -19549 12212 -32768 END
START 13256 -17964 26300 -17415 10583 -32768 END
START 12596 -19516 25308 -16650 12868 -32768 END
START 10024 -21116 26316 -16639 17382 -32768 END
START 7364 -21580 28440 -15003 19651 -32768 END
START 2592 -23284 29484 -11103 18080 -32768 END
START -2736 -24084 28980 -6790 14484 -32768 END
START -8224 -24300 27992 -2632 11828 -32768 END
START -12796 -24480 25744 772 11897 -32768 END
START -20732 -25168 24048 3869 12510 -32768 END
START -27432 -24932 21412 8153 10595 -32174 END