START -8424 6672 2784 1487 6986 -8360 END
START -4312 2432 5624 1485 3525 -7572 END
START -12140 804 13400 -314 3534 -7117 END
START -13140 -736 16620 -1677 6921 -6924 END
START -14988 -2672 19028 -2689 9916 -6058 END
START -23240 -4428 22540 -661 9859 -1873 END
START -27916 -5248 22592 4236 6835 5048 END
START -27596 -5632 18032 8763 4533 12740 END
START -25328 -5564 11144 10916 3389 19683 END
START -22128 -4764 4408 9406 2092 25660 END
START -18204 -3840 -100 5203 1978 29881 END
START -15004 -3552 -772 455 2425 32767 END
START -12684 -4108 -572 -2933 2329 32767 END
START -8072 -5084 244 -5011 882 32767 END
START -120 -5436 364 -6093 294 32767 END
START 5012 -4388 -900 -7347 642 32767 END
START 6884 -3460 -2976 -9483 807 32767 END
START 6568 -2728 -4116 -12541 -114 32767 END
START 7948 -3440 -3520 -16044 -443 32767 END
START 8612 -4248 -2316 -19721 -317 32767 END
START 13464 -5940 1180 -23283 384 32767 END
START 23960 -4772 5260 -25575 3383 32767 END
START 25036 -3860 8584 -26874 5465 25147 END
START 21432 -4284 11016 -26853 3484 19683 END
START 17920 -5292 12180 -26845 995 16922 END
START 20396 -5676 14888 -27061 800 16754 END
START 27084 -5008 17128 -28165 6573 13513 END
START 31212 -5024 19716 -29324 12483 5740 END
START 29684 -5268 23612 -27623 15036 -4797 END
START 25108 -7012 23268 -24983 13499 -14120 END
START 19736 -9348 24532 -23379 10996 -20067 END
START 16412 -11412 26368 -21874 10819 -23618 END
START 14436 -13008 27436 -21444 16514 -26905 END
START 11268 -13940 27312 -20121 20700 -30278 END
START 7448 -14404 27560 -18179 20881 -32768 END
START 4120 -15488 28064 -14279 16793 -32768 END
START -3260 -16248 30056 -8297 9147 -32768 END
START -7820 -15092 29544 -1480 402 -32768 END
START -6028 -13064 24364 976 -1356 -32768 END
START -8520 -12536 21408 -810 3749 -31645 END
START -15300 -12560 21784 -1849 7724 -29029 END
START -22644 -12684 22044 -310 7344 -24131 END