START 7928 9580 5692 6731 692 367 END
START -7040 2256 9652 6880 148 -2320 END
START -4612 2172 5176 5759 3275 -4002 END
START -8820 1844 4564 4371 4024 -2505 END
START -12784 1180 5884 2630 4241 -1281 END
START -16292 64 6984 1557 4237 351 END
START -18864 -1160 7344 1270 3534 2600 END
START -21976 -2208 7688 1994 2406 6602 END
START -23268 -2848 6776 2876 1670 11563 END
START -23484 -3692 5384 2605 1832 17086 END
START -22216 -4272 3780 1978 1445 23079 END
START -19448 -4768 1800 529 522 28556 END
START -15648 -4956 -100 -1303 -1669 32620 END
START -12692 -5800 -1844 -3758 -4906 32767 END
START -8928 -5952 -2992 -6134 -9151 32767 END
START -5820 -6940 -3548 -8235 -11925 32767 END
START -2336 -8312 -4304 -9923 -12163 32767 END
START 3140 -8540 -5632 -11716 -12708 32767 END
START 12152 -7272 -9168 -16162 -7076 32767 END
START 14036 -7860 -8696 -22888 1889 32767 END
START 9292 -10836 -5028 -27813 4858 32767 END
START 11112 -14040 -1220 -29252 -851 32767 END
START 18132 -14876 3448 -28880 -5783 32767 END
START 24300 -15644 6720 -27222 -8161 32767 END
START 31540 -14888 9284 -26735 -6803 27060 END
START 32767 -14172 10676 -28590 2307 19941 END
START 32767 -15176 15520 -30657 10694 14081 END
START 32767 -15124 21052 -29954 16682 9727 END
START 32767 -13272 23184 -27558 22390 2326 END
START 32767 -12768 21420 -25465 24190 -6044 END
START 27952 -13192 20664 -24265 22567 -13360 END
START 22984 -14056 21108 -22874 20098 -18170 END
START 21408 -14040 23148 -21588 18305 -21468 END
START 22724 -13724 23988 -20167 20585 -26164 END
START 20980 -13900 23736 -19777 25099 -31736 END
START 17488 -14584 24872 -19223 26556 -32768 END
START 14796 -15996 27376 -16622 21357 -32768 END
START 9276 -19032 28808 -13644 16506 -32768 END
START 716 -19452 30384 -11037 14666 -32768 END
START -5664 -19080 31784 -7968 15197 -32768 END
START -9600 -18748 31556 -4091 16186 -32768 END
START -14192 -17860 29176 265 16274 -32768 END
START -20692 -17216 25380 4598 12915 -28675 END
START -24592 -15496 21264 7764 6943 -22247 END
START -25032 -13364 16704 8647 3474 -15840 END