START -12080 7996 3028 2659 6924 2635 END
START -9004 4712 -6048 3789 7510 2976 END
START -12488 12132 6772 1638 6848 2686 END
START -12616 8344 216 3089 7938 2399 END
START -13448 11192 3544 2261 7277 2463 END
START -14244 11248 2572 1734 6431 2551 END
START -13996 10740 2356 903 5741 2595 END
START -13668 9440 1564 332 5441 2472 END
START -13752 8948 1776 -218 5183 2304 END
START -13720 8664 1764 -636 4954 2281 END
START -14256 8508 2280 -917 4605 2318 END
START -14368 8588 2188 -1204 4458 2511 END
START -14744 8580 3348 -1373 4389 2787 END
START -15020 8480 3184 -1349 4192 3209 END
START -14984 8572 3588 -1414 3884 3681 END
START -14920 8404 3496 -1351 3907 4129 END
START -14868 7928 4076 -1270 3731 4443 END
START -14712 7700 4048 -1201 3671 4720 END
START -14972 7420 4512 -1073 3520 4965 END
START -14824 7364 3948 -988 3476 5243 END
START -15076 7456 3628 -999 3860 5601 END
START -15508 7484 3828 -910 3938 6060 END
START -15668 7468 3784 -967 4067 6567 END
START -15744 7468 3652 -1064 4152 7036 END
START -15840 7428 3384 -1235 4297 7534 END
START -15548 7120 3264 -1429 4471 8008 END
START -15624 6920 3200 -1661 4545 8474 END
START -15724 6648 3444 -1898 4545 8913 END
START -15896 6612 3260 -2092 4557 9362 END
START -15852 6476 3200 -2306 4558 9882 END
START -15744 6236 3112 -2500 4590 10410 END
START -15716 6056 3344 -2640 4615 10933 END
START -15376 5792 3116 -2866 4691 11539 END
START -15360 5912 3148 -3129 4844 12005 END
START -15152 5632 3052 -3345 5040 12783 END
START -15128 5596 3000 -3618 5379 12954 END
START -14984 5620 3204 -3793 5590 13526 END
START -14952 5516 3488 -4014 5765 13983 END
START -14756 5372 3228 -4207 5933 14487 END
START -14780 5200 3252 -4391 5956 14981 END
START -14792 5084 3288 -4566 5855 15498 END
START -15052 5180 3564 -4743 5674 15994 END
START -15208 5312 3784 -4848 5244 16569 END
START -14364 4672 3212 -4963 5088 17078 END
START -13852 4528 3444 -5041 4851 17585 END
START -13208 4100 3172 -5133 4742 17988 END
START -13080 4112 3440 -5228 4464 18371 END
START -13152 4088 3116 -5294 4302 18835 END
START -12988 4168 3028 -5429 4074 19311 END
START -12724 3908 2840 -5535 4010 19907 END
START -12272 3728 2940 -5534 3729 20453 END
START -11676 3584 2168 -5644 3882 20899 END
START -11312 3384 2344 -5846 3940 21301 END
START -10968 3380 2120 -5995 4133 21641 END
START -10352 3112 1816 -5997 4404 21847 END
START -9720 3280 1640 -6215 4624 22022 END
START -9040 2888 1444 -6368 4810 22109 END
START -8960 2768 1640 -6532 4905 22246 END
START -8768 2692 1156 -6694 4925 22371 END
START -8688 2848 652 -6991 4948 22552 END
START -8568 2872 -132 -7414 5105 22699 END
START -8740 2804 -608 -7826 5223 22906 END
START -8692 2792 -1044 -8315 5283 23146 END
START -8704 2860 -1488 -8887 5402 23595 END
START -8804 2884 -1784 -9429 5345 24033 END
START -8728 2996 -2224 -10074 5395 24612 END
START -8404 2716 -2828 -10706 5495 25173 END
START -7776 2540 -3356 -11474 5594 25741 END
START -7068 2380 -3624 -12272 5867 26199 END
START -6084 2520 -3752 -13059 6000 26627 END
START -5288 2844 -3948 -13960 6028 26970 END
START -4188 2932 -3972 -14902 5950 27196 END
START -2988 3056 -4020 -15975 5897 27300 END
START -1796 2932 -4248 -16955 5931 27223 END
START -868 2604 -4428 -17926 6095 27064 END
START -136 2424 -4248 -18881 6229 26850 END
START 460 2384 -4088 -19729 6290 26641 END
START 1060 1960 -3840 -20544 6237 26486 END
START 1544 1580 -3748 -21257 6117 26311 END
START 1900 1472 -3396 -21941 5800 26110 END
START 2212 1444 -3352 -22580 5440 25873 END
START 2308 1164 -3200 -23195 4945 25690 END
START 2912 652 -2944 -23768 4463 25456 END
START 3088 452 -3128 -24386 3999 25262 END
START 3460 152 -2620 -25011 3539 25100 END
START 3728 -320 -2596 -25594 3046 24936 END
START 3856 -412 -2692 -26232 2580 24811 END
START 4220 -364 -1876 -27069 2333 24848 END
START 4560 -568 -1852 -27846 1950 24838 END
START 5392 -824 -1460 -28492 1761 24839 END
START 6232 -800 -908 -29167 1585 24790 END
START 7312 -980 -52 -29792 1728 24732 END
START 8396 -884 -68 -30372 1965 24623 END
START 9044 -1076 760 -30837 2110 24450 END
START 9324 -1160 1964 -31339 2399 24183 END
START 10064 -1212 2368 -31756 2713 23920 END
START 11072 -1752 2860 -32115 3166 23689 END
START 11800 -1660 3988 -32518 3741 23451 END
START 13308 -1664 3980 -32768 4481 23181 END
START 14320 -1692 4588 -32768 5309 22860 END
START 15116 -1588 4384 -32768 6115 22481 END
START 15924 -1628 5188 -32768 6707 22027 END
START 15952 -1600 6600 -32768 6806 21584 END
START 16780 -1968 6540 -32768 6815 20969 END
START 17100 -2204 7028 -32768 6532 20366 END
START 17380 -2496 7276 -32768 5887 19734 END
START 17616 -2816 8440 -32768 4285 19120 END
START 18556 -2920 7708 -32768 3639 18441 END
START 19128 -2692 7752 -32768 2679 17692 END
START 19468 -3072 8468 -32768 1494 16960 END
START 20432 -2896 8740 -32768 784 16136 END
START 21280 -3144 9540 -32768 54 15338 END
START 22208 -2996 9756 -32768 -416 14524 END
START 23344 -2840 10100 -32768 -712 13709 END
START 24392 -2592 11028 -32768 -703 12769 END
START 25608 -2780 12876 -32768 -703 12179 END
START 26248 -2696 14640 -32768 -856 11031 END
START 26504 -1864 15956 -32768 -918 10158 END
START 27096 -2000 17096 -32768 -1041 9210 END
START 27424 -2428 19144 -32768 -909 8052 END
START 27772 -2452 20160 -32768 -852 6823 END
START 27572 -2744 22424 -32768 -844 5643 END
START 27128 -2252 24344 -32768 -1137 4453 END
START 26732 -1628 25520 -32768 -1661 3430 END
START 26264 -908 26288 -31898 -2212 2488 END
START 25432 -1164 26736 -30887 -2816 1804 END
START 25972 -2072 26788 -30046 -3348 990 END
START 25236 -2256 28852 -27604 -4388 12 END
START 24480 1352 29316 -27530 -5934 -481 END
START 25036 1032 26524 -27548 -6843 -1035 END
START 25660 304 26256 -27173 -7272 -1660 END
START 26448 -256 27364 -26733 -7624 -2531 END
START 27320 -440 28036 -25804 -7931 -3525 END
START 28156 -128 28604 -24959 -8262 -4557 END
START 28948 408 28200 -24194 -8323 -5722 END
START 29216 376 28764 -23443 -8208 -7059 END
START 29340 -396 28920 -22162 -8039 -8647 END
START 28856 88 29952 -21231 -8098 -10110 END
START 27884 312 30024 -20323 -8206 -11573 END
START 26756 532 30272 -19408 -8352 -12868 END
START 25252 672 30252 -18648 -8656 -14166 END
START 24232 1000 30012 -17808 -8790 -15278 END
START 23064 1468 29544 -17134 -8854 -16272 END
START 22164 1552 29096 -16631 -8807 -17276 END
START 21272 1612 28376 -16110 -8497 -18132 END
START 20368 1700 28068 -15801 -8178 -18951 END
START 19524 1700 27572 -15586 -7619 -19718 END
START 18884 1584 26824 -15389 -7083 -20486 END
START 17716 1564 26412 -15409 -6451 -21226 END
START 16760 1660 26060 -15403 -5852 -21909 END
START 15856 1700 25824 -15491 -5313 -22525 END
START 14624 1632 25580 -15603 -4743 -23183 END
START 13956 1428 25348 -15716 -4151 -23868 END
START 13012 1128 25452 -15869 -3555 -24493 END
START 12044 744 25696 -15927 -3047 -25138 END
START 11068 512 25980 -16045 -2574 -25775 END
START 9832 136 26544 -16025 -2227 -26303 END
START 8564 -156 26936 -15996 -1933 -26797 END
START 7728 -996 27788 -15967 -1841 -27412 END
START 6476 -80 27736 -15543 -1552 -27708 END
START 5588 132 27256 -15953 -1322 -27887 END
START 4520 -1240 27392 -16028 -926 -28203 END
START 3668 -2152 27904 -15974 -522 -28612 END
START 2636 -2300 28912 -15857 -207 -28938 END
START 1560 -3128 29824 -15322 -125 -29309 END
START 464 -3532 30980 -14707 -297 -29668 END
START -756 -3252 31364 -13784 -536 -29822 END
START -2172 -3172 31520 -13102 -949 -29909 END
START -3324 -3404 31416 -12549 -1392 -29988 END
START -3908 -3800 31300 -12051 -1866 -30011 END
START -4924 -4152 31704 -11572 -2374 -30093 END
START -6136 -4576 32476 -10838 -2856 -30090 END
START -7252 -4248 32767 -10154 -3690 -29976 END
START -8088 -4592 32767 -9553 -4319 -29736 END
START -9316 -5012 32767 -8865 -4959 -29283 END
START -9948 -5392 32600 -8129 -5376 -28748 END
START -10640 -5208 32664 -7288 -5589 -28097 END
START -11600 -4692 32428 -6566 -5787 -27438 END
START -12140 -4812 32232 -5867 -5941 -26664 END
START -12368 -4612 31908 -5128 -5907 -25853 END
START -12880 -4748 32060 -4478 -5998 -25033 END
START -12732 -4980 31520 -3674 -5936 -24175 END
START -12976 -5204 31496 -2836 -5837 -23295 END