START 2200 5056 -452 8509 12312 -2555 END
START -5540 -1368 -4220 6186 7349 -1655 END
START -7796 -2792 -1080 4077 4839 -407 END
START -13900 -3100 4212 736 6325 2466 END
START -13852 -3116 6816 -2171 11758 5718 END
START -16136 -3448 8740 -3751 16300 9884 END
START -17416 -4044 9304 -2936 16276 14296 END
START -16872 -4648 8964 -166 12546 18512 END
START -15928 -4700 6100 2483 7728 21791 END
START -15952 -4900 3888 3341 3827 25459 END
START -15168 -4528 1316 2931 701 29937 END
START -13320 -4168 -128 977 373 32767 END
START -10448 -4768 -528 -1602 1240 32767 END
START -6232 -5556 1016 -3747 2280 32767 END
START -136 -5068 1804 -4923 1137 32767 END
START 5108 -4916 1616 -5628 -248 32767 END
START 5376 -4800 1972 -6164 -746 32767 END
START 5420 -4856 116 -7079 -370 32767 END
START 3808 -4764 -1360 -9636 -681 32767 END
START 4800 -5544 -488 -12582 -1654 32767 END
START 9952 -6360 420 -15656 -702 32767 END
START 18232 -5328 1752 -19193 3038 32767 END
START 21876 -4448 4188 -22663 7306 32767 END
START 19412 -4488 7160 -24106 8433 29559 END
START 16788 -4848 9008 -24163 6082 27173 END
START 17572 -5652 10960 -24022 3060 27007 END
START 24472 -4208 12792 -23675 3992 24974 END
START 31572 -2960 12592 -24652 8999 17312 END
START 30340 -2352 12988 -26152 13884 8178 END
START 26304 -3400 14540 -26921 14609 1004 END
START 24700 -4488 16564 -26592 13732 -4176 END
START 22868 -5576 17488 -26465 14115 -8857 END
START 22888 -6912 20108 -26017 14957 -13416 END
START 22772 -8428 22296 -25309 16701 -19611 END
START 18216 -10640 23884 -23470 16015 -25533 END
START 14248 -11852 25080 -20972 10892 -29507 END
START 14680 -11724 27868 -19278 8602 -32768 END
START 16032 -12364 29140 -17294 11686 -32768 END
START 13796 -13896 27448 -15974 17363 -32768 END
START 11144 -15004 25680 -15148 21218 -32768 END
START 4616 -17136 26584 -12481 19838 -32768 END
START 1564 -18404 27584 -8354 14554 -32768 END
START -828 -19712 26308 -5727 14027 -32768 END
START -5944 -20620 24908 -4206 15711 -32768 END
START -14232 -20680 25248 -1403 15253 -32768 END
START -22356 -20076 24776 3816 8818 -32768 END