START 7632 9764 8400 2017 6139 -3854 END
START -6656 544 9844 2824 802 -2087 END
START -11680 -304 13700 4014 -1033 -15 END
START -8460 132 13280 4384 354 2295 END
START -4032 672 9584 4254 2788 3949 END
START -7000 1552 9252 2630 4109 5558 END
START -5084 1172 8668 1218 2104 6648 END
START -3280 1980 9744 594 209 6783 END
START -4000 3040 11072 583 -1018 6746 END
START -3032 3652 11160 165 -681 6673 END
START -2984 3780 11608 -526 1567 7120 END
START -3096 4040 11704 -1510 3759 7594 END
START -4732 3960 12572 -1876 4648 8009 END
START -5820 3528 12712 -1793 3796 8309 END
START -7512 2948 12644 -1404 3082 8704 END
START -10696 1960 11844 -938 1888 10103 END
START -13360 840 10916 -406 -442 12947 END
START -13512 180 9180 -511 -2148 16453 END
START -13700 -1020 7560 -1604 -2995 20622 END
START -12844 -2188 6284 -3322 -3347 25687 END
START -9076 -3792 4720 -5640 -3240 29952 END
START -4396 -5520 4756 -8075 -2070 31967 END
START -1536 -6560 4136 -10081 -1771 32299 END
START 76 -8172 3796 -11770 -3995 32767 END
START 3560 -9400 4252 -12691 -6468 32767 END
START 8520 -9904 3776 -13735 -7899 32767 END
START 12132 -10120 3196 -15462 -7854 31620 END
START 17328 -9652 3376 -17729 -6666 29802 END
START 23316 -8652 4132 -20606 -2757 26881 END
START 28352 -7292 5536 -23493 1887 21882 END
START 31420 -6004 8024 -25685 5562 14906 END
START 32232 -5188 10224 -27005 7793 7725 END
START 32767 -4380 13120 -27386 9653 179 END
START 32767 -4432 15532 -27775 13523 -9088 END
START 32767 -6296 18828 -28085 17503 -18267 END
START 29620 -7708 23760 -26989 18825 -26860 END
START 24224 -9808 27916 -23735 16761 -32768 END
START 19944 -11896 29380 -20482 14079 -32768 END
START 15024 -15100 30640 -18699 13286 -32768 END
START 9140 -18256 31016 -17805 18560 -32768 END
START -3580 -21424 30560 -16049 23443 -32768 END
START -21300 -22844 32767 -9257 16980 -32768 END
START -28728 -22384 32767 447 6214 -32768 END
START -29820 -20068 27816 5742 2670 -26372 END
START -30584 -16848 20488 5940 3968 -15738 END