START 2844 9416 2512 11447 15392 -1642 END
START -12396 2172 9204 12503 5566 -646 END
START -14264 -356 9440 14426 -53 3071 END
START -15588 -436 9756 14360 1312 7124 END
START -12128 -152 7604 12179 5693 9522 END
START -12004 -744 5836 10094 9839 10834 END
START -13032 -1432 4052 8794 8845 12116 END
START -13084 -1716 3160 7266 5633 12961 END
START -13688 -2308 2728 6935 2357 15209 END
START -13708 -2996 2596 6683 -50 18337 END
START -12828 -3008 1920 5806 -719 21869 END
START -9328 -2480 508 3086 2807 24874 END
START -7580 -2628 668 -570 8649 27196 END
START -5784 -2636 1208 -3502 12682 28707 END
START -4344 -2560 1960 -6149 15307 29151 END
START -4552 -2900 976 -8510 16444 29852 END
START -4452 -3692 1172 -10457 13815 29502 END
START -3384 -5152 1664 -11808 10336 30400 END
START 2052 -5072 1972 -13290 8553 30302 END
START 4428 -5812 2440 -15157 9066 28041 END
START 3900 -5824 3100 -17870 9717 27401 END
START 5644 -5988 5184 -20115 10040 28170 END
START 8620 -5364 7424 -21627 8757 28712 END
START 15688 -4548 10340 -22294 6888 27641 END
START 21984 -3560 12864 -22125 6142 23672 END
START 24748 -2648 14144 -21855 7011 18160 END
START 24448 -2100 15244 -22840 8123 12605 END
START 22320 -2688 16660 -23536 10045 8088 END
START 19500 -2844 18316 -24117 10617 5469 END
START 17800 -3344 20552 -23362 9008 3750 END
START 18224 -3388 21196 -21647 6299 2264 END
START 20508 -2820 20500 -20771 5434 -317 END
START 23220 -2040 19332 -22040 8215 -5255 END
START 21488 -2400 18920 -23918 11233 -10783 END
START 18280 -3960 20332 -25270 12237 -15367 END
START 15740 -4528 23200 -24766 10576 -18441 END
START 15136 -4628 25000 -23171 6970 -22669 END
START 14260 -5096 25796 -21285 4610 -26719 END
START 14160 -5316 24964 -21131 6065 -31416 END
START 10504 -7232 25816 -21503 9370 -32768 END
START 6032 -10140 27412 -20487 11431 -32768 END
START -3200 -11408 31136 -16321 7840 -32768 END
START -2272 -10024 31000 -10996 3686 -32768 END
START -908 -9448 28716 -8442 5530 -32768 END
START -3400 -10992 26492 -7233 8837 -32768 END
START -10484 -12888 26412 -4862 8764 -32768 END
START -17328 -13960 26312 -661 5314 -32768 END
START -19524 -12820 24924 2739 3546 -27663 END
START -18588 -11884 22576 4312 4985 -21246 END
START -15612 -11224 20944 4853 7644 -16860 END
START -14128 -10420 19012 4922 8768 -15271 END
START -13572 -9932 17852 5456 5746 -13140 END