START 3428 11428 9932 1523 7257 -613 END
START -7312 4212 7876 3084 2122 713 END
START -15720 3656 12052 3120 721 3200 END
START -12752 4576 10120 1611 2836 5586 END
START -5956 3788 7824 -124 5294 6013 END
START -8380 3376 9660 -942 6666 5499 END
START -12040 2536 10424 -663 5089 5229 END
START -14020 1804 10128 203 2842 6908 END
START -15144 1860 9064 84 2820 9815 END
START -14912 1764 7896 -764 4159 13177 END
START -15496 1000 7116 -1822 4074 16923 END
START -12824 764 6060 -3182 2607 20329 END
START -8640 116 6664 -4264 1999 21737 END
START -6604 188 6324 -4683 2130 22340 END
START -6324 -512 5696 -5310 407 23483 END
START -4824 -1316 5348 -5877 -476 25238 END
START -3064 -2108 4008 -6983 -352 26595 END
START -2208 -3372 2240 -8994 -45 27688 END
START 396 -4704 1944 -11347 -309 28216 END
START 1072 -5532 2648 -13692 -580 28357 END
START 2576 -6600 3360 -15429 -1425 29665 END
START 5400 -7532 4320 -17077 -1881 30604 END
START 7748 -8160 4132 -18866 -2185 30545 END
START 11552 -8332 5760 -20427 -3007 30275 END
START 14796 -8252 6888 -21710 -2959 28501 END
START 17460 -8300 7468 -23356 -2488 26474 END
START 18716 -8260 9168 -25404 -210 24251 END
START 21864 -8388 12544 -26928 2146 21977 END
START 24448 -8292 15460 -26973 4137 17719 END
START 26340 -8096 18160 -25974 3586 12599 END
START 28344 -7928 20168 -24314 1959 6684 END
START 30284 -7804 20536 -23512 3272 636 END
START 29456 -8588 21236 -23531 6174 -5094 END
START 29456 -9460 22896 -23225 9934 -10949 END
START 28064 -10904 23892 -22470 13617 -17518 END
START 26764 -12756 24852 -21278 15999 -24675 END
START 23636 -14964 25864 -19688 17423 -31283 END
START 19648 -16572 26896 -18159 18985 -32768 END
START 17644 -17872 27728 -15623 20179 -32768 END
START 16608 -18456 26408 -13171 22616 -32768 END
START 12700 -19128 23880 -11628 25805 -32768 END
START 6608 -20612 21996 -9779 25707 -32768 END
START -3920 -22360 23776 -5747 17052 -32768 END
START -12384 -22356 25764 541 6921 -32768 END
START -21068 -21852 24300 6127 1048 -32768 END