START -7248 8720 1292 5426 5454 -918 END
START -9824 3532 4348 5173 723 1149 END
START -13920 3352 7000 3239 4074 3263 END
START -10824 3336 6808 1224 7177 5051 END
START -11020 3084 9188 796 8417 5736 END
START -13756 2092 11232 2783 5741 6870 END
START -14832 1296 11128 4896 3415 8940 END
START -16204 272 9448 6203 1764 12163 END
START -15724 -524 6216 5860 1243 15688 END
START -16148 -952 3656 4198 742 19652 END
START -15200 -1304 1796 1634 2 23730 END
START -13884 -2288 1280 -985 501 27642 END
START -12876 -3744 636 -3625 1194 32070 END
START -9536 -5032 784 -5704 106 32767 END
START -3980 -6180 1096 -6774 -1793 32767 END
START 480 -6980 296 -7676 -2231 32767 END
START 2904 -7588 -1984 -9562 -2060 32767 END
START 2812 -9504 -3408 -12912 -1354 32767 END
START 2712 -11616 -1712 -16244 -3393 32767 END
START 11168 -12580 -528 -19334 -3118 32767 END
START 19620 -12284 -36 -23223 2063 32767 END
START 20576 -12944 3432 -27076 6476 32767 END
START 23612 -12824 7256 -28054 5740 32767 END
START 25940 -11820 8964 -28232 3331 28870 END
START 28104 -11432 8844 -28950 2707 23654 END
START 32767 -11504 12440 -30844 4019 19203 END
START 32767 -10664 16976 -31998 10517 11782 END
START 32767 -9976 20348 -32252 16763 2372 END
START 32767 -9888 21444 -31743 20068 -7707 END
START 32767 -11768 24116 -30454 20925 -17360 END
START 32767 -13784 27644 -27330 18897 -26680 END
START 30436 -15572 28436 -24018 16337 -32768 END
START 29736 -16984 29612 -21803 17232 -32768 END
START 29212 -18144 28504 -20323 24026 -32768 END
START 26184 -20052 26012 -19058 31116 -32768 END
START 18496 -22684 26256 -16282 28811 -32768 END
START 8924 -27160 29416 -11638 22992 -32768 END
START -7620 -30804 30124 -4665 15676 -32768 END
START -26444 -30804 27668 896 8595 -32768 END
START -32768 -26948 25392 3350 6671 -32768 END
START -32768 -22844 22048 3894 9561 -30323 END
START -32768 -18756 17456 3899 9877 -18433 END
START -32768 -14740 15380 2975 5226 -9594 END
START -27612 -11852 16496 3385 2202 -3748 END
START -21604 -9172 16192 4748 489 144 END
START -16148 -6784 14428 5090 -45 2516 END