START 6624 14528 -1720 4690 9105 -1358 END
START 1196 6916 -3508 3919 3005 -910 END
START -10936 5948 5608 2616 1027 163 END
START -11492 5168 6312 960 2130 1043 END
START -8664 4796 3764 -270 1992 2684 END
START -13776 4372 6472 -1286 1906 4669 END
START -14772 3608 5804 -1874 2849 7812 END
START -14944 2964 4652 -2793 2407 10719 END
START -13772 2856 3300 -4023 824 14264 END
START -11612 2716 2040 -5688 -1395 16803 END
START -9096 2536 820 -7605 -3899 19332 END
START -6268 2388 100 -10221 -4433 20994 END
START -5500 1092 -256 -13341 -2588 23175 END
START -3824 -608 -1000 -16628 -1584 25379 END
START -836 -1432 -1024 -19677 -1195 26598 END
START 2196 -2008 -916 -23274 -3048 26602 END
START 6828 -2444 -396 -27240 -4399 24616 END
START 9072 -4064 4068 -30470 -3441 22656 END
START 14800 -4208 9204 -31817 -854 17937 END
START 15120 -4668 12100 -32376 103 12467 END
START 17904 -4944 16092 -32768 -280 8251 END
START 16916 -5884 21984 -32768 1882 4147 END
START 17632 -6400 27668 -30788 3312 1173 END
START 22488 -6008 32767 -26620 6355 -4084 END
START 22108 -6152 32767 -20219 10188 -11934 END
START 17596 -6368 32767 -13768 10836 -19135 END
START 15768 -6732 32767 -8867 10808 -24698 END
START 16132 -6908 32767 -4580 11499 -30745 END
START 17340 -7048 31520 -251 14066 -32768 END
START 12488 -9280 27952 2845 15838 -32768 END
START 4308 -12024 25064 4983 15825 -32768 END
START -220 -13768 22912 5345 14685 -32768 END
START -7680 -17268 23232 7700 15907 -32768 END
START -15612 -18328 22880 11064 14199 -32768 END
START -23232 -18680 20324 14616 12212 -32768 END
START -26216 -18352 16480 16460 10079 -32768 END
START -29996 -17340 12172 16804 8814 -26309 END
START -32768 -15504 9076 16556 4523 -16141 END
START -31660 -12948 5328 14856 -89 -6571 END
START -26400 -9116 2472 10700 -2076 727 END
START -21768 -6048 1900 4944 -2564 5205 END
START -16696 -3484 3692 -247 -2736 8090 END