START -5452 9396 4600 4422 11322 -13791 END
START -10416 1308 7208 5930 5977 -10106 END
START -11884 148 7924 5897 2629 -4324 END
START -14256 -1140 10352 5211 7201 -186 END
START -21704 -3888 11060 5424 9899 4494 END
START -30080 -6424 9840 7557 4156 13124 END
START -30068 -7604 4528 8191 -3739 23721 END
START -20896 -7852 -428 5691 -7694 31202 END
START -14392 -8068 -2768 1892 -7150 32767 END
START -12228 -8408 -3932 -1681 -6050 32767 END
START -10992 -9132 -7484 -5776 -4506 32767 END
START -9000 -11084 -8060 -10725 -3284 32767 END
START -928 -11436 -7016 -14828 -2237 32767 END
START 7472 -10640 -5740 -17942 -1037 32767 END
START 11808 -10208 -4040 -20469 -2686 32767 END
START 16420 -9888 -2368 -22762 27 32767 END
START 18560 -9984 -1724 -25889 3904 32767 END
START 24088 -9460 2044 -28913 5688 32505 END
START 31308 -8076 5700 -29744 8174 24952 END
START 31752 -8156 7000 -31194 9825 16619 END
START 31728 -9336 11820 -32662 10437 10175 END
START 32767 -10128 18480 -32559 13783 2774 END
START 32767 -11088 21152 -31431 20111 -6282 END
START 32256 -12204 23588 -30911 24998 -15171 END
START 29584 -13232 26584 -27724 25012 -25395 END
START 24112 -15744 27892 -24110 19710 -32768 END
START 24220 -16952 27284 -21929 19808 -32768 END
START 21308 -19092 28040 -20439 24410 -32768 END
START 13976 -21768 27856 -18321 26501 -32768 END
START 8100 -24288 29748 -15179 24549 -32768 END
START -6884 -28320 32720 -11157 19514 -32768 END
START -21820 -29508 32767 -5201 10449 -32768 END
START -26656 -26880 32767 660 6928 -32768 END
START -29884 -23800 32476 4409 9867 -32768 END
START -32768 -20556 27292 6726 11816 -32258 END
START -32768 -17232 23256 8951 5603 -21818 END
START -32768 -13812 20544 9145 -628 -10792 END
START -30164 -11232 20384 8153 -2473 -1405 END