START -9224 1876 5528 8380 16594 611 END
START -21304 -5896 8588 9187 11074 5284 END
START -27188 -7992 11920 10740 9522 11986 END
START -20208 -8544 5788 12359 8262 18769 END
START -20132 -8636 3840 12309 3445 23430 END
START -14344 -8996 1092 12214 2418 26885 END
START -11452 -8796 -668 10159 2453 28964 END
START -10440 -7936 -2268 6814 2641 30800 END
START -9532 -7924 -3332 3077 4555 32767 END
START -9304 -8568 -3788 -735 4089 32767 END
START -7872 -9744 -3344 -4232 2446 32767 END
START -3652 -10556 -1996 -6583 1604 32767 END
START 916 -10792 -1616 -8569 2555 32767 END
START 4676 -9916 -2300 -11122 5335 32767 END
START 7852 -9608 -2348 -14700 7859 32767 END
START 10108 -9048 -1700 -17616 8265 32767 END
START 10368 -9088 -896 -20079 7300 32767 END
START 7940 -10136 1132 -22226 3613 32767 END
START 13436 -10016 2848 -23462 297 32767 END
START 20996 -9000 4316 -25654 1011 32461 END
START 22940 -8380 6284 -28314 3630 27622 END
START 29052 -7372 10860 -29954 4460 23171 END
START 31724 -5740 12988 -30854 9204 14853 END
START 27544 -6052 13848 -32255 12557 8024 END
START 24784 -6840 16444 -32768 13177 3601 END
START 24056 -7816 21232 -32768 12118 558 END
START 26744 -8016 24792 -32142 13335 -4417 END
START 25952 -8720 28468 -28855 12689 -10984 END
START 28424 -8396 26452 -25611 12662 -19865 END
START 22776 -10456 24720 -24948 15505 -27449 END
START 16612 -12436 24956 -24576 15551 -31531 END
START 15056 -13588 27828 -24096 16020 -32768 END
START 15632 -14364 29560 -22030 17021 -32768 END
START 11868 -16444 28976 -19794 19626 -32768 END
START 3584 -18656 28144 -17063 17731 -32768 END
START -6352 -20028 31364 -12556 11022 -32768 END
START -12880 -19564 32767 -5769 3517 -32768 END
START -17828 -18888 32767 475 1551 -32768 END
START -23312 -18524 30156 4998 3244 -30760 END
START -27080 -17528 25840 7739 3677 -20379 END
START -24552 -14420 20856 8287 3125 -11129 END
START -20000 -11880 18228 6944 4093 -4918 END