START -2716 6476 -204 6705 12208 5023 END
START -13068 -4124 -2976 9120 6508 10342 END
START -16204 -6396 -2916 9621 -1690 17597 END
START -12984 -6500 -4956 6987 -5495 21143 END
START -12784 -6672 -4812 1457 743 23084 END
START -18796 -7780 -2736 -3216 6647 27606 END
START -25608 -10544 -32 -5135 5646 32767 END
START -24528 -13108 -900 -6282 2146 32767 END
START -13208 -14944 -636 -8029 -640 32767 END
START 312 -13000 -2076 -10796 753 32767 END
START 3188 -11568 -452 -14091 2492 32767 END
START 1588 -12212 1388 -14694 2574 32767 END
START 2520 -12976 116 -15631 1078 32767 END
START 5940 -14732 -588 -17903 -1418 32767 END
START 17400 -14364 -468 -21818 -1852 32767 END
START 30228 -13472 4504 -24513 874 32767 END
START 31128 -12336 7572 -24410 2826 32767 END
START 32767 -11460 7504 -24735 4205 32767 END
START 32767 -10276 9972 -26146 7230 27697 END
START 32767 -8452 11896 -27129 12063 19482 END
START 32767 -7440 14612 -28135 19006 9632 END
START 32767 -6320 16236 -28165 24159 -1481 END
START 32767 -6700 17888 -27658 24338 -13159 END
START 30844 -9392 20328 -26378 21173 -23673 END
START 24104 -11364 22844 -24372 15143 -29402 END
START 25512 -11364 24760 -23576 15357 -32768 END
START 24692 -12532 27148 -23196 24837 -32768 END
START 18252 -14772 25904 -21624 31269 -32768 END
START 8052 -17100 24476 -19141 27356 -32768 END
START 2964 -19820 26160 -16651 20640 -32768 END
START -11464 -24924 32008 -11058 12897 -32768 END
START -31260 -24300 32767 -1991 -1089 -32768 END
START -32768 -19832 32767 4554 -5429 -32768 END
START -28440 -15104 30772 5480 3869 -30759 END
START -26160 -12836 26864 5625 13800 -18881 END
START -23536 -10416 22616 7311 12329 -9429 END
START -17940 -7904 19320 9052 7102 -4587 END