START -7132 6132 -956 14647 2714 -1935 END
START -6048 2196 -60 13766 -103 -1300 END
START -9804 -36 2212 11578 1544 464 END
START -15096 -1084 4132 8857 6219 3674 END
START -13192 -1792 1684 5949 9322 7322 END
START -15216 -3060 2340 4146 8891 10680 END
START -15212 -3400 1760 3244 6568 14047 END
START -15116 -4460 2000 2964 3550 16378 END
START -16300 -4684 1600 3389 1517 19955 END
START -16192 -4684 -644 4001 -806 24146 END
START -14704 -4408 -4412 3795 -2181 29259 END
START -11116 -5196 -9732 1178 -3304 32767 END
START -3800 -5156 -14400 -4895 -3512 32767 END
START 596 -6216 -13640 -12399 -1432 32767 END
START 2224 -7764 -9140 -17752 601 32767 END
START 3236 -9212 -5296 -19954 774 32767 END
START 3188 -10436 -3848 -21599 -190 32767 END
START 4992 -11936 -1832 -24047 -1567 32767 END
START 9252 -13724 -44 -26407 -2230 32767 END
START 17068 -13976 2620 -29423 -3117 32767 END
START 23544 -14292 8728 -31225 -1654 32207 END
START 28616 -12664 13288 -31067 1155 25795 END
START 28476 -11944 14952 -31598 4718 19499 END
START 27288 -12292 18108 -31917 6900 15875 END
START 31280 -11116 21096 -31429 10358 11737 END
START 32767 -10368 24044 -30381 14513 4813 END
START 32767 -9456 25184 -28160 16508 -3752 END
START 32767 -10008 25128 -26713 17096 -12587 END
START 28108 -11540 26412 -25352 17021 -20234 END
START 21500 -13224 28168 -23312 16068 -24602 END
START 20732 -13572 29576 -20854 15831 -27577 END
START 21332 -14500 30928 -18817 18222 -32595 END
START 19964 -15184 29340 -17136 23020 -32768 END
START 15460 -16704 29708 -15199 25320 -32768 END
START 9692 -17660 28748 -11829 23438 -32768 END
START 3384 -19248 29552 -7125 17844 -32768 END
START -676 -18820 29160 -2973 14112 -32768 END
START -1772 -18580 28124 181 14639 -32768 END
START -6048 -19156 26752 2400 18215 -32768 END
START -14516 -20136 24896 5485 18662 -32768 END
START -22384 -20080 21992 9498 15595 -32768 END
START -27212 -19184 18264 12216 10190 -26023 END
START -29436 -16700 14072 13308 5310 -17697 END