START 1228 5960 2052 12550 8080 -4108 END
START -8672 -328 -412 11162 2503 -1292 END
START -17368 -2216 6252 8812 -519 2049 END
START -16712 -4352 7840 7843 -730 7570 END
START -12672 -4672 7716 6164 804 11236 END
START -9448 -4888 6464 5243 1948 12465 END
START -10836 -5272 6680 5342 2054 14586 END
START -11816 -5284 5240 5637 798 17921 END
START -11620 -5108 2928 5455 41 22039 END
START -10676 -4500 280 3808 -1032 26344 END
START -8276 -3648 -2108 1077 -2445 29747 END
START -4164 -2924 -2732 -2697 -2970 32539 END
START 956 -2016 -2440 -6492 -1339 32767 END
START 2308 -1724 -1268 -9637 637 32059 END
START 2768 -1032 -180 -12267 2442 31654 END
START 2548 -1212 1088 -14635 3714 32156 END
START 2844 -1520 1396 -16865 3224 32767 END
START 4516 -2172 2204 -19274 1469 32767 END
START 9496 -2268 4508 -21148 -824 32767 END
START 15916 -3108 8768 -21832 -3511 32767 END
START 21844 -1992 11808 -21935 -1693 27694 END
START 21712 -1952 14392 -22337 1937 20472 END
START 17084 -1924 15452 -21998 4482 15686 END
START 13376 -2700 14692 -21131 3690 13900 END
START 13656 -2652 12832 -21668 2187 13306 END
START 16656 -3040 13348 -23777 2151 11469 END
START 20004 -3420 17112 -25224 4112 7617 END
START 20840 -3424 18976 -25891 6423 1737 END
START 18776 -4064 20448 -25984 7928 -3277 END
START 16776 -5108 21696 -25232 8209 -7037 END
START 15512 -6216 22328 -23847 6736 -9869 END
START 15236 -6740 23052 -22686 5875 -12451 END
START 15496 -6736 23564 -21646 6756 -15351 END
START 16228 -6856 24212 -20642 8162 -18738 END
START 16636 -7404 24548 -19721 10444 -23756 END
START 15368 -8820 24324 -18783 13464 -29573 END
START 9724 -10636 23896 -17213 14008 -32768 END
START 5704 -11304 25268 -14983 9558 -32768 END
START 6460 -10948 25928 -12245 6335 -32768 END
START 5276 -11480 25256 -10327 5679 -32768 END
START 2992 -11816 23548 -10198 8947 -32768 END
START -1708 -12760 22928 -10141 11938 -32768 END
START -11300 -15004 26100 -7628 10106 -32768 END
START -22028 -15672 31172 -198 53 -32768 END
START -21752 -14684 29824 6318 -6288 -24215 END