START 1992 12596 1188 8229 1945 -4050 END
START -6040 1080 4248 9395 -3503 -3392 END
START -16616 736 10308 8689 -1860 550 END
START -16288 416 9004 7501 2493 4514 END
START -15760 -312 6840 6951 3755 7229 END
START -15872 -1020 4656 6379 2297 10623 END
START -16284 -1928 3644 5576 -437 15151 END
START -15812 -2144 364 4049 -4762 20150 END
START -12636 -1012 -2708 198 -8675 24610 END
START -8684 -2024 -1212 -4639 -7363 28532 END
START -4616 -1920 -1116 -8812 -4080 32461 END
START 256 -2984 -904 -12171 -3681 32767 END
START 7076 -2276 -1772 -15061 -4091 32767 END
START 8840 -2112 852 -17712 -5222 31052 END
START 11020 -2292 2940 -18894 -6072 29679 END
START 12344 -2628 3296 -19721 -6837 28562 END
START 16632 -1644 2872 -22501 -6672 27210 END
START 19952 -1644 5344 -25720 -4072 23780 END
START 22396 -1992 9308 -27900 -2268 20283 END
START 26256 -1956 14208 -28309 -3062 15656 END
START 28452 -1492 18764 -27083 -1628 8779 END
START 31760 -1668 23428 -24503 -1986 2776 END
START 32767 -1196 25076 -22128 1073 -5474 END
START 32767 -1396 27076 -19942 4944 -13561 END
START 29120 -2624 26960 -18001 9096 -22070 END
START 26396 -4208 26792 -15496 12303 -29588 END
START 19564 -6732 25816 -13284 14479 -32768 END
START 14144 -7028 24464 -11764 15171 -32768 END
START 6196 -7932 22792 -10416 16429 -32768 END
START -232 -9456 21660 -9457 15847 -32768 END
START -8376 -10940 21304 -8562 13740 -32768 END
START -18504 -12776 23064 -5715 8732 -32768 END
START -25952 -13624 24816 -1409 3116 -32768 END
START -27420 -12232 22892 1582 2392 -25800 END