START -18516 1788 488 7543 8574 8559 END
START -11412 -2912 1672 6512 3078 14147 END
START -12288 -3768 5340 4712 3556 18292 END
START -11268 -4088 7372 3325 5218 21005 END
START -9364 -3888 7760 3080 6541 21766 END
START -9596 -3752 7608 3627 5967 21998 END
START -9832 -3508 4688 3443 4776 23590 END
START -10360 -3300 1680 2167 2605 27211 END
START -7872 -2880 -32 -561 355 30638 END
START -5584 -2908 -52 -3470 562 32678 END
START -2488 -2668 384 -6319 1540 32767 END
START 2464 -1916 668 -9373 4069 32767 END
START 2528 -2136 960 -12378 6421 32767 END
START 2360 -3020 1068 -15039 6125 32767 END
START 464 -4616 2808 -17015 3825 32767 END
START 2052 -6124 4360 -17936 370 32767 END
START 9348 -6528 4920 -19303 -1171 32767 END
START 19884 -5444 6824 -21047 972 32767 END
START 20676 -4696 8276 -22606 3623 29493 END
START 20020 -4660 9344 -23526 3067 24318 END
START 18788 -4880 10932 -24100 1128 21193 END
START 20052 -4880 11752 -25018 656 19014 END
START 23168 -4884 14904 -26410 3064 16682 END
START 28136 -3872 17380 -26980 7669 11037 END
START 28240 -3744 18560 -27458 11273 3047 END
START 25012 -5152 19764 -27251 11630 -4154 END
START 20780 -6380 21680 -25474 7782 -8904 END
START 21444 -6616 22808 -23489 4237 -12845 END
START 23968 -6520 22592 -21989 5039 -18787 END
START 23776 -7400 22980 -21731 8758 -25985 END
START 20568 -8824 22176 -21486 12307 -32768 END
START 17060 -10972 22284 -22022 13395 -32768 END
START 14040 -13464 25516 -20994 12207 -32768 END
START 9228 -15668 28380 -17746 8660 -32768 END
START 6088 -16600 29000 -14194 5863 -32768 END
START 3596 -16864 27148 -12111 6858 -32768 END
START 372 -17240 25072 -10415 7613 -32768 END
START -2864 -18216 25228 -7905 2912 -32768 END
START -5656 -18636 26256 -3760 -3797 -32768 END
START -10412 -19132 26480 269 -4581 -32768 END