START -5308 2232 7996 12832 1623 -5072 END
START -4988 -2172 -3588 14594 1002 -4804 END
START -3648 1532 1488 12534 2075 -4310 END
START -4992 1984 5632 13655 2228 -4094 END
START -5616 1420 3520 13042 2165 -3862 END
START -5968 2272 3996 12689 1662 -3615 END
START -5560 2588 2700 12160 1420 -3388 END
START -5008 2760 2412 11612 1448 -3304 END
START -4640 2488 2608 11006 1550 -3252 END
START -4620 2188 2424 10457 1612 -3227 END
START -4712 2224 2688 9901 1557 -3311 END
START -4812 2172 3016 9406 1504 -3361 END
START -4924 2200 3012 8912 1524 -3474 END
START -5104 2280 3308 8550 1560 -3527 END
START -5412 2324 3408 8120 1635 -3535 END
START -5708 2332 3544 7845 1756 -3522 END
START -5968 2144 3728 7549 1907 -3467 END
START -6296 2064 3792 7263 2121 -3403 END
START -6632 1796 3784 6970 2322 -3287 END
START -7004 1640 4044 6664 2489 -3092 END
START -7340 1204 4104 6401 2687 -2880 END
START -7796 1032 4184 6094 2831 -2625 END
START -8012 976 4128 5798 2923 -2307 END
START -8360 768 4148 5535 3038 -1976 END
START -8672 808 4072 5262 3065 -1623 END
START -9012 712 4224 4961 3011 -1221 END
START -9252 736 4316 4601 2861 -760 END
START -9328 688 4300 4247 2752 -372 END
START -9164 560 4512 3847 2576 44 END
START -9076 512 4544 3465 2438 427 END
START -8976 440 4800 3111 2396 791 END
START -8748 268 4996 2761 2331 1119 END
START -8784 372 5364 2478 2323 1480 END
START -8824 612 5720 2098 2311 1861 END
START -8948 968 6076 1765 2297 2240 END
START -8832 1204 6284 1373 2389 2700 END
START -8676 1472 6792 1049 2504 3156 END
START -8648 1588 7428 811 2640 3662 END
START -8276 1592 8000 591 2797 4106 END
START -8152 1524 8444 489 2925 4521 END
START -7932 1624 9104 512 3075 4937 END
START -7652 1560 9644 661 3214 5322 END
START -7372 1708 10088 793 3323 5682 END
START -7096 1888 10440 1039 3447 6016 END
START -6724 1988 10460 1259 3646 6350 END
START -6384 2176 10512 1498 3770 6647 END
START -5748 2320 10456 1666 3911 6905 END
START -5300 2476 10672 1860 4025 7132 END
START -4780 2500 10880 2093 4036 7267 END
START -4244 2536 10824 2336 3998 7286 END
START -3808 2932 10576 2548 4016 7353 END
START -3032 3124 10396 2731 3921 7253 END
START -2500 3612 10312 2882 3839 7180 END
START -2132 3660 10132 2970 3690 7003 END
START -1696 3976 10032 3019 3476 6845 END
START -1620 4156 9692 3066 3170 6684 END
START -1412 4536 9528 3114 2819 6470 END
START -1176 4816 9424 3107 2478 6306 END
START -984 5236 9360 3142 2119 6121 END
START -828 5692 9300 3172 1823 5984 END
START -712 6064 8840 3114 1543 5803 END
START -520 6592 8676 3049 1347 5616 END
START -516 7036 8632 2921 1229 5409 END
START -508 7336 8448 2728 1181 5311 END
START -620 7628 8432 2515 1191 5176 END
START -684 7964 8448 2336 1256 5063 END
START -768 8292 8652 2125 1410 4985 END
START -1072 8636 8780 1959 1583 4910 END
START -1316 8836 8964 1806 1807 4862 END
START -1576 9040 9212 1653 2029 4897 END
START -1960 9148 9468 1546 2286 4898 END
START -2064 9332 9736 1454 2490 4968 END
START -2164 9456 10160 1373 2719 5055 END
START -2308 9640 10452 1311 2930 5077 END
START -2392 9568 10848 1301 3155 5097 END
START -2420 9340 11160 1299 3346 5097 END
START -2516 9324 11400 1334 3578 5056 END
START -2588 9048 11776 1378 3730 4997 END
START -2892 8900 12268 1456 3806 4911 END
START -3116 8732 12908 1583 3790 4796 END
START -3736 8332 13244 1759 3714 4653 END
START -4116 8092 13672 2008 3479 4480 END
START -4752 7644 14516 2283 3196 4369 END
START -5432 7020 14980 2758 2841 4282 END
START -6044 6640 15256 3263 2526 4234 END
START -6888 6128 15284 3842 2264 4223 END
START -7612 5816 15508 4488 2029 4260 END
START -8396 5396 15152 5115 1861 4352 END
START -9120 4940 14652 5722 1820 4524 END
START -9704 4660 14348 6299 1855 4687 END
START -10596 4476 13548 6728 1873 4928 END
START -11456 4208 12524 7058 1934 5267 END
START -12500 4112 11700 7261 1996 5756 END
START -13792 3872 10632 7385 1869 6349 END
START -15020 3848 9612 7326 1631 7294 END
START -15904 3832 8508 7156 1247 8342 END
START -16488 3888 7400 6810 869 9547 END
START -16668 3772 6156 6305 615 10780 END
START -16528 3800 5404 5597 456 12001 END
START -16308 3724 4656 4836 348 13116 END
START -15732 3724 3984 3981 464 14445 END
START -15480 3512 3928 3121 722 15553 END
START -14968 3344 3656 2251 1103 16646 END
START -14572 3276 3432 1455 1686 17841 END
START -14052 3108 3244 661 2325 18974 END
START -13628 2848 3124 -42 3074 20098 END
START -13044 2580 2916 -728 3894 21159 END
START -12528 2304 2332 -1423 4722 22242 END
START -12056 2072 1892 -2153 5504 23278 END
START -11720 1736 1608 -2882 6127 24249 END
START -11316 1416 1252 -3657 6588 25217 END
START -10904 1096 664 -4440 7046 26113 END
START -10440 696 244 -5310 7395 26958 END
START -10012 404 -84 -6106 7623 27801 END
START -9812 4 -72 -6919 7739 28658 END
START -9532 -152 -324 -7694 7686 29477 END
START -9132 -604 -284 -8453 7546 30333 END
START -8512 -888 -396 -9249 7346 31205 END
START -7652 -1144 -228 -10012 7132 32027 END
START -6536 -1556 -196 -10798 6852 32767 END
START -4776 -1972 136 -11515 6585 32767 END
START -2592 -2404 196 -12186 6359 32767 END
START -204 -2772 804 -12801 6179 32767 END
START 2288 -3056 1316 -13300 6036 32767 END
START 4700 -3196 1836 -13700 5918 32767 END
START 7344 -3112 2052 -14154 5922 32767 END
START 9220 -3300 2676 -14450 5945 32767 END
START 10972 -3340 2796 -14677 5968 32767 END
START 12468 -3252 3072 -14794 5976 32557 END
START 13384 -3388 3248 -14668 5920 31516 END
START 14136 -3460 3312 -14669 5765 30480 END
START 14672 -3368 3168 -14732 5492 29497 END
START 15444 -3216 2952 -15175 5122 28486 END
START 16088 -3056 2368 -14988 4777 27506 END
START 16696 -2688 2144 -15185 4418 26476 END
START 17316 -2540 1696 -15474 4013 25347 END
START 17664 -2536 1380 -15785 3507 24225 END
START 17932 -2364 1260 -16298 2859 23138 END
START 18048 -2144 1096 -16936 2119 22117 END
START 18172 -1864 972 -17559 1453 21315 END
START 18588 -1712 1108 -18187 953 20663 END
START 19004 -1664 1292 -18844 643 20048 END
START 19764 -1620 1600 -19446 522 19505 END
START 20372 -1768 1964 -20081 636 19003 END
START 21160 -1808 2424 -20660 986 18437 END
START 21728 -1776 2952 -21249 1473 17864 END
START 22300 -1728 3460 -21859 2163 17284 END
START 22596 -1700 4012 -22462 2893 16719 END
START 22896 -1688 4840 -23050 3651 16127 END
START 23004 -1728 5580 -23521 4405 15553 END
START 23256 -1712 6372 -23942 5143 14984 END
START 23348 -1852 7024 -24299 5782 14441 END
START 23448 -1800 7668 -24642 6276 13961 END
START 23820 -1860 8368 -24955 6625 13446 END
START 24424 -1852 9088 -25280 6912 12811 END
START 24948 -1688 9836 -25654 7186 12437 END
START 25700 -1724 10604 -26034 7387 11835 END
START 26592 -1596 11440 -26355 7520 11118 END
START 27652 -1576 12424 -26686 7699 10314 END
START 28616 -1524 13676 -26880 7892 9382 END
START 29444 -1664 14840 -26994 8091 8365 END
START 30276 -1684 15976 -27019 8270 7202 END
START 30956 -1748 16996 -26950 8487 5958 END
START 31668 -1600 18092 -26722 8752 4605 END
START 32200 -1592 19056 -26450 9060 3239 END
START 32496 -1428 19712 -26073 9381 1818 END
START 32767 -1392 20424 -25671 9646 430 END
START 32767 -1396 21056 -25257 9845 -1080 END
START 32767 -1520 21308 -24797 10012 -2603 END
START 32767 -1320 21720 -24377 10095 -4253 END
START 32688 -1344 22000 -23946 10062 -5886 END
START 31948 -1220 22104 -23567 9947 -7456 END
START 31396 -1200 22268 -23314 9841 -8977 END
START 30628 -1168 22336 -23107 9684 -10352 END
START 29692 -1132 22368 -22930 9624 -11681 END
START 28944 -1012 22500 -22818 9602 -12858 END
START 28240 -940 22624 -22694 9588 -14009 END
START 27324 -924 22952 -22545 9630 -15067 END
START 26536 -988 23360 -22362 9655 -16172 END
START 25864 -1120 23920 -22139 9691 -17168 END
START 24940 -1104 24256 -21817 9643 -18210 END
START 24156 -1248 24620 -21471 9488 -19205 END
START 23440 -1316 24956 -21049 9291 -20161 END
START 22616 -1604 25296 -20587 9053 -21151 END
START 21936 -1720 25392 -20137 8759 -22142 END
START 21564 -1824 25120 -19687 8414 -23122 END
START 21144 -2016 25160 -19309 8035 -24157 END
START 20440 -2160 25120 -18886 7616 -25192 END
START 19856 -2508 25116 -18584 7155 -26255 END
START 18980 -2640 25272 -18327 6688 -27297 END
START 18152 -2864 25260 -18011 6147 -28381 END
START 17272 -3156 25232 -17741 5635 -29475 END
START 16324 -3368 25260 -17430 5142 -30484 END
START 15308 -3648 25200 -17160 4747 -31550 END
START 14388 -3740 25228 -16938 4417 -32624 END
START 13200 -3976 25152 -16818 4208 -32768 END
START 11984 -4284 25320 -16761 3963 -32768 END
START 10184 -4544 25636 -16746 3799 -32768 END
START 8404 -4784 26292 -16679 3527 -32768 END
START 6316 -5268 26980 -16588 3125 -32768 END
START 4044 -5872 27748 -16365 2633 -32768 END
START 1856 -6608 28464 -16003 1992 -32768 END
START -152 -6892 29104 -15554 1352 -32768 END
START -2156 -7088 29920 -15044 632 -32768 END
START -4188 -7356 30568 -14469 -75 -32768 END
START -6044 -7616 31184 -13750 -747 -32768 END
START -7844 -8048 31560 -13050 -1356 -32768 END
START -9952 -8676 32228 -12311 -1825 -32768 END
START -11856 -9048 32520 -11511 -2131 -32768 END
START -13832 -9380 32767 -10717 -2430 -32768 END
START -16128 -9720 32767 -9838 -2738 -32768 END
START -18444 -9708 32767 -8911 -3232 -32768 END
START -20892 -9672 32767 -7906 -3921 -32707 END
START -22964 -9472 32767 -6853 -4801 -31428 END
START -25072 -9384 32767 -5690 -5843 -29861 END
START -26516 -9352 32767 -4534 -6875 -28183 END
START -27596 -9300 32767 -3460 -7740 -26506 END
START -28492 -9112 32476 -2431 -8615 -24705 END
START -28904 -9136 31820 -1531 -9252 -22894 END
START -29420 -8804 31060 -651 -9854 -21135 END
START -29828 -8464 30572 81 -10438 -19528 END
START -30036 -8172 30008 837 -10952 -17942 END
START -29984 -7908 29184 1576 -11401 -16335 END
START -29880 -7748 28172 2279 -11565 -14801 END
START -29616 -7604 27224 2886 -11657 -13273 END
START -29392 -7428 26284 3401 -11562 -11807 END
START -29436 -7116 25580 3809 -11510 -10350 END
START -29112 -6748 24460 4060 -11548 -8931 END
START -28884 -6276 23460 4250 -11580 -7449 END
START -28284 -5820 22480 4281 -11593 -5951 END
START -27456 -5496 21792 4244 -11498 -4530 END
START -26560 -5160 21024 4121 -11293 -3119 END
START -25556 -4780 20412 3871 -10991 -1733 END
START -24632 -4468 19760 3562 -10571 -406 END