START -12616 8740 23004 13656 1993 -8233 END
START -13696 2904 13688 15792 2324 -7945 END
START -10196 6928 13448 14422 2872 -7513 END
START -14044 7832 21016 15683 2813 -7206 END
START -14600 7236 18480 15894 2793 -6851 END
START -15492 7124 18184 16062 2229 -6490 END
START -15700 6708 16928 16216 2096 -5988 END
START -15940 6208 15860 16419 2226 -5480 END
START -16056 6128 14756 16511 2420 -4886 END
START -16680 5544 14064 16451 2503 -4226 END
START -17312 5320 13296 16335 2488 -3577 END
START -17572 5136 12172 16095 2589 -2838 END
START -17748 4840 11204 15727 2737 -2075 END
START -18080 4652 10360 15372 3027 -1271 END
START -18388 4372 9468 14961 3251 -457 END
START -18772 4412 8968 14487 3412 352 END
START -19004 4388 8292 13954 3500 1236 END
START -19048 4360 7748 13380 3635 2059 END
START -19224 4132 7076 12829 3785 2912 END
START -19128 4160 6480 12179 3895 3725 END
START -18992 4064 6248 11627 4046 4511 END
START -19064 3960 6048 11055 4244 5293 END
START -18996 3668 5688 10539 4394 6137 END
START -18988 3568 5532 10063 4563 6937 END
START -19068 3416 5172 9712 4742 7790 END
START -19108 3432 5040 9399 4864 8603 END
START -18948 3372 4864 9128 4974 9447 END
START -18904 3348 4548 8915 5035 10239 END
START -18716 3380 4168 8659 5101 11054 END
START -18364 3256 3800 8439 5123 11861 END
START -18064 3152 3396 8244 5212 12593 END
START -17904 3096 2896 8056 5214 13185 END
START -17460 3140 2372 7805 5286 14083 END
START -17156 3136 1768 7596 5308 14839 END
START -16864 3192 1312 7310 5355 15650 END
START -16552 3232 728 6972 5241 16419 END
START -16132 3308 220 6667 5296 17096 END
START -15432 3328 -380 6207 5316 17862 END
START -14856 3108 -960 5718 5323 18536 END
START -14236 3228 -1368 5261 5491 19230 END
START -13440 3156 -1848 4711 5702 19863 END
START -12628 3116 -2592 4146 5995 20538 END
START -11880 3080 -2788 3564 6337 21136 END
START -10892 3168 -3068 2909 6760 21731 END
START -10068 3228 -3636 2253 7136 22183 END
START -9036 3236 -3872 1529 7586 22566 END
START -8168 3164 -3968 761 7908 22879 END
START -7324 3256 -4120 47 8202 23128 END
START -6672 3236 -4420 -704 8504 23297 END
START -5752 3236 -4272 -1426 8813 23421 END
START -5084 3268 -4312 -2142 9062 23494 END
START -4396 3192 -4412 -2828 9222 23482 END
START -3748 3076 -4348 -3453 9297 23460 END
START -3260 3104 -4172 -4088 9346 23312 END
START -2772 3116 -4144 -4677 9369 23181 END
START -2436 2888 -3912 -5164 9248 22952 END
START -2368 2876 -3788 -5652 9078 22743 END
START -2128 3112 -3548 -6171 8774 22587 END
START -1768 3184 -3432 -6654 8300 22455 END
START -1332 3296 -3028 -7128 7798 22337 END
START -848 3244 -2816 -7611 7222 22277 END
START -68 3312 -2356 -8049 6632 22140 END
START 876 3292 -2316 -8481 6062 21963 END
START 2060 3236 -2184 -8760 5676 21688 END
START 3124 3320 -2044 -9067 5459 21287 END
START 4044 3248 -1904 -9325 5341 20815 END
START 4664 3300 -1484 -9554 5322 20257 END
START 5208 3448 -1440 -9818 5293 19661 END
START 5568 3532 -1264 -10083 5284 19018 END
START 5784 3720 -1316 -10354 5324 18435 END
START 5908 3668 -1356 -10707 5346 17815 END
START 5932 3668 -1528 -11065 5380 17225 END
START 5764 3636 -1692 -11427 5417 16656 END
START 5688 3568 -1936 -11812 5480 16102 END
START 5556 3568 -2212 -12192 5697 15595 END
START 5152 3504 -2428 -12615 5953 15153 END
START 4852 3612 -2644 -13174 6214 14807 END
START 4284 3752 -2748 -13830 6456 14558 END
START 3752 3784 -2744 -14601 6661 14400 END
START 3320 3652 -3056 -15008 6855 14364 END
START 2844 3736 -2960 -15974 7041 14466 END
START 2672 3732 -2664 -16730 7278 14656 END
START 2432 3624 -2384 -17473 7447 14871 END
START 2840 3480 -2056 -18209 7676 15167 END
START 3360 3508 -1592 -18847 7934 15426 END
START 3932 3460 -1116 -19510 8189 15679 END
START 4656 3380 -408 -20070 8417 15796 END
START 5348 3240 80 -20544 8572 15862 END
START 6132 3160 756 -20983 8765 15803 END
START 6840 3056 1364 -21355 8920 15674 END
START 7416 2840 1568 -21686 9166 15426 END
START 7824 2636 2060 -21989 9438 15178 END
START 8180 2736 2196 -22262 9734 14885 END
START 8284 2724 2612 -22561 10046 14613 END
START 8408 2676 2808 -22883 10257 14304 END
START 8380 2580 2824 -23253 10421 14020 END
START 8436 2568 3080 -23544 10549 13767 END
START 8564 2424 3276 -23932 10655 13462 END
START 8936 2236 3412 -24297 10668 13265 END
START 9088 2060 3564 -24748 10626 12899 END
START 9716 2028 3912 -25214 10572 12926 END
START 10216 2052 4440 -25799 10466 12579 END
START 11040 2160 4920 -26317 10352 12532 END
START 11792 2124 5612 -26877 10200 11962 END
START 12596 2104 6412 -27370 10037 11629 END
START 13856 1956 7844 -27770 9805 11047 END
START 14956 1812 8828 -28100 9594 10403 END
START 15776 1620 9684 -28297 9392 9665 END
START 16832 1604 10620 -28457 9277 8836 END
START 17512 1552 11436 -28583 9224 7892 END
START 18096 1340 12492 -28652 9351 6908 END
START 18528 1320 13184 -28703 9449 5862 END
START 18636 1132 13664 -28707 9599 4752 END
START 18528 1040 14316 -28737 9721 3709 END
START 18108 940 15000 -28717 9740 2692 END
START 17568 732 15832 -28667 9611 1751 END
START 17048 580 16308 -28638 9320 900 END
START 16508 460 16988 -28545 8929 65 END
START 16164 156 17596 -28427 8460 -647 END
START 15600 168 17932 -28362 7923 -1343 END
START 15096 68 18620 -28259 7388 -1924 END
START 14524 200 19212 -28192 6752 -2487 END
START 14292 8 19756 -28092 6236 -2911 END
START 14132 -100 20456 -27987 5788 -3294 END
START 14156 -188 20952 -27877 5425 -3573 END
START 14288 -488 21188 -27813 5335 -3905 END
START 14692 -556 21812 -27691 5357 -4193 END
START 15264 -784 22588 -27589 5592 -4564 END
START 15504 -856 23456 -27474 5868 -4944 END
START 15740 -996 24572 -27332 6159 -5443 END
START 15768 -1176 25436 -27132 6420 -5960 END
START 15620 -1264 26392 -26791 6609 -6577 END
START 15556 -1372 27296 -26376 6751 -7187 END
START 15488 -1664 28312 -25799 6853 -7905 END
START 15032 -1964 29068 -25094 6784 -8559 END
START 14592 -2120 29816 -24256 6706 -9238 END
START 14204 -2364 30556 -23354 6449 -9918 END
START 13828 -2752 30876 -22383 6183 -10485 END
START 13364 -2904 31304 -21391 5712 -11106 END
START 12896 -3092 31472 -20494 5139 -11686 END
START 12520 -3252 31776 -19563 4497 -12233 END
START 12452 -3376 31972 -18825 3883 -12703 END
START 12488 -3616 32020 -18015 3287 -13177 END
START 12756 -3752 32232 -17269 2808 -13725 END
START 12916 -3960 32584 -16504 2437 -14241 END
START 13008 -4264 32767 -15737 2103 -14926 END
START 13096 -4512 32767 -14917 1709 -15613 END
START 12976 -4676 32767 -14177 1430 -16306 END
START 12740 -4956 32767 -13109 1079 -17071 END
START 12380 -4960 32767 -12205 807 -17831 END
START 11884 -5184 32767 -11306 504 -18487 END
START 11148 -5292 32767 -10352 93 -19145 END
START 10208 -5324 32767 -9493 -298 -19620 END
START 9264 -5264 32364 -8608 -762 -20002 END
START 8356 -5032 31656 -7793 -1246 -20293 END
START 7716 -4744 31400 -7032 -1707 -20499 END
START 6980 -4480 30792 -6356 -2171 -20641 END
START 6428 -4084 30220 -5765 -2606 -20813 END
START 6164 -3908 29548 -5223 -3067 -20954 END
START 6044 -3908 29092 -4736 -3477 -21189 END
START 6076 -3924 28452 -4292 -3816 -21400 END
START 5876 -3948 28156 -3874 -4103 -21645 END
START 5668 -3816 27704 -3498 -4381 -21888 END
START 5476 -3756 27504 -3108 -4732 -22170 END
START 5132 -3808 26848 -2729 -5141 -22511 END
START 4804 -3760 26528 -2402 -5666 -22816 END
START 4596 -3524 26316 -2090 -6308 -23164 END
START 4496 -3368 25928 -1916 -6978 -23556 END
START 4636 -3272 25504 -1799 -7516 -23942 END
START 4976 -3176 24992 -1795 -7874 -24401 END
START 5012 -3196 24676 -1802 -7972 -24836 END
START 5016 -3284 24364 -1889 -7918 -25324 END
START 4636 -3216 24460 -1925 -7671 -25778 END
START 3980 -2964 24528 -1964 -7341 -26193 END
START 3460 -2844 24664 -1951 -6797 -26584 END
START 2816 -2636 24524 -1881 -6163 -26881 END
START 1860 -2564 24264 -1780 -5426 -27133 END
START 928 -2548 24176 -1702 -4670 -27322 END
START -252 -2612 24184 -1566 -3957 -27381 END
START -1276 -2572 24200 -1466 -3289 -27367 END
START -2788 -2588 24068 -1325 -2816 -27252 END
START -3872 -2452 24268 -1125 -2531 -27005 END
START -5356 -2280 24472 -927 -2507 -26718 END
START -6488 -2200 24580 -590 -2718 -26334 END
START -7772 -2180 24992 -233 -3269 -25948 END
START -8660 -2084 25128 237 -4048 -25526 END
START -9392 -1792 25104 725 -4923 -25174 END
START -9972 -1548 25256 1167 -5913 -24883 END
START -10348 -1504 25320 1662 -6914 -24658 END
START -10652 -1512 25516 2186 -7924 -24486 END
START -11172 -1712 25596 2732 -8836 -24300 END
START -11544 -1956 25540 3308 -9646 -24073 END
START -12008 -2164 25080 3983 -10198 -23836 END
START -12400 -2332 24848 4663 -10583 -23548 END
START -13096 -2568 24236 5337 -10716 -23218 END
START -13668 -2668 23576 5991 -10762 -22822 END
START -14396 -2548 22832 6487 -10789 -22338 END
START -15048 -2484 21956 6829 -10786 -21808 END
START -15636 -2204 21144 7029 -10795 -21239 END
START -16260 -2064 20176 7011 -10790 -20622 END
START -16836 -1816 19196 6802 -10781 -20078 END
START -17212 -1680 18676 6516 -10750 -19413 END
START -17440 -820 18256 6061 -10739 -18761 END
START -17476 -1032 17716 5609 -10661 -18166 END
START -17788 -1532 17576 5006 -10240 -17462 END
START -18204 -1820 17864 4436 -10005 -16607 END
START -18556 -1796 18024 3884 -9788 -15753 END
START -18572 -1656 18108 3458 -9545 -14820 END