START -4116 6860 1948 9339 11898 1436 END
START -11472 -2140 1248 8683 6962 3465 END
START -19424 -3760 6672 8208 4123 7729 END
START -20676 -4900 7552 8286 2822 12436 END
START -18656 -4968 7036 8332 2617 15998 END
START -15932 -5584 5544 7842 3082 17877 END
START -14964 -5808 3292 7036 3445 19881 END
START -14344 -5592 -508 5411 1529 22369 END
START -13456 -5100 -2456 2440 109 25096 END
START -11832 -5076 -2840 -1042 935 28003 END
START -9000 -5920 -2464 -4219 2719 30635 END
START -5068 -6116 -2588 -7003 3936 31159 END
START -2632 -6672 -2436 -9161 4080 31028 END
START -1020 -6952 -2780 -11041 3686 30489 END
START -676 -7028 -4236 -13717 2059 30087 END
START 476 -6972 -4564 -17074 -149 30961 END
START 3108 -7448 -3020 -20790 -13 31964 END
START 5984 -7236 -1148 -24309 1898 32310 END
START 9412 -7640 1036 -27214 2832 31986 END
START 12652 -7336 3596 -29603 2477 30302 END
START 15024 -7940 6132 -30901 1894 28810 END
START 17428 -7752 8984 -31901 620 27888 END
START 20508 -7620 11484 -32768 1848 25469 END
START 23092 -8008 15100 -32768 4355 22638 END
START 28412 -6976 18660 -32768 8411 17777 END
START 29596 -6944 22064 -32768 12092 10081 END
START 27736 -7484 23264 -32768 11667 2010 END
START 24656 -9048 24204 -32768 10885 -4984 END
START 22428 -10916 28092 -31933 9374 -10248 END
START 20560 -12324 31032 -28866 8827 -15555 END
START 17192 -13772 32688 -25433 10288 -19134 END
START 17516 -13792 31312 -22342 15154 -22698 END
START 14564 -14368 29528 -20283 18917 -26521 END
START 12600 -14924 29236 -17808 18841 -30370 END
START 10752 -15104 29308 -13615 15663 -32768 END
START 8944 -15020 28208 -9295 11935 -32768 END
START 7836 -14916 25776 -6276 11086 -32768 END
START 5916 -14788 22680 -5673 13827 -32768 END
START 3680 -16732 21308 -6212 18265 -32768 END
START -5116 -19288 23252 -4110 16207 -32768 END
START -15660 -21228 25532 2447 7652 -32768 END
START -24888 -22200 24208 9153 -508 -32768 END
START -30792 -21248 19036 12880 -4216 -30296 END
START -32768 -20464 13200 11188 -2059 -18744 END