START -16448 3424 2824 6030 7088 53 END
START -14960 -1440 7752 7121 -336 5267 END
START -19204 -4292 13924 6192 1504 7622 END
START -16424 -4716 14344 6428 2975 9618 END
START -15268 -5480 14808 7131 4375 11332 END
START -17656 -5492 13316 8798 3425 14254 END
START -19492 -5896 10640 9811 1973 17538 END
START -20668 -6996 8576 9521 3375 22950 END
START -18764 -7224 6404 8665 4696 28285 END
START -17056 -7216 4124 7560 4149 32407 END
START -14312 -7588 1732 6462 1835 32767 END
START -9588 -8544 252 4542 960 32767 END
START -8264 -8036 -2064 2630 357 32767 END
START -5912 -7876 -4220 -294 219 32767 END
START -4256 -7884 -5076 -3999 2242 32767 END
START -2004 -8008 -6248 -8463 3021 32767 END
START 4900 -8660 -3624 -11849 1491 32767 END
START 7764 -8444 -1256 -13864 2067 32767 END
START 8888 -8884 120 -15844 4000 32767 END
START 8852 -9372 1552 -18708 5868 32767 END
START 10796 -9588 3364 -21370 6518 32767 END
START 15320 -10208 9012 -23058 4770 32767 END
START 28596 -8172 14908 -20978 4012 32767 END
START 32767 -5468 16388 -18655 7764 27406 END
START 30856 -4112 14248 -18476 11561 19835 END
START 30804 -4036 14872 -20423 13185 14564 END
START 32767 -3556 19168 -21487 14616 8862 END
START 32767 -2816 20688 -21172 16637 1833 END
START 32767 -3352 21232 -21336 19590 -5803 END
START 32440 -4460 21888 -20944 21902 -13516 END
START 26532 -6236 21924 -20489 21518 -19776 END
START 23232 -7844 23092 -19595 19192 -24647 END
START 20584 -9044 23856 -18487 15724 -29542 END
START 17772 -10500 26688 -16825 10955 -32768 END
START 16660 -11124 28684 -13775 8353 -32768 END
START 15904 -12024 27576 -11307 10388 -32768 END
START 10300 -13500 26160 -9549 12523 -32768 END
START 6336 -13380 25812 -7273 11773 -32768 END
START 6256 -13960 26056 -5002 11311 -32768 END
START 3784 -15264 25260 -2705 11672 -32768 END
START -3592 -15936 23872 -442 10272 -32768 END
START -7444 -15504 22912 1069 9258 -32768 END
START -12336 -15872 22612 2662 9500 -32768 END
START -19512 -15936 22320 5657 7480 -32768 END
START -22836 -15740 20372 8554 4058 -32768 END
START -26076 -15848 17608 9319 2533 -29602 END
START -29796 -15328 15464 8312 3657 -20359 END
START -29760 -13848 14004 6561 4956 -10584 END
START -26756 -12164 13476 4844 4655 -2307 END
START -20208 -10240 13580 3970 5198 3383 END
START -14868 -8200 13664 3239 6064 5967 END