START -1448 7604 3424 6523 8996 -5949 END
START -13056 -2688 4084 7484 4842 -2351 END
START -19780 -3300 8476 9226 3357 3774 END
START -24620 -4196 12260 10586 3251 9800 END
START -19228 -4240 8944 11191 5066 14509 END
START -17904 -4548 8676 11482 7154 17756 END
START -17036 -4296 6512 11648 8118 20381 END
START -16440 -4056 3352 11235 6808 22363 END
START -17820 -3932 1516 9891 3767 25711 END
START -16248 -4672 472 7947 2146 31185 END
START -13672 -4992 316 5614 1815 32767 END
START -9488 -5408 464 3598 1734 32767 END
START -4552 -5888 968 2278 785 32767 END
START -376 -6872 1612 1664 406 32767 END
START 2288 -6984 1736 862 2003 32767 END
START 3164 -6836 1520 -719 5086 32767 END
START 3104 -7644 -196 -3579 7692 32767 END
START 5220 -7540 -2768 -8268 8590 32767 END
START 6624 -7992 -2676 -13862 7860 32767 END
START 9664 -9512 1036 -17798 2071 32767 END
START 19616 -9800 4680 -17929 -1424 32767 END
START 25468 -8228 5612 -18069 2673 32767 END
START 25604 -6432 2984 -21373 12128 26640 END
START 20980 -7876 2456 -26001 18895 22244 END
START 19076 -8856 3528 -30432 17091 21283 END
START 22312 -9444 7092 -32325 12236 18969 END
START 30136 -9468 12748 -32011 10142 14164 END
START 32767 -8460 16052 -30169 13884 5224 END
START 32767 -8468 14364 -30622 20217 -4533 END
START 29868 -10424 13560 -32768 27204 -11692 END
START 23428 -12488 16524 -32768 31348 -16567 END
START 18968 -13816 19988 -32768 29184 -20495 END
START 20104 -14788 23576 -32583 24940 -25483 END
START 19588 -15664 25932 -29765 21391 -32279 END
START 18848 -16848 27216 -26984 19128 -32768 END
START 15336 -17588 26224 -25141 19672 -32768 END
START 8196 -18160 25052 -24362 23085 -32768 END
START 1972 -18608 26652 -22591 24392 -32768 END
START -2140 -19004 30196 -19058 22659 -32768 END
START -10012 -19712 32767 -12529 17895 -32768 END
START -17896 -18436 32767 -5113 12405 -32768 END