START 20396 128 6316 13423 17425 -13230 END
START -4704 2772 996 13274 -3202 -8635 END
START -25284 160 15192 14293 -3438 -3412 END
START -26480 -252 15084 13823 -573 3215 END
START -26168 -176 14356 13821 749 8766 END
START -22440 -440 10600 13337 2736 13763 END
START -13908 -60 4108 11835 1968 16623 END
START -11192 -752 1472 9744 1860 18044 END
START -10980 -348 -2048 6974 1446 20240 END
START -12328 44 -4480 3004 2376 23147 END
START -12112 676 -9176 -3477 3257 25183 END
START -8800 432 -14784 -13107 1664 26816 END
START -5524 -488 -13768 -23115 -1673 28277 END
START 2120 -2076 -8640 -31656 -2578 27517 END
START 9300 -4020 -2960 -32768 982 24196 END
START 20772 -6408 -1260 -32768 4425 19591 END
START 15532 -2824 2836 -32768 5436 14509 END
START 13384 -2464 5528 -32768 2189 10422 END
START 13148 -2508 9580 -32768 1136 9043 END
START 16628 -3504 16524 -32768 2553 6815 END
START 25444 -5724 26784 -32768 7265 1092 END
START 26344 -5440 32767 -32768 13957 -7218 END
START 19084 -7012 32767 -32768 13034 -16120 END
START 11392 -7528 32767 -24967 5935 -21747 END
START 7980 -7196 32767 -14339 1946 -25211 END
START 11628 -6420 32767 -4047 659 -30119 END
START 13964 -5020 32767 3332 -915 -32768 END
START 4080 -6988 29656 7432 -2309 -32768 END
START -8904 -8852 24436 9247 -4023 -32768 END
START -12944 -10124 20332 7949 1103 -32768 END
START -20596 -13532 19376 9555 -161 -31082 END
START -26104 -14772 20160 12022 -3933 -25067 END
START -23640 -14468 12548 13128 -432 -16478 END