START 8456 13068 -2564 4883 2834 -5422 END
START -652 3408 -2624 2183 3224 -3957 END
START -8156 1688 6160 1457 2852 -2171 END
START -11356 1928 7776 1632 1675 15 END
START -8164 2380 7800 1843 -13 2003 END
START -4196 2888 8564 2253 -10 2750 END
START -3924 3880 9140 2150 2135 2393 END
START -5356 4688 8080 1432 3647 1618 END
START -8264 5468 8372 453 3246 2008 END
START -9972 6416 9352 95 3394 3128 END
START -10720 6612 9564 -743 3808 4481 END
START -11016 6448 10628 -1598 4212 5989 END
START -11064 5904 12320 -2024 5059 7021 END
START -12028 5072 13276 -1408 5458 7617 END
START -13704 4260 12656 -132 4899 8489 END
START -15908 3176 10828 894 3620 10359 END
START -17124 2308 9268 1142 2172 13456 END
START -17016 1600 7788 706 1535 17568 END
START -15832 1088 6568 -364 858 22100 END
START -12556 292 6228 -1618 -57 26278 END
START -7788 -32 6392 -2584 -179 28594 END
START -3984 -840 6728 -3017 -171 29455 END
START -2400 -1396 5480 -3442 -20 29942 END
START -2580 -2028 4260 -4384 -433 30837 END
START -1076 -2964 3332 -5441 -1909 32612 END
START 1120 -3572 2744 -7064 -3116 32767 END
START 4380 -4308 2812 -8707 -2490 32767 END
START 8648 -4512 3552 -10399 -1052 32767 END
START 11492 -4152 3404 -12035 414 32767 END
START 12848 -4136 3576 -13654 846 31488 END
START 13544 -4512 4616 -15319 25 30230 END
START 16652 -4452 5928 -16459 -723 28612 END
START 19476 -4416 7124 -17535 -66 26324 END
START 22452 -4100 8736 -18674 1860 23630 END
START 25952 -3740 10000 -19559 4813 18737 END
START 26200 -3932 10944 -20221 6248 12906 END
START 24880 -4692 11596 -20773 5722 7086 END
START 22912 -5880 12772 -21051 3691 3395 END
START 24696 -6660 14476 -21868 4366 831 END
START 27588 -6748 16444 -22617 9330 -2863 END
START 28624 -7092 17564 -23280 14484 -8163 END
START 26060 -7860 17684 -23426 16143 -14458 END
START 23484 -8884 19280 -23316 15309 -19470 END
START 21340 -9676 20680 -22371 14644 -24356 END
START 20324 -10676 22040 -21203 14005 -28287 END
START 19460 -10868 21888 -19976 13825 -32768 END
START 17176 -11608 21836 -19477 14626 -32768 END
START 12180 -12676 21844 -19228 14708 -32768 END
START 6656 -14004 22964 -19114 12948 -32768 END
START 2200 -15104 25624 -18268 12001 -32768 END
START -7560 -16540 29904 -15123 9778 -32768 END
START -19104 -17944 32767 -8642 1292 -32768 END
START -26700 -17596 32767 -245 -8613 -32768 END
START -25956 -15548 32767 4304 -7863 -25880 END
START -23912 -13440 29648 4829 884 -14594 END