START 16292 8052 -6136 5968 2448 -501 END
START 3640 3608 -6176 4941 402 -1280 END
START -5340 1872 -3216 2939 -1317 -1416 END
START -2588 1400 -6732 -563 -2668 -1089 END
START -1684 464 -7432 -5591 -3440 -1231 END
START 1180 368 -8932 -7521 -4420 -1353 END
START 2356 -92 -8208 -10870 -2610 -1700 END
START 2220 -340 -8676 -13158 -711 -1625 END
START 2692 -660 -9576 -16004 1815 -2278 END
START 1812 -740 -11104 -19992 2932 -2583 END
START 1024 -1604 -10988 -23841 2286 -3300 END
START 900 -2548 -10648 -27868 474 -4259 END
START 808 -3952 -9396 -31705 -1337 -5053 END
START 1240 -5576 -7416 -32768 -1734 -5868 END
START -532 -7312 -3924 -32768 -2599 -6264 END
START -1404 -9240 2504 -32768 -4702 -5917 END
START -540 -11116 10644 -32768 -3456 -5479 END
START -2668 -13180 21012 -32768 -281 -5941 END
START -9928 -14576 32767 -32768 -1263 -5830 END
START -18096 -17224 32767 -32768 -9303 -3336 END
START -16108 -15404 32767 -32768 -7193 2432 END
START -19660 -14008 32767 -28509 -1988 9252 END
START -17068 -12192 32767 -24552 1717 15083 END
START -13628 -10712 32767 -19874 4870 17772 END
START -12208 -9484 32767 -14086 3503 18493 END
START -13360 -8784 32767 -7903 -2059 19503 END
START -11824 -8360 32767 -2514 -8811 21709 END
START -8676 -8672 32767 1042 -10059 25615 END
START -3624 -9416 32767 3853 -8039 28819 END
START 548 -9944 32767 7164 -5645 30072 END
START 6840 -9524 32767 12414 -3497 28614 END
START 8836 -9668 32767 17979 -1934 25799 END
START 9152 -9548 32767 23200 -3627 23670 END
START 11316 -9388 32767 27339 -4304 22478 END
START 17520 -8184 30056 31329 -3251 19104 END
START 21460 -6796 25084 32767 -977 12427 END
START 20360 -5988 18828 32767 446 5551 END
START 18760 -5864 12124 32767 1079 221 END
START 16640 -5056 6032 32767 1612 -3683 END
START 17484 -3928 2644 31827 1266 -7695 END
START 17412 -3104 416 29142 1725 -12975 END
START 15944 -3064 -1912 26963 1709 -17916 END
START 13104 -3004 -5568 23607 1321 -22386 END
START 10048 -3464 -7272 19172 647 -24946 END
START 7796 -3692 -7892 14460 1191 -25781 END
START 5072 -3712 -8464 9887 2233 -26050 END
START 4768 -3256 -8708 4993 2422 -26304 END
START 4060 -2972 -9324 -448 2340 -27297 END
START 984 -3408 -8472 -5931 1083 -27910 END
START -3456 -4412 -5836 -10579 -2739 -27219 END
START -10160 -4320 -1496 -13501 -9967 -24629 END
START -14828 -3388 3372 -16161 -18007 -20224 END