START 16816 9748 -11004 8767 -3322 1294 END
START 10636 4940 -14524 3869 -5574 -1477 END
START 7428 3312 -11512 -664 -1642 -3972 END
START 2000 1568 -8796 -4352 2065 -4808 END
START -2432 612 -7976 -6843 2774 -3025 END
START -2732 536 -8032 -9629 1885 -719 END
START -1588 852 -7468 -12603 361 454 END
START 1648 1452 -8244 -15211 -1711 456 END
START 4848 1832 -6368 -17621 -3207 -1943 END
START 4320 1332 -5824 -19420 -2626 -5053 END
START 2800 276 -6388 -22273 -2049 -7017 END
START 636 -1052 -5628 -25876 -2528 -7313 END
START -784 -1972 -4140 -29233 -4019 -6557 END
START 180 -3136 -1780 -32110 -5271 -6273 END
START 848 -4256 -292 -32768 -4349 -7387 END
START 16 -5768 3024 -32768 -3710 -8708 END
START 308 -6520 7360 -32768 -2034 -9509 END
START -84 -7764 14660 -32768 884 -11153 END
START -3928 -9100 20924 -32768 679 -12500 END
START -8804 -9252 26184 -32768 -5790 -12198 END
START -9932 -9168 32767 -32768 -10897 -9482 END
START -8928 -8232 32767 -32456 -6120 -6914 END
START -10468 -7804 32767 -28131 -646 -4052 END
START -10164 -7388 32767 -24813 1119 -2072 END
START -12188 -7296 32767 -20404 1526 -409 END
START -14604 -7964 32767 -14316 -575 2307 END
START -15284 -7736 32767 -7890 -3020 6403 END
START -14944 -7656 32767 -2840 -4746 10116 END
START -14268 -7064 32767 337 -5639 13954 END
START -13736 -7092 32767 2317 -6127 18362 END
START -10456 -6960 32767 4270 -8219 22978 END
START -5436 -6996 32767 6934 -8959 25577 END
START -2192 -7976 32664 9854 -9576 25981 END
START -1148 -8256 32416 13293 -9414 26052 END
START -196 -8744 32296 17079 -9466 26259 END
START 2536 -8712 30780 21365 -8176 25671 END
START 2464 -8932 26192 24999 -6345 25066 END
START 4540 -8688 21116 25782 -3322 25107 END
START 6652 -7576 18392 25656 -323 24691 END
START 13172 -5496 17648 25707 1708 21339 END
START 18424 -3508 16624 27495 3840 14404 END
START 19436 -1924 12028 28293 4218 5573 END
START 18696 -1376 9272 27632 3587 -1762 END
START 17560 -1628 6420 26877 2538 -7551 END
START 16760 -1344 3788 25664 1501 -11930 END
START 17572 -388 1180 23243 2044 -16214 END
START 17108 -84 -1848 19819 4812 -20873 END
START 17728 160 -4480 14984 7917 -25755 END
START 13504 -1592 -5848 10294 10541 -30706 END
START 7864 -2948 -6228 6326 10675 -32768 END
START 3796 -3264 -7832 1806 9918 -32768 END
START -1948 -3992 -7620 -2919 6550 -32598 END
START -8992 -3824 -4376 -5940 -1036 -30852 END
START -15212 -2944 1208 -7304 -8933 -26451 END