START 9876 8776 -14292 1871 487 -7476 END
START 2004 4328 -12600 -1187 -7331 -7415 END
START -4044 3592 -7816 -4074 -6716 -4840 END
START 3020 3772 -11904 -8001 -3815 -1913 END
START 2652 3536 -9248 -11076 -1579 -103 END
START 4128 2760 -7904 -13886 705 -948 END
START 3836 1624 -6852 -16344 1514 -3119 END
START 4308 -36 -7304 -18963 24 -5418 END
START 4564 -516 -7240 -21851 -1625 -6649 END
START 4996 -1364 -4888 -25061 -2716 -7621 END
START 4516 -1988 -2940 -28000 -979 -8691 END
START 3384 -3228 -2164 -31364 1197 -10154 END
START 52 -4580 632 -32768 648 -11640 END
START -2008 -6040 5536 -32768 -3267 -11898 END
START -2352 -7640 10192 -32768 -5672 -12063 END
START -5664 -9556 13652 -32768 -3790 -11483 END
START -9108 -10600 19828 -32768 -797 -8647 END
START -11076 -11204 27528 -32768 453 -6539 END
START -11692 -11152 32767 -32768 -1337 -5316 END
START -12240 -9916 32767 -32768 -2810 -3771 END
START -12028 -9116 32767 -30710 -1613 -2541 END
START -15452 -8644 32767 -26126 -1901 208 END
START -14564 -7984 32767 -22591 -2067 4176 END
START -12912 -6252 32767 -18869 -1324 8146 END
START -11304 -5364 32767 -13785 -1917 11101 END
START -7560 -3956 32767 -7756 -3795 12346 END
START -5900 -2884 32767 -3750 -3915 12622 END
START -7768 -3096 32767 -1059 -3395 13385 END
START -9472 -3564 32767 1330 -5883 15799 END
START -8980 -4628 32767 4010 -8912 18806 END
START -4752 -5228 31672 5596 -8899 20846 END
START -4316 -5516 30040 6846 -7078 21939 END
START -2400 -5836 29376 8181 -6677 22502 END
START -1464 -6580 29468 9617 -6762 22486 END
START 1204 -7052 30740 12263 -7858 22337 END
START 4268 -7500 31332 16076 -8615 21104 END
START 9464 -7088 29904 20269 -8321 18605 END
START 13908 -6200 26352 23597 -6434 14603 END
START 16068 -5484 22984 25281 -3864 10040 END
START 16536 -5116 19432 27105 -1971 5608 END
START 16004 -4964 15268 27726 -1297 1265 END
START 14884 -5004 12504 27984 -419 -2182 END
START 13924 -4716 9468 28032 476 -5089 END
START 13208 -4140 5924 26980 1928 -7796 END
START 11952 -3836 3452 25152 3179 -10243 END
START 10040 -3512 356 22490 3847 -11945 END
START 8312 -3264 -864 19095 3979 -13209 END
START 6856 -3176 -696 16539 3573 -14076 END
START 6588 -2492 -2008 14168 3184 -15383 END
START 5716 -1776 -3656 10963 3995 -17108 END
START 3692 -1412 -3468 7477 4323 -18552 END
START 1720 -536 -3672 4643 3793 -19314 END
START 68 652 -4660 1220 2288 -20009 END
START -2008 1108 -3688 -2098 -137 -20031 END
START -3204 2376 -1536 -5338 -1494 -19771 END
START -5472 2940 1480 -8280 -1577 -19459 END
START -8580 3228 5768 -9916 -2201 -18466 END
START -11088 3672 10208 -10340 -2233 -17666 END
START -15272 3052 14060 -10072 -893 -16156 END