START 7304 5624 -16700 11702 -1765 -1419 END
START -5728 1952 -16168 3050 -3752 715 END
START -4060 584 -15072 -3757 -1674 3442 END
START -1460 -148 -12540 -11238 2781 4190 END
START 1828 -1340 -8748 -16153 9957 3345 END
START 788 -2220 -4984 -16942 12030 1491 END
START -1180 -2420 -4292 -15372 7819 -356 END
START -3144 -2668 -4840 -13784 840 -1104 END
START -4344 -2908 -6720 -13994 -4930 302 END
START -1720 -2092 -9348 -17010 -6011 1895 END
START 724 -2544 -10072 -23492 -578 2358 END
START 1472 -3548 -8312 -29453 5874 1803 END
START 60 -5236 -5616 -32768 8899 961 END
START -644 -6720 -3068 -32768 7632 406 END
START -168 -7632 420 -32768 4679 -255 END
START 840 -8424 3280 -32768 3025 -1153 END
START 2268 -9132 6940 -32768 3782 -2186 END
START 2896 -9872 12824 -32768 6262 -3942 END
START 2624 -9748 20400 -32768 10460 -5870 END
START 400 -9408 27032 -32768 11395 -8385 END
START 128 -9012 32767 -32768 10778 -10539 END
START -1840 -8476 32767 -32768 11584 -12900 END
START -2716 -8296 32767 -32768 14023 -15550 END
START -5812 -7524 32767 -30284 14698 -17252 END
START -7808 -6140 32767 -24507 14005 -18605 END
START -11512 -4808 32767 -17898 12294 -18628 END
START -14004 -5316 32767 -10182 9815 -17173 END
START -16412 -5440 32767 -1865 7114 -15502 END
START -17908 -6356 32767 5308 4949 -13022 END
START -20056 -6960 32767 11425 2378 -9334 END
START -19784 -7264 32767 16572 1176 -4902 END
START -18460 -7604 32767 20375 1502 -487 END
START -16188 -8200 32500 23291 2389 3020 END
START -14412 -8792 28208 25471 2814 5906 END
START -12472 -9016 24400 26905 3443 7993 END
START -11576 -9820 20808 28133 3671 9496 END
START -11284 -10188 17980 29072 3355 11205 END
START -11716 -10760 15172 30283 2327 12746 END
START -12028 -11380 11708 30846 1769 15362 END
START -12900 -11480 9052 30584 1779 18880 END
START -12272 -11988 6072 29447 1987 23351 END
START -11760 -11476 3320 27351 2414 27945 END
START -10484 -10384 860 24490 2351 31679 END
START -9472 -10256 -412 21471 2779 32767 END
START -5996 -9584 -3012 18515 3605 32767 END
START -4292 -8964 -5524 14292 4698 32767 END
START -3068 -8812 -7664 8319 7074 32767 END
START 176 -7852 -11184 -1012 11629 32767 END
START 4224 -7808 -10400 -12768 17345 32767 END
START 6780 -7540 -3720 -20702 19771 32767 END
START 11512 -4852 1408 -22399 18252 32767 END
START 9232 -4268 1484 -22265 14731 31135 END
START 10232 -4540 896 -24169 9928 28248 END
START 13928 -4964 2168 -27429 10590 25673 END
START 17064 -5564 6920 -30710 13650 22693 END
START 22132 -5356 12520 -31051 19262 17593 END
START 26312 -3528 17100 -29845 25157 8769 END
START 26320 -2928 19080 -26583 26193 -2146 END
START 27416 -3432 19780 -24206 23002 -14102 END
START 24896 -5840 21740 -21933 22677 -26360 END
START 16792 -9236 24464 -19557 22575 -32768 END
START 10448 -11060 26332 -15982 20465 -32768 END
START 9308 -11524 27156 -13196 18841 -32768 END
START 6252 -13900 27872 -9745 17447 -32768 END
START 3372 -17348 27968 -5879 14275 -32768 END
START -2320 -21452 27444 -2171 13366 -32768 END
START -12224 -24304 26140 1983 9845 -32768 END