START -9336 660 6252 -2009 6005 -20733 END
START -18788 -10616 4828 -843 -533 -13710 END
START -25192 -11608 9148 -385 -2072 -6133 END
START -26568 -12860 11340 -1469 -1743 829 END
START -28632 -13484 13592 -2012 -166 6930 END
START -27180 -13452 12296 -2481 1091 12009 END
START -27836 -13360 11096 -3235 821 17057 END
START -28004 -13548 10328 -4388 361 23034 END
START -26584 -14552 9944 -6396 516 29142 END
START -25024 -16048 10024 -8694 1333 32767 END
START -23728 -18620 10752 -10848 832 32767 END
START -21272 -21840 11604 -13143 411 32767 END
START -18180 -25592 13564 -14740 -446 32767 END
START -13352 -28764 15840 -14975 -1722 32767 END
START -7508 -30500 18060 -14964 -979 32767 END
START -336 -30788 19656 -14949 3395 32767 END
START 2940 -30676 21592 -14973 7527 32767 END
START 5776 -29860 22876 -14577 8550 32767 END