START 19116 7608 -11632 1914 5158 1001 END
START 5636 -20 -14244 -2427 -1603 1090 END
START 1308 448 -10860 -8518 -7044 1118 END
START -2144 -452 -3428 -13233 -6892 605 END
START -1288 -1032 -1352 -14780 -2034 1238 END
START -504 -1316 -2900 -16424 2379 2888 END
START 772 -540 -5072 -18711 3983 3634 END
START 736 -860 -6492 -22074 4178 3343 END
START 2104 -1248 -5904 -25815 2798 3200 END
START 3144 -2060 -2728 -29058 1760 2424 END
START 4324 -2396 1328 -31551 3045 1699 END
START 4244 -2904 5116 -32768 5954 1196 END
START 4468 -3160 8556 -32768 6733 123 END
START 4272 -2876 12304 -32768 6067 -1461 END
START 3024 -3392 17652 -32768 4787 -3163 END
START 3132 -3528 22064 -32768 6459 -4094 END
START -168 -4712 29140 -32768 8720 -4970 END
START -1752 -5160 32767 -31458 9059 -4950 END
START -1768 -4448 32767 -27222 7914 -4682 END
START 12 -2676 32767 -22046 8110 -4658 END
START 1604 -840 32767 -16908 10079 -5759 END
START -120 212 32767 -10879 10515 -7163 END
START -2100 1056 32767 -5203 9287 -7746 END
START -3848 1792 32767 -558 7140 -8261 END
START -5620 1504 32767 3670 3959 -8704 END
START -3840 1544 32767 7606 1999 -8596 END
START -4008 1156 32767 11291 2364 -9018 END
START -6284 -512 32767 14183 2890 -8058 END
START -7160 -2504 32767 16836 2645 -6183 END
START -8716 -4496 31304 20058 2524 -3969 END
START -10012 -5992 28052 22933 1942 -1165 END
START -10980 -7044 23204 24899 2731 2328 END
START -12284 -7880 18492 25150 4009 6334 END
START -12632 -8512 14128 24727 4294 11079 END
START -10352 -8076 9684 23096 3754 14824 END
START -8652 -7896 6904 20466 3103 16875 END
START -8488 -8152 6244 19060 1630 19277 END
START -7660 -8272 5188 18388 -265 21778 END
START -6788 -8688 3688 18189 -2136 24268 END
START -6020 -8180 1244 17457 -3581 27310 END
START -3532 -7644 -3024 14931 -4020 29972 END
START -1044 -7280 -6116 10185 -5049 31977 END
START 1628 -6516 -7436 4675 -6381 32767 END
START 5048 -5956 -6772 319 -7695 32767 END
START 8880 -5620 -5064 -2880 -8221 32767 END
START 15008 -3856 -5164 -5071 -8637 30734 END
START 18876 -1764 -8544 -9781 -5730 25675 END
START 17592 -3188 -6696 -15171 -5902 20738 END
START 20028 -3944 -2916 -18174 -7142 18017 END
START 24244 -4024 20 -20814 -6211 15206 END
START 29628 -3948 4292 -23306 -2070 11048 END
START 32767 -3616 9408 -24221 2909 4061 END
START 32767 -4208 12336 -24358 7069 -3813 END
START 32767 -5072 15832 -24617 8763 -11383 END
START 30404 -6320 19236 -23906 10861 -18801 END
START 27736 -7868 23732 -22146 13544 -25990 END
START 23316 -8200 24548 -20140 15303 -31513 END
START 22988 -8308 25552 -19779 18420 -32768 END
START 18112 -9588 25732 -18841 23837 -32768 END
START 9000 -13228 25020 -16838 25798 -32768 END
START -10656 -16080 31384 -8692 17231 -32768 END
START -20340 -17492 32584 137 4443 -32768 END