START -27636 -3208 4460 7948 46 -13889 END
START -15464 -4792 -2820 6848 -4754 -8871 END
START -22416 -6732 2064 4262 -5342 -966 END
START -20712 -5888 1712 551 -2471 5731 END
START -23952 -6508 4420 -2981 -962 10726 END
START -21436 -7260 3440 -5293 233 16469 END
START -19936 -7760 4248 -7534 574 21131 END
START -19920 -8020 4736 -9128 -1501 25359 END
START -17336 -8536 5436 -10162 -3255 29416 END
START -16256 -9232 5376 -11269 -3598 32767 END
START -15396 -10848 5232 -12597 -4047 32767 END
START -13920 -13480 5736 -14261 -4487 32767 END
START -11400 -15696 6280 -15950 -4469 32767 END
START -9008 -19304 7884 -17806 -3284 32767 END
START -6128 -22232 8992 -18698 -3640 32767 END
START -5072 -26132 10600 -17546 -7609 32767 END
START -6416 -31576 10984 -14091 -16730 32767 END
START -456 -32768 9796 -11113 -25661 32767 END