START -8524 6872 30900 -11520 10337 -13049 END
START -17976 2720 32767 -7622 8560 -13207 END
START -17348 1220 32767 -5192 11911 -12552 END
START -26980 -1628 32767 -1086 7485 -9723 END
START -25336 -3276 32767 5003 -857 -4903 END
START -22920 -4304 32767 10998 -3689 -1644 END
START -21868 -5284 32767 15942 -2124 1188 END
START -22976 -6000 30612 19728 -1930 5052 END
START -21292 -7116 26760 22080 -619 9395 END
START -19144 -7636 22192 23901 575 13595 END
START -16768 -8728 17460 25800 573 16409 END
START -15584 -9208 12184 27163 -2178 18461 END
START -12836 -10128 6620 27395 -5605 20281 END
START -9880 -9800 2100 25694 -6414 22225 END
START -7624 -9032 -2256 22642 -6251 24418 END
START -5252 -7620 -5452 17851 -5953 26708 END
START -2192 -6784 -7280 12815 -5886 29137 END
START 3392 -5240 -9104 7300 -4790 28937 END
START 5316 -4484 -8980 2099 -3048 27127 END
START 5764 -3660 -9608 -2657 -1840 25331 END
START 4940 -3996 -7784 -7233 -3137 24855 END
START 8248 -3676 -5496 -10407 -6098 25011 END
START 12456 -3096 -1704 -13143 -6602 23761 END
START 18808 -1732 360 -14443 -4341 20641 END
START 21648 -268 544 -16676 -712 14761 END
START 20704 -448 640 -19843 1629 10064 END
START 21276 -344 2324 -23980 2385 6637 END
START 21104 -404 6944 -27181 3547 3569 END
START 21588 304 11316 -27992 3873 168 END
START 23844 1860 15256 -28245 3549 -4910 END
START 24292 3100 20340 -28533 5544 -11075 END
START 20292 2656 25108 -27935 7720 -17463 END
START 15420 1012 30648 -26577 6464 -21590 END
START 10672 -160 32767 -24202 3926 -24591 END
START 5872 -2036 32767 -19794 -1930 -26134 END
START 5588 -3144 32767 -13474 -4784 -27434 END
START 2052 -5080 32767 -7332 -2482 -29055 END
START -3276 -6928 32767 -1649 531 -28861 END
START -10404 -8184 32767 3729 1655 -26311 END
START -14168 -9820 32767 10065 1320 -22347 END
START -17816 -10804 32767 17579 452 -17904 END
START -19788 -12760 32767 25333 -957 -12103 END
START -17908 -13388 32767 32767 -2226 -5939 END
START -13356 -13128 32767 32767 -1300 -2023 END
START -9060 -12836 29132 32767 686 92 END
START -6256 -12424 20920 32767 876 1078 END
START -3772 -11280 15756 32767 687 1168 END
START -1704 -11596 13932 32767 387 744 END
START -1096 -11148 8928 32767 791 -35 END
START -820 -10352 1668 32767 -444 -418 END
START 1752 -7720 -6432 32767 -2868 -2038 END
START 2412 -5200 -10388 32767 -4695 -3911 END
START -24 -3276 -11012 28766 -5518 -4419 END
START 552 -740 -14628 24072 -4116 -3071 END