START 5204 7116 -9816 -4156 4853 -1864 END
START 3024 3548 -9984 -5996 -913 -1478 END
START 384 1896 -7300 -6787 -4383 -1188 END
START -868 2256 -8276 -8481 -7061 93 END
START 1124 2556 -6912 -11230 -6885 894 END
START 4868 2780 -8472 -14084 -4363 217 END
START 5188 2728 -8416 -17237 -1656 -1038 END
START 5356 2056 -8236 -21016 898 -3205 END
START 4064 456 -6436 -23990 1338 -4905 END
START 2780 -1296 -4920 -26245 68 -6064 END
START 1860 -2504 -4084 -28700 -1070 -6500 END
START 964 -3288 -3060 -32249 -1887 -6593 END
START 624 -5532 -156 -32768 -1273 -6568 END
START 600 -7572 3736 -32768 588 -6312 END
START 832 -8796 7976 -32768 3938 -6785 END
START -1484 -10392 13916 -32768 6299 -8174 END
START -4892 -12088 21484 -32768 4150 -9387 END
START -7276 -11332 26848 -32768 -1828 -9597 END
START -7272 -10900 32767 -32768 -3900 -9227 END
START -8708 -10176 32767 -32768 -579 -7642 END
START -9848 -9232 32767 -30021 4130 -5216 END
START -9416 -8136 32767 -26228 6256 -3044 END
START -8700 -7268 32767 -21862 6373 -2163 END
START -9792 -6704 32767 -15909 3803 -1750 END
START -11936 -6304 32767 -9293 -840 -537 END
START -12868 -4932 32767 -4366 -3670 1990 END
START -12192 -3760 32767 -1070 -3698 5651 END
START -11584 -3496 32767 1111 -2470 9471 END
START -10060 -3820 30620 2208 -2291 12389 END
START -10324 -4764 27172 2848 -4641 14964 END
START -11944 -5864 25532 3832 -9952 17470 END
START -11608 -7260 25480 4978 -13265 20432 END
START -10752 -8708 27604 6730 -13969 24452 END
START -6484 -9232 29504 9617 -12877 27197 END
START -1872 -9176 29904 13440 -10046 27422 END
START 816 -8792 28880 16593 -9107 26588 END
START 6308 -7712 29468 20728 -8360 24560 END
START 12268 -6352 27228 24568 -4099 20002 END
START 13516 -5272 23676 27151 637 15018 END
START 12888 -4784 18316 28532 2018 11199 END
START 15244 -3660 14096 27409 2805 8096 END
START 17416 -2464 12288 27001 3311 3880 END
START 18536 -1336 9280 26796 3976 -1806 END
START 17384 -1636 6408 26158 4529 -7120 END
START 15192 -1824 4352 25844 4418 -10906 END
START 12944 -1668 1336 24850 3680 -13454 END
START 15480 -544 -2812 21571 4274 -16413 END
START 15680 -120 -4452 16017 7256 -20578 END
START 13240 -808 -4976 10859 10093 -24336 END
START 9356 -1408 -5508 5736 11671 -26923 END
START 5488 -1908 -5524 982 11284 -28023 END
START 792 -2212 -4700 -2696 8575 -28026 END
START -3540 -1936 -2220 -5971 3506 -27664 END
START -10360 -1920 2584 -7283 -3927 -25033 END
START -14500 -944 7028 -6862 -10266 -20374 END