START 1392 3828 -11804 3903 6981 827 END
START 2376 -1024 -9532 1752 5662 2311 END
START -5916 -2124 -396 2052 5796 3989 END
START 1868 -2092 -5208 2958 5672 4571 END
START 3372 -144 -12092 802 1621 3602 END
START 4124 864 -15368 -5200 -4272 2562 END
START 5484 1600 -13904 -12053 -3391 887 END
START 5560 1276 -11512 -18139 3991 -1210 END
START 3456 472 -11020 -22779 9838 -3007 END
START 680 -524 -10348 -26368 11277 -4021 END
START 916 -1580 -9664 -29239 8926 -4743 END
START 1120 -2680 -7980 -32277 6194 -5694 END
START 1460 -3300 -6760 -32768 3907 -5862 END
START 3824 -3712 -4016 -32768 4594 -7052 END
START 4908 -5240 1436 -32768 8004 -9955 END
START 3588 -7668 9108 -32768 9943 -13235 END
START 1864 -8776 17584 -32768 8771 -16046 END
START 268 -8728 26912 -32768 7107 -19376 END
START -4284 -8444 32767 -32768 3935 -22666 END
START -8116 -7900 32767 -32768 1041 -23971 END
START -11440 -7788 32767 -32768 -371 -23164 END
START -14712 -8004 32767 -27976 464 -21703 END
START -16476 -7408 32767 -20625 4239 -18978 END
START -20824 -7364 32767 -14072 7573 -15671 END
START -24788 -7528 32767 -7193 6778 -10949 END
START -27284 -7260 32767 1566 2209 -4706 END
START -24104 -6164 32767 9457 -1222 840 END
START -20568 -5452 32767 15953 -3320 4701 END
START -17336 -4868 32767 21600 -4184 6996 END
START -14692 -5492 32767 25407 -4640 7756 END
START -13688 -6284 29560 27800 -4166 8649 END
START -12948 -7372 25252 29256 -2743 9850 END
START -11888 -8344 21592 30142 -317 11417 END
START -11404 -9296 18164 30961 1858 13388 END
START -9984 -10108 13372 31192 3708 15309 END
START -9140 -10624 9116 30801 5333 17029 END
START -8748 -10616 4652 29745 6251 18959 END
START -9500 -10012 -144 27573 5486 21127 END
START -8708 -9404 -4148 24265 3466 23676 END
START -7324 -8096 -7880 19485 1500 26655 END
START -6284 -6876 -10692 12879 -23 29593 END
START -5096 -6980 -11832 6178 -1491 32395 END
START -2752 -6552 -10612 263 -2342 32767 END
START -1428 -5820 -8964 -2711 -638 32767 END
START 5584 -5288 -11912 -9371 5648 31855 END
START 6000 -4956 -10028 -16060 8240 29017 END
START 5144 -5340 -5904 -22774 3813 26639 END
START 12192 -3240 -3740 -24553 2721 25182 END
START 13876 -3004 32 -24315 97 18852 END
START 16524 -3880 244 -24656 -2232 13452 END
START 17064 -4772 3616 -26503 -3094 11269 END
START 25992 -3872 8316 -29374 54 7677 END
START 30984 -3272 13992 -29733 8505 124 END
START 31144 -3364 17028 -27762 14688 -6570 END
START 32524 -3984 19596 -26697 21023 -14618 END
START 27152 -5944 20560 -25540 24768 -22743 END
START 23296 -7788 23100 -23964 24983 -28682 END
START 19588 -9580 26012 -21637 24234 -32768 END
START 12036 -13248 28684 -18631 21649 -32768 END
START 1224 -18180 32767 -13610 13503 -32768 END
START -9652 -22048 32767 -7037 4106 -32768 END
START -23524 -22912 32767 -892 -2181 -32768 END
START -28560 -21416 32767 4633 -5087 -32768 END