START 10516 7372 -11032 9581 6314 1480 END
START 6384 3976 -10436 5952 1298 1007 END
START 5476 2220 -8560 2829 -2509 299 END
START 3536 2700 -6324 152 -2392 7 END
START 5920 2840 -8324 -2333 -1331 -359 END
START 4472 3168 -8652 -5102 -242 -526 END
START 3352 3172 -8620 -8079 629 -547 END
START 4696 2940 -9396 -11418 1327 -836 END
START 5000 1908 -8020 -14829 2000 -1661 END
START 4796 556 -7088 -17350 1905 -2532 END
START 5368 -208 -5724 -19798 1838 -3980 END
START 5144 -992 -4328 -22322 3136 -5972 END
START 2864 -1972 -3644 -25221 4982 -7417 END
START -280 -3388 -1048 -27960 4051 -7556 END
START -500 -4536 2180 -29939 3154 -6843 END
START 972 -4192 4412 -31140 2384 -6980 END
START 1400 -4000 6740 -32433 2737 -8472 END
START -112 -4196 9928 -32768 4728 -9842 END
START -1840 -4636 14592 -32768 6589 -10948 END
START -6396 -5924 20200 -32768 6598 -12082 END
START -11292 -6308 27584 -32768 3028 -10939 END
START -13948 -6260 32767 -31597 -442 -8421 END
START -11696 -5628 32767 -27743 1446 -5636 END
START -11368 -3724 32767 -25227 7067 -3904 END
START -13160 -3104 32767 -21816 8940 -1727 END
START -12644 -2532 32767 -17214 7264 427 END
START -12508 -1904 32767 -12187 2986 2657 END
START -9688 -916 32767 -8911 276 4431 END
START -9744 -620 32767 -6492 -1498 5849 END
START -8012 -628 32767 -3882 -2255 7340 END
START -8556 -1060 32767 -1523 -2914 8984 END
START -10228 -2376 32664 144 -4635 11025 END
START -12052 -3308 29732 1867 -8135 13421 END
START -12316 -4100 27176 2951 -11579 16774 END
START -11100 -4664 25788 3076 -14646 20638 END
START -6876 -5564 26796 3119 -12178 23135 END
START -5596 -6764 30480 4593 -10514 25120 END
START 120 -6064 32400 8937 -12086 24988 END
START 6332 -5524 32416 13877 -14025 22705 END
START 12264 -3960 30280 18415 -13764 18598 END
START 14200 -3888 27560 22184 -12126 13806 END
START 17820 -3064 23188 24154 -8982 9490 END
START 19828 -2916 19976 25233 -5074 4402 END
START 20848 -2696 16052 25570 -1448 -966 END
START 20680 -3256 13192 25345 2574 -6746 END
START 17096 -4760 9444 25471 5937 -11472 END
START 12292 -5876 5704 25662 6471 -13200 END
START 10368 -5300 -96 23948 6054 -13972 END
START 10016 -4600 -3364 20247 5197 -15180 END
START 9360 -4452 -4104 16595 5528 -17268 END
START 7964 -4312 -5216 13711 5827 -18930 END
START 6792 -4012 -6316 10422 6182 -20580 END
START 4864 -3896 -7412 7117 6687 -21863 END
START 1840 -4308 -8008 3723 5994 -21631 END
START -132 -3824 -8752 14 3847 -20518 END
START -1800 -3720 -9248 -4362 2504 -19166 END
START -3400 -2644 -9048 -10058 2217 -17254 END
START -5712 -1768 -5948 -15751 2911 -15397 END
START -8580 -76 -396 -19806 2843 -13411 END
START -11140 1060 6856 -21593 1438 -11669 END
START -10944 2828 16892 -21248 3085 -10844 END