START -12048 -4704 11500 7092 1423 -28988 END
START -6684 -6204 9592 4090 -141 -25577 END
START -7484 -6556 10188 2340 4961 -23085 END
START -15320 -7028 14124 1930 6242 -20278 END
START -15340 -7684 11852 2727 5323 -17112 END
START -22508 -8292 12468 3364 2526 -13245 END
START -27428 -8664 11360 3938 -2413 -7187 END
START -27960 -8444 10096 1623 -3430 199 END
START -27396 -9168 10532 -1792 361 6480 END
START -27616 -10584 10956 -4871 4227 13239 END
START -27728 -12088 12804 -6240 5897 20524 END
START -26940 -12396 13672 -5989 4658 26501 END
START -26224 -13940 13688 -4901 3147 32085 END
START -24528 -14608 12956 -3985 97 32767 END
START -22416 -15780 12296 -3367 -2389 32767 END
START -18988 -16500 11532 -3575 -3373 32767 END
START -14776 -17140 11688 -5301 -1553 32767 END
START -9344 -18448 13196 -6918 1350 32767 END
START -4640 -19176 15056 -7706 3193 32767 END
START 12 -19168 16192 -7658 2737 32767 END
START 5712 -18260 18756 -6189 811 32767 END
START 13704 -14772 17184 -4269 701 32767 END
START 14216 -12960 14972 -4993 3670 32767 END
START 10712 -11844 14432 -7263 4520 32767 END
START 7904 -13680 16076 -8471 1686 32767 END
START 8552 -17128 17560 -8562 -2609 32767 END
START 16224 -17748 20908 -7822 -5255 32767 END