START 720 3756 -3636 13024 -2210 -4482 END
START 3316 64 -17788 14609 -2049 -4229 END
START -1020 5580 -7528 12302 -2663 -3931 END
START 464 5736 -8260 12638 -2472 -3655 END
START -2468 4056 -7928 11824 -3353 -3386 END
START -1544 4432 -10088 10990 -4467 -3169 END
START -2552 3796 -10760 9950 -5191 -2895 END
START -3100 3348 -12124 8928 -6113 -2579 END
START -3136 3252 -13892 7815 -6868 -2104 END
START -4284 3304 -14124 6647 -7774 -1496 END
START -4072 3708 -15684 5251 -8502 -818 END
START -4200 3700 -16628 3733 -9068 -236 END
START -4044 3856 -16744 1925 -9482 375 END
START -3744 3680 -17524 186 -9519 896 END
START -3684 3576 -17584 -1661 -9419 1442 END
START -3268 3536 -17408 -3493 -9015 1900 END
START -3220 3296 -16816 -5235 -8408 2301 END
START -2560 2956 -16092 -6911 -7578 2704 END
START -1976 2544 -15584 -8317 -6332 3034 END
START -1832 2112 -14724 -9588 -4852 3332 END
START -1696 1840 -13864 -10707 -3374 3585 END
START -1688 1608 -13304 -11679 -1770 3848 END
START -1544 1176 -12100 -12518 -157 4083 END
START -1392 1096 -11536 -13166 1171 4289 END
START -1392 940 -11124 -13776 2336 4507 END
START -1208 640 -10628 -14432 3330 4707 END
START -1088 660 -10260 -14590 4025 4809 END
START -1120 536 -9712 -15388 4523 4903 END
START -1100 324 -9140 -15804 4649 4918 END
START -1096 280 -8752 -16203 4546 4950 END
START -892 248 -8316 -16561 4259 4914 END
START -624 212 -7924 -16817 3850 4890 END
START -376 8 -7560 -17006 3430 4799 END
START -196 -108 -7308 -17158 2890 4668 END
START -120 -100 -6928 -17296 2346 4533 END
START -156 -68 -6840 -17340 1767 4363 END
START -172 -164 -6720 -17468 1137 4185 END
START -336 -136 -6528 -17534 565 4104 END
START -568 -160 -6424 -17606 -57 4027 END
START -812 -148 -6560 -17637 -731 4009 END
START -1036 -96 -6816 -17799 -1358 3965 END
START -1100 -208 -7176 -17925 -2010 4045 END
START -1296 -64 -7516 -18238 -2542 4119 END
START -1516 36 -7568 -18624 -2962 4244 END
START -1596 288 -7832 -19161 -3256 4430 END
START -1824 288 -7896 -19739 -3436 4670 END
START -1872 288 -7536 -20329 -3457 4962 END
START -1976 272 -7380 -20935 -3470 5261 END
START -2164 328 -6936 -21527 -3387 5613 END
START -2352 268 -6660 -22084 -3269 5968 END
START -2540 104 -6468 -22538 -3089 6358 END
START -2660 -140 -6088 -23015 -2856 6845 END
START -2772 -136 -6164 -23467 -2594 7323 END
START -2780 -212 -6020 -23958 -2235 7866 END
START -2736 -208 -5888 -24569 -1846 8367 END
START -2612 -132 -5912 -25229 -1442 8913 END
START -2392 -100 -5740 -25936 -915 9436 END
START -1848 -156 -5588 -26692 -335 9903 END
START -1176 -440 -5120 -27458 427 10299 END
START -264 -612 -4628 -28235 1168 10596 END
START 660 -784 -3988 -28928 2084 10766 END
START 1768 -1000 -3448 -29651 2959 10780 END
START 2504 -1188 -2716 -30283 3891 10654 END
START 3120 -1188 -2100 -30917 4658 10435 END
START 3696 -1320 -1584 -31571 5405 10117 END
START 4176 -1240 -960 -32216 5976 9828 END
START 4548 -1472 -164 -32768 6341 9465 END
START 4992 -1768 496 -32768 6511 9074 END
START 5428 -2024 1388 -32768 6499 8563 END
START 5980 -2280 2220 -32768 6436 8088 END
START 6216 -2436 3112 -32768 6299 7599 END
START 6464 -2508 4004 -32768 6016 7034 END
START 6480 -2516 4808 -32768 5753 6498 END
START 6632 -2692 5368 -32768 5472 5948 END
START 6608 -2832 6300 -32768 5156 5409 END
START 6196 -2792 7100 -32768 4760 4837 END
START 5860 -2804 7652 -32768 4422 4390 END
START 5224 -2796 8392 -32768 4016 3973 END
START 4772 -2772 9068 -32768 3651 3603 END
START 4296 -2868 9732 -32768 3379 3370 END
START 3716 -2720 10512 -32768 3169 3108 END
START 3236 -2820 11180 -32768 3168 2950 END
START 2584 -2896 11992 -32768 3210 2829 END
START 2260 -3104 12468 -32768 3367 2733 END
START 1736 -3240 13368 -32768 3602 2659 END
START 988 -3528 13920 -32768 3977 2707 END
START 192 -3528 14664 -32768 4330 2851 END
START -208 -3544 15116 -32768 4727 3135 END
START -956 -3580 15748 -32768 5261 3507 END
START -1584 -3480 16280 -32768 5803 4015 END
START -1848 -3672 17228 -32768 6266 4568 END
START -2012 -3912 18336 -32768 6812 5262 END
START -1716 -3944 19272 -32768 7290 5881 END
START -1244 -3728 20432 -32768 7816 6447 END
START -740 -3684 21648 -32768 8331 6902 END
START -168 -3616 22968 -32768 8718 7141 END
START 628 -3544 24596 -32768 9006 7273 END
START 1444 -3480 25784 -32768 9315 7248 END
START 1904 -3504 27480 -32768 9512 7122 END
START 2344 -3424 28948 -32768 9610 6897 END
START 2984 -3224 30368 -32768 9618 6560 END
START 2952 -2908 31680 -32768 9475 6177 END
START 3156 -2584 32767 -32768 9163 5719 END
START 2884 -2288 32767 -32768 8626 5246 END
START 2932 -2040 32767 -32768 7843 4802 END
START 2676 -1696 32767 -32768 6961 4350 END
START 2624 -1260 32767 -32768 6049 3995 END
START 2548 -888 32767 -32750 5216 3658 END
START 2556 -600 32767 -31807 4481 3450 END
START 2408 -340 32767 -30900 3848 3250 END
START 2196 -52 32767 -29979 3279 3117 END
START 2208 340 32767 -28998 2716 3023 END
START 2068 544 32767 -28091 2297 2952 END
START 1864 668 32767 -27059 1895 2923 END
START 1468 868 32767 -25989 1480 2974 END
START 1160 1056 32767 -24979 1216 3190 END
START 652 1260 32767 -23895 1066 3505 END
START 572 1568 32767 -22780 1147 3967 END
START 524 1896 32767 -21750 1366 4532 END
START 480 2128 32767 -20649 1696 5107 END
START 704 2336 32767 -19587 2070 5710 END
START 1072 2444 32767 -18530 2386 6271 END
START 1512 2568 32767 -17501 2746 6803 END
START 1988 2632 32767 -16460 3008 7259 END
START 2648 2664 32767 -15442 3371 7692 END
START 3520 2796 32767 -14324 3722 7980 END
START 4500 2912 32767 -13494 4022 8240 END
START 5600 2868 32767 -12402 4366 8305 END
START 6888 2672 32767 -11369 4719 8226 END
START 8016 2704 32767 -10317 5017 8039 END
START 8968 2824 32767 -9216 5326 7707 END
START 9700 2824 32767 -8074 5412 7141 END
START 10200 2504 32767 -7004 5478 6476 END
START 10252 2688 32767 -5428 5351 5820 END
START 10292 4056 32767 -4601 4895 5156 END
START 9976 3564 32767 -3673 4608 4511 END
START 10232 3380 32767 -2671 4234 3918 END
START 9452 3356 32767 -1625 3736 3311 END
START 9336 3588 32767 -624 3226 2782 END
START 8520 3752 32767 310 2662 2392 END
START 8080 3648 32767 1258 2131 2013 END
START 7676 3684 32767 2200 1540 1670 END
START 6916 3984 32767 2965 1022 1452 END
START 6796 4180 32767 3662 579 1199 END
START 6316 4284 32767 4274 220 1058 END
START 6036 4420 32767 4854 -20 879 END
START 5908 4416 32767 5372 -165 741 END
START 5544 4408 32520 5894 -226 634 END
START 5088 4388 31556 6429 -268 537 END
START 4708 4648 30768 6896 -282 499 END
START 4348 4656 29644 7413 -253 509 END
START 3948 4680 28280 7824 -238 545 END
START 3384 4604 27132 8185 -224 614 END
START 2768 4728 25892 8462 -324 721 END
START 2112 4768 24516 8644 -533 847 END
START 1508 4828 23340 8691 -758 996 END
START 956 4904 22228 8659 -1036 1120 END
START 152 4980 21192 8512 -1439 1310 END
START -128 4928 20628 8302 -1866 1455 END
START -588 5060 19864 8007 -2303 1674 END
START -980 5036 19188 7698 -2686 1846 END
START -1744 5044 18596 7331 -3066 2055 END
START -2368 4896 18404 6928 -3472 2258 END
START -2920 4756 18256 6503 -3817 2571 END
START -3312 4520 18356 6193 -4043 2887 END
START -3920 4420 18164 5957 -4158 3286 END
START -4268 4184 18252 5786 -4185 3723 END
START -5064 4124 18596 5592 -4192 4233 END
START -5588 3896 18924 5493 -4198 4720 END
START -6420 3608 19416 5346 -4240 5344 END
START -7076 3300 20020 5261 -4367 6067 END
START -7968 2868 20720 5278 -4680 6822 END
START -8892 2620 21512 5336 -5062 7687 END
START -9620 2316 22120 5606 -5509 8655 END
START -10372 2112 22620 5963 -5937 9781 END
START -10696 1828 23160 6413 -6392 10922 END
START -11064 1688 23616 6973 -6743 12290 END
START -11132 1664 23660 7515 -7004 13396 END
START -10932 1588 23720 8068 -7153 14730 END
START -10600 1288 23932 8550 -7187 15914 END
START -10256 932 23916 9036 -7128 17071 END
START -9960 604 23700 9412 -6952 18111 END
START -9732 400 23692 9755 -6732 19134 END
START -9440 80 23444 10090 -6427 20094 END
START -9404 -232 23364 10429 -6077 21084 END
START -9212 -472 22820 10663 -5645 22154 END
START -9060 -744 22628 10847 -5135 23243 END
START -8636 -976 22372 11049 -4630 24360 END
START -8136 -1240 22204 11122 -4002 25504 END
START -7456 -1592 22048 11157 -3435 26543 END
START -6760 -1936 21916 11138 -2911 27544 END
START -5972 -2196 22268 11199 -2455 28497 END
START -5232 -2488 22552 11216 -2115 29284 END
START -4724 -2692 22948 11324 -1969 30071 END
START -4052 -2984 23764 11518 -2001 30672 END
START -3260 -2924 24256 11851 -2239 31269 END
START -2464 -3012 24804 12281 -2502 31729 END
START -708 -3216 25484 12770 -2853 32092 END
START 764 -3344 26048 13358 -3200 32272 END
START 2192 -3320 26560 14059 -3461 32396 END
START 3772 -3504 26868 14805 -3788 32313 END
START 5392 -3580 27384 15616 -4224 32049 END
START 6972 -3516 27616 16460 -4783 31619 END
START 8460 -3420 27840 17404 -5352 30990 END
START 9552 -3272 27632 18369 -5995 30261 END
START 10456 -3252 27244 19295 -6609 29447 END
START 11188 -3204 26644 20182 -7332 28602 END
START 11988 -3036 26232 21019 -8063 27707 END
START 13020 -2560 25668 21763 -8641 26895 END
START 14228 -1992 24792 22432 -9060 25945 END
START 15952 -1420 24312 23080 -9299 24911 END
START 17480 -784 23640 23607 -9335 23714 END
START 18880 -452 23068 24120 -9318 22292 END
START 20084 -56 22628 24564 -9302 20765 END
START 20896 372 21788 24896 -9276 19148 END
START 21500 616 21340 25201 -9229 17541 END
START 21840 892 20704 25480 -9053 15962 END
START 22128 1060 19564 25759 -8780 14408 END
START 22444 1284 18712 25941 -8408 13013 END
START 22768 1392 18040 26179 -7950 11832 END
START 23040 1612 16904 26276 -7428 10511 END
START 23440 1876 15852 26326 -6800 9266 END
START 23760 2036 14776 26297 -6193 8045 END
START 24004 2244 13524 26173 -5534 6903 END
START 24180 2200 12220 25914 -4920 5689 END
START 24328 2196 11388 25576 -4414 4573 END
START 24520 2456 10164 25135 -3907 3483 END
START 24656 2660 9188 24572 -3344 2473 END
START 24728 3028 8520 23946 -2898 1512 END
START 24636 3300 7872 23280 -2475 559 END
START 24604 3504 7040 22588 -2115 -396 END
START 24296 3520 6276 21939 -1832 -1252 END
START 24032 3524 5464 21244 -1547 -2109 END
START 23712 3800 4684 20479 -1281 -2988 END
START 23296 4168 3984 19606 -1034 -3809 END
START 23000 4580 3576 18690 -888 -4575 END
START 22604 4848 3456 17761 -791 -5272 END
START 22112 5148 3332 16761 -739 -6000 END
START 21952 4980 3356 15737 -770 -6654 END
START 21716 4976 3540 14765 -804 -7326 END
START 21560 4776 3936 13941 -957 -8038 END
START 21320 4388 4508 13212 -1133 -8708 END
START 21228 4200 5064 12669 -1336 -9423 END
START 21048 3876 5640 12272 -1561 -10111 END
START 20840 3716 6128 12031 -1780 -10780 END
START 20712 3608 6356 11902 -1998 -11524 END
START 20572 3420 6788 11824 -2291 -12180 END
START 20464 3116 6792 11816 -2536 -12848 END
START 20672 2948 6864 11829 -2864 -13645 END
START 20900 2592 6744 11837 -3132 -14396 END
START 21088 2192 6436 11806 -3320 -15262 END
START 21488 1948 6192 11815 -3507 -16263 END
START 21820 1644 5608 11750 -3547 -17245 END
START 22332 1352 5148 11594 -3488 -18335 END
START 22724 1200 4576 11409 -3228 -19410 END
START 23120 912 3912 11164 -2804 -20568 END
START 23028 552 2992 10926 -2301 -21793 END
START 23116 52 2252 10525 -1740 -23060 END
START 22596 -444 1460 10079 -1208 -24338 END
START 21964 -776 624 9563 -711 -25541 END
START 20860 -1176 272 9079 -437 -26648 END
START 20036 -1432 -632 8455 -282 -27576 END
START 19072 -1692 -1112 7774 -292 -28406 END
START 18032 -2104 -1804 6993 -317 -29083 END
START 17076 -2272 -2176 6182 -470 -29654 END
START 16008 -2592 -2456 5295 -709 -30193 END
START 14908 -2748 -2684 4390 -1096 -30601 END
START 13704 -2968 -2488 3519 -1580 -30883 END
START 12704 -2988 -2408 2655 -2033 -31065 END
START 11704 -3044 -2344 1853 -2352 -31141 END
START 10676 -2932 -2288 1166 -2640 -31106 END
START 9648 -2892 -2160 451 -2850 -30952 END
START 8732 -2708 -2048 -163 -3026 -30718 END
START 8044 -2436 -1520 -835 -3229 -30445 END
START 7496 -2376 -1372 -1423 -3392 -30136 END
START 7188 -1964 -1188 -1990 -3495 -29845 END
START 7028 -1624 -728 -2559 -3472 -29569 END
START 6832 -1496 -868 -2982 -3380 -29319 END
START 6712 -1336 -728 -3416 -3199 -29114 END
START 6608 -1136 -632 -3801 -3031 -28929 END
START 6580 -984 -836 -4230 -2810 -28895 END
START 6924 -548 -1188 -4655 -2595 -28850 END
START 7360 -220 -1392 -5283 -2231 -28934 END
START 7528 132 -1628 -6019 -1764 -29187 END
START 7788 388 -1724 -6813 -1271 -29504 END
START 7536 556 -1552 -7702 -797 -29921 END
START 6960 688 -1280 -8600 -381 -30289 END
START 6624 796 -1156 -9462 -51 -30648 END
START 5984 968 -684 -10302 153 -31006 END
START 4936 952 -44 -11035 255 -31246 END
START 4172 1108 480 -11740 317 -31424 END
START 3224 1248 1284 -12360 304 -31609 END
START 2348 1592 2348 -12960 202 -31659 END
START 1212 1752 3256 -13452 -15 -31715 END
START -56 1688 4428 -13817 -442 -31691 END
START -1708 1608 6056 -14112 -1030 -31582 END
START -3340 1696 7636 -14281 -1973 -31384 END
START -5508 1872 9084 -14505 -3086 -30979 END
START -7612 2044 10580 -14075 -4434 -30387 END
START -9472 2352 11852 -13812 -5959 -29629 END
START -11120 2760 12968 -13380 -7274 -28621 END
START -12680 3308 14060 -12848 -8545 -27486 END
START -13692 3580 14872 -12324 -9592 -26175 END
START -14476 4088 15652 -11786 -10333 -24824 END
START -15224 4612 16936 -11314 -10806 -23415 END
START -15572 4992 17684 -10839 -10947 -22055 END
START -15588 5292 18500 -10371 -10731 -20672 END
START -15636 5372 19220 -9907 -10227 -19365 END
START -15772 5684 20052 -9381 -9527 -18188 END
START -15928 5712 20432 -8968 -8684 -16993 END
START -16268 5868 21048 -8474 -7683 -15796 END
START -16572 6012 21292 -8032 -6751 -14675 END
START -17220 6184 21680 -7676 -5826 -13523 END
START -17504 6256 21872 -7344 -5174 -12326 END
START -18000 6404 22132 -7126 -4576 -11161 END
START -18380 6432 22600 -6970 -4140 -9903 END
START -18320 6608 22888 -6864 -3663 -8636 END
START -18276 6696 23184 -6770 -3275 -7402 END
START -18384 6808 23852 -6694 -2990 -6197 END
START -17884 6856 24168 -6596 -2691 -5000 END
START -17512 6948 24852 -6446 -2447 -3868 END
START -16812 7012 25520 -6241 -2149 -2858 END
START -15900 6956 26012 -5951 -1802 -1934 END
START -15428 7092 27092 -5567 -1485 -1081 END