START 1044 7784 2940 18755 -4790 -3822 END
START 2604 2372 -9868 20651 -3957 -3781 END
START 2620 10408 -1136 18381 -4695 -3948 END
START -1280 8236 3100 19095 -4479 -3922 END
START -224 7648 -668 18663 -5052 -3879 END
START -380 7808 -880 18250 -5226 -3760 END
START -1464 7464 -912 17839 -5450 -3629 END
START 48 7468 -3136 17441 -5168 -3404 END
START -1860 6904 -1528 17085 -5162 -3148 END
START -752 6704 -3632 16711 -4991 -2742 END
START -2400 6252 -2772 16339 -4802 -2313 END
START -2240 6032 -3968 16105 -4805 -1853 END
START -2544 6200 -4632 15843 -4546 -1339 END
START -2880 6348 -5352 15643 -4755 -860 END
START -2240 6284 -7060 15290 -4983 -411 END
START -2312 6276 -8164 14740 -5363 -5 END
START -2160 6304 -9984 13919 -5752 262 END
START -1996 6208 -11316 12786 -6137 412 END
START -2036 5860 -12232 11429 -6620 585 END
START -2312 6316 -13148 9823 -7172 762 END
START -2544 6320 -13968 8201 -7791 981 END
START -2516 6596 -14720 6520 -8329 1221 END
START -2572 6752 -15428 4690 -8696 1544 END
START -2632 6380 -16004 2919 -8964 1869 END
START -2308 6420 -16288 1207 -8965 2117 END
START -1756 6260 -16656 -673 -8699 2377 END
START -1204 6192 -16912 -2544 -8082 2537 END
START -744 5776 -16752 -4382 -7220 2597 END
START -136 5408 -16276 -6092 -6146 2567 END
START 124 5008 -15784 -7607 -4934 2559 END
START 192 4928 -15204 -9172 -3562 2528 END
START 136 4528 -14664 -10491 -2243 2501 END
START -36 4048 -14012 -11769 -946 2499 END
START -136 3876 -13588 -12973 363 2582 END
START -268 3600 -12752 -13974 1481 2653 END
START -656 3336 -12208 -15000 2512 2785 END
START -1024 2904 -11416 -15964 3408 2977 END
START -1420 2896 -10408 -16765 4092 3152 END
START -1740 2668 -9512 -17433 4552 3367 END
START -2000 2460 -8608 -17936 4761 3624 END
START -2144 2136 -7892 -18347 4754 3874 END
START -2120 1868 -6892 -18591 4538 4145 END
START -1904 1516 -6260 -18690 4173 4386 END
START -1720 1188 -5644 -18677 3690 4602 END
START -1420 980 -5100 -18586 3149 4759 END
START -948 908 -4524 -18420 2575 4897 END
START -496 764 -4296 -18192 1929 4932 END
START 164 772 -3988 -17906 1222 4972 END
START 712 716 -3956 -17680 502 4908 END
START 1028 728 -3864 -17430 -218 4744 END
START 1416 752 -3840 -17217 -937 4559 END
START 1736 724 -4044 -17094 -1605 4326 END
START 1988 736 -4332 -16989 -2211 4082 END
START 1992 728 -4620 -17036 -2691 3854 END
START 1964 560 -4736 -17064 -3197 3654 END
START 1832 644 -5044 -17169 -3585 3476 END
START 1576 676 -5472 -17374 -3932 3318 END
START 1584 720 -5912 -17585 -4129 3214 END
START 1412 676 -6084 -17915 -4273 3124 END
START 1180 528 -6052 -18251 -4261 3102 END
START 764 472 -6336 -18652 -4276 3091 END
START 568 400 -6424 -19047 -4154 3147 END
START 232 332 -6640 -19452 -4157 3209 END
START -120 204 -6764 -19854 -4084 3349 END
START -508 184 -6900 -20294 -4027 3539 END
START -808 304 -7200 -20841 -3960 3743 END
START -1244 228 -7412 -21443 -3905 4003 END
START -1528 148 -7296 -22186 -3824 4275 END
START -1756 192 -7620 -22995 -3685 4621 END
START -2088 88 -7400 -23742 -3478 4915 END
START -2208 4 -7456 -24597 -3197 5323 END
START -2224 -232 -7148 -25418 -2818 5674 END
START -2368 -352 -6892 -26248 -2349 6078 END
START -2348 -680 -6744 -27092 -1796 6452 END
START -2520 -872 -6564 -28001 -1073 6890 END
START -2664 -1104 -5924 -28805 -348 7283 END
START -2800 -1352 -5644 -29692 455 7726 END
START -2856 -1368 -5312 -30526 1258 8150 END
START -3004 -1512 -4720 -31377 2039 8604 END
START -3220 -1700 -3956 -32102 2746 9048 END
START -3372 -2016 -3120 -32757 3256 9545 END
START -3412 -2348 -2632 -32768 3562 10014 END
START -3096 -2628 -2152 -32768 3741 10466 END
START -2692 -2808 -1376 -32768 3795 10808 END
START -2256 -2756 -768 -32768 3745 11078 END
START -1828 -2864 92 -32768 3655 11241 END
START -1572 -2932 368 -32768 3450 11387 END
START -868 -2996 1296 -32768 3344 11526 END
START -340 -3028 2544 -32768 3232 11572 END
START 256 -3176 3536 -32768 3172 11624 END
START 872 -3580 4460 -32768 3199 11596 END
START 1608 -3724 5312 -32768 3306 11610 END
START 2496 -3952 5964 -32768 3676 11561 END
START 3284 -3980 6804 -32768 4187 11478 END
START 4000 -3988 7664 -32768 4813 11311 END
START 4412 -3936 8536 -32768 5541 11057 END
START 4768 -3840 9544 -32768 6181 10789 END
START 4780 -3720 10716 -32768 6707 10459 END
START 4872 -3804 11864 -32768 7196 10164 END
START 4596 -4008 13016 -32768 7561 9850 END
START 4436 -4264 14148 -32768 7814 9562 END
START 3924 -4356 15352 -32768 7887 9250 END
START 3580 -4240 16876 -32768 7900 8999 END
START 2836 -4192 18440 -32768 7737 8720 END
START 2364 -4180 19948 -32768 7337 8484 END
START 2164 -4036 21068 -32768 7164 8352 END
START 1616 -4148 22556 -32768 6879 8225 END
START 1696 -4272 23600 -32768 6880 8250 END
START 1132 -4608 25332 -32768 6843 8304 END
START 928 -4592 26664 -32768 6849 8384 END
START 648 -4636 27788 -32768 6750 8523 END
START 744 -4596 29056 -32768 6827 8727 END
START 1084 -4692 30320 -32768 7003 8967 END
START 1824 -4648 31432 -32768 7407 9127 END
START 2792 -4728 32416 -32768 8125 9231 END
START 3684 -4772 32767 -32768 8906 9216 END
START 4388 -4728 32767 -32768 9713 9069 END
START 4848 -4644 32767 -32768 10377 8846 END
START 5092 -4668 32767 -32768 10868 8538 END
START 4960 -4388 32767 -32768 11078 8259 END
START 4480 -3956 32767 -32768 10989 8037 END
START 4264 -3348 32767 -32768 10632 7690 END
START 3828 -2820 32767 -31688 10067 7477 END
START 3588 -2468 32767 -30384 9399 7314 END
START 3460 -2144 32767 -29096 8581 7171 END
START 3436 -1916 32767 -27881 7736 7103 END
START 3592 -1572 32767 -26755 6932 7077 END
START 3640 -1164 32767 -25649 6136 7011 END
START 4052 -844 32767 -24596 5468 6944 END
START 4260 -692 32767 -23583 4889 6925 END
START 4852 -356 32767 -22667 4491 6843 END
START 5496 -140 32767 -21756 4168 6808 END
START 6296 248 32767 -20999 4121 6658 END
START 7120 520 32767 -20282 4274 6482 END
START 7472 704 32767 -19618 4503 6241 END
START 8116 980 32767 -18934 4738 5908 END
START 8476 1128 32767 -18181 5012 5538 END
START 8632 1252 32767 -17348 5215 5184 END
START 8748 1328 32767 -16501 5390 4774 END
START 8628 1528 32767 -15597 5456 4384 END
START 8408 1588 32767 -14483 5488 4088 END
START 7948 1620 32767 -13968 5395 3787 END
START 7544 1724 32767 -12900 5204 3585 END
START 7072 2012 32767 -12049 4909 3411 END
START 6640 2160 32767 -11152 4560 3353 END
START 6436 2220 32767 -10230 4148 3250 END
START 6340 2128 32767 -9313 3783 3180 END
START 6320 2080 32767 -8355 3375 3104 END
START 6176 2028 32767 -7386 3052 2998 END
START 6012 2056 32767 -6378 2675 2882 END
START 5736 2056 32767 -5353 2343 2784 END
START 5544 1936 32767 -4242 1979 2642 END
START 5372 1912 32767 -3142 1543 2626 END
START 5172 1836 32767 -2103 1132 2582 END
START 5260 1716 32767 -944 697 2558 END
START 5244 1576 32767 98 363 2517 END
START 5124 1420 32767 1034 22 2412 END
START 4912 1384 32767 1982 -405 2323 END
START 4660 1352 32767 2863 -1004 2233 END
START 4112 1312 32767 3667 -1774 2160 END
START 3716 1276 32767 4457 -2605 2115 END
START 3336 1220 32767 5250 -3450 2090 END
START 3104 1140 32767 5956 -4264 2137 END
START 2916 1128 32767 6744 -5076 2200 END
START 2512 992 32767 7396 -5851 2235 END
START 2144 876 32767 8106 -6513 2321 END
START 2112 952 32767 8777 -6877 2400 END
START 2148 832 32767 9396 -7005 2457 END
START 1820 756 32416 9968 -6932 2557 END
START 1632 728 31500 10445 -6762 2677 END
START 1288 596 30216 10883 -6452 2840 END
START 872 420 29180 11195 -6168 3043 END
START 628 328 28624 11490 -5841 3235 END
START 116 168 27740 11702 -5611 3564 END
START -396 -144 26724 11866 -5464 3846 END
START -1028 -416 25984 12044 -5455 4210 END
START -1412 -540 24836 12141 -5470 4585 END
START -1744 -608 23948 12185 -5396 4960 END
START -2040 -576 22980 12170 -5250 5370 END
START -2348 -708 22304 12066 -5104 5809 END
START -2632 -608 21544 11883 -4921 6250 END
START -2960 -764 21100 11671 -4724 6712 END
START -3272 -940 20696 11424 -4467 7232 END
START -3624 -1152 20160 11169 -4192 7781 END
START -3984 -1604 20260 10930 -4006 8359 END
START -4720 -1856 20476 10785 -3906 9027 END
START -5616 -2220 20764 10779 -4096 9752 END
START -6508 -2332 21072 10889 -4445 10577 END
START -7276 -2404 21380 11094 -4876 11473 END
START -7748 -2584 21544 11485 -5412 12368 END
START -7960 -2728 21604 11879 -5862 13290 END
START -8116 -2988 21572 12323 -6354 14359 END
START -7960 -3316 21432 12780 -6688 15248 END
START -7888 -3628 21216 13186 -7031 16128 END
START -8120 -4108 21172 13597 -7355 17016 END
START -8540 -4396 21148 14009 -7777 17998 END
START -8916 -4580 21056 14488 -8271 18954 END
START -9176 -4720 20876 14964 -8625 20039 END
START -9236 -4948 20468 15495 -8830 21126 END
START -9008 -4968 19708 16055 -8844 22192 END
START -8744 -5056 19000 16513 -8726 23334 END
START -8520 -5264 18416 16896 -8541 24319 END
START -8204 -5468 17624 17121 -8248 25406 END
START -7804 -5468 16920 17226 -8050 26369 END
START -7516 -5520 16368 17180 -7846 27358 END
START -6856 -5436 15548 17015 -7626 28379 END
START -6176 -5524 15180 16892 -7414 29301 END
START -5076 -5548 14668 16674 -7171 30148 END
START -4220 -5724 14304 16480 -6987 30927 END
START -3168 -5848 14212 16368 -6753 31584 END
START -2164 -6172 13764 16295 -6543 32138 END
START -1248 -6364 13696 16239 -6426 32618 END
START 152 -6276 13228 16202 -6345 32767 END
START 1436 -6204 12888 16130 -6313 32767 END
START 3104 -5820 12812 16077 -6292 32767 END
START 5100 -5580 12680 16004 -6311 32767 END
START 7172 -5268 12844 15966 -6261 32767 END
START 9444 -4840 12852 15948 -6212 32767 END
START 11584 -4708 12980 16067 -6238 32379 END
START 13744 -4328 13040 16171 -6337 31503 END
START 15816 -4092 13068 16372 -6527 30262 END
START 17616 -3620 13008 16547 -6786 28861 END
START 19108 -3212 13020 16701 -7094 27371 END
START 20444 -2648 13156 16842 -7399 25756 END
START 21976 -2160 13116 16959 -7802 24106 END
START 23440 -1548 13156 17110 -8147 22461 END
START 24840 -1216 13332 17313 -8583 20676 END
START 25928 -932 13372 17522 -9034 18861 END
START 26928 -720 13632 17741 -9509 16923 END
START 28112 -84 13720 18017 -9884 14857 END
START 28996 312 13716 18252 -10262 12916 END
START 29148 840 13812 18521 -10525 10680 END
START 29300 1028 13960 18860 -10775 8654 END
START 29040 1140 14108 19226 -10997 6552 END
START 28616 1156 14276 19661 -11230 4627 END
START 28180 1016 14012 20153 -11341 2799 END
START 27564 1112 13752 20627 -11313 1091 END
START 26936 976 13300 21060 -11147 -335 END
START 26228 876 12672 21359 -10775 -1592 END
START 25492 696 12072 21654 -10368 -2699 END
START 24872 472 11564 21777 -9886 -3663 END
START 24304 432 11196 21849 -9360 -4442 END
START 23900 500 10548 21843 -8782 -5156 END
START 23640 540 9912 21776 -8156 -5851 END
START 23268 680 9448 21703 -7442 -6512 END
START 22844 556 9112 21543 -6878 -7068 END
START 22716 504 8768 21347 -6221 -7647 END
START 22808 536 8400 21087 -5528 -8141 END
START 22800 552 8228 20867 -4796 -8666 END
START 23144 560 7804 20602 -4011 -9190 END
START 23332 656 7716 20354 -3206 -9764 END
START 23668 712 7568 20094 -2484 -10390 END
START 24028 760 7352 19872 -1815 -11127 END
START 24316 760 7100 19647 -1225 -11996 END
START 24400 800 6996 19393 -746 -12962 END
START 24516 752 6824 19170 -448 -14043 END
START 24564 816 6804 18985 -274 -15104 END
START 24608 768 6656 18801 -154 -16216 END
START 24420 704 6388 18645 -152 -17393 END
START 23980 632 5976 18443 -272 -18530 END
START 23732 664 5928 18248 -472 -19708 END
START 23108 564 5384 17986 -690 -20846 END
START 22360 512 4936 17715 -921 -21899 END
START 21776 392 4444 17421 -1145 -22914 END
START 20932 244 4084 17088 -1401 -23863 END
START 20012 -144 3528 16689 -1650 -24674 END
START 19040 16 3396 16271 -1978 -25398 END
START 17916 -92 3300 15794 -2241 -26049 END
START 16872 -24 2668 15288 -2555 -26598 END
START 16184 -28 2436 14821 -2852 -27000 END
START 15356 24 2296 14328 -3028 -27391 END
START 14592 16 1728 13854 -3236 -27696 END
START 13968 12 1432 13283 -3283 -27937 END
START 13492 60 944 12731 -3302 -28124 END
START 12964 32 828 12130 -3251 -28323 END
START 12552 220 444 11466 -3212 -28485 END
START 12308 204 164 10790 -3160 -28627 END
START 11776 104 188 10131 -3089 -28789 END
START 11508 292 -76 9386 -2886 -28926 END
START 11012 216 -360 8770 -2656 -29019 END
START 10300 4 -736 8131 -2422 -29064 END
START 9744 -140 -1368 7580 -2189 -29103 END
START 8964 -216 -2300 6942 -2024 -29043 END
START 8300 -204 -3012 6202 -1874 -28974 END
START 7624 -8 -3840 5347 -1788 -28832 END
START 6828 464 -4564 4352 -1859 -28675 END
START 6108 868 -5148 3115 -2106 -28494 END
START 5704 996 -5440 1875 -2517 -28280 END
START 5072 1416 -5904 288 -3040 -28008 END
START 4756 1768 -6176 -1237 -3613 -27773 END
START 4420 1948 -6496 -2875 -4233 -27530 END
START 4200 2104 -6128 -4565 -4917 -27333 END
START 4136 2184 -5840 -6195 -5512 -27201 END
START 3920 2372 -5684 -7758 -6056 -27029 END
START 3652 2236 -5128 -9281 -6454 -26928 END
START 3380 2160 -4648 -10637 -6780 -26823 END
START 2952 2184 -4204 -11937 -6937 -26714 END
START 2808 2120 -3364 -13191 -6993 -26601 END
START 2516 2220 -2636 -14255 -6871 -26511 END
START 2024 2280 -1600 -15217 -6698 -26383 END
START 1552 2404 -824 -16276 -6390 -26246 END
START 920 2380 324 -17089 -6067 -26040 END
START 312 2460 1464 -17778 -5737 -25833 END
START -532 2556 2704 -18273 -5450 -25604 END
START -1412 2548 4092 -18646 -5258 -25313 END
START -2248 2644 5264 -18866 -5169 -24943 END
START -3172 2748 6588 -18939 -5131 -24482 END
START -4044 2996 7344 -18953 -5106 -23909 END
START -4876 3280 7900 -18908 -4916 -23296 END
START -5880 3432 8876 -18801 -4714 -22556 END
START -6724 3720 9516 -18659 -4552 -21786 END
START -7488 3864 10092 -18522 -4537 -20876 END
START -8128 4292 10500 -18504 -4593 -19967 END
START -8748 4492 11064 -18494 -4652 -18979 END
START -9124 4860 11616 -18581 -4721 -18026 END
START -9268 5196 12348 -18708 -4854 -17039 END
START -9372 5404 13304 -18888 -4929 -16138 END
START -9360 5604 14136 -19045 -4975 -15293 END
START -9480 5660 15264 -19159 -5005 -14408 END
START -9652 5720 16672 -19209 -5037 -13708 END
START -9840 5752 18076 -19189 -5065 -12971 END
START -9816 5900 19532 -19032 -5145 -12321 END
START -10012 6032 21352 -18780 -5212 -11643 END
START -10136 6308 23344 -18401 -5204 -10989 END
START -9788 6336 24852 -17847 -5061 -10274 END
START -9588 6560 26640 -17198 -4806 -9615 END
START -9300 6608 28056 -16415 -4340 -8977 END
START -9024 6716 29740 -15491 -3814 -8399 END
START -8600 6952 31208 -14339 -3202 -7841 END
START -8308 7160 32480 -13398 -2508 -7347 END
START -8136 7232 32767 -12075 -1786 -6897 END
START -8096 7364 32767 -10729 -1249 -6538 END
START -7964 7632 32767 -9345 -693 -6141 END
START -7780 7672 32767 -7905 -196 -5765 END
START -7676 7684 32767 -6518 186 -5365 END
START -7376 7780 32767 -5077 661 -4999 END
START -7292 8000 32767 -3600 1062 -4672 END
START -7340 8156 32767 -2095 1483 -4345 END
START -7592 8152 32767 -513 1717 -3950 END
START -7920 8060 32767 1109 1673 -3465 END
START -8036 8200 32767 2700 1351 -2957 END
START -8128 8428 32767 4226 717 -2339 END
START -8084 8648 32767 5587 5 -1777 END
START -7292 9136 32767 6757 -680 -1230 END
START -6524 9624 32767 7767 -1290 -711 END
START -5280 10156 32767 8519 -1738 -285 END
START -4120 10444 32767 9198 -1964 51 END
START -2812 10752 32767 9708 -2020 257 END