START -9028 5072 32348 2046 6806 -7144 END
START -10828 -3028 30472 5779 5781 -6068 END
START -14324 -4496 31556 8946 3788 -3951 END
START -16568 -6452 32767 14084 1552 -327 END
START -19192 -7748 32767 19239 417 2929 END
START -18044 -8020 28988 23687 1342 6273 END
START -16812 -7980 22896 25629 3726 9083 END
START -17780 -7984 18516 26512 5057 12148 END
START -18416 -8756 15140 27611 4171 15630 END
START -17260 -8216 10360 28227 2447 19089 END
START -15084 -8272 6552 27781 66 21651 END
START -13376 -8248 2192 26105 -1132 24475 END
START -11644 -7780 856 24042 -2295 26984 END
START -9788 -7524 -884 21497 -3269 29502 END
START -7972 -7128 -2596 18336 -3162 32232 END
START -4744 -6664 -4184 14578 -1021 32767 END
START -2392 -6176 -6064 9737 2184 32767 END
START 1004 -5892 -9388 4057 4504 32767 END
START 4156 -5128 -11956 -3091 3007 32767 END
START 6664 -4992 -9848 -9548 -1550 32598 END
START 10216 -5192 -6828 -13810 -5258 29451 END
START 13244 -4300 -5872 -16753 -4645 25105 END
START 12716 -4852 -4624 -20679 -1359 21286 END
START 13256 -6036 -1748 -23590 -897 20097 END
START 18816 -5344 1716 -25312 -449 18276 END
START 25644 -4220 3708 -26293 2269 12532 END
START 28808 -3220 6452 -26829 3919 3763 END
START 27652 -3876 8720 -26730 4774 -4778 END
START 24412 -4372 10144 -26593 4628 -10150 END
START 23612 -3972 11092 -27430 4956 -13831 END
START 26036 -3064 12956 -30242 10132 -17948 END
START 23708 -1996 16600 -32768 21262 -23727 END
START 16532 -3544 24204 -32768 24617 -30176 END
START 10288 -5932 32767 -30531 17064 -32768 END
START 1916 -9392 32767 -24562 5436 -32768 END
START -8352 -11976 32767 -17918 -4363 -32768 END
START -16224 -14108 32767 -7962 -11334 -32768 END
START -14872 -13860 32767 657 -6060 -27689 END
START -17712 -14628 32767 5131 2555 -20500 END
START -19476 -14592 32767 10229 6279 -12990 END
START -19540 -13120 32767 18502 6486 -6788 END
START -18056 -11660 32767 26879 4054 -2174 END
START -14324 -10744 32767 32767 605 1392 END
START -8624 -10980 32767 32767 -785 2411 END
START -7456 -11640 32767 32767 1080 2639 END
START -5868 -11696 26708 32767 2524 3219 END
START -4932 -11564 21464 32767 2953 3157 END
START -5108 -12540 18492 32767 1369 3364 END
START -3992 -12608 14520 32767 -1339 3391 END
START -1636 -12504 10196 32767 -3795 2510 END
START -1236 -11712 4340 32767 -4424 1810 END
START -1704 -8952 -1336 32767 -6870 983 END
START 304 -7528 -9604 32767 -7780 954 END