START 13904 6540 -16988 -2278 2600 4492 END
START 1988 1984 -16728 -6560 -3786 4529 END
START 792 744 -12844 -9874 -5468 5218 END
START -2792 556 -8180 -12592 -4935 6033 END
START -1340 328 -8332 -16147 -1426 5965 END
START 72 268 -9156 -20295 965 5459 END
START 3804 -504 -10132 -24367 2405 3257 END
START 2884 -1636 -9568 -27972 2926 595 END
START 1936 -3144 -8028 -31242 2175 -1460 END
START 1992 -5012 -7116 -32768 2126 -3461 END
START 432 -7308 -5552 -32768 3077 -4659 END
START -716 -9508 -3068 -32768 4051 -4495 END
START -1660 -11464 888 -32768 5631 -3499 END
START -284 -12504 7072 -32768 6455 -2340 END
START 1608 -12608 20448 -32768 6898 -3949 END
START 4216 -11268 31212 -32768 6711 -9203 END
START 4324 -10108 32767 -32768 4033 -15859 END
START -2640 -10172 32767 -32768 536 -20282 END
START -8600 -9652 32767 -32768 -1341 -18856 END
START -12236 -8704 32767 -29399 3804 -15182 END
START -13616 -7504 32767 -22885 10532 -8801 END
START -11956 -5828 32767 -13891 15163 -5194 END
START -12064 -4724 32767 -3361 11818 -4470 END
START -12472 -4164 32767 6539 4063 -4059 END
START -11924 -3856 32767 14536 -1948 -2985 END
START -11576 -3964 32767 20742 -4905 -735 END
START -8776 -4272 32767 24595 -4343 1548 END
START -6352 -5356 31984 27038 -2186 2111 END
START -6336 -6796 28576 28621 -829 2224 END
START -7244 -7992 25840 30217 -845 2853 END
START -7876 -9148 22748 32139 -870 3671 END
START -9624 -10340 18760 32767 -86 4938 END
START -11652 -10832 14220 32767 451 7429 END
START -13040 -11272 9640 32767 764 10637 END
START -13852 -11080 4856 32693 448 14526 END
START -13988 -10992 1580 29847 755 18265 END
START -14296 -10096 -1000 26170 952 22917 END
START -12324 -9576 -2860 22273 2297 27633 END
START -10576 -9340 -4156 17980 4556 32174 END
START -8572 -8980 -6424 13255 5891 32767 END
START -5244 -8664 -8564 7611 6145 32767 END
START -2040 -8132 -10824 735 5847 32767 END
START 996 -7984 -9764 -6084 5605 32767 END
START 3964 -8104 -7004 -10848 5538 32767 END
START 9552 -6704 -4020 -13950 5594 32767 END
START 15540 -4944 -2180 -15403 7560 32767 END
START 19844 -3756 -2076 -18155 10402 27332 END
START 20092 -3904 -1688 -21813 12391 20764 END
START 19920 -5100 440 -25277 10371 16026 END
START 21736 -6512 3824 -27312 8219 12728 END
START 26764 -5740 8720 -29008 11102 8527 END
START 32767 -6364 13948 -28776 16814 744 END
START 32767 -5236 19604 -27961 26528 -9670 END
START 32767 -5964 19020 -25904 32767 -23436 END
START 24016 -9824 18860 -25161 32767 -32768 END
START 14820 -13424 21312 -22451 32767 -32768 END
START 6724 -16144 26444 -18159 27427 -32768 END
START -836 -19420 32767 -12391 16492 -32768 END
START -6076 -21952 32767 -5396 13120 -32768 END
START -14080 -23112 30404 -1382 13586 -32768 END
START -22364 -23060 28996 -239 14561 -32768 END