START -2364 9864 -4828 8476 3435 3141 END
START 4544 4336 -6488 8945 -224 3422 END
START -3704 3660 -2032 8330 -3977 3778 END
START -576 3792 -4332 5402 -3858 3528 END
START 5304 3280 -7476 1788 -1098 1233 END
START 2692 1612 -7260 -1075 1274 -742 END
START -376 -44 -6980 -3041 2225 -307 END
START -1640 -968 -7312 -5138 2144 609 END
START -1152 -1600 -8584 -7416 2134 2099 END
START 244 -1732 -9644 -10384 1828 3112 END
START 2152 -2000 -9548 -13974 3686 2965 END
START 1908 -2704 -9216 -17099 6319 2523 END
START 1232 -3180 -9524 -20307 8015 2192 END
START 700 -3876 -9316 -23505 7379 1242 END
START -184 -4784 -8568 -26714 5339 504 END
START -1172 -5600 -6512 -29854 2508 403 END
START -1016 -5764 -4096 -32768 681 946 END
START 1096 -5764 -544 -32768 1417 1452 END
START 4864 -5108 4792 -32768 5369 621 END
START 6372 -4036 10768 -32768 8810 -1776 END
START 6044 -3272 17556 -32768 7426 -5891 END
START 2972 -2512 26348 -32768 -269 -9300 END
START 2920 -1336 32767 -32768 -5489 -11810 END
START 3020 884 32767 -32768 786 -13724 END
START -452 1856 32767 -32605 10331 -14781 END
START -5428 2012 32767 -30715 17230 -16217 END
START -12580 2156 32767 -26263 15086 -16944 END
START -17180 1156 32767 -18078 9865 -16322 END
START -22488 -376 32767 -7626 6897 -12091 END
START -23944 -1916 32767 2012 3944 -5827 END
START -21268 -2644 32767 9620 716 -309 END
START -17764 -3124 32767 14262 1613 3569 END
START -15568 -3584 32767 17812 3337 6294 END
START -13212 -4016 32767 20993 3942 7974 END
START -12128 -4216 27876 23627 3265 8740 END
START -11124 -4500 23000 24970 2502 9282 END
START -11172 -5572 20076 25596 2045 10113 END
START -11180 -6276 18604 26641 1067 11720 END
START -9880 -6704 16348 27851 2029 13125 END
START -9984 -7244 12724 27902 3122 15086 END
START -9964 -7576 9860 26939 4405 17629 END
START -9432 -7604 7196 25821 5536 20323 END
START -9536 -7956 4856 24424 5039 23493 END
START -8644 -8308 2024 23067 3777 27082 END
START -9172 -8628 -2056 20245 2988 31352 END
START -8240 -8224 -8220 14163 2870 32767 END
START -6364 -7292 -13228 6153 195 32767 END
START -2648 -9216 -13392 -1214 225 32767 END
START 1624 -8856 -13436 -8215 2638 32767 END
START 5144 -9212 -11040 -13374 4195 32767 END
START 9820 -8908 -7600 -15660 2750 32767 END
START 15616 -7424 -5364 -15672 302 32767 END
START 20344 -6316 -6544 -16872 -2050 28230 END
START 23664 -5492 -5316 -21437 -1899 24106 END
START 27540 -5200 -196 -25466 2830 19941 END
START 32767 -4368 7196 -27289 7566 13715 END
START 32767 -2608 10744 -27251 16290 3263 END
START 32767 -3588 12560 -27885 21134 -7039 END
START 29500 -4200 15048 -27126 19051 -15328 END
START 27668 -3668 18548 -25779 16048 -23172 END
START 24964 -3128 20828 -25319 16893 -31287 END
START 23340 -5760 25400 -25750 18103 -32768 END
START 20676 -11044 32767 -23529 18489 -32768 END
START 10624 -16448 32767 -17263 12671 -32768 END
START 280 -18552 32767 -12428 6560 -32768 END
START -2992 -17968 32767 -9122 9042 -32768 END
START -9116 -17640 31152 -7273 17486 -32768 END
START -18732 -18180 28916 -4624 17582 -32768 END
START -26708 -16828 28744 119 10137 -32768 END
START -32448 -15516 27364 5486 3430 -27740 END
START -32768 -13572 22636 8636 174 -15222 END
START -31032 -10844 17648 7821 -878 -3410 END