START -1664 3172 11980 3409 6381 -20273 END
START -3740 -3332 8208 3349 5474 -19444 END
START -8168 -4548 8952 2656 5397 -17708 END
START -13676 -6100 11180 2274 2721 -14253 END
START -18420 -6416 13560 2793 -814 -9081 END
START -17304 -6404 13288 2785 -1617 -3386 END
START -16448 -6404 12028 1076 510 1936 END
START -15644 -6596 11788 -1096 2393 5967 END
START -14592 -6868 12032 -2820 3073 8970 END
START -13936 -7932 13192 -3777 3424 11613 END
START -14420 -8616 14276 -3796 3350 14616 END
START -15340 -9636 14484 -3485 2416 18394 END
START -17180 -10424 14712 -2821 985 24707 END
START -17560 -11456 14272 -2636 -104 32149 END
START -18664 -13064 13952 -2610 -1842 32767 END
START -16496 -15820 13924 -2849 -2993 32767 END
START -11528 -19168 13668 -4132 -839 32767 END
START -7148 -23768 15020 -6219 3516 32767 END
START -820 -27632 15700 -7736 5857 32767 END
START 6816 -29644 21620 -7259 5796 32767 END
START 23852 -23320 26456 -3207 4777 32767 END
START 31540 -11404 19744 -744 5054 32767 END