START 8624 5248 -17844 2005 4954 -23 END
START -2852 1712 -18072 -5236 -4227 1134 END
START -4224 -524 -13328 -11705 -8016 1220 END
START 4640 -1240 -13332 -15863 -7781 2285 END
START 2516 -1348 -8740 -19554 157 1528 END
START 360 -3192 -7644 -21490 5131 1383 END
START -1216 -4336 -8708 -24087 7311 1977 END
START -2520 -5848 -9776 -27688 5186 3037 END
START -1728 -7432 -9504 -31768 1754 4121 END
START 1676 -9892 -7992 -32768 1378 4721 END
START 2312 -11112 -5328 -32768 3368 4699 END
START 2444 -13132 -2824 -32768 6486 3590 END
START 2928 -15428 1152 -32768 8700 2576 END
START 3060 -17068 6312 -32768 10298 1004 END
START 1152 -18160 11988 -32768 9627 -147 END
START -1420 -17436 19352 -32768 4319 -171 END
START -184 -14588 26472 -32768 -1704 338 END
START 3884 -11064 32004 -32768 -1508 231 END
START 6852 -8016 32767 -32768 3173 -1268 END
START 9692 -5756 32767 -32768 10907 -5213 END
START 7556 -5104 32767 -32768 16313 -10661 END
START 960 -4828 32767 -32768 16819 -15141 END
START -4416 -3756 32767 -25428 14454 -15852 END
START -6540 -2396 32767 -15882 12660 -15681 END
START -8720 -1800 32767 -7923 12261 -15410 END
START -12236 -2388 32767 -917 10490 -14695 END
START -16008 -3608 32767 6084 7516 -11882 END
START -16620 -5080 32767 12702 5608 -7606 END
START -14996 -6608 32767 18273 4937 -2975 END
START -11672 -7720 32767 22028 5615 -555 END
START -10808 -8948 32767 24723 6994 1011 END
START -10936 -9724 30552 26618 7609 2683 END
START -11192 -10424 27336 27773 8052 4722 END
START -10256 -11252 24676 28916 8417 6495 END
START -10500 -12432 22140 30608 8533 8265 END
START -11112 -13428 18512 32201 7991 10123 END
START -11412 -13936 15068 32767 6861 12454 END
START -10716 -14240 11632 32767 7367 15197 END
START -9892 -14740 8336 32475 8702 17689 END
START -10684 -14648 4640 30867 9281 20145 END
START -11200 -14048 1652 28308 8992 23486 END
START -10116 -13304 -608 24627 8754 27538 END
START -7704 -12560 -2464 20127 9510 31325 END
START -5604 -11988 -4532 14840 10474 32767 END
START -3932 -11920 -6080 9752 9830 32767 END
START -1612 -10952 -8388 4274 8380 32767 END
START 132 -10888 -9528 -1434 6795 32767 END
START 3368 -10572 -10844 -7318 7035 32767 END
START 7264 -9620 -11664 -14770 9496 32767 END
START 9364 -9668 -9800 -21508 11342 32767 END
START 10528 -9012 -7272 -25969 10368 32767 END
START 12680 -9128 -3844 -28759 5078 30974 END
START 16256 -8652 -1196 -30780 1968 29566 END
START 23948 -7544 2896 -32768 2347 27048 END
START 32767 -5808 9152 -32768 7724 20828 END
START 32767 -3944 14636 -32768 16209 10159 END
START 32767 -3856 20272 -32768 18939 -2542 END
START 32767 -5600 24428 -32768 21251 -13571 END
START 31056 -7736 28296 -31578 26005 -20539 END
START 29088 -9524 31448 -27698 30010 -28604 END
START 23936 -12340 30140 -22593 27650 -32768 END
START 19496 -15228 28700 -18346 22467 -32768 END
START 13444 -17620 27552 -15141 20494 -32768 END
START 3584 -21828 26412 -11298 22041 -32768 END
START -12536 -25320 31152 -4217 16087 -32768 END
START -22572 -26640 32767 4239 6916 -32768 END
START -28188 -25860 29584 11377 -698 -32768 END
START -31328 -22292 22336 14234 -2291 -32768 END
START -32768 -19668 13300 11925 937 -22812 END
START -32768 -15772 9540 6766 1476 -12053 END