START -720 9056 -3128 1352 -2896 -1457 END
START 3764 3512 -20260 2875 -1996 -1021 END
START -2756 11408 -3940 311 -3457 -666 END
START -1036 9948 -6372 793 -2621 -285 END
START -4120 8548 -4984 -98 -3933 57 END
START -1612 9616 -8064 -952 -3979 537 END
START -1640 9460 -9040 -1922 -4731 874 END
START -3724 9212 -6692 -2914 -4752 1403 END
START -2400 9132 -8476 -3867 -5301 1867 END
START -2932 8972 -7824 -4869 -5504 2360 END
START -2564 9092 -7636 -5829 -5837 2792 END
START -1736 9040 -7920 -6800 -5838 3141 END
START -1336 8744 -7184 -7830 -5494 3357 END
START -236 8372 -7472 -8762 -4961 3499 END
START 280 8096 -6768 -9635 -4143 3557 END
START 752 8028 -6220 -10416 -3258 3546 END
START 1140 7808 -5864 -11144 -2255 3439 END
START 1164 7512 -4904 -11783 -1318 3310 END
START 1432 7276 -4604 -12277 -501 3114 END
START 1564 7184 -4252 -12729 348 2965 END
START 1824 6844 -4140 -13087 1088 2717 END
START 1752 6576 -4300 -13483 1754 2455 END
START 1576 6400 -3864 -13968 2219 2168 END
START 1488 6108 -4080 -14396 2521 1918 END
START 1404 5800 -4260 -14844 2674 1632 END
START 1352 5456 -4212 -14885 2683 1367 END
START 1316 5180 -4528 -15590 2444 1132 END
START 1228 4800 -4924 -16087 2201 864 END
START 1240 4596 -5288 -16715 1806 552 END
START 1120 4372 -5568 -17322 1450 276 END
START 844 3984 -5440 -18002 1124 -39 END
START 552 3568 -5564 -18687 802 -283 END
START -16 3328 -5532 -19374 545 -409 END
START -716 2808 -5248 -20032 351 -476 END
START -1396 2380 -4876 -20693 141 -453 END
START -2112 2064 -4204 -21283 -17 -281 END
START -2616 1856 -3740 -21731 -91 -64 END
START -3184 1264 -3312 -22112 -82 251 END
START -3864 496 -2916 -22390 -104 702 END
START -4444 88 -2484 -22581 -71 1236 END
START -4796 -656 -2252 -22780 -79 1736 END
START -5148 -812 -2244 -22960 119 2301 END
START -5364 -948 -2392 -23325 322 2941 END
START -5364 -1300 -2400 -23638 576 3515 END
START -5288 -1572 -2348 -24149 977 4135 END
START -5216 -2192 -2036 -24591 1334 4642 END
START -5036 -2660 -2012 -25160 1732 5170 END
START -5324 -3108 -2136 -25584 2082 5721 END
START -5568 -3704 -2500 -26054 2405 6276 END
START -5316 -4132 -3028 -26493 2660 6846 END
START -5112 -4132 -3596 -27076 2996 7332 END
START -4772 -4268 -4388 -27842 3339 7734 END
START -4488 -4324 -4576 -28812 3679 8055 END
START -4400 -4652 -4704 -29960 4025 8349 END
START -4360 -5004 -4784 -31243 4331 8600 END
START -4340 -5432 -4136 -32544 4609 8958 END
START -4496 -5940 -3860 -32768 4865 9329 END
START -4484 -6380 -3136 -32768 5102 9751 END
START -4312 -6816 -2024 -32768 5285 10237 END
START -3876 -7168 -1224 -32768 5545 10738 END
START -3192 -7612 -104 -32768 5834 11207 END
START -2364 -7824 760 -32768 6215 11607 END
START -1520 -8036 2048 -32768 6590 11819 END
START -420 -8200 3120 -32768 6996 11948 END
START 492 -8204 4456 -32768 7308 11836 END
START 928 -8308 5500 -32768 7625 11644 END
START 1360 -8496 7156 -32768 7724 11316 END
START 1520 -8888 8424 -32768 7793 11001 END
START 1664 -9016 9548 -32768 7764 10662 END
START 1764 -9044 10652 -32768 7769 10348 END
START 1788 -9000 11804 -32768 7799 10019 END
START 1448 -8972 12460 -32768 7857 9736 END
START 1104 -8872 13332 -32768 7813 9493 END
START 420 -8732 13872 -32768 7604 9413 END
START -344 -8520 14492 -32768 7265 9397 END
START -1024 -7940 15224 -32768 6829 9601 END
START -1456 -7408 15848 -32768 6390 9998 END
START -1704 -7068 16692 -32768 6035 10450 END
START -1412 -6772 17168 -32768 5903 11095 END
START -828 -6708 18212 -32768 5970 11727 END
START -28 -6624 19056 -32768 6336 12339 END
START 824 -6540 20252 -32768 6861 12690 END
START 1336 -6096 21544 -32768 7543 13091 END
START 1980 -5524 22788 -32768 8295 13196 END
START 2128 -5112 24432 -32768 9107 13420 END
START 2700 -4696 25672 -32768 9745 13562 END
START 3004 -4436 27284 -32768 10531 13727 END
START 3660 -4284 28784 -32768 11234 13797 END
START 4432 -4128 30572 -32768 12011 13843 END
START 5440 -3724 32004 -32768 12775 13741 END
START 6324 -3476 32767 -32768 13527 13462 END
START 7524 -2972 32767 -32768 14383 12966 END
START 8320 -2544 32767 -32768 14990 12298 END
START 9312 -2244 32767 -32768 15476 11599 END
START 9940 -1828 32767 -32768 15760 10547 END
START 10612 -1272 32767 -32768 15848 9415 END
START 11128 -800 32767 -32768 15742 8196 END
START 11296 -372 32767 -31620 15545 6961 END
START 11508 -68 32767 -30144 15210 5679 END
START 11464 332 32767 -28697 14850 4375 END
START 11204 592 32767 -27166 14329 3063 END
START 10516 868 32767 -25647 13497 1797 END
START 9612 1024 32767 -24154 12765 643 END
START 8444 1208 32767 -22573 11774 -386 END
START 7160 1480 32767 -20965 10506 -1251 END
START 5872 1596 32767 -19369 9150 -1927 END
START 4956 1848 32767 -17723 7717 -2456 END
START 3876 1932 32767 -16171 6411 -2817 END
START 2888 2020 32767 -14613 5163 -3075 END
START 2076 2016 32767 -13277 3865 -3199 END
START 1236 2080 32767 -11768 2726 -3250 END
START 692 2288 32767 -10471 1735 -3199 END
START 116 2452 32767 -9363 1025 -3040 END
START -440 2764 32767 -8355 439 -2809 END
START -868 2836 32767 -7417 -19 -2544 END
START -1164 3216 32767 -6684 -386 -2237 END
START -1560 3344 32767 -5866 -606 -1791 END
START -1700 3356 32767 -5186 -667 -1314 END
START -1760 3276 32767 -4539 -548 -806 END
START -1908 3348 32767 -4040 -324 -272 END
START -1692 3440 32767 -3626 -57 310 END
START -1632 3488 32767 -3323 311 901 END
START -1228 3704 32767 -3114 708 1398 END
START -768 3680 32528 -2908 1115 1928 END
START -328 3596 31828 -2817 1484 2391 END
START 400 3524 31232 -2771 1899 2757 END
START 1052 3532 30832 -2723 2257 3028 END
START 1528 3340 30316 -2620 2549 3212 END
START 2068 3396 30264 -2514 2834 3294 END
START 2184 3180 30164 -2238 2966 3288 END
START 2548 3044 29924 -1937 2919 3255 END
START 2568 2924 29772 -1587 2798 3196 END
START 2696 2948 29344 -1113 2495 3088 END
START 3012 2980 28656 -738 2084 2895 END
START 3204 3160 28244 -325 1692 2637 END
START 3440 3284 27588 -22 1174 2298 END
START 3352 3340 27012 232 566 1921 END
START 3332 3204 26472 486 -71 1510 END
START 2968 3108 26124 673 -798 1095 END
START 2268 2912 25800 862 -1614 719 END
START 1896 2856 25476 1157 -2476 400 END
START 1160 2808 25064 1393 -3537 207 END
START 436 2864 24752 1702 -4492 90 END
START -284 2816 24436 1919 -5495 31 END
START -920 2748 24196 2125 -6369 26 END
START -1428 2756 23812 2302 -7200 96 END
START -1744 2732 23720 2490 -7931 228 END
START -2312 2492 23864 2655 -8568 380 END
START -2872 2396 23792 2925 -9097 631 END
START -3236 2256 23816 3156 -9545 961 END
START -3736 2232 23960 3512 -9904 1370 END
START -4352 2216 23796 3826 -10082 1877 END
START -4868 2192 23588 4191 -10139 2470 END
START -5348 2048 23496 4463 -10073 3093 END
START -5604 1948 23320 4735 -9923 3793 END
START -6152 1728 23208 4958 -9861 4507 END
START -6624 1484 23096 5147 -9775 5283 END
START -7128 1572 22676 5343 -9644 6107 END
START -7548 1648 22540 5465 -9522 7031 END
START -7972 1620 22296 5512 -9352 7957 END
START -8396 1564 22188 5562 -9268 8957 END
START -9004 1368 22148 5557 -9240 9945 END
START -9356 1012 22152 5548 -9210 11028 END
START -9632 840 22108 5482 -9142 12074 END
START -9900 764 22368 5431 -9042 13108 END
START -9864 604 22492 5364 -8813 14461 END
START -9736 404 22512 5317 -8494 15695 END
START -9280 -8 22784 5219 -8046 16913 END
START -8776 -340 23280 5196 -7584 17993 END
START -8476 -720 23852 5186 -7098 19067 END
START -8308 -1152 24392 5188 -6730 20108 END
START -8320 -1376 25104 5312 -6593 21141 END
START -8440 -1584 25604 5483 -6502 22157 END
START -8036 -1952 25812 5691 -6422 23210 END
START -7792 -2220 26568 5959 -6366 24240 END
START -7220 -2656 26936 6250 -6269 25301 END
START -6812 -2952 27528 6578 -6181 26210 END
START -6324 -3268 28116 6945 -6096 27143 END
START -5696 -3628 28764 7425 -6005 28027 END
START -5064 -4012 29228 8054 -5942 28809 END
START -4396 -4288 29712 8682 -5847 29534 END
START -3624 -4572 30276 9480 -5816 30211 END
START -2760 -4892 30504 10329 -5875 30763 END
START -2100 -5240 30900 11196 -5974 31213 END
START -1564 -5488 30896 12165 -6194 31593 END
START -1044 -5704 30712 13090 -6464 31909 END
START -456 -5848 30708 14064 -6739 32184 END
START 400 -5872 30148 14966 -6960 32387 END
START 1052 -5916 29660 15806 -7195 32530 END
START 1728 -6112 29140 16601 -7405 32590 END
START 2396 -6136 28512 17289 -7635 32561 END
START 3008 -6220 27988 17968 -7891 32464 END
START 3808 -6272 27340 18613 -8140 32310 END
START 4412 -6476 26316 19313 -8413 32147 END
START 5508 -6556 25464 19943 -8578 32019 END
START 6656 -6428 24460 20455 -8594 31787 END
START 7956 -6416 23624 20867 -8470 31501 END
START 9344 -6036 22764 21163 -8360 31135 END
START 10528 -5856 22340 21310 -8186 30685 END
START 11936 -5912 21904 21490 -8114 29996 END
START 13024 -5992 21432 21727 -8169 29076 END
START 13952 -5672 21372 21970 -8342 28122 END
START 14852 -5460 20772 22317 -8545 27116 END
START 15664 -5172 20120 22639 -8754 26169 END
START 16632 -4812 19404 22896 -8890 25163 END
START 17704 -4564 18528 23036 -8993 24202 END
START 18700 -4156 17932 23165 -9045 23166 END
START 20236 -3772 17176 23226 -9033 22052 END
START 21208 -3436 16840 23306 -8984 20764 END
START 22288 -3260 16492 23435 -8915 19450 END
START 22984 -2888 16108 23542 -8882 18002 END
START 23640 -2872 15508 23708 -8902 16441 END
START 24144 -2676 14984 23893 -8909 14865 END
START 24688 -2424 14144 24014 -8798 13275 END
START 24956 -2176 13200 24125 -8642 11760 END
START 24976 -1992 11936 24070 -8346 10240 END
START 24900 -1912 10956 23802 -8036 8770 END
START 24492 -1652 10152 23469 -7703 7479 END
START 24252 -1476 9232 23030 -7260 6256 END
START 24140 -1704 8656 22602 -6903 5054 END
START 23720 -1640 8140 22193 -6516 4002 END
START 23484 -1440 7324 21857 -6034 3008 END
START 23132 -1580 6304 21511 -5469 2066 END
START 23216 -1492 5424 21161 -4795 1137 END
START 23224 -1248 4428 20622 -3988 200 END
START 23232 -1240 3464 20004 -3153 -729 END
START 23432 -972 2780 19240 -2426 -1649 END
START 23512 -832 1980 18427 -1534 -2579 END
START 23828 -592 1620 17616 -872 -3577 END
START 23908 -404 1444 16773 -286 -4534 END
START 24320 -432 1288 15997 167 -5656 END
START 24680 -492 1328 15342 420 -6739 END
START 24944 -496 1368 14715 503 -7943 END
START 25304 -464 1300 14028 445 -9217 END
START 25648 -380 1372 13470 295 -10497 END
START 26396 -344 1408 12837 106 -11859 END
START 27168 -184 1172 12308 -161 -13332 END
START 27788 -340 1284 11756 -415 -14962 END
START 28336 -464 1048 11326 -648 -16634 END
START 28488 -808 984 10830 -930 -18411 END
START 28248 -996 740 10398 -1212 -20289 END
START 27796 -1356 184 9968 -1488 -22017 END
START 27176 -1628 -248 9458 -1701 -23776 END
START 26516 -1660 -836 8861 -1892 -25357 END
START 25944 -1760 -1308 8141 -2060 -26834 END
START 25408 -1664 -1492 7326 -2150 -28208 END
START 25072 -1812 -1764 6412 -2174 -29546 END
START 24768 -2076 -1872 5449 -2148 -30842 END
START 24088 -2672 -1640 4553 -2121 -32177 END
START 23640 -3024 -1628 3646 -2092 -32768 END
START 23036 -3372 -1072 2792 -2086 -32768 END
START 22380 -3648 -768 2079 -2114 -32768 END
START 21444 -3756 -388 1472 -2182 -32768 END
START 20736 -3944 -360 922 -2225 -32768 END
START 20180 -4452 -212 461 -2232 -32768 END
START 19572 -4696 -216 -21 -2173 -32768 END
START 18796 -5128 -416 -518 -2058 -32768 END
START 17548 -5476 -556 -1091 -1945 -32768 END
START 16136 -5792 -108 -1739 -1926 -32768 END
START 14448 -5740 216 -2424 -2023 -32768 END
START 12820 -5772 564 -3066 -2162 -32768 END
START 10928 -5888 760 -3672 -2312 -32768 END
START 9120 -5808 1308 -4225 -2478 -32768 END
START 7176 -5780 1716 -4729 -2677 -32768 END
START 5388 -5632 2236 -5189 -2902 -32768 END
START 3744 -5520 2692 -5556 -3156 -32768 END
START 1860 -4952 3148 -5910 -3415 -32768 END
START 344 -4392 3540 -6174 -3683 -32768 END
START -952 -3980 4232 -6460 -4035 -32768 END
START -1988 -3676 4428 -6729 -4407 -32768 END
START -3136 -3624 5008 -6967 -4774 -32768 END
START -4204 -3568 5508 -7217 -5221 -32768 END
START -5384 -3260 5880 -7487 -5638 -32768 END
START -6528 -2716 6560 -7755 -5961 -32768 END
START -7484 -2148 6856 -7998 -6073 -32768 END
START -8536 -1516 7216 -8315 -5965 -32768 END
START -9740 -1124 7556 -8559 -5794 -32768 END
START -10804 -792 7876 -8803 -5471 -32214 END
START -12284 -304 8376 -9128 -5016 -31148 END
START -13648 212 8924 -9442 -4591 -29984 END
START -15268 620 9728 -9786 -4335 -28688 END
START -16864 1208 10576 -10074 -4212 -27316 END
START -18268 1556 11448 -10387 -4193 -25785 END
START -19520 1980 12564 -10585 -4295 -24190 END
START -20528 2460 13600 -10747 -4548 -22539 END
START -21468 2716 14772 -10801 -4910 -20890 END
START -22132 2832 15856 -10840 -5264 -19279 END
START -22768 2820 17060 -10803 -5585 -17606 END
START -23172 3208 17900 -10671 -5756 -15944 END
START -23644 3616 19052 -10500 -5697 -14184 END
START -23940 3780 19844 -10336 -5449 -12361 END
START -23964 3928 20656 -10244 -5007 -10521 END
START -23668 3960 21524 -10093 -4290 -8589 END
START -22908 4164 22428 -9968 -3390 -6763 END
START -22560 4068 23684 -9828 -2447 -4994 END
START -22340 3532 25364 -9452 -1683 -3260 END
START -21012 3736 26184 -8839 -727 -1593 END