START -372 9688 844 6613 -112 1640 END
START -400 3904 -4660 8003 1679 1942 END
START 2816 14176 -2120 6060 1137 1811 END
START -2816 9088 -356 6719 3625 2081 END
START 300 9880 -4424 6339 2637 2096 END
START -2772 10132 -2128 5911 3177 2399 END
START -1524 10076 -5268 5294 2840 2552 END
START -1656 9832 -6408 4763 3282 2895 END
START -2504 9536 -6872 4098 2859 3248 END
START -2036 9776 -9012 3285 2572 3724 END
START -3404 9804 -8740 2291 1755 4192 END
START -2356 10188 -10872 1136 1072 4655 END
START -2464 10172 -11064 -249 255 5051 END
START -1932 10368 -12036 -1821 -577 5360 END
START -1240 10400 -12128 -3517 -1381 5554 END
START -940 10236 -11464 -5233 -2172 5613 END
START -144 9964 -10704 -6882 -2691 5596 END
START 524 9652 -9968 -8336 -3019 5509 END
START 1368 9284 -8904 -9519 -3084 5417 END
START 1736 9076 -8256 -10395 -2841 5248 END
START 2712 9000 -7432 -11147 -2414 4975 END
START 3212 9008 -6264 -11814 -1946 4646 END
START 3804 8920 -5264 -12409 -1311 4220 END
START 4188 8500 -4312 -12863 -791 3691 END
START 4536 8040 -3320 -13116 -234 3140 END
START 4636 7672 -2864 -13302 455 2544 END
START 4668 7524 -2520 -13426 1087 1951 END
START 4400 7424 -1916 -13443 1784 1387 END
START 4032 7296 -1696 -13391 2428 876 END
START 3720 7336 -1536 -13304 3016 490 END
START 3292 7264 -1440 -13226 3525 155 END
START 2876 7268 -1788 -13173 4145 -101 END
START 2220 7100 -1840 -13144 4552 -321 END
START 1732 6956 -2096 -13134 4870 -395 END
START 1024 6828 -2344 -13173 5041 -402 END
START 380 6608 -2788 -13233 5067 -353 END
START 16 6588 -3164 -13382 4952 -207 END
START -360 6508 -3240 -13605 4708 -50 END
START -532 6312 -3828 -13829 4411 144 END
START -684 6160 -4044 -14232 4063 377 END
START -560 5932 -4428 -14336 3713 577 END
START -588 5632 -4536 -14782 3382 790 END
START -432 5284 -4796 -15341 3044 947 END
START -316 4920 -4676 -15697 2658 1073 END
START -316 4500 -4856 -16141 2248 1242 END
START -372 4004 -5184 -16569 1801 1361 END
START -136 3544 -5444 -16988 1411 1503 END
START -136 3140 -5640 -17489 1014 1644 END
START -124 2892 -5840 -18026 662 1748 END
START -116 2588 -6192 -18657 295 1859 END
START 176 2328 -6264 -19331 75 1954 END
START 324 1932 -6308 -20006 -92 2016 END
START 492 1572 -6284 -20738 -202 2007 END
START 1008 1020 -6212 -21414 -245 1983 END
START 1388 736 -6072 -22090 -184 1888 END
START 1696 308 -6004 -22741 -77 1715 END
START 1840 -72 -5976 -23416 120 1540 END
START 1900 -92 -5880 -24073 391 1303 END
START 2132 -648 -5896 -24712 795 1052 END
START 2228 -968 -5852 -25367 1274 771 END
START 2312 -1368 -5760 -26054 1911 497 END
START 2016 -1672 -5872 -26724 2509 269 END
START 1656 -2040 -5812 -27479 3103 -2 END
START 1132 -2328 -5460 -28179 3629 -194 END
START 288 -2616 -5272 -28905 4036 -328 END
START -424 -2772 -5044 -29663 4258 -309 END
START -1348 -2964 -4720 -30308 4278 -229 END
START -2092 -3384 -4580 -30982 4158 54 END
START -2640 -3712 -4008 -31605 3899 383 END
START -3020 -3840 -3924 -32258 3466 779 END
START -3300 -4016 -3612 -32768 2971 1235 END
START -3100 -4240 -3136 -32768 2421 1713 END
START -2804 -4472 -2524 -32768 1859 2171 END
START -2396 -4708 -1868 -32768 1315 2559 END
START -1652 -4912 -1452 -32768 735 2881 END
START -940 -5080 -848 -32768 304 3122 END
START -112 -5176 12 -32768 -70 3267 END
START 560 -5472 440 -32768 -372 3390 END
START 1104 -5672 1104 -32768 -554 3419 END
START 1532 -5988 1632 -32768 -690 3445 END
START 1752 -6116 2136 -32768 -763 3470 END
START 1968 -6220 2564 -32768 -782 3513 END
START 2348 -6240 2960 -32768 -729 3509 END
START 2768 -6152 3076 -32768 -549 3554 END
START 3372 -6200 3668 -32768 -279 3548 END
START 3960 -6036 4160 -32768 174 3377 END
START 4384 -5816 4460 -32768 618 3186 END
START 4764 -5664 5256 -32768 1170 2925 END
START 5124 -5228 6212 -32768 1683 2626 END
START 5188 -5044 7232 -32768 2133 2291 END
START 5124 -4820 8544 -32768 2464 2009 END
START 4720 -4784 9912 -32768 2679 1696 END
START 4292 -4492 11480 -32768 2669 1483 END
START 3872 -4220 12936 -32768 2575 1310 END
START 3168 -3844 14152 -32768 2308 1243 END
START 2572 -3512 15404 -32768 1914 1231 END
START 1856 -3032 16588 -32768 1302 1342 END
START 1468 -2576 17300 -32768 698 1493 END
START 1260 -1880 17984 -32768 228 1679 END
START 1408 -1212 18520 -32768 -47 1821 END
START 1604 -540 19108 -32768 28 1953 END
START 1860 72 19860 -32768 367 2019 END
START 2120 520 20972 -32768 787 2027 END
START 2312 908 22140 -32768 1333 1979 END
START 2376 880 23628 -32768 1943 1885 END
START 2240 988 25156 -32768 2733 1815 END
START 2072 772 27044 -32768 3560 1715 END
START 1704 624 28824 -32768 4237 1677 END
START 1048 588 31044 -32768 4948 1649 END
START 500 556 32288 -32768 5394 1747 END
START -296 288 32767 -32768 5736 1816 END
START -1184 288 32767 -32768 5744 1931 END
START -1788 444 32767 -32768 5631 2137 END
START -2008 436 32767 -32768 5509 2417 END
START -1664 388 32767 -32768 5512 2631 END
START -1656 148 32767 -32768 5285 2829 END
START -1044 4 32767 -32768 5197 2943 END
START -208 -208 32767 -32768 5160 2955 END
START 472 -444 32767 -32768 5213 2872 END
START 800 112 32767 -31600 5150 2761 END
START 824 108 32767 -29272 4930 2503 END
START 1172 580 32767 -26935 4679 2244 END
START 1096 716 32767 -24700 4444 1967 END
START 920 844 32767 -22522 4216 1754 END
START 544 1128 32767 -20525 3895 1615 END
START 352 1148 32767 -18706 3473 1517 END
START 32 1232 32767 -16909 3003 1541 END
START -256 1484 32767 -15404 2523 1582 END
START -328 1820 32767 -13997 1995 1720 END
START -244 1996 32767 -12563 1570 1836 END
START -164 2296 32767 -11409 1145 1932 END
START -244 2428 32767 -10419 761 2057 END
START -340 2412 32767 -9358 335 2181 END
START -328 2544 32767 -8455 14 2312 END
START -176 2704 32767 -7544 -312 2486 END
START -116 2828 32767 -6709 -520 2638 END
START 48 3084 32767 -5932 -674 2728 END
START 148 3056 32767 -5236 -812 2816 END
START 44 3092 32767 -4591 -882 2872 END
START -108 2984 32767 -3959 -974 2935 END
START -504 3144 32767 -3351 -1122 3050 END
START -944 2752 32767 -2705 -1550 3088 END
START -1260 3252 32767 -1999 -1845 3361 END
START -1892 3244 32767 -1482 -2209 3617 END
START -1844 3096 32767 -860 -2400 3954 END
START -2396 3340 32767 -463 -2717 4224 END
START -2060 3296 31400 -117 -2821 4504 END
START -2412 3384 30512 209 -2844 4789 END
START -2428 3488 29224 481 -2769 5028 END
START -2692 3360 28204 708 -2709 5364 END
START -2908 3480 27028 832 -2614 5587 END
START -3268 3484 26152 902 -2613 5867 END
START -3772 3456 25372 934 -2618 6184 END
START -4156 3560 24496 848 -2696 6483 END
START -4672 3764 23768 710 -2907 6834 END
START -5240 3884 23284 529 -3156 7272 END
START -5724 3764 22788 320 -3422 7780 END
START -6288 3640 22576 113 -3710 8332 END
START -6916 3424 22284 -21 -4093 8956 END
START -7780 3240 22488 -95 -4612 9748 END
START -8556 2992 22528 -174 -5208 10572 END
START -9128 3036 22648 -220 -5930 11559 END
START -9680 2828 22732 -212 -6641 12533 END
START -9908 2864 22972 -170 -7273 13675 END
START -9936 2464 23292 -197 -7821 14835 END
START -10340 1992 23768 -130 -8495 16027 END
START -10560 1384 24068 -26 -9102 17253 END
START -10572 1084 24300 87 -9579 18520 END
START -10632 1056 24856 258 -9733 19809 END
START -10408 956 24980 513 -9678 21105 END
START -10132 564 25392 800 -9459 22392 END
START -9740 60 25612 1157 -9059 23750 END
START -9500 -428 25944 1532 -8643 25007 END
START -9120 -948 26444 1947 -8279 26265 END
START -8404 -1464 26888 2386 -7853 27469 END
START -7928 -1824 27364 2872 -7442 28580 END
START -7164 -2160 27472 3361 -7011 29639 END
START -6292 -2756 27980 3809 -6539 30599 END
START -5100 -3120 28512 4325 -6046 31508 END
START -4244 -3504 29024 4797 -5745 32249 END
START -3172 -3740 29672 5347 -5512 32767 END
START -1916 -3920 30172 5948 -5353 32767 END
START -364 -4056 30888 6674 -5388 32767 END
START 1444 -4268 31452 7449 -5445 32767 END
START 3260 -4552 31772 8332 -5522 32767 END
START 4764 -4884 32312 9268 -5713 32767 END
START 5996 -5016 32588 10261 -6059 32767 END
START 6916 -4776 32767 11258 -6612 32160 END
START 7492 -4392 32767 12303 -7292 31369 END
START 7892 -3944 32767 13377 -8168 30489 END
START 8340 -3600 32767 14369 -9120 29550 END
START 8636 -3372 32436 15406 -9945 28556 END
START 9056 -3112 31896 16301 -10645 27566 END
START 9204 -3020 31592 17174 -11280 26597 END
START 9208 -2936 30848 17933 -11747 25747 END
START 9256 -2928 30316 18748 -12106 24911 END
START 8952 -2940 29736 19494 -12337 24203 END
START 8716 -2884 29140 20164 -12456 23629 END
START 8684 -2868 28732 20850 -12527 23068 END
START 8424 -2868 28216 21401 -12504 22642 END
START 8444 -2920 27868 21947 -12389 22233 END
START 8696 -3036 27752 22457 -12134 21900 END
START 9384 -3068 27852 22970 -11713 21649 END
START 9964 -3200 28040 23516 -11130 21400 END
START 11036 -3164 27952 24170 -10242 21140 END
START 12216 -3488 27944 24924 -9328 20788 END
START 12928 -3684 27796 25726 -8372 20338 END
START 13916 -3828 27740 26569 -7507 19897 END
START 14704 -3756 27436 27436 -6629 19343 END
START 15612 -3768 26748 28382 -5827 18782 END
START 16540 -3676 25636 29186 -5182 18165 END
START 17512 -3668 24160 29870 -4678 17441 END
START 17920 -3560 22580 30455 -4324 16682 END
START 18688 -3228 21152 30837 -3958 15836 END
START 19308 -3012 20004 30982 -3670 14987 END
START 19800 -2800 18480 31035 -3510 14018 END
START 20100 -2560 17180 30941 -3485 12908 END
START 20548 -2248 15772 30751 -3573 12071 END
START 20788 -2116 14400 30471 -3737 10914 END
START 20996 -1996 13000 30071 -3912 9825 END
START 21252 -1668 11848 29631 -4152 8768 END
START 21504 -1284 11004 29103 -4487 7772 END
START 21924 -752 10100 28485 -4883 6613 END
START 22320 -376 9712 27794 -5314 5476 END
START 22904 -8 9240 27074 -5781 4248 END
START 23436 104 8816 26413 -6216 2940 END
START 23888 248 8456 25744 -6649 1601 END
START 24208 144 8592 25161 -7132 142 END
START 24216 300 8808 24690 -7607 -1283 END
START 24024 220 8904 24417 -8120 -2742 END
START 23856 72 8784 24208 -8538 -4111 END
START 23916 -196 8244 24131 -8830 -5347 END
START 23804 -156 7852 24132 -8912 -6557 END
START 24252 -304 7108 24090 -8768 -7686 END
START 24588 -328 6420 24003 -8434 -8769 END
START 25304 -220 5524 23868 -7919 -9852 END
START 26040 -68 4816 23657 -7234 -11046 END
START 26456 -72 4016 23358 -6450 -12379 END
START 26688 -228 3148 23027 -5682 -13757 END
START 26556 -500 2128 22634 -4905 -15208 END
START 25924 -940 968 22199 -4117 -16547 END
START 25072 -1232 -124 21731 -3410 -17805 END
START 24012 -1304 -1196 21121 -2685 -18927 END
START 23016 -1212 -2336 20420 -2016 -19892 END
START 21980 -1156 -3584 19641 -1505 -20611 END
START 21192 -1280 -4336 18674 -1048 -21291 END
START 20576 -1368 -4908 17680 -721 -21893 END
START 19936 -1384 -5524 16564 -542 -22523 END
START 19328 -1348 -6036 15447 -550 -23084 END
START 19056 -1328 -6080 14384 -662 -23726 END
START 18772 -1424 -6264 13340 -872 -24394 END
START 18640 -1480 -6468 12320 -1184 -25138 END
START 18388 -1632 -6372 11400 -1471 -25887 END
START 18328 -1716 -6424 10517 -1860 -26746 END
START 18188 -1752 -6344 9684 -2227 -27589 END
START 17768 -1684 -6376 8916 -2604 -28537 END
START 17332 -1640 -6324 8137 -3024 -29433 END
START 16596 -1632 -6188 7313 -3417 -30410 END
START 15840 -1656 -6144 6606 -3771 -31332 END
START 15368 -1728 -6488 5848 -4125 -32181 END
START 14776 -1840 -6272 5085 -4511 -32768 END
START 14448 -1884 -6304 4298 -4803 -32768 END
START 14336 -1920 -6480 3559 -5033 -32768 END
START 14072 -2168 -6724 2701 -5081 -32768 END
START 13376 -2292 -6436 1888 -5185 -32768 END
START 12924 -2308 -6432 1074 -5192 -32768 END
START 11972 -2472 -6492 273 -5246 -32768 END
START 11056 -2716 -6668 -499 -5212 -32768 END
START 9904 -2912 -6648 -1279 -5144 -32768 END
START 8684 -3216 -6612 -2046 -5105 -32768 END
START 7468 -3252 -6424 -2764 -5144 -32768 END
START 6232 -3224 -6444 -3496 -5344 -32768 END
START 5396 -3432 -6600 -4349 -5537 -32768 END
START 4556 -3556 -6756 -5217 -5673 -32768 END
START 3552 -3904 -6760 -6166 -5783 -32768 END
START 2372 -3848 -6168 -7167 -5886 -32768 END
START 1236 -3728 -5768 -8179 -6056 -32768 END
START -44 -3592 -5228 -9197 -6308 -32768 END
START -1340 -3476 -4460 -10120 -6551 -32768 END
START -2852 -3552 -3712 -11051 -6856 -32768 END
START -4472 -3636 -2964 -11882 -7235 -32768 END
START -6196 -3540 -1980 -12625 -7675 -32768 END
START -7964 -3564 -812 -13334 -8233 -32768 END
START -9580 -3100 352 -13915 -8924 -32768 END
START -10896 -2840 1220 -14385 -9562 -32768 END
START -12860 -2548 2464 -14806 -10003 -32768 END
START -15240 -2356 4104 -14981 -10562 -32768 END
START -17252 -1968 5604 -15383 -11139 -32768 END
START -19056 -1580 6732 -15460 -11309 -32768 END
START -21104 -468 8764 -15608 -11453 -31052 END
START -22324 528 10228 -15660 -11364 -28980 END
START -23392 1356 11664 -15710 -10990 -26713 END
START -24548 2192 12972 -15629 -10310 -24326 END
START -25132 3964 14216 -15448 -9597 -21852 END
START -25076 5120 14804 -15123 -8491 -19431 END