START 2396 7408 652 111 8151 -25839 END
START -21788 -5840 10900 786 1216 -23724 END
START -18600 -6256 5592 1219 -1680 -19718 END
START -24300 -7084 7456 148 -2727 -12930 END
START -25500 -6564 7360 -3369 312 -6731 END
START -27752 -7760 8152 -8108 4264 -223 END
START -28444 -9160 9792 -12306 5977 7122 END
START -27176 -10992 11952 -16099 6722 13394 END
START -26656 -13388 17040 -18491 7727 20883 END
START -25864 -15368 23072 -18111 10041 29025 END
START -26576 -18272 27940 -14403 10641 32767 END
START -23568 -20068 28992 -8585 9021 32767 END
START -19120 -21408 26652 -3548 8454 32767 END
START -14584 -21616 22488 -851 9588 32767 END
START -13460 -22652 18884 -873 11487 32767 END
START -11076 -24580 15292 -2040 13274 32767 END
START -5108 -26728 11536 -5524 12772 32767 END
START 4720 -26676 10276 -9808 12285 32767 END
START 11896 -25112 11964 -12729 6999 32767 END
START 17400 -20320 13280 -11262 -1212 32767 END
START 21104 -17716 12688 -10030 -5907 32767 END
START 24356 -14820 12840 -9851 -7222 32767 END
START 26824 -12468 17304 -10418 -1852 32767 END
START 29892 -10248 22408 -7593 5438 32767 END