START -1892 5060 -9468 8325 -5087 58 END
START 4016 -1420 -28676 9447 -4112 581 END
START -1604 7516 -9512 6376 -6117 520 END
START 804 5892 -11084 6491 -5352 702 END
START -744 4552 -9564 5121 -6795 632 END
START 2528 5008 -12208 4290 -6868 591 END
START 1128 4236 -10392 3237 -7446 374 END
START 1972 4264 -10536 2358 -7112 152 END
START 3584 4156 -12340 1551 -7311 -164 END
START 3240 3888 -11500 731 -7177 -447 END
START 3076 3920 -11420 -40 -7352 -792 END
START 3672 3900 -12272 -877 -7330 -1178 END
START 3408 3780 -11936 -1740 -7082 -1577 END
START 3956 3624 -12968 -2762 -6685 -1996 END
START 3956 3388 -12904 -3884 -6080 -2435 END
START 3396 3288 -12716 -5074 -5436 -2867 END
START 3004 2940 -12656 -6288 -4797 -3227 END
START 2344 2728 -12516 -7513 -4009 -3507 END
START 1736 2304 -12092 -8622 -3161 -3700 END
START 1192 1752 -11796 -9655 -2269 -3774 END
START 404 1316 -11348 -10558 -1324 -3776 END
START -204 884 -11284 -11466 -449 -3670 END
START -1008 676 -10788 -12214 412 -3563 END
START -1648 436 -10508 -13045 1226 -3283 END
START -2368 112 -10248 -13747 2004 -3012 END
START -3044 -172 -9776 -14411 2664 -2659 END
START -3740 -328 -9232 -14959 3123 -2260 END
START -4324 -896 -8888 -15845 3468 -1829 END
START -4856 -1172 -8636 -16419 3678 -1352 END
START -5368 -1488 -8260 -17051 3713 -790 END
START -5736 -1680 -7732 -17594 3708 -241 END
START -5892 -1968 -7216 -18178 3496 338 END
START -6168 -2220 -6856 -18597 3273 860 END
START -6176 -2580 -6496 -19096 2897 1418 END
START -6136 -2960 -6020 -19484 2479 1929 END
START -6120 -3196 -5552 -19869 2089 2443 END
START -6176 -3424 -5404 -20203 1737 2923 END
START -6148 -3568 -4944 -20547 1330 3372 END
START -6280 -3668 -4576 -20937 889 3807 END
START -5824 -3752 -4364 -21300 590 4268 END
START -5568 -3888 -4220 -21628 405 4652 END
START -5176 -4152 -4188 -21959 317 5030 END
START -4628 -4460 -3908 -22291 361 5346 END
START -4232 -4612 -3820 -22624 495 5590 END
START -3664 -4584 -3788 -22987 695 5792 END
START -3136 -4476 -3768 -23404 1029 5925 END
START -2864 -4628 -3556 -23863 1437 5996 END
START -2644 -4564 -3724 -24354 1917 6009 END
START -2464 -4592 -3552 -24849 2313 6006 END
START -2348 -4580 -3256 -25372 2747 6027 END
START -2440 -4648 -3268 -25884 3106 5970 END
START -2544 -4712 -3132 -26436 3454 5980 END
START -2592 -4760 -2728 -26938 3678 5996 END
START -2812 -4844 -2700 -27481 3916 6005 END
START -3076 -4900 -2524 -27969 4060 6070 END
START -3348 -4952 -2292 -28510 4192 6196 END
START -3744 -5092 -2088 -29070 4280 6434 END
START -3900 -5108 -2156 -29636 4324 6701 END
START -3980 -5200 -2292 -30274 4482 7003 END
START -3872 -5200 -2208 -30949 4689 7316 END
START -3536 -5244 -2112 -31718 5004 7578 END
START -3392 -5212 -1808 -32563 5358 7804 END
START -3172 -5048 -1624 -32768 5797 8030 END
START -3044 -5000 -772 -32768 6250 8212 END
START -2784 -4984 -216 -32768 6748 8436 END
START -2660 -5104 616 -32768 7324 8607 END
START -2560 -5200 1272 -32768 7856 8799 END
START -2332 -5200 1916 -32768 8442 8897 END
START -2272 -5196 2740 -32768 8956 9002 END
START -2124 -5096 3616 -32768 9401 9036 END
START -2260 -4868 4376 -32768 9730 9076 END
START -2468 -4664 5264 -32768 9943 9083 END
START -2648 -4704 6248 -32768 9908 9113 END
START -3044 -4584 7084 -32768 9687 9166 END
START -3344 -4404 8144 -32768 9221 9276 END
START -3572 -4180 9256 -32768 8645 9443 END
START -3604 -3908 10060 -32768 8038 9695 END
START -3456 -3720 10988 -32768 7458 9887 END
START -3116 -3520 11996 -32768 6998 10180 END
START -2612 -3348 13136 -32768 6661 10405 END
START -2204 -2976 14268 -32768 6453 10583 END
START -1996 -2656 15788 -32768 6417 10791 END
START -1584 -2268 17372 -32768 6420 10962 END
START -1068 -2060 18928 -32768 6543 11080 END
START -348 -1764 20800 -32768 6826 11224 END
START 396 -1492 22552 -32768 7311 11288 END
START 1172 -1036 24172 -32768 7864 11351 END
START 2092 -644 26084 -32768 8381 11269 END
START 2412 -360 28032 -32768 8967 11204 END
START 3280 112 29968 -32768 9371 11039 END
START 3824 408 31540 -32768 9789 10830 END
START 4316 668 32767 -32768 10081 10619 END
START 5200 1136 32767 -32768 10390 10383 END
START 5768 1468 32767 -32768 10621 10017 END
START 6676 1732 32767 -32768 10884 9628 END
START 7628 2060 32767 -32768 11252 9206 END
START 8348 2320 32767 -32768 11551 8659 END
START 9356 2272 32767 -32768 11862 8068 END
START 9892 2232 32767 -32768 12157 7439 END
START 10052 2160 32767 -32436 12330 6655 END
START 10168 2192 32767 -31445 12558 5952 END
START 10076 2272 32767 -30346 12543 5239 END
START 9988 2312 32767 -29179 12417 4573 END
START 9424 2472 32767 -28018 12138 3897 END
START 9156 2872 32767 -26876 11690 3251 END
START 8388 3168 32767 -25758 11074 2728 END
START 7684 3636 32767 -24762 10368 2306 END
START 7192 3968 32767 -23767 9591 1993 END
START 6724 4256 32767 -22753 8838 1792 END
START 6548 4516 32767 -21681 8088 1633 END
START 6480 4696 32767 -20558 7490 1602 END
START 6484 4904 32767 -19331 7035 1566 END
START 6524 5076 32767 -18012 6667 1466 END
START 6588 5216 32767 -16681 6324 1378 END
START 6812 5316 32767 -15281 6091 1277 END
START 6812 5496 32767 -14171 5906 1161 END
START 6836 5628 32767 -12721 5784 1073 END
START 6844 5824 32767 -11547 5717 943 END
START 6756 6008 32767 -10398 5676 802 END
START 6744 5960 32767 -9278 5697 675 END
START 6948 5808 32767 -8231 5734 512 END
START 6956 5816 32767 -7254 5743 302 END
START 6860 5760 32767 -6296 5715 121 END
START 6772 5716 32767 -5329 5648 -99 END
START 6868 5948 32767 -4467 5541 -373 END
START 6752 5892 32767 -3664 5449 -645 END
START 6540 5948 32767 -2885 5291 -954 END
START 6340 5812 32767 -2210 5157 -1192 END
START 6052 5772 32767 -1541 4947 -1485 END
START 5632 5748 32767 -910 4685 -1725 END
START 5320 5760 32767 -361 4412 -1898 END
START 4988 5776 32767 205 4067 -2025 END
START 4808 5896 32767 661 3712 -2082 END
START 4660 6112 32767 1103 3390 -2102 END
START 4960 6296 32767 1583 3102 -2086 END
START 5036 6420 32580 2017 2877 -2145 END
START 5408 6540 32096 2435 2581 -2297 END
START 5548 6424 31640 2902 2339 -2455 END
START 5548 6404 31148 3416 1970 -2701 END
START 5444 6300 30700 3934 1523 -2917 END
START 5236 6356 29880 4396 990 -3124 END
START 4900 6404 29356 4940 331 -3299 END
START 4672 6288 28308 5393 -390 -3446 END
START 4508 6484 27336 5722 -1087 -3564 END
START 4424 6532 26596 5999 -1869 -3755 END
START 4352 6460 25884 6256 -2600 -3900 END
START 4124 6448 25140 6445 -3350 -4087 END
START 3952 6428 24404 6663 -4051 -4206 END
START 3756 6352 23600 6838 -4664 -4336 END
START 3428 6184 22752 7063 -5209 -4415 END
START 3024 6072 22156 7176 -5670 -4509 END
START 2600 5892 21336 7313 -6205 -4573 END
START 2104 5768 20508 7366 -6598 -4580 END
START 1460 5604 19644 7339 -6880 -4635 END
START 920 5544 18900 7222 -7086 -4629 END
START 164 5400 18296 7049 -7267 -4573 END
START -844 5260 17836 6878 -7430 -4506 END
START -1608 5100 17004 6638 -7491 -4332 END
START -2292 4900 16848 6368 -7507 -4067 END
START -3308 4624 16408 6122 -7528 -3733 END
START -4780 4480 16224 5895 -7601 -3271 END
START -6348 4068 16016 5667 -7847 -2672 END
START -7696 3712 15908 5559 -8193 -1859 END
START -8884 3376 15496 5385 -8543 -993 END
START -9864 3276 15048 5195 -8809 -63 END
START -10492 3024 14476 4955 -8997 941 END
START -11204 2892 14308 4602 -9060 1915 END
START -11740 2664 14000 4200 -9047 2893 END
START -12516 2280 14128 3679 -9120 3895 END
START -13496 1880 14280 3207 -9285 4962 END
START -14520 1288 14744 2691 -9352 6217 END
START -15536 888 15272 2214 -9508 7473 END
START -16640 664 16076 1901 -9659 8761 END
START -17344 600 17032 1682 -9753 10244 END
START -18044 460 18032 1572 -9751 11826 END
START -18392 -68 19316 1693 -9678 13437 END
START -18172 -724 20236 1996 -9449 15145 END
START -18352 -1436 20980 2391 -9123 16815 END
START -18712 -2060 21712 2921 -8663 18606 END
START -19140 -2352 22160 3462 -8300 20391 END
START -19424 -2588 22444 3956 -7851 22343 END
START -19712 -2824 22368 4402 -7418 24289 END
START -19812 -3248 22460 4740 -7021 26333 END
START -19380 -3980 22064 5020 -6489 28451 END
START -18532 -4516 22076 5331 -6025 30530 END
START -17476 -5048 21724 5483 -5551 32511 END
START -16348 -5336 21720 5654 -5025 32767 END
START -15024 -5656 21888 5680 -4591 32767 END
START -13636 -5776 22028 5708 -4153 32767 END
START -12100 -6012 22332 5716 -3836 32767 END
START -10636 -6332 22728 5757 -3547 32767 END
START -8924 -6760 23224 5953 -3327 32767 END
START -7352 -7020 23688 6167 -3089 32767 END
START -5700 -6952 24176 6489 -2947 32767 END
START -3960 -7092 24836 6849 -2805 32767 END
START -2096 -7236 25188 7333 -2790 32767 END
START -432 -7408 25496 7855 -2800 32767 END
START 1444 -7668 26160 8460 -2914 32767 END
START 3232 -7588 26520 9078 -3209 32767 END
START 5400 -7624 26936 9756 -3601 32767 END
START 7792 -7372 27300 10499 -4113 32767 END
START 10332 -6984 28080 11303 -4778 32767 END
START 12800 -6644 28788 12297 -5573 32767 END
START 14776 -6036 29484 13366 -6542 32767 END
START 16392 -5536 29784 14486 -7583 32767 END
START 17992 -4904 30020 15703 -8747 32767 END
START 18888 -4508 29420 16966 -9850 32767 END
START 19440 -4184 28812 18095 -10793 30933 END
START 19988 -3900 28032 19190 -11451 29067 END
START 20264 -3712 27280 20130 -11986 27312 END
START 20716 -3480 26380 20968 -12238 25727 END
START 21560 -3056 25604 21649 -12233 24214 END
START 22644 -2464 25036 22183 -11852 22727 END
START 23932 -2136 24260 22728 -11160 21161 END
START 25308 -2004 23800 23286 -10327 19440 END
START 26212 -2024 23252 23885 -9323 17635 END
START 26836 -2324 22560 24513 -8283 15793 END
START 26748 -2528 21620 25182 -7222 14023 END
START 26584 -2352 20024 25807 -6167 12661 END
START 26132 -2388 18084 26379 -5009 11096 END
START 25736 -2100 15612 26692 -3875 10056 END
START 25752 -1720 12612 26639 -2673 9129 END
START 25840 -1308 10260 25994 -1344 8239 END
START 26204 -896 8100 25022 -258 7284 END
START 26724 -296 6904 23688 641 6275 END
START 27108 -32 6144 22266 1308 5146 END
START 27620 496 6024 20839 1794 3965 END
START 28092 576 6572 19528 2172 2572 END
START 28548 556 7484 18504 2410 1198 END
START 28628 476 8320 17821 2530 -320 END
START 28904 384 9396 17435 2584 -1809 END
START 28740 368 10244 17421 2581 -3374 END
START 28448 236 11028 17599 2417 -4910 END
START 28464 116 11568 17948 2206 -6445 END
START 28440 124 11764 18421 1938 -7848 END
START 28368 136 11616 18925 1680 -9382 END
START 28652 -40 11136 19418 1498 -10930 END
START 28640 -60 10400 19821 1340 -12539 END
START 28296 -64 9896 20124 1185 -14234 END
START 27820 -488 9244 20327 997 -15904 END
START 27204 -804 8668 20469 686 -17558 END
START 26392 -1116 8024 20475 361 -19144 END
START 25848 -1276 7440 20435 -24 -20622 END
START 25464 -1508 6968 20345 -373 -21919 END
START 25404 -1660 6456 20243 -741 -23239 END
START 25424 -1608 6028 20106 -960 -24482 END
START 25716 -1596 5520 19999 -1176 -25789 END
START 26000 -1792 5116 19862 -1371 -27163 END
START 26152 -1996 4532 19728 -1546 -28751 END
START 26444 -2188 4260 19572 -1692 -30393 END
START 26288 -2660 3668 19398 -1893 -32158 END
START 26216 -3204 3004 19130 -2159 -32768 END
START 25964 -3544 2144 18957 -2476 -32768 END
START 25156 -3884 628 18720 -2784 -32768 END
START 24136 -4148 -1360 18405 -3119 -32768 END
START 22856 -4612 -3292 17849 -3395 -32768 END
START 21116 -4768 -5144 17024 -3721 -32768 END
START 19116 -4516 -7024 15767 -4119 -32768 END
START 17176 -4160 -8432 14172 -4480 -32768 END
START 15240 -3684 -9024 12204 -4930 -32768 END
START 13700 -3320 -9628 10092 -5368 -32768 END
START 12056 -2964 -9720 7808 -5808 -32768 END
START 11048 -2992 -9440 5606 -6275 -32768 END
START 10656 -3028 -8880 3500 -6585 -32768 END
START 10264 -3104 -8164 1722 -6742 -32768 END
START 10008 -3092 -7088 241 -6663 -32768 END
START 9888 -3108 -6044 -962 -6415 -32768 END
START 9760 -2852 -5268 -1912 -6049 -32768 END
START 9348 -2676 -4580 -2719 -5521 -32768 END
START 8840 -2572 -3956 -3444 -4935 -32768 END
START 8000 -2356 -3240 -4152 -4313 -32768 END
START 7056 -2272 -2484 -4845 -3735 -32768 END
START 5924 -2164 -1880 -5559 -3316 -32768 END
START 4340 -2216 -1280 -6251 -2964 -32768 END
START 2776 -2228 -348 -6904 -2814 -32768 END
START 1032 -2268 592 -7463 -2760 -32768 END
START -868 -2172 1320 -7909 -2857 -32768 END
START -2880 -1928 2100 -8270 -3143 -32768 END
START -5128 -1592 2992 -8572 -3671 -32768 END
START -7264 -1408 3952 -8774 -4390 -32768 END
START -9392 -1164 4676 -8987 -5298 -32768 END
START -11608 -1072 5500 -9220 -6311 -32768 END
START -13800 -872 6840 -9358 -7476 -32768 END
START -15844 -640 7768 -9559 -8638 -32768 END
START -17740 -252 8960 -9657 -9790 -32768 END
START -19304 100 9956 -9722 -10816 -32768 END
START -20864 476 11064 -9708 -11718 -31556 END
START -22068 568 12060 -9600 -12373 -29489 END
START -23196 864 12904 -9422 -12765 -27292 END
START -24060 1144 13728 -9269 -12804 -25062 END
START -24824 1472 14652 -9116 -12618 -22589 END
START -25568 2032 15336 -9007 -12142 -20073 END
START -26056 2520 16172 -8926 -11396 -17515 END
START -26444 3052 16832 -8866 -10547 -14896 END
START -26556 3544 17588 -8874 -9463 -12399 END
START -26492 3804 18604 -8859 -8325 -9779 END
START -26020 4156 19288 -8837 -7087 -7131 END
START -25464 4412 19992 -8852 -5732 -4615 END
START -24556 4604 20796 -8782 -4312 -2162 END
START -23268 4764 21440 -8712 -2740 231 END
START -21616 5004 22540 -8564 -1354 2327 END
START -19860 5360 23532 -8410 100 4242 END
START -17764 5432 24308 -8105 1485 5867 END
START -15748 5708 25520 -7736 2822 7286 END
START -13756 6128 26628 -7275 3966 8280 END
START -11908 6416 28028 -6675 4823 9016 END
START -10096 6648 29032 -5982 5467 9412 END
START -8360 6820 30292 -5137 5887 9618 END
START -6528 7104 31152 -4242 6000 9569 END
START -5192 7540 31988 -3198 6015 9374 END