START 2904 7044 -1504 17786 -5466 -3772 END
START 4884 -152 -16392 19876 -4114 -3699 END
START 3236 11376 -3688 16720 -5648 -3812 END
START 164 6960 -3332 17566 -5547 -3712 END
START 1036 6672 -5980 16212 -6777 -3653 END
START 1296 6504 -7400 15378 -7275 -3589 END
START 148 5980 -7632 14279 -7421 -3509 END
START 1452 6224 -10016 13320 -7790 -3417 END
START -264 5824 -8820 12304 -7884 -3134 END
START 1084 5912 -11248 11231 -8186 -2884 END
START 308 5736 -11024 10096 -8013 -2660 END
START 936 5668 -12060 8786 -7847 -2467 END
START 1256 5620 -12396 7484 -7539 -2360 END
START 1196 5348 -12220 6020 -7080 -2222 END
START 1532 5264 -12580 4554 -6664 -2202 END
START 1524 4952 -12320 3171 -6129 -2115 END
START 1196 4680 -11968 1917 -5658 -1994 END
START 1296 4344 -12128 836 -5268 -1852 END
START 1064 3980 -11996 -150 -4825 -1743 END
START 972 3708 -12132 -1156 -4399 -1579 END
START 952 3528 -12448 -2108 -3992 -1448 END
START 832 3344 -12172 -3186 -3466 -1274 END
START 648 3244 -12372 -4360 -2986 -1163 END
START 488 3076 -11812 -5447 -2503 -985 END
START 468 2680 -11532 -6534 -1939 -809 END
START 420 2564 -11256 -7612 -1341 -625 END
START 276 2280 -10456 -8539 -753 -426 END
START 164 2128 -10008 -9373 -220 -245 END
START 176 1824 -9456 -10031 366 -72 END
START 136 1512 -8620 -10538 794 89 END
START 252 1280 -8032 -10990 1210 255 END
START 428 1092 -7796 -11348 1676 371 END
START 748 988 -7540 -11695 2101 447 END
START 960 1016 -7360 -12052 2471 449 END
START 1052 1056 -7144 -12398 2807 409 END
START 1356 884 -6948 -12792 2999 310 END
START 1276 912 -6740 -13160 3085 184 END
START 1132 796 -6508 -13567 3032 39 END
START 1140 684 -6372 -13855 2959 -59 END
START 672 596 -6196 -14171 2821 -176 END
START 328 576 -5860 -14721 2564 -165 END
START -64 512 -5368 -14801 2238 -192 END
START -444 300 -5256 -14738 1824 -136 END
START -936 288 -5156 -15286 1262 -21 END
START -1232 264 -4900 -15321 717 121 END
START -1760 348 -4828 -15407 75 297 END
START -2152 372 -4852 -15632 -537 567 END
START -2632 432 -4912 -15828 -1210 859 END
START -2832 424 -5004 -16090 -1833 1195 END
START -2912 396 -5292 -16435 -2364 1611 END
START -2832 488 -5372 -16811 -2688 2029 END
START -2780 452 -5776 -17295 -2887 2401 END
START -2612 480 -5840 -17883 -2777 2795 END
START -2432 480 -6044 -18447 -2573 3135 END
START -2292 412 -5964 -19094 -2229 3467 END
START -2152 400 -5784 -19710 -1724 3809 END
START -2232 360 -5628 -20368 -1256 4124 END
START -2424 248 -5376 -20971 -766 4536 END
START -2544 264 -5288 -21627 -351 4912 END
START -2572 72 -5228 -22259 104 5377 END
START -2572 -12 -5220 -22910 540 5781 END
START -2508 -176 -4916 -23614 952 6174 END
START -2396 -256 -4668 -24296 1351 6545 END
START -1912 -368 -4236 -24998 1761 6885 END
START -1540 -460 -3668 -25712 2236 7171 END
START -1032 -688 -3508 -26374 2694 7385 END
START -548 -904 -2876 -27114 3169 7529 END
START 164 -940 -2364 -27798 3639 7617 END
START 848 -1068 -1864 -28480 4127 7662 END
START 1308 -1092 -1004 -29064 4495 7601 END
START 1636 -1176 -260 -29678 4837 7499 END
START 1748 -1380 452 -30190 5044 7331 END
START 2080 -1436 1128 -30626 5077 7203 END
START 2220 -1440 1788 -31030 5105 7064 END
START 2292 -1424 2092 -31424 4989 6915 END
START 2216 -1324 2556 -31896 4793 6768 END
START 2372 -1268 2884 -32366 4572 6635 END
START 2344 -1104 3656 -32768 4263 6492 END
START 2216 -964 4208 -32768 3998 6319 END
START 2260 -912 4952 -32768 3743 6183 END
START 2252 -784 5644 -32768 3616 6033 END
START 2256 -828 6456 -32768 3556 5904 END
START 2192 -1004 7392 -32768 3654 5761 END
START 2108 -1116 8180 -32768 3817 5658 END
START 2100 -1256 8576 -32768 4095 5559 END
START 1884 -1452 9156 -32768 4410 5469 END
START 1620 -1476 9672 -32768 4808 5455 END
START 1116 -1580 10144 -32768 5225 5486 END
START 964 -1536 10816 -32768 5651 5606 END
START 932 -1860 11376 -32768 6051 5760 END
START 1060 -1776 12348 -32768 6395 5948 END
START 1524 -1776 13356 -32768 6969 6099 END
START 2080 -1872 14468 -32768 7513 6209 END
START 3104 -2152 15652 -32768 8292 6169 END
START 3904 -2352 17276 -32768 9086 5992 END
START 5100 -2828 18432 -32768 10004 5711 END
START 5372 -2800 20236 -32768 10772 5272 END
START 5608 -2508 21596 -32768 11370 4800 END
START 5396 -2368 23536 -32768 11621 4298 END
START 5348 -2300 24812 -32768 11710 3812 END
START 4788 -2012 26896 -32768 11606 3297 END
START 4104 -1880 28120 -32768 11242 2813 END
START 3448 -1608 29584 -32768 10577 2404 END
START 2792 -1480 30648 -32768 9818 2066 END
START 2136 -1188 32096 -32768 8824 1831 END
START 1596 -1104 32767 -32768 7812 1679 END
START 956 -804 32767 -32768 6713 1490 END
START 580 -404 32767 -32768 5657 1374 END
START 92 -280 32767 -32499 4611 1385 END
START -160 -100 32767 -31612 3703 1416 END
START -524 172 32767 -30751 2833 1519 END
START -868 480 32767 -29955 2186 1768 END
START -1176 760 32767 -29172 1686 2026 END
START -1404 1056 32767 -28378 1330 2473 END
START -1696 1348 32767 -27577 1093 2983 END
START -1764 1492 32767 -26716 1037 3576 END
START -1500 1696 32767 -25803 1130 4204 END
START -1000 1892 32767 -24919 1397 4826 END
START -284 1884 32767 -23880 1884 5433 END
START 624 2108 32767 -22842 2455 5929 END
START 1296 2296 32767 -21841 3052 6336 END
START 2244 2484 32767 -20718 3645 6661 END
START 2852 2508 32767 -19628 4225 6869 END
START 3508 2660 32767 -18507 4679 6975 END
START 3972 2856 32767 -17445 5060 7003 END
START 4392 3012 32767 -16394 5193 6974 END
START 4760 3088 32767 -15321 5163 6899 END
START 5288 3308 32767 -14194 4943 6871 END
START 5708 3492 32767 -13326 4648 6697 END
START 6584 3832 32767 -12365 4319 6471 END
START 7144 4052 32767 -11467 3976 6125 END
START 7680 4280 32767 -10665 3602 5735 END
START 8056 4496 32767 -9913 3237 5216 END
START 8160 4724 32767 -9151 2834 4751 END
START 8256 4892 32767 -8488 2509 4203 END
START 7864 4904 32767 -7759 2102 3714 END
START 7684 5116 32767 -7077 1720 3280 END
START 7032 5124 32767 -6358 1232 2869 END
START 6556 5344 32767 -5588 745 2570 END
START 5980 5244 32767 -4803 242 2330 END
START 5400 5280 32767 -4048 -276 2171 END
START 5168 5384 32767 -3309 -708 2062 END
START 4516 5460 32767 -2555 -1159 2021 END
START 4132 5592 32767 -1863 -1619 2099 END
START 3864 5668 32767 -1250 -1914 2194 END
START 3748 5772 32767 -667 -2177 2355 END
START 3904 5752 32767 -174 -2331 2507 END
START 3980 5776 32767 295 -2382 2619 END
START 4028 5788 32767 784 -2420 2704 END
START 4004 5772 32767 1191 -2438 2753 END
START 3984 5796 32716 1660 -2434 2757 END
START 3804 5676 32152 2078 -2487 2795 END
START 3540 5740 31800 2469 -2644 2802 END
START 3116 5680 31140 2888 -2815 2865 END
START 2824 5560 30688 3239 -3019 2903 END
START 2388 5492 30264 3528 -3228 3008 END
START 2196 5308 29996 3823 -3481 3096 END
START 1940 5264 29704 4109 -3683 3176 END
START 1356 5080 29532 4407 -3948 3256 END
START 1132 4944 29612 4698 -4314 3348 END
START 604 4636 29780 5053 -4739 3445 END
START 144 4356 29992 5428 -5259 3543 END
START -432 4256 29988 5891 -5832 3726 END
START -1224 3944 29988 6411 -6418 3953 END
START -1428 3776 29912 6961 -7004 4172 END
START -1696 3488 29824 7541 -7534 4404 END
START -2212 3092 29716 8069 -8003 4689 END
START -2632 2832 29772 8569 -8479 4955 END
START -2988 2408 29628 9048 -8880 5325 END
START -3436 2104 29984 9581 -9308 5713 END
START -3956 1904 30160 10094 -9721 6132 END
START -4436 1560 30352 10738 -10157 6635 END
START -4992 1176 30336 11343 -10518 7192 END
START -5484 852 30304 12011 -10812 7843 END
START -5944 468 30588 12742 -11057 8526 END
START -6400 60 30400 13445 -11231 9315 END
START -6592 -108 30404 14152 -11300 10195 END
START -6768 -440 30172 14967 -11269 11168 END
START -7104 -884 29948 15667 -11161 12108 END
START -7300 -1264 29788 16408 -11017 13136 END
START -7668 -1528 29588 17091 -10913 14239 END
START -8060 -1772 29376 17771 -10769 15434 END
START -8464 -2048 28784 18499 -10598 16669 END
START -8632 -2412 28412 19148 -10303 17937 END
START -8808 -2840 28084 19795 -9995 19294 END
START -8464 -3132 27376 20319 -9589 20579 END
START -8168 -3600 26832 20833 -9138 21940 END
START -7780 -3816 26448 21266 -8605 23193 END
START -7304 -4040 25860 21610 -8049 24399 END
START -6836 -4364 25232 21928 -7442 25593 END
START -6180 -4740 24804 22240 -6854 26681 END
START -5604 -5084 23896 22540 -6291 27759 END
START -5104 -5396 23092 22792 -5729 28730 END
START -4496 -5496 21964 22940 -5220 29703 END
START -4072 -5536 21048 22996 -4831 30573 END
START -3432 -5388 20004 22884 -4571 31374 END
START -2440 -5376 19036 22706 -4473 32025 END
START -1300 -5320 18416 22386 -4393 32554 END
START 440 -4972 17592 21969 -4303 32767 END
START 1720 -4896 17092 21485 -4340 32767 END
START 3268 -4672 17188 21082 -4446 32767 END
START 4804 -4508 17388 20756 -4693 32767 END
START 6408 -4404 17644 20697 -5100 32767 END
START 8288 -4236 18004 20771 -5673 32464 END
START 10496 -4064 17836 21063 -6305 31681 END
START 12748 -3696 17524 21411 -6835 30800 END
START 14948 -3116 16944 21835 -7377 29614 END
START 17116 -2524 16572 22275 -7815 28229 END
START 19120 -1988 15848 22677 -8252 26647 END
START 20656 -1348 15048 23082 -8730 24862 END
START 22392 -836 13884 23387 -9064 23059 END
START 23880 40 12712 23655 -9357 21054 END
START 25352 596 11264 23689 -9446 18989 END
START 26348 1128 9700 23604 -9475 16891 END
START 27196 1460 8464 23358 -9539 14719 END
START 27684 1668 7264 22921 -9630 12734 END
START 27796 1828 6304 22360 -9699 10463 END
START 27692 1960 5560 21727 -9741 8569 END
START 27616 1936 4844 21051 -9693 6880 END
START 27228 2076 4400 20411 -9559 5352 END
START 26956 2320 3660 19808 -9398 3964 END
START 26652 2332 3400 19241 -9185 2715 END
START 26464 2304 3192 18659 -8971 1577 END
START 26400 2168 2644 18090 -8690 511 END
START 26272 2052 2544 17546 -8371 -579 END
START 26088 1988 2556 17042 -8123 -1589 END
START 25880 2040 2308 16534 -7829 -2560 END
START 25664 1940 2028 16160 -7460 -3468 END
START 25668 1936 1560 15698 -7008 -4317 END
START 25688 2068 1412 15278 -6445 -5147 END
START 25900 2344 1144 14767 -5790 -5987 END
START 25896 2324 856 14252 -5184 -6831 END
START 26404 2312 484 13683 -4391 -7662 END
START 26456 2396 424 13202 -3565 -8538 END
START 26560 2260 284 12692 -2773 -9499 END
START 26448 2252 52 12249 -1946 -10424 END
START 26328 2232 40 11869 -1195 -11355 END
START 26084 2232 -80 11494 -516 -12336 END
START 25624 2020 -116 11068 79 -13308 END
START 25092 2024 -524 10703 517 -14187 END
START 24464 2036 -616 10259 834 -15105 END
START 23732 1988 -820 9806 1090 -15953 END
START 23112 2012 -964 9394 1193 -16698 END
START 22704 1816 -1000 8958 1311 -17523 END
START 22300 1844 -900 8526 1312 -18318 END
START 21984 1892 -1044 8131 1348 -19200 END
START 21644 1848 -944 7776 1289 -20094 END
START 21340 1668 -828 7463 1184 -20992 END
START 20896 1628 -856 7164 1012 -21935 END
START 20308 1440 -1016 6848 822 -22916 END
START 19912 1484 -1188 6645 618 -23882 END
START 19000 1332 -1324 6323 441 -24856 END
START 18216 764 -1748 6042 194 -25766 END
START 17296 604 -2012 5709 -238 -26563 END
START 16252 164 -2532 5323 -649 -27312 END
START 15120 -368 -3096 4855 -1111 -27893 END
START 13624 -884 -3348 4266 -1599 -28297 END
START 12028 -1360 -3828 3565 -2132 -28546 END
START 10432 -1260 -3948 2817 -2673 -28545 END
START 8800 -916 -4072 1974 -3175 -28395 END
START 7520 -748 -3908 1114 -3580 -28065 END
START 6528 -756 -3776 317 -3918 -27661 END
START 5884 -980 -3388 -481 -4266 -27196 END
START 5460 -1068 -2952 -1199 -4526 -26762 END
START 5384 -944 -2560 -1907 -4615 -26312 END
START 5612 -660 -1976 -2517 -4600 -25934 END
START 5728 -632 -1608 -3096 -4431 -25626 END
START 5752 -580 -1252 -3592 -4112 -25401 END
START 5896 -676 -860 -3967 -3667 -25244 END
START 6064 -636 -772 -4378 -3090 -25099 END
START 5968 -548 -532 -4741 -2386 -25027 END
START 6012 -548 -664 -5159 -1498 -24980 END
START 5692 -208 -772 -5579 -670 -24945 END
START 5168 -132 -480 -6039 98 -24904 END
START 4744 -100 -560 -6559 738 -24837 END
START 4184 -52 -572 -7094 1242 -24787 END
START 3344 -72 -460 -7647 1551 -24654 END
START 2896 20 -272 -8246 1753 -24495 END
START 2072 88 -348 -8855 1820 -24305 END
START 1396 204 -88 -9482 1755 -24117 END
START 552 164 596 -10041 1501 -23860 END
START -272 280 972 -10661 1139 -23526 END
START -924 596 1840 -11178 675 -23180 END
START -1380 772 2188 -11711 161 -22794 END
START -2032 1216 2772 -12209 -427 -22377 END
START -2520 1416 3548 -12558 -956 -21902 END
START -2952 1848 4344 -12867 -1516 -21451 END
START -3408 2124 5180 -13090 -2024 -20977 END
START -3888 2460 5952 -13236 -2533 -20473 END
START -4312 2840 6960 -13417 -2981 -19962 END
START -4660 3288 7612 -13495 -3344 -19449 END
START -4976 3736 8616 -13569 -3628 -18902 END
START -5356 4036 9364 -13623 -3799 -18354 END
START -5752 4440 10104 -13660 -3928 -17777 END
START -6256 4904 10900 -13721 -3921 -17202 END
START -6656 5380 11640 -13725 -3898 -16597 END
START -6964 5680 12316 -13749 -3770 -15958 END
START -7520 6052 13084 -13868 -3636 -15369 END
START -8084 6260 13852 -13887 -3518 -14691 END
START -8868 6716 14860 -13974 -3453 -13978 END
START -9312 7168 15796 -14059 -3392 -13192 END
START -9972 7624 16512 -14101 -3221 -12347 END
START -10460 8152 17960 -14149 -3091 -11496 END
START -10656 8428 19056 -14151 -2865 -10554 END
START -10924 8716 20748 -14170 -2642 -9727 END
START -10812 9188 22040 -13954 -2120 -8803 END
START -10540 9600 23608 -13848 -1419 -7876 END
START -10416 9772 25224 -13643 -556 -7006 END
START -10492 9868 26840 -13303 390 -6141 END
START -10528 10244 28412 -12912 1414 -5265 END
START -10804 10728 29940 -12415 2359 -4341 END
START -10796 11188 31460 -11745 3356 -3408 END
START -11152 11340 32767 -11010 4196 -2524 END
START -11016 11472 32767 -10248 4866 -1591 END
START -10860 11708 32767 -9419 5357 -776 END
START -10520 11956 32767 -8576 5849 61 END