START -23936 -348 2452 7639 -4912 -7579 END
START -17240 -2256 3020 5273 -8553 -3148 END
START -16904 -1288 4164 2496 -7499 854 END
START -17988 -1028 6788 14 -5288 5306 END
START -19872 -1152 9300 -1896 -2720 9483 END
START -19048 -780 9616 -4109 -822 13875 END
START -16624 -816 10120 -6634 1519 17222 END
START -15116 -900 11140 -8223 2053 20120 END
START -11252 -1000 13216 -8740 1726 21398 END
START -9244 -1116 14900 -8179 1911 21971 END
START -8976 -1600 15588 -7166 2253 22216 END
START -9836 -2208 14968 -6214 1912 22818 END
START -10448 -2704 14484 -5839 1117 24216 END
START -10140 -3620 14060 -5479 818 26248 END
START -9556 -4172 12736 -5927 948 28735 END
START -8328 -5256 11924 -6958 1259 31071 END
START -7100 -6856 12248 -8080 2229 32767 END
START -6176 -8236 12348 -9032 3649 32767 END
START -5800 -9516 12208 -10257 4472 32767 END
START -6072 -11468 13212 -11200 4449 32767 END
START -5980 -13612 13480 -11421 3007 32767 END
START -5916 -16224 14464 -11335 1329 32767 END
START -2924 -18380 14868 -11606 3267 32767 END
START -40 -20056 14916 -14061 8973 32767 END
START 4428 -21496 14992 -18208 15350 32767 END