START -22616 -4712 -180 14950 -644 -14297 END
START -23060 -8936 860 10391 -6367 -9051 END
START -22564 -9440 5020 6249 -4859 -4044 END
START -18636 -8852 5588 2158 -666 -1018 END
START -22096 -9916 3496 -329 1838 -65 END
START -16996 -10084 8952 -844 -3115 548 END
START -16604 -10348 8580 -1853 -842 385 END
START -22472 -10256 10132 -2098 -1417 2787 END
START -22400 -10492 6724 -2709 -2762 8799 END
START -24840 -10656 6436 -4780 -2139 15828 END
START -23388 -11972 5452 -9062 371 23365 END
START -23324 -14108 6704 -12322 820 30701 END
START -20412 -15544 8240 -15460 1370 32767 END
START -22828 -18488 10728 -17787 3307 32767 END
START -24540 -21900 12376 -18663 4379 32767 END