START 22452 6644 -21764 9825 5341 12239 END
START 9444 4136 -17636 1771 -3698 7748 END
START 8012 1820 -11204 -3431 -7289 2890 END
START 3672 952 -5980 -5939 -6617 202 END
START 924 472 -4356 -7087 -3479 -363 END
START 3644 464 -7480 -8946 -38 -334 END
START 2152 224 -7676 -11611 3288 -486 END
START 1280 -76 -8384 -15201 7254 -640 END
START 692 -336 -8924 -18725 8278 -875 END
START 640 -1036 -8576 -21591 6783 -1674 END
START 1036 -2108 -8004 -24611 4845 -2671 END
START 1908 -3852 -7244 -28331 4579 -3946 END
START 1776 -5544 -5388 -32490 5741 -5678 END
START 1748 -6844 -3400 -32768 8096 -7475 END
START 756 -8412 -776 -32768 11227 -9083 END
START -788 -10408 3056 -32768 12556 -10538 END
START -1600 -12192 9348 -32768 11169 -12005 END
START -1172 -12876 16712 -32768 8411 -14396 END
START -2224 -13412 25772 -32768 5214 -17186 END
START -4488 -11756 32767 -32768 3951 -19273 END
START -9200 -10156 32767 -32768 4678 -19964 END
START -11592 -9272 32767 -32768 6791 -17968 END
START -12408 -7656 32767 -31514 12154 -16792 END
START -13064 -6128 32767 -25560 16475 -16031 END
START -19328 -5168 32767 -18041 14601 -15540 END
START -20960 -4136 32767 -9583 8594 -12316 END
START -20200 -3208 32767 -2418 5864 -10000 END
START -21952 -3100 32767 3567 4486 -6142 END
START -21456 -3344 32767 8367 3159 -1159 END
START -18848 -2904 32767 11692 2916 3480 END
START -15464 -3596 32767 14636 3252 6046 END
START -12380 -5040 32767 18562 1987 6582 END
START -11908 -6008 31240 23189 263 5630 END
START -12972 -6920 26712 26484 -2071 5618 END
START -12156 -8104 22256 27499 -1894 6929 END
START -12220 -8928 19748 27455 991 9061 END
START -12368 -9524 17640 27693 3004 11739 END
START -11300 -9968 14548 28307 3375 14368 END
START -9948 -9976 11216 28629 2600 16342 END
START -8760 -9712 7444 28389 2065 17911 END
START -7936 -9184 3816 27287 1682 19438 END
START -6948 -8380 1064 24959 2512 21216 END
START -5872 -7232 -1608 21685 4499 22703 END
START -5292 -6244 -3128 17505 7349 24061 END
START -5244 -5948 -4172 13322 9172 25702 END
START -4712 -5104 -5300 9510 8329 27456 END
START -2840 -4032 -6968 5610 6379 28297 END
START -1032 -3048 -7976 1401 3341 28038 END
START 1180 -2512 -8432 -2777 482 26983 END
START 2512 -2220 -7820 -6566 -1113 25715 END
START 3800 -1892 -6704 -10380 -1282 24467 END
START 6252 -1948 -4968 -14037 -1182 23210 END
START 8648 -1616 -2564 -17222 -477 21874 END
START 12032 -1200 -1016 -19984 1323 19600 END
START 14892 -1124 868 -22753 2764 15644 END
START 16844 -788 2584 -25892 2649 11465 END
START 19208 -668 6628 -28195 3101 7265 END
START 21408 -644 12876 -28241 3621 1905 END
START 22884 -432 18740 -26198 2730 -5180 END
START 23628 -692 23120 -24223 2844 -12871 END
START 24776 -408 25440 -22900 7304 -20880 END
START 22864 -1276 26508 -23378 15354 -29288 END
START 18456 -3876 28868 -22907 23330 -32768 END
START 11488 -5824 29868 -20708 27108 -32768 END
START 4276 -8604 29808 -17450 24479 -32768 END
START -6756 -12868 32280 -12863 15714 -32768 END
START -17620 -14516 32767 -4342 461 -32768 END
START -20536 -13372 32767 2980 -6965 -32768 END
START -18924 -11560 30080 5900 -963 -32768 END
START -21864 -10124 24636 3963 8017 -28179 END