START -2240 5388 -4532 12514 1067 -665 END
START -768 -456 -16644 14194 1797 -72 END
START -696 9960 -6184 11091 322 297 END
START -3572 5152 -7136 11916 855 840 END
START -2496 5396 -10216 10588 -492 1194 END
START -2532 5556 -10832 9642 -521 1591 END
START -3180 5292 -10756 8343 -1389 1831 END
START -1556 5716 -13168 6961 -1593 2195 END
START -2504 5656 -12448 5434 -2058 2525 END
START -1220 5792 -14124 3792 -2247 2833 END
START -1416 5580 -13820 2045 -2370 3057 END
START -1232 5280 -13724 340 -2460 3186 END
START -792 4976 -13520 -1375 -2422 3292 END
START -732 4624 -12764 -3046 -2399 3346 END
START -232 4368 -12312 -4445 -2225 3409 END
START 144 4244 -11892 -5620 -2048 3411 END
START 316 4324 -11104 -6643 -1913 3370 END
START 808 4196 -10604 -7628 -1655 3235 END
START 1596 4036 -9900 -8479 -1395 2989 END
START 2120 3648 -9212 -9310 -996 2634 END
START 2368 3344 -8436 -9993 -570 2286 END
START 2588 3140 -7820 -10628 -140 1894 END
START 2336 2828 -7052 -11140 307 1542 END
START 2076 2356 -6344 -11506 738 1246 END
START 1636 2116 -5852 -11723 1117 976 END
START 1120 1916 -5328 -11863 1446 840 END
START 932 1860 -5164 -11864 1829 745 END
START 608 1636 -4996 -11912 2125 695 END
START 292 1344 -5008 -11878 2402 713 END
START -4 1316 -4932 -11929 2484 770 END
START -408 1248 -4992 -12021 2491 882 END
START -688 1404 -5040 -12164 2411 1017 END
START -1128 1308 -5104 -12339 2236 1201 END
START -1428 1220 -5116 -12534 1903 1470 END
START -1676 1340 -5008 -12712 1504 1719 END
START -1588 1124 -5236 -12940 1017 2011 END
START -1472 1212 -5116 -13062 440 2289 END
START -1316 1060 -5116 -13265 -69 2545 END
START -1236 1060 -5176 -13423 -656 2757 END
START -1132 1064 -5288 -13562 -1174 2983 END
START -1000 1144 -5452 -13757 -1762 3154 END
START -872 1004 -5532 -14031 -2194 3296 END
START -476 936 -5716 -14272 -2552 3379 END
START -224 1084 -5900 -14830 -2761 3501 END
START 8 1016 -6008 -14846 -2861 3554 END
START 100 916 -6192 -15591 -2851 3598 END
START 364 808 -6296 -16121 -2731 3690 END
START 428 764 -6240 -16761 -2505 3750 END
START 452 632 -6212 -17342 -2284 3898 END
START 352 424 -6192 -17935 -2027 4000 END
START 488 224 -5904 -18568 -1792 4113 END
START 724 36 -5600 -19150 -1539 4266 END
START 744 68 -5564 -19765 -1341 4420 END
START 956 -4 -5244 -20323 -1115 4564 END
START 1180 -76 -5012 -20942 -947 4726 END
START 1540 -112 -4852 -21609 -689 4877 END
START 2132 -136 -4464 -22227 -314 4971 END
START 2648 -180 -4052 -22936 98 4978 END
START 3040 -296 -3488 -23575 598 5038 END
START 3652 -396 -3100 -24251 1151 4970 END
START 3964 -360 -2600 -24838 1800 4879 END
START 4052 -596 -2064 -25443 2442 4762 END
START 4128 -592 -1428 -25907 2981 4607 END
START 4240 -736 -840 -26387 3584 4446 END
START 4216 -836 -424 -26824 4013 4318 END
START 4108 -1068 0 -27220 4350 4247 END
START 3952 -1068 344 -27534 4580 4105 END
START 3768 -1480 580 -27895 4577 4016 END
START 3480 -1492 1216 -28268 4460 3888 END
START 3404 -1560 1516 -28681 4197 3741 END
START 3180 -1648 1656 -29065 3934 3533 END
START 3040 -1856 2108 -29466 3552 3364 END
START 2900 -1864 2324 -29873 3257 3169 END
START 2588 -1844 2776 -30328 2887 2990 END
START 2220 -1920 3348 -30754 2546 2874 END
START 1908 -1980 3724 -31158 2199 2802 END
START 1480 -1824 4120 -31616 1931 2824 END
START 1088 -1804 4620 -32101 1708 2874 END
START 644 -1732 5136 -32566 1546 2984 END
START 96 -1564 5852 -32768 1452 3211 END
START -320 -1552 6456 -32768 1341 3458 END
START -640 -1512 7184 -32768 1285 3822 END
START -712 -1572 7956 -32768 1329 4260 END
START -784 -1632 8500 -32768 1462 4713 END
START -580 -1660 9808 -32768 1675 5251 END
START -380 -1716 10872 -32768 2005 5746 END
START 204 -1604 12256 -32768 2394 6235 END
START 616 -1548 13544 -32768 2836 6637 END
START 1264 -1400 15244 -32768 3314 6968 END
START 1620 -1052 16908 -32768 3648 7120 END
START 1968 -856 18668 -32768 3873 7131 END
START 2184 -512 20592 -32768 3914 7073 END
START 2256 -292 22284 -32768 3820 6939 END
START 2116 -56 24012 -32768 3537 6735 END
START 2108 264 25556 -32768 3206 6546 END
START 2020 544 27572 -32768 2683 6313 END
START 2024 852 29136 -32768 2221 6116 END
START 2000 1148 31156 -32768 1598 5868 END
START 2336 1244 32628 -32768 1110 5665 END
START 2468 1544 32767 -32768 611 5422 END
START 2408 1668 32767 -31928 62 5114 END
START 2508 1964 32767 -30977 -455 4817 END
START 2384 2240 32767 -29853 -995 4521 END
START 2352 2344 32767 -28730 -1317 4251 END
START 2396 2676 32767 -27501 -1553 4020 END
START 2340 2888 32767 -26345 -1622 3844 END
START 2072 2952 32767 -25199 -1601 3806 END
START 1840 3112 32767 -24091 -1407 3810 END
START 1560 3348 32767 -23051 -1184 3936 END
START 1176 3596 32767 -22118 -879 4173 END
START 1076 3904 32767 -21343 -532 4482 END
START 1000 4380 32767 -20607 -114 4873 END
START 1152 4612 32767 -19895 384 5285 END
START 1104 4896 32767 -19262 804 5659 END
START 1272 5168 32767 -18578 1310 6101 END
START 1636 5512 32767 -18006 1804 6518 END
START 2048 5720 32767 -17364 2272 6885 END
START 2480 6028 32767 -16785 2682 7193 END
START 2660 6108 32767 -16149 2995 7388 END
START 2856 6300 32767 -15491 3169 7561 END
START 3148 6448 32767 -14822 3229 7675 END
START 3228 6572 32767 -14073 3125 7707 END
START 3540 6652 32767 -13054 2984 7687 END
START 3812 6740 32767 -12230 2734 7676 END
START 4140 7040 32767 -11341 2433 7620 END
START 4480 7240 32767 -10556 2136 7542 END
START 5076 7420 32767 -9781 1888 7427 END
START 5508 7596 32767 -9005 1599 7238 END
START 5984 7760 32767 -8270 1369 7036 END
START 6164 7720 32767 -7562 1120 6802 END
START 6524 7752 32767 -6835 908 6543 END
START 6648 7948 32767 -6126 627 6230 END
START 6860 8148 32767 -5381 383 5895 END
START 6784 8080 32767 -4717 31 5580 END
START 6700 8248 32767 -3976 -355 5241 END
START 6184 8228 32767 -3270 -906 4920 END
START 5660 8292 32767 -2571 -1563 4670 END
START 5224 8588 32767 -1914 -2278 4507 END
START 4808 8584 32767 -1292 -3069 4435 END
START 4472 8520 32767 -683 -3791 4427 END
START 4492 8468 32767 -137 -4531 4455 END
START 4364 8332 32767 440 -5200 4515 END
START 4228 8088 32767 1046 -5823 4649 END
START 4280 7852 32767 1615 -6277 4749 END
START 4156 7680 32767 2246 -6695 4910 END
START 3936 7536 32767 2796 -7126 5090 END
START 3812 7236 32767 3447 -7490 5305 END
START 3480 7096 32767 4054 -7816 5522 END
START 3244 6864 32767 4594 -8093 5811 END
START 2952 6636 32767 5158 -8391 6120 END
START 2552 6404 32767 5665 -8701 6415 END
START 2272 6064 32468 6178 -9002 6816 END
START 1976 5840 31984 6699 -9322 7195 END
START 1692 5440 31860 7233 -9677 7625 END
START 1224 5140 31392 7802 -10140 8097 END
START 932 4796 31088 8378 -10616 8658 END
START 520 4416 30804 9010 -11132 9260 END
START 312 4156 30176 9546 -11608 9834 END
START 60 3884 29572 10162 -12172 10519 END
START 64 3584 29148 10685 -12715 11207 END
START -256 3352 28664 11236 -13291 11953 END
START -240 3164 28136 11734 -13848 12642 END
START -144 2644 27708 12177 -14438 13177 END
START 80 2220 27732 12603 -14981 14121 END
START 264 1868 27640 13018 -15472 14880 END
START 512 1392 27608 13538 -15959 15710 END
START 756 928 27848 14120 -16439 16430 END
START 1016 332 28280 14820 -16992 17188 END
START 1060 -168 28820 15688 -17553 17939 END
START 1288 -524 29072 16673 -18272 18622 END
START 1436 -940 29508 17708 -19054 19357 END
START 1444 -1308 29704 18952 -19985 20031 END
START 1544 -1628 29552 20279 -21099 20649 END
START 1756 -1832 29268 21589 -22123 21118 END
START 2024 -1992 28460 22955 -23289 21532 END
START 2172 -2084 27568 24182 -24320 21929 END
START 2312 -2344 26220 25258 -25320 22232 END
START 2396 -2588 25068 26237 -26327 22524 END
START 2472 -2884 23672 26959 -27237 22797 END
START 1992 -3140 21764 27492 -28098 23110 END
START 1632 -3080 20448 27878 -28816 23505 END
START 1376 -3176 19068 28116 -29148 23980 END
START 1128 -3280 17660 28212 -29197 24590 END
START 1240 -3236 16556 28211 -29042 25190 END
START 1268 -3368 15456 28128 -28676 25921 END
START 1528 -3268 14476 28009 -28143 26623 END
START 2016 -3040 13560 27818 -27492 27267 END
START 2912 -3072 12672 27531 -26540 27806 END
START 4028 -3024 11944 27179 -25432 28269 END
START 5176 -3184 11504 26694 -24137 28604 END
START 6060 -3092 11136 26218 -22765 28859 END
START 7636 -2628 10656 25720 -21186 29024 END
START 9032 -2344 9964 25248 -19309 29075 END
START 10700 -1976 9396 24845 -17191 29061 END
START 12152 -1544 9120 24376 -14837 28887 END
START 13276 -1108 8876 23872 -12477 28595 END
START 14380 -732 8536 23306 -10340 28204 END
START 15468 -668 8672 22685 -8416 27598 END
START 16288 -568 8596 22130 -6896 26946 END
START 17288 -456 8664 21646 -5745 26100 END
START 18232 -140 8752 21217 -4813 25300 END
START 19248 380 8892 20903 -4069 24273 END
START 20324 772 8980 20694 -3516 23218 END
START 21360 1204 8872 20526 -3025 22050 END
START 22488 1552 8760 20465 -2673 20698 END
START 23368 1916 8488 20403 -2482 19242 END
START 24192 2104 8208 20412 -2520 17668 END
START 24884 2308 7716 20328 -2673 15900 END
START 25628 2664 6652 20232 -2864 14169 END
START 26028 2820 5656 20048 -3063 12401 END
START 26492 3020 4800 19746 -3303 10650 END
START 26700 3304 3776 19299 -3453 8813 END
START 26800 3644 2788 18743 -3624 7090 END
START 26936 3964 1844 18013 -3734 5339 END
START 27100 4348 1068 17176 -3853 3561 END
START 27184 4532 588 16249 -3954 1759 END
START 26976 4744 224 15363 -4035 -5 END
START 27012 4460 -268 14482 -4072 -1567 END
START 26868 4100 -488 13630 -4036 -3206 END
START 26548 3628 -672 12864 -3984 -4715 END
START 26160 3436 -776 12144 -3954 -6229 END
START 25728 3316 -708 11443 -3864 -7627 END
START 25172 3104 -856 10711 -3792 -8875 END
START 24784 2656 -968 10107 -3599 -10011 END
START 24112 2424 -716 9545 -3379 -11156 END
START 23404 2048 -688 9076 -3095 -12100 END
START 22784 1836 -560 8671 -2734 -12942 END
START 21960 1564 -624 8330 -2409 -13742 END
START 21396 1412 -888 8036 -2018 -14389 END
START 21108 1252 -1012 7775 -1602 -14948 END
START 20696 1080 -1064 7521 -1122 -15496 END
START 20512 1132 -1452 7182 -575 -16014 END
START 20292 1052 -1596 6927 3 -16491 END
START 20100 1092 -1920 6632 687 -16984 END
START 19896 916 -2180 6348 1460 -17502 END
START 19776 776 -2564 6027 2243 -18066 END
START 19560 688 -2776 5761 3042 -18603 END
START 19292 540 -3204 5384 3868 -19146 END
START 18980 416 -3456 5056 4688 -19676 END
START 18500 268 -3704 4640 5456 -20226 END
START 18004 292 -4060 4147 6118 -20727 END
START 17508 180 -4512 3633 6799 -21150 END
START 17048 56 -4760 3070 7358 -21635 END
START 16720 -44 -4880 2513 7787 -21992 END
START 16296 -36 -4888 1927 8150 -22418 END
START 15876 -252 -4948 1343 8387 -22790 END
START 15580 -660 -5036 711 8599 -23197 END
START 14940 -940 -5076 135 8603 -23577 END
START 14456 -1296 -4920 -472 8572 -23933 END
START 13892 -1356 -4924 -1061 8478 -24294 END
START 13376 -1336 -4688 -1676 8368 -24618 END
START 12872 -1380 -4884 -2269 8228 -24879 END
START 12404 -1464 -4588 -2815 8049 -25100 END
START 12124 -1448 -4832 -3444 7896 -25353 END
START 11768 -1604 -4880 -3969 7741 -25603 END
START 11356 -1508 -4732 -4633 7538 -25858 END
START 10932 -1484 -4704 -5299 7337 -26143 END
START 10356 -1512 -4512 -6000 7118 -26405 END
START 10112 -1620 -4376 -6637 6903 -26678 END
START 9520 -1824 -4120 -7299 6569 -26898 END
START 8732 -1872 -3752 -7950 6226 -27104 END
START 7860 -2060 -3284 -8590 5801 -27226 END
START 7020 -1896 -2724 -9181 5388 -27259 END
START 6488 -1672 -2520 -9731 4979 -27185 END
START 5824 -1548 -2196 -10181 4628 -27086 END
START 5304 -1416 -2116 -10616 4325 -26892 END
START 4836 -1196 -1608 -11027 4062 -26699 END
START 4516 -1124 -1464 -11410 3874 -26498 END
START 4180 -1000 -980 -11812 3684 -26224 END
START 3864 -932 -676 -12222 3513 -26009 END
START 3776 -544 -312 -12629 3432 -25742 END
START 3564 -460 -116 -13017 3412 -25556 END
START 3364 -264 500 -13498 3331 -25280 END
START 2964 -24 1028 -13876 3214 -25064 END
START 2752 176 1524 -14249 3058 -24859 END
START 2676 468 1964 -14777 2956 -24597 END
START 2572 808 2412 -14767 2922 -24336 END
START 2600 1024 2824 -15245 3014 -24083 END
START 2548 1468 3092 -15473 3176 -23827 END
START 2748 1912 3676 -15811 3455 -23640 END
START 2736 2312 4060 -16104 3835 -23464 END
START 2740 2620 4496 -16386 4219 -23304 END
START 2744 2832 5080 -16708 4597 -23242 END
START 2656 3140 5624 -17016 5039 -23139 END
START 2364 3520 6296 -17338 5360 -23106 END
START 1956 3840 6744 -17695 5673 -23029 END
START 1332 4120 7420 -18015 5901 -22912 END
START 652 4460 8652 -18314 5996 -22722 END
START -176 4452 9728 -18644 6049 -22501 END
START -1040 4512 10984 -18757 5961 -22182 END
START -1968 4764 12164 -18802 5774 -21816 END
START -3028 5048 13632 -18731 5435 -21331 END
START -4232 5380 14976 -18554 4867 -20707 END
START -5332 5748 16184 -18296 4154 -20031 END
START -6180 6276 17260 -17990 3366 -19270 END
START -6664 6656 18356 -17713 2678 -18469 END
START -6848 7008 19632 -17333 2037 -17609 END
START -6856 7132 20792 -16957 1586 -16786 END
START -6912 7204 22220 -16550 1327 -15972 END
START -6776 7440 23704 -15991 1219 -15184 END
START -7220 7368 25236 -15413 1150 -14460 END