START -3040 6604 -2116 10578 3108 -5708 END
START 2272 1504 -21392 12182 4791 -4879 END
START -7092 6052 -3076 9062 3187 -4424 END
START -3124 6372 -4564 10011 3799 -3637 END
START -7816 4168 -1816 9363 2120 -2898 END
START -4056 5116 -6376 9120 1494 -2070 END
START -6472 4524 -4868 8641 235 -1342 END
START -4712 5028 -7956 8168 -493 -570 END
START -4776 5100 -8512 7515 -1605 120 END
START -4868 5244 -8892 6676 -2541 747 END
START -5052 5216 -9168 5708 -3852 1307 END
START -3924 5292 -10788 4532 -4972 1863 END
START -4256 4892 -10596 3304 -6224 2301 END
START -2820 4700 -12164 2036 -7439 2697 END
START -2064 4516 -12508 677 -8279 2943 END
START -1076 4480 -13220 -844 -8864 3149 END
START 128 4568 -13684 -2508 -9179 3191 END
START 872 4540 -13352 -4235 -9214 3078 END
START 1892 4380 -13300 -6038 -8867 2933 END
START 2736 3940 -12728 -7619 -8170 2649 END
START 2840 3500 -11664 -9113 -7320 2396 END
START 3224 3272 -10984 -10394 -6204 2145 END
START 3356 3100 -10012 -11598 -5037 1856 END
START 3436 2692 -9324 -12627 -3575 1576 END
START 3192 2416 -8612 -13377 -2127 1354 END
START 2796 2124 -7632 -14167 -752 1149 END
START 2116 2040 -6632 -14427 536 1020 END
START 1400 1756 -5716 -14773 1567 949 END
START 524 1512 -4956 -15027 2436 994 END
START -8 1460 -4648 -15074 2904 1190 END
START -816 1168 -4040 -14959 3198 1442 END
START -1564 1100 -3716 -15010 3179 1787 END
START -2200 908 -3676 -14591 2981 2205 END
START -2552 900 -3768 -14537 2659 2722 END
START -2576 864 -3732 -14619 2232 3276 END
START -2240 876 -4064 -14659 1707 3761 END
START -1900 1104 -4136 -14680 1243 4173 END
START -1436 1136 -4092 -14972 763 4551 END
START -800 1232 -3788 -15268 320 4810 END
START -224 1172 -4048 -15577 -96 5017 END
START 360 1064 -3832 -15828 -446 5102 END
START 708 952 -3656 -15984 -783 5188 END
START 1040 776 -3536 -16080 -1058 5231 END
START 1508 784 -3348 -16185 -1288 5266 END
START 1816 872 -3428 -16272 -1445 5262 END
START 2032 908 -3408 -16396 -1582 5238 END
START 2144 1100 -3488 -16558 -1689 5230 END
START 2268 996 -3392 -16767 -1793 5153 END
START 2496 992 -3348 -17047 -1881 5067 END
START 2724 972 -3720 -17318 -1848 4987 END
START 2788 680 -3632 -17614 -1834 4868 END
START 2924 436 -3660 -17908 -1849 4791 END
START 2812 196 -3688 -18157 -1848 4737 END
START 2796 144 -3916 -18464 -1865 4618 END
START 2624 96 -4300 -18788 -1859 4593 END
START 2504 288 -4444 -19224 -1921 4544 END
START 2484 316 -4804 -19799 -1916 4526 END
START 2600 296 -5004 -20374 -1876 4454 END
START 2556 324 -5092 -21066 -1727 4383 END
START 2876 136 -5160 -21828 -1501 4276 END
START 2940 52 -4852 -22573 -1165 4162 END
START 3140 -160 -4620 -23237 -817 4027 END
START 3232 -332 -4528 -23934 -404 3919 END
START 3268 -444 -4424 -24594 56 3772 END
START 3436 -452 -4340 -25288 569 3632 END
START 3484 -632 -4212 -25968 1054 3477 END
START 3272 -812 -4080 -26701 1487 3305 END
START 3176 -956 -3640 -27448 1934 3137 END
START 2988 -952 -3608 -28200 2243 3052 END
START 2572 -1124 -2948 -28937 2476 3012 END
START 2580 -1140 -2304 -29675 2683 2978 END
START 2264 -1368 -1884 -30377 2784 2989 END
START 2344 -1920 -1168 -31014 2821 3055 END
START 2136 -2208 -464 -31587 2724 3065 END
START 1848 -2484 140 -32101 2503 3176 END
START 1592 -2664 580 -32552 2145 3261 END
START 1440 -2788 1240 -32768 1820 3381 END
START 1732 -2880 1784 -32768 1559 3535 END
START 2020 -3116 2212 -32768 1466 3604 END
START 2516 -3384 2996 -32768 1497 3605 END
START 3008 -3760 3680 -32768 1762 3581 END
START 3632 -3888 4312 -32768 2228 3461 END
START 3988 -4036 5176 -32768 2831 3232 END
START 4364 -3900 6088 -32768 3607 2921 END
START 4268 -3856 6708 -32768 4409 2550 END
START 4256 -3648 7568 -32768 5201 2141 END
START 4136 -3704 8260 -32768 6025 1735 END
START 3848 -3844 8992 -32768 6817 1251 END
START 3408 -3940 9724 -32768 7535 799 END
START 2768 -3776 10632 -32768 8051 368 END
START 1684 -3516 11692 -32768 8374 -11 END
START 748 -3232 12972 -32768 8429 -293 END
START -88 -2888 14396 -32768 8320 -544 END
START -844 -2784 15996 -32768 8049 -736 END
START -1204 -2668 18152 -32768 7623 -943 END
START -1488 -2892 20472 -32768 7108 -1183 END
START -2080 -3060 23412 -32768 6335 -1428 END
START -2388 -3592 26268 -32768 5674 -1686 END
START -2968 -3980 29436 -32768 4893 -1922 END
START -3636 -4084 32500 -32768 3988 -2120 END
START -4328 -3984 32767 -32768 3133 -2206 END
START -5168 -3840 32767 -32768 2232 -2179 END
START -6072 -3600 32767 -32768 1483 -2095 END
START -6696 -3140 32767 -32768 743 -1845 END
START -7100 -2832 32767 -32768 213 -1498 END
START -7276 -2328 32767 -32768 -12 -1070 END
START -7112 -2420 32767 -31430 -10 -544 END
START -7588 -1704 32767 -29409 113 5 END
START -7720 -748 32767 -27478 325 621 END
START -7848 -156 32767 -25524 470 1293 END
START -7588 592 32767 -23679 746 2057 END
START -7484 1320 32767 -21997 1123 2833 END
START -7172 2112 32767 -20471 1545 3714 END
START -6636 2744 32767 -19088 2095 4562 END
START -6072 3328 32767 -17870 2674 5455 END
START -5052 3728 32767 -16664 3410 6284 END
START -3720 3988 32767 -15473 4075 6988 END
START -2500 4276 32767 -14173 4821 7659 END
START -1496 4456 32767 -13111 5398 8096 END
START -228 4784 32767 -11944 5926 8411 END
START 868 5172 32767 -10811 6335 8611 END
START 1832 5420 32767 -9749 6562 8684 END
START 2532 5580 32767 -8626 6578 8645 END
START 3216 5860 32767 -7589 6347 8536 END
START 3960 6328 32767 -6626 6041 8264 END
START 4552 6672 32767 -5747 5630 7900 END
START 5140 7088 32767 -4993 5182 7449 END
START 5480 7332 32767 -4258 4671 6894 END
START 5936 7492 32767 -3483 4141 6206 END
START 6036 7612 32767 -2755 3667 5588 END
START 6004 7760 32767 -1966 3156 4849 END
START 5680 7568 32767 -1221 2608 4200 END
START 5116 7580 32767 -380 1941 3592 END
START 4400 7400 32767 452 1265 3074 END
START 3388 7552 32767 1307 389 2629 END
START 2536 7552 32767 2107 -466 2334 END
START 1676 7540 32767 2916 -1484 2145 END
START 580 7636 32767 3708 -2457 2036 END
START -336 7704 32767 4298 -3353 2089 END
START -832 7860 32767 4805 -4032 2244 END
START -1480 7896 32008 5183 -4616 2542 END
START -1808 7748 30880 5475 -4963 2919 END
START -2112 7700 29844 5635 -5222 3378 END
START -2440 7536 29016 5796 -5383 3872 END
START -2632 7288 28244 5913 -5466 4363 END
START -2896 7040 27548 6026 -5534 4867 END
START -3156 6720 27104 6159 -5613 5407 END
START -3384 6508 26556 6222 -5717 5950 END
START -3888 6356 26120 6306 -5850 6538 END
START -4300 6152 25868 6301 -6009 7193 END
START -4528 5864 25628 6367 -6241 7880 END
START -4904 5480 25344 6468 -6512 8622 END
START -5160 5200 25172 6548 -6849 9375 END
START -5580 4904 24904 6704 -7203 10174 END
START -5996 4432 24812 6835 -7612 11037 END
START -6276 4200 24708 7042 -8111 11958 END
START -6496 3860 24476 7150 -8661 12637 END
START -6348 3700 23944 7295 -9061 13814 END
START -6192 3592 23664 7315 -9281 14702 END
START -5868 3448 23460 7258 -9316 15655 END
START -5392 3268 23164 7194 -9066 16562 END
START -5060 2888 23380 7123 -8641 17500 END
START -4612 2728 23304 7052 -8126 18410 END
START -4176 2400 23776 7058 -7533 19304 END
START -3948 1972 24072 7084 -6928 20193 END
START -3728 1780 24356 7199 -6480 21062 END
START -3568 1752 24648 7361 -6087 21932 END
START -3228 1708 24708 7583 -5780 22764 END
START -3068 1460 24900 7819 -5566 23545 END
START -2676 1132 25112 8060 -5463 24324 END
START -2308 928 25308 8365 -5426 25024 END
START -1816 700 25380 8625 -5391 25703 END
START -1076 536 25508 8929 -5314 26327 END
START -456 212 25448 9262 -5237 26815 END
START 64 -20 26016 9631 -5261 27267 END
START 412 -196 26044 10011 -5376 27593 END
START 568 -500 26360 10426 -5591 27917 END
START 1076 -660 26284 10927 -5904 28181 END
START 1528 -944 26472 11332 -6233 28423 END
START 2084 -976 26712 11808 -6571 28574 END
START 3088 -1048 26736 12256 -6757 28693 END
START 4124 -1252 26836 12754 -6819 28665 END
START 5764 -1464 26844 13270 -6831 28573 END
START 6960 -1640 27044 13814 -6806 28322 END
START 7928 -1908 27128 14376 -6827 27832 END
START 8860 -2136 27112 14916 -6892 27264 END
START 9796 -2056 26972 15462 -6990 26600 END
START 10492 -1812 27068 15963 -7105 25964 END
START 11324 -1544 27056 16486 -7295 25225 END
START 12196 -1460 27248 17037 -7496 24494 END
START 13228 -1340 27480 17654 -7850 23717 END
START 14328 -1264 27580 18348 -8140 22837 END
START 15256 -1208 27340 19176 -8395 21774 END
START 16128 -1204 27108 20023 -8549 20669 END
START 16788 -1028 26732 20863 -8657 19555 END
START 17172 -744 26000 21653 -8782 18374 END
START 17556 -564 25404 22354 -8899 17290 END
START 17736 -372 24732 22986 -8991 16275 END
START 18388 -340 23564 23523 -9023 15233 END
START 19040 -320 22984 23973 -8948 14317 END
START 19960 24 22200 24331 -8768 13366 END
START 20520 52 21780 24694 -8518 12565 END
START 21028 152 20908 25020 -8221 11543 END
START 21528 92 20256 25395 -7841 10462 END
START 21916 12 19724 25753 -7496 9388 END
START 22184 -60 18700 26081 -7122 8372 END
START 22044 -116 18048 26401 -6789 7315 END
START 21964 84 17028 26671 -6415 6331 END
START 21940 -40 16072 26907 -6039 5477 END
START 21668 20 14808 27091 -5536 4731 END
START 21292 92 13592 27150 -5061 3939 END
START 20992 216 12244 27090 -4603 3341 END
START 20796 168 10612 26991 -4178 2775 END
START 20572 292 9296 26730 -3840 2255 END
START 20832 560 7964 26412 -3510 1748 END
START 21348 856 6520 25903 -3066 1248 END
START 21912 1248 5224 25288 -2610 614 END
START 22380 1508 4380 24455 -2153 -115 END
START 22940 1896 3664 23514 -1816 -989 END
START 23324 1932 3060 22608 -1510 -1953 END
START 23688 1996 2460 21692 -1259 -3009 END
START 24044 2232 2072 20761 -922 -4180 END
START 24236 2144 1912 19964 -694 -5426 END
START 24224 2176 1632 19171 -498 -6695 END
START 23888 2188 1368 18520 -421 -7946 END
START 23668 2128 1156 17883 -329 -9218 END
START 23112 2192 1016 17272 -379 -10443 END
START 22624 2032 968 16717 -501 -11628 END
START 21720 1800 776 16185 -679 -12732 END
START 21032 1708 660 15702 -1005 -13729 END
START 20120 1508 452 15272 -1352 -14695 END
START 19276 1288 460 14892 -1742 -15576 END
START 18392 992 372 14478 -2235 -16387 END
START 17396 916 148 14186 -2737 -17076 END
START 16620 716 40 13840 -3222 -17617 END
START 16012 532 -164 13523 -3687 -18064 END
START 15648 400 -212 13194 -4169 -18419 END
START 15720 532 -536 12841 -4569 -18739 END
START 16056 608 -392 12478 -4857 -19116 END
START 16276 608 -432 12151 -5002 -19647 END
START 16468 216 -576 11865 -5140 -20225 END
START 16284 -24 -888 11600 -5158 -20973 END
START 16104 -224 -1304 11342 -5118 -21655 END
START 15748 -320 -2120 11045 -4860 -22330 END
START 15452 -296 -2636 10629 -4486 -23005 END
START 15328 -36 -3520 10162 -3876 -23512 END
START 15140 -56 -4116 9509 -3208 -24062 END
START 15048 -108 -4720 8780 -2571 -24550 END
START 14856 -144 -4860 7964 -1933 -25107 END
START 14644 -220 -5128 7098 -1332 -25675 END
START 14008 -384 -5460 6224 -816 -26267 END
START 13552 -512 -5408 5473 -450 -26830 END
START 12708 -636 -5876 4685 -111 -27327 END
START 11824 -640 -6436 3892 134 -27775 END
START 11120 -324 -6840 3021 421 -28118 END
START 10492 -220 -7140 2110 581 -28414 END
START 9836 200 -7076 1043 623 -28749 END
START 9228 580 -6884 -55 552 -29016 END
START 8604 780 -6536 -1155 390 -29370 END
START 7848 900 -6128 -2195 160 -29670 END
START 7168 772 -5792 -3175 -177 -29974 END
START 6416 416 -5356 -3994 -530 -30211 END
START 5128 -12 -4840 -4727 -985 -30354 END
START 4340 -176 -4544 -5325 -1559 -30401 END
START 2876 -332 -4044 -5915 -2222 -30323 END
START 1512 -136 -3640 -6422 -2994 -30076 END
START 104 352 -3216 -6917 -3779 -29714 END
START -968 688 -2904 -7414 -4543 -29262 END
START -1892 1288 -2404 -7950 -5246 -28824 END
START -2488 1796 -2172 -8589 -5793 -28373 END
START -3304 2156 -1620 -9213 -6218 -27901 END
START -3768 2540 -728 -9891 -6429 -27423 END
START -4380 2736 -40 -10532 -6494 -26979 END
START -5072 2928 812 -11126 -6410 -26493 END
START -5980 2920 2036 -11545 -6253 -25947 END
START -6776 2924 2900 -11886 -6028 -25330 END
START -7808 2892 3568 -12095 -5748 -24612 END
START -8752 3244 4160 -12342 -5320 -23800 END
START -9580 3556 4776 -12550 -4822 -22942 END
START -10296 3968 5444 -12811 -4223 -21989 END
START -11160 4340 5980 -13109 -3470 -20966 END
START -11764 4740 6484 -13455 -2764 -19943 END
START -12572 5016 7548 -13809 -2090 -18842 END
START -13020 5120 8408 -14025 -1542 -17782 END
START -13400 5264 9212 -14317 -989 -16677 END
START -13932 5400 10108 -14511 -624 -15560 END
START -14512 5512 11108 -14654 -400 -14416 END
START -14864 5732 12248 -14664 -341 -13291 END
START -14960 6004 13060 -14643 -408 -12128 END
START -14692 6256 13668 -14636 -445 -11032 END
START -14312 6444 14520 -14607 -457 -10074 END
START -14152 6644 15620 -14599 -472 -9182 END
START -13596 6808 16432 -14565 -495 -8396 END
START -13160 6676 17560 -14167 -508 -7642 END
START -12804 6832 18384 -14087 -468 -6984 END
START -12468 6932 19468 -13780 -455 -6340 END
START -12244 6804 20440 -13451 -464 -5724 END
START -11812 6860 21140 -13027 -609 -5174 END
START -11464 6904 22268 -12627 -712 -4587 END
START -10988 7188 23024 -12140 -674 -4153 END
START -10272 7308 23800 -11634 -704 -3762 END
START -9720 7396 24644 -11085 -698 -3439 END
START -9184 7452 25384 -10547 -704 -3206 END
START -8912 7624 26200 -9989 -782 -3023 END
START -8560 7696 26968 -9414 -832 -2799 END
START -8348 7816 27588 -8818 -875 -2610 END
START -8288 8024 28252 -8150 -850 -2351 END
START -8336 8236 28984 -7472 -770 -2118 END
START -8444 8296 29692 -6707 -807 -1813 END