START -4800 -1668 -1152 4132 1168 -10444 END
START -16260 -2092 -2648 3078 -6181 -6384 END
START -18236 -2864 -1048 477 -8310 -2528 END
START -16640 -3720 -1856 -4100 -6192 1256 END
START -17928 -4644 -644 -10050 -108 5692 END
START -20056 -5888 -1500 -15113 2764 10821 END
START -26748 -9064 3724 -16730 -1374 19625 END
START -21660 -9712 2660 -19218 -4099 28267 END
START -14756 -12544 1960 -20592 -3512 32767 END
START -13240 -13564 5000 -25423 4726 32767 END
START -15488 -16084 7916 -30616 14307 32767 END
START -17680 -20792 12096 -32768 16857 32767 END
START -12948 -25256 17044 -32768 11695 32767 END
START -3800 -26884 21192 -31162 4382 32767 END