START -5124 -4860 11276 21004 -8701 -32768 END
START -16628 -12476 10544 18474 -4153 -30672 END
START -19288 -11352 7924 12836 1667 -24340 END
START -18792 -10440 4492 6608 5189 -17474 END
START -21272 -10728 5872 1968 4413 -11283 END
START -22336 -11696 7940 -911 1218 -4636 END
START -21452 -12288 10036 -3162 590 2357 END
START -21672 -13516 12124 -4398 2868 9475 END
START -24000 -14688 13064 -4437 4251 18384 END
START -27024 -16928 12740 -3905 2530 29478 END
START -25936 -18040 11936 -3604 325 32767 END
START -26040 -21032 11176 -3493 -2378 32767 END
START -20664 -24704 10820 -3446 -5342 32767 END
START -12944 -28596 10128 -4942 -3414 32767 END
START -5096 -32356 9992 -8098 1481 32767 END
START 2300 -32768 10948 -12394 5856 32767 END
START 13352 -32768 14140 -15114 7815 32767 END
START 21088 -32768 17072 -17691 8264 32767 END