START 2544 6760 3996 5131 1277 -5211 END
START -9348 956 8628 5959 -3307 -3566 END
START -13768 1504 10692 2903 -2576 -1539 END
START -13408 600 12560 319 200 160 END
START -7764 716 9048 -1231 2793 2122 END
START -7248 940 10236 -1681 665 2681 END
START -7716 1332 11636 -2053 -860 1914 END
START -6904 1532 11052 -2331 -1412 154 END
START -8860 1352 10880 -3074 -1586 -1149 END
START -11600 1368 10468 -4775 -656 -748 END
START -13788 264 11552 -8026 2133 713 END
START -16460 -2052 14092 -9895 4455 2527 END
START -21248 -5308 17616 -8980 4200 5129 END
START -25088 -8020 19164 -5368 959 8861 END
START -26636 -10652 17364 -2957 715 13283 END
START -30532 -14020 15424 -3360 4372 19785 END
START -32768 -18160 13816 -4948 6485 29103 END
START -32768 -22520 11932 -7710 7818 32767 END
START -32768 -27840 11424 -11656 11367 32767 END
START -32768 -32768 12084 -15820 11671 32767 END
START -28820 -32768 14264 -20236 11855 32767 END
START -19744 -32768 19476 -22319 13476 32767 END
START -11248 -32768 22852 -23146 14140 32767 END
START -184 -32768 27952 -21947 13293 32767 END
START 13136 -32768 30936 -19216 18843 32767 END
START 25268 -32768 28316 -19135 24639 32767 END
START 32767 -32768 32767 -21270 30789 32767 END