START -5168 -4176 6488 12575 3634 -18480 END
START -23004 -10772 7916 12731 -4577 -13225 END
START -27264 -10600 8584 10620 -7435 -6631 END
START -24480 -10532 7024 5234 -3075 -331 END
START -24964 -10624 5752 819 1679 4322 END
START -25768 -11560 5472 -3312 4005 8436 END
START -26788 -12492 5976 -5980 4763 13674 END
START -27480 -13128 6640 -6819 2332 19141 END
START -27144 -13744 6196 -6583 -513 25045 END
START -25936 -13976 4840 -6849 -2550 32127 END
START -23444 -14684 2492 -9443 -2551 32767 END
START -19912 -15828 2584 -12796 -2172 32767 END
START -13684 -17168 3464 -16685 -1292 32767 END
START -9856 -19384 5692 -20164 365 32767 END
START -7036 -21652 8448 -22160 -463 32767 END
START -3284 -24332 12936 -22157 -1797 32767 END
START -220 -26416 15660 -21757 -15 32767 END
START 4260 -27592 17832 -22169 4126 32767 END
START 9480 -27392 18376 -23802 9004 32767 END