START 14972 10104 -11852 6210 -4113 -992 END
START 6820 4084 -13292 1959 -2346 -1389 END
START 4464 2944 -13516 -2619 2153 -407 END
START 1624 1200 -10988 -4724 1699 657 END
START -1512 1052 -8188 -7488 -295 1116 END
START 828 584 -9176 -10221 -1779 319 END
START 3688 136 -9580 -13391 -2518 -1683 END
START 2768 -1048 -9512 -15839 -2283 -3055 END
START 1940 -1720 -9968 -19204 -701 -3565 END
START 332 -2984 -9736 -23480 1713 -3602 END
START -900 -4412 -9036 -27693 2089 -2705 END
START -184 -5740 -7716 -31773 1782 -2145 END
START -40 -6604 -5308 -32768 1729 -2453 END
START -36 -7624 -2292 -32768 1808 -2665 END
START -760 -8912 2164 -32768 2432 -2585 END
START -2696 -10056 7620 -32768 1788 -2189 END
START -6164 -6612 12180 -32768 254 -476 END
START -9340 -11676 27456 -32768 -823 1422 END
START -1876 -12104 32767 -32768 -1552 2090 END
START -2128 -10688 32767 -32768 -2402 -709 END
START -8332 -10560 32767 -30092 -3053 -1854 END
START -16104 -10848 32767 -26031 -2482 2083 END
START -18900 -9876 32767 -21674 700 7914 END
START -20184 -9960 32767 -19028 5140 14156 END
START -21408 -10560 32767 -18267 5620 19560 END
START -21780 -12660 32767 -15236 -1080 25913 END
START -11488 -12528 32767 -7557 -7699 29778 END
START -3596 -10968 32767 982 -9384 29762 END
START 1588 -10380 32767 6487 -7229 29589 END
START 7112 -9768 32767 10545 -5402 29248 END
START 11496 -9108 32767 14838 -2396 27119 END
START 13288 -8880 32767 19963 -344 24521 END
START 17092 -8660 32767 25689 584 20040 END
START 16784 -8960 32767 30296 624 14250 END
START 14644 -8980 28304 32767 35 10579 END
START 13884 -8908 23432 32767 63 8034 END
START 14632 -8368 19512 32767 1183 5285 END
START 15220 -7920 15184 32767 3213 2152 END
START 15492 -7644 11464 32767 4285 -1378 END
START 15236 -6572 6988 32767 4325 -5216 END
START 15300 -5264 2024 31916 3265 -9332 END
START 15328 -3976 -2160 28309 1207 -13994 END
START 14552 -3488 -2880 24189 -68 -18559 END
START 13264 -3072 -3192 21335 -937 -22203 END
START 13304 -2628 -5032 18281 714 -26620 END
START 9116 -3076 -8356 13668 2084 -29514 END
START 5976 -2720 -9384 7986 922 -30469 END
START 3156 -2180 -9476 2947 -1043 -30412 END
START 1224 -1652 -8960 -2138 -4194 -29964 END
START -2968 -592 -7592 -6750 -7757 -29066 END
START -6992 516 -4232 -11364 -13418 -27362 END