START -264 2588 13812 1155 3192 -15644 END
START -4956 -1924 8200 2169 -697 -14092 END
START -7200 -2860 10088 2336 -3563 -12889 END
START -8848 -3428 11060 1007 -3023 -10546 END
START -10616 -4084 12312 -536 -1313 -7175 END
START -12920 -4436 14512 -1944 536 -3615 END
START -11916 -5040 14152 -2429 648 -1776 END
START -12752 -6396 14204 -3050 470 173 END
START -13984 -8304 15212 -3700 291 2749 END
START -17492 -10616 16372 -4335 717 7043 END
START -23684 -13768 18560 -3846 94 15387 END
START -27376 -16936 19624 -2266 -964 28883 END
START -23052 -19604 17796 -671 -2548 32767 END
START -13820 -19428 13548 -2659 191 32767 END
START 292 -16124 8592 -9308 6000 32767 END
START 10944 -13180 9588 -18106 13859 32767 END