START 14876 9936 -14508 10599 -1595 4419 END
START 2652 3796 -16692 3806 -6802 3295 END
START 5872 3356 -16904 -3674 -10111 2512 END
START 8848 2656 -10936 -9117 -8724 -311 END
START 6796 1412 -7164 -10017 -4853 -2951 END
START 4652 568 -7464 -10601 -2509 -4145 END
START 2344 252 -10172 -12818 -2146 -4255 END
START 2148 -400 -10620 -16669 -2260 -3727 END
START 1668 -1132 -9676 -20445 -1217 -3295 END
START 1840 -1920 -9568 -23675 -579 -2992 END
START 3668 -2676 -9216 -27908 536 -4239 END
START 2692 -4276 -6868 -31962 1356 -6208 END
START 932 -6464 -4148 -32768 728 -7849 END
START -1076 -8772 -576 -32768 -641 -8111 END
START -3772 -10704 3864 -32768 -1515 -6818 END
START -4504 -11596 10732 -32768 -2034 -4929 END
START -3148 -10948 22728 -32768 -964 -3952 END
START -2172 -9592 29704 -32768 1427 -5722 END
START -4324 -8928 32767 -32768 2363 -7585 END
START -8364 -9228 32767 -32768 552 -8012 END
START -12364 -10004 32767 -29736 -3783 -6356 END
START -15156 -9688 32767 -24627 -6674 -2516 END
START -15320 -9668 32767 -18744 -6612 3104 END
START -11464 -8432 32767 -13401 -856 6726 END
START -15576 -8952 32767 -9221 432 9800 END
START -17312 -8184 32767 -6129 -4224 13741 END
START -19448 -8436 32767 -2811 -10602 18443 END
START -18992 -8688 31888 -144 -17431 24756 END
START -13508 -10012 31632 1693 -18582 30839 END
START -5520 -10604 32767 4013 -15047 32767 END
START 900 -10560 32767 8165 -9564 32767 END
START 4944 -9352 32767 12771 -9498 32767 END
START 9992 -7600 29740 16090 -10093 29485 END
START 16472 -6056 30276 18617 -10955 24563 END
START 19556 -5308 30904 22236 -8248 17502 END
START 20800 -5800 30120 27001 -5903 11688 END
START 21972 -6360 26992 30538 -2063 6241 END
START 22436 -6428 21640 32767 3082 2047 END
START 21508 -6304 16616 32767 7879 -1620 END
START 22152 -4928 10380 32275 10870 -5334 END
START 20660 -4172 5340 29591 11955 -10686 END
START 17384 -3892 2064 26914 10307 -14864 END
START 14372 -3644 28 24513 7687 -18572 END
START 12988 -3312 -780 22935 3866 -21503 END
START 13132 -2796 -3032 20835 2602 -25247 END
START 11244 -3348 -5904 17051 3720 -28689 END
START 8844 -3892 -7200 11332 6984 -30590 END
START 3848 -4724 -7476 6631 9314 -30651 END
START -176 -4496 -8340 2644 7008 -29001 END
START -2148 -3964 -7424 -1349 2187 -27717 END
START -1924 -2556 -6084 -5161 -3866 -27433 END
START -804 -940 -4924 -9617 -7425 -29195 END
START -4488 -1008 232 -13989 -9435 -29875 END
START -9736 -552 7664 -16073 -8477 -27994 END