START 1844 5960 -4360 14775 -3431 430 END
START 6380 2724 -19184 15937 -2807 598 END
START 1204 6180 -8284 12916 -3521 461 END
START 3916 7204 -8540 13309 -2896 405 END
START 3632 6668 -10008 11920 -3756 217 END
START 1856 6212 -8472 10890 -3896 110 END
START 2164 5944 -9484 9613 -4317 -51 END
START 3080 6036 -11268 8455 -4284 -177 END
START 2204 5800 -10332 7239 -4053 -239 END
START 2964 6036 -11736 5943 -3902 -296 END
START 2436 5812 -10912 4770 -3618 -361 END
START 2392 5564 -10744 3571 -3320 -384 END
START 2740 5304 -11108 2501 -2864 -431 END
START 2660 4984 -10804 1436 -2194 -468 END
START 2772 4708 -10528 495 -1564 -517 END
START 2684 4488 -10280 -431 -869 -509 END
START 2352 4252 -9592 -1208 -332 -538 END
START 2468 4048 -9416 -1853 219 -497 END
START 2136 3828 -9116 -2421 566 -462 END
START 2196 3520 -8836 -2924 836 -413 END
START 1988 3424 -8600 -3379 1041 -383 END
START 1876 3420 -8588 -3867 1192 -385 END
START 1804 3244 -8152 -4369 1322 -359 END
START 1524 3216 -8076 -4810 1355 -387 END
START 1252 3144 -7872 -5263 1303 -326 END
START 936 2876 -7852 -5709 1249 -245 END
START 604 2816 -7784 -6125 1129 -204 END
START 184 2720 -7788 -6449 944 -47 END
START -156 2552 -7780 -6799 774 149 END
START -532 2512 -7916 -7151 505 397 END
START -368 2536 -8168 -7465 336 635 END
START -156 2572 -8376 -7906 211 818 END
START -52 2696 -8576 -8443 179 1002 END
START 4 2696 -8660 -9056 67 1150 END
START 164 2684 -8824 -9663 14 1237 END
START 76 2760 -8556 -10348 -86 1338 END
START 164 2716 -8800 -11011 -93 1454 END
START -60 2600 -8380 -11703 -180 1610 END
START -108 2520 -8072 -12319 -222 1754 END
START -80 2416 -7624 -12847 -248 1910 END
START -208 2252 -7144 -13305 -348 2149 END
START -44 2148 -6812 -13703 -396 2365 END
START -56 2164 -6568 -14037 -496 2552 END
START 48 2056 -6232 -14637 -546 2788 END
START 336 2132 -6084 -14860 -604 2933 END
START 400 2184 -5884 -15000 -636 3073 END
START 768 2180 -5656 -15611 -660 3169 END
START 1096 2108 -5328 -15972 -628 3278 END
START 1288 2140 -4876 -16431 -569 3337 END
START 1632 2224 -4572 -16856 -494 3379 END
START 1780 2312 -4244 -17243 -430 3371 END
START 2124 2192 -3876 -17642 -389 3325 END
START 2176 2256 -3504 -18010 -408 3270 END
START 2296 2172 -3236 -18359 -419 3235 END
START 2216 2136 -2832 -18660 -517 3194 END
START 2228 2072 -2772 -19039 -671 3216 END
START 2072 2104 -2540 -19445 -855 3279 END
START 1916 2212 -2392 -19911 -1036 3337 END
START 1876 2264 -2132 -20420 -1202 3414 END
START 1984 2216 -1800 -20987 -1398 3585 END
START 2036 2052 -1368 -21482 -1586 3682 END
START 2104 2016 -728 -21969 -1727 3831 END
START 2084 1964 -436 -22434 -1880 3964 END
START 2372 1936 60 -22882 -1985 4094 END
START 2580 1856 584 -23231 -1996 4261 END
START 3012 1732 1076 -23615 -2080 4318 END
START 3304 1776 1560 -23946 -2045 4430 END
START 3616 1756 1984 -24359 -1977 4419 END
START 3860 1736 2540 -24761 -1960 4357 END
START 4148 1432 3140 -25205 -1830 4298 END
START 4188 1440 3508 -25585 -1769 4179 END
START 3996 1188 4160 -25954 -1679 4106 END
START 3728 1064 4708 -26313 -1665 4085 END
START 3424 808 4880 -26608 -1644 4081 END
START 3104 728 5300 -26929 -1636 4186 END
START 2440 612 5724 -27228 -1644 4279 END
START 2244 564 6000 -27559 -1608 4441 END
START 1864 480 6292 -27947 -1486 4650 END
START 1476 344 6796 -28379 -1334 4855 END
START 1388 408 7096 -28835 -1028 5067 END
START 1104 148 7472 -29292 -804 5318 END
START 1068 104 8068 -29678 -309 5592 END
START 1088 20 8568 -30070 283 5828 END
START 968 -104 9376 -30459 858 6108 END
START 1024 -280 10144 -30746 1431 6357 END
START 1084 -248 11024 -31037 1994 6593 END
START 888 -392 12068 -31257 2473 6785 END
START 884 -616 12712 -31391 2923 7003 END
START 796 -516 13524 -31446 3277 7203 END
START 984 -448 14076 -31510 3672 7348 END
START 964 -472 14788 -31587 4035 7542 END
START 1140 -332 15152 -31734 4405 7655 END
START 1424 -96 16016 -31843 4761 7791 END
START 1788 92 17028 -31977 5096 7873 END
START 1996 208 17772 -32089 5468 7894 END
START 2308 248 18792 -32103 5736 7934 END
START 2492 380 19684 -32057 6039 7914 END
START 2356 348 20652 -31953 6090 7831 END
START 2236 520 21824 -31766 5966 7809 END
START 1988 736 22836 -31494 5640 7768 END
START 2012 1016 23824 -31111 5198 7789 END
START 2204 1256 24736 -30697 4761 7815 END
START 2572 1652 25512 -30293 4384 7779 END
START 2932 1988 26268 -29820 4023 7692 END
START 3388 2428 27272 -29399 3721 7509 END
START 3780 2668 28404 -28879 3451 7266 END
START 4064 2832 29136 -28317 3196 6928 END
START 4132 2944 30100 -27740 2972 6608 END
START 4132 3124 31088 -27028 2727 6304 END
START 3756 3204 31716 -26289 2446 6036 END
START 3616 3428 32344 -25468 2114 5832 END
START 3124 3620 32767 -24683 1747 5699 END
START 2720 3912 32767 -23910 1335 5689 END
START 2272 4116 32767 -23175 919 5714 END
START 2196 4448 32767 -22450 474 5829 END
START 2180 4556 32767 -21830 139 5972 END
START 2280 4720 32767 -21196 -127 6196 END
START 2612 4576 32767 -20571 -359 6402 END
START 2892 4320 32767 -19951 -500 6574 END
START 3184 4424 32767 -19338 -665 6783 END
START 3396 4740 32767 -18659 -833 6973 END
START 3724 4952 32767 -18036 -884 7173 END
START 4276 5332 32767 -17421 -879 7301 END
START 4956 5616 32767 -16779 -771 7439 END
START 5644 5888 32767 -16123 -549 7476 END
START 6072 6036 32767 -15428 -289 7404 END
START 6740 6144 32767 -14927 44 7358 END
START 7216 6300 32767 -14205 324 7245 END
START 7652 6468 32767 -13294 598 7098 END
START 7952 6480 32767 -12477 840 6865 END
START 8136 6580 32767 -11596 913 6631 END
START 8272 6628 32767 -10704 947 6389 END
START 8328 6728 32767 -9858 823 6091 END
START 8640 6964 32767 -9046 670 5824 END
START 9092 6988 32767 -8341 533 5483 END
START 9560 7288 32767 -7681 402 5138 END
START 10192 7484 32767 -7071 326 4697 END
START 10624 7568 32767 -6496 196 4211 END
START 10820 7608 32767 -5866 3 3581 END
START 10844 7528 32767 -5226 -298 2970 END
START 10772 7624 32767 -4594 -654 2334 END
START 10476 7656 32767 -3958 -1085 1758 END
START 10228 7644 32767 -3259 -1466 1312 END
START 10080 7760 32767 -2597 -1805 865 END
START 9836 7684 32767 -1836 -2197 487 END
START 9328 7508 32767 -1029 -2675 126 END
START 8892 7416 32767 -208 -3187 -169 END
START 8608 7356 32767 680 -3764 -393 END
START 8232 7128 32767 1669 -4362 -576 END
START 7772 6988 32767 2575 -4955 -641 END
START 7472 6916 32767 3512 -5473 -658 END
START 7100 6836 32767 4351 -5997 -602 END
START 6836 6760 32767 5050 -6424 -547 END
START 6504 6780 32767 5677 -6884 -385 END
START 6444 6844 32767 6240 -7269 -224 END
START 6308 6796 32767 6700 -7525 -118 END
START 6236 6544 32767 7254 -7701 53 END
START 6232 6472 32767 7803 -7743 173 END
START 6196 6200 32767 8332 -7693 349 END
START 5972 5860 32767 8957 -7604 511 END
START 5740 5660 32767 9589 -7451 699 END
START 5512 5468 32008 10265 -7281 937 END
START 5116 5216 31284 10881 -7074 1194 END
START 4696 5040 30468 11495 -6883 1502 END
START 4432 4892 29432 12023 -6718 1828 END
START 3984 4620 28500 12429 -6523 2192 END
START 3544 4336 27824 12797 -6504 2548 END
START 3044 4296 27064 13111 -6529 2969 END
START 2416 4192 26236 13359 -6635 3388 END
START 2148 4076 25644 13629 -6729 3856 END
START 1768 3716 24660 13911 -6866 4305 END
START 1228 3452 23832 14159 -7062 4792 END
START 856 3280 22868 14403 -7292 5313 END
START 720 3156 22308 14520 -7474 5767 END
START 460 3108 21504 14605 -7694 6289 END
START 112 3064 20624 14612 -7805 6763 END
START -16 2832 20028 14525 -7858 7288 END
START -144 2564 19480 14435 -7867 7761 END
START -296 2396 18728 14249 -7826 8281 END
START -568 2200 18676 14054 -7816 8797 END
START -948 2192 18388 13804 -7806 9341 END
START -1556 2232 18304 13631 -7892 9837 END
START -2120 2212 18292 13456 -7998 10394 END
START -2616 2100 18316 13366 -8212 10978 END
START -3316 1788 18440 13345 -8450 11617 END
START -3896 1196 18572 13331 -8705 12364 END
START -4720 772 18724 13449 -9007 12970 END
START -5488 540 18856 13591 -9254 14064 END
START -6316 276 19128 13833 -9491 15043 END
START -6880 4 19168 14107 -9758 16161 END
START -7400 -80 19180 14429 -9972 17221 END
START -7880 -284 19304 14779 -10182 18369 END
START -8172 -456 19064 15162 -10322 19640 END
START -8128 -344 18896 15519 -10351 20841 END
START -7848 -572 18328 15810 -10232 22098 END
START -7256 -912 17840 16020 -10009 23286 END
START -6732 -1444 17488 16113 -9676 24534 END
START -6188 -1716 17260 16199 -9284 25665 END
START -5320 -1992 16728 16188 -8858 26859 END
START -4140 -2184 16860 16215 -8439 27897 END
START -2532 -2252 16668 16281 -8004 28843 END
START -548 -2240 16928 16259 -7488 29611 END
START 1876 -2152 17336 16253 -6912 30148 END
START 4612 -2196 17960 16336 -6325 30435 END
START 7440 -2096 18800 16494 -5744 30335 END
START 10300 -2180 19672 16858 -5140 29962 END
START 13100 -2152 20456 17419 -4664 29134 END
START 15520 -1972 21228 18176 -4179 28047 END
START 17772 -1692 21764 18987 -3848 26680 END
START 20520 -1264 21972 19937 -3498 25095 END
START 22372 -1016 21812 20909 -3221 23352 END
START 24156 -836 21376 21849 -2960 21564 END
START 25780 -796 20488 22901 -2650 19678 END
START 27132 456 19352 23707 -2519 17690 END
START 28160 980 18152 24349 -2366 15719 END
START 29084 1400 16528 24751 -2422 13333 END
START 29608 1456 15316 24895 -2488 11163 END
START 29688 1684 14100 24916 -2775 8667 END
START 29456 2072 13024 24849 -3033 6385 END
START 28592 2460 12116 24721 -3318 4256 END
START 28644 924 10788 24564 -3697 2283 END
START 28112 160 9932 24471 -4297 364 END
START 27208 -8 8356 24373 -4848 -1258 END
START 26024 848 6644 24173 -5362 -2741 END
START 25164 1764 4684 23770 -5776 -3886 END
START 24480 2180 2524 23146 -5921 -4839 END
START 23904 2512 1036 22327 -6007 -5701 END
START 23532 2932 -624 21321 -6055 -6363 END
START 23368 3132 -1584 20121 -5961 -6887 END
START 23712 2784 -2392 18716 -5714 -7424 END
START 23668 3400 -2504 17301 -5289 -7922 END
START 23904 3428 -2572 15869 -4698 -8351 END
START 24280 2564 -1796 14630 -4227 -8994 END
START 24768 2400 -1832 13585 -3463 -9805 END
START 25064 2512 -1440 12793 -2400 -10599 END
START 25904 1232 -576 12143 -1687 -11595 END
START 26016 988 -536 11768 -835 -12783 END
START 25728 1504 -616 11376 33 -14021 END
START 24968 2312 -760 11106 933 -15056 END
START 24312 2804 -948 10766 1735 -16133 END
START 23644 2884 -1280 10461 2502 -16994 END
START 22976 2776 -1496 10102 3215 -17851 END
START 22348 2376 -2028 9744 3876 -18653 END
START 21616 2272 -2468 9399 4355 -19371 END
START 20772 2076 -2768 9012 4695 -20117 END
START 19992 2092 -3188 8668 4866 -20785 END
START 19248 2040 -3540 8218 4931 -21511 END
START 18488 1984 -3996 7837 4856 -22149 END
START 17912 1908 -4336 7349 4676 -22807 END
START 17264 1780 -4660 6913 4352 -23468 END
START 16480 1596 -4952 6400 3903 -24026 END
START 15744 1456 -5280 5894 3382 -24601 END
START 14980 1248 -5484 5390 2774 -25084 END
START 14280 1124 -5920 4832 2129 -25493 END
START 13432 940 -6108 4222 1454 -25852 END
START 12748 816 -6216 3605 805 -26118 END
START 12148 708 -6304 2897 70 -26298 END
START 11376 416 -6348 2261 -552 -26402 END
START 10772 464 -6108 1530 -1165 -26389 END
START 10040 552 -5744 831 -1712 -26390 END
START 9524 564 -5684 201 -2096 -26294 END
START 9172 648 -5484 -379 -2443 -26161 END
START 9052 780 -5120 -890 -2593 -25960 END
START 9144 872 -4840 -1449 -2619 -25833 END
START 9276 824 -4708 -1961 -2456 -25694 END
START 9536 800 -4436 -2488 -2137 -25608 END
START 9436 840 -4180 -2984 -1682 -25627 END
START 9536 912 -3884 -3429 -1216 -25629 END
START 9468 892 -3828 -3866 -677 -25651 END
START 9284 1024 -3652 -4297 -92 -25707 END
START 9108 1044 -3568 -4720 506 -25808 END
START 8636 992 -3676 -5103 979 -25851 END
START 8056 920 -3848 -5482 1357 -25916 END
START 7328 1072 -4100 -6012 1665 -25967 END
START 6444 1080 -4300 -6570 1804 -25930 END
START 5660 1112 -4484 -7232 1864 -25834 END
START 4704 1312 -4640 -7913 1904 -25670 END
START 3976 1608 -4552 -8697 1747 -25477 END
START 3072 1688 -4252 -9584 1485 -25187 END
START 2332 1848 -3880 -10505 1175 -24856 END
START 1556 1840 -3500 -11413 773 -24462 END
START 888 1884 -3076 -12325 374 -23970 END
START 200 1896 -2312 -13207 -91 -23520 END
START -324 1868 -1780 -14101 -443 -22973 END
START -964 2256 -800 -14687 -820 -22394 END
START -1640 2384 40 -15316 -1138 -21750 END
START -2160 2520 920 -15833 -1408 -21083 END
START -2596 2684 2116 -16259 -1689 -20394 END
START -3064 2896 3056 -16659 -1867 -19681 END
START -3364 3156 3948 -16993 -1932 -18969 END
START -3800 3476 4912 -17323 -1927 -18293 END
START -3976 3892 5708 -17621 -1793 -17565 END
START -4160 4216 6700 -17819 -1558 -16875 END
START -4456 4612 7592 -18050 -1284 -16217 END
START -4760 4976 8804 -18274 -906 -15498 END
START -5108 5324 9748 -18495 -533 -14855 END
START -5404 5528 10744 -18681 -152 -14204 END
START -5648 5668 11676 -18853 247 -13519 END
START -5940 5804 12820 -18921 603 -12865 END
START -6216 5912 14004 -18995 905 -12226 END
START -6364 6124 14816 -19012 1317 -11561 END
START -6452 6440 15724 -18989 1650 -10877 END
START -6348 6612 16656 -18970 2190 -10234 END
START -6444 6632 17752 -18878 2680 -9589 END
START -6080 6800 18444 -18779 3224 -8979 END
START -5988 6892 19380 -18722 3860 -8422 END
START -5684 7160 20344 -18629 4531 -7884 END
START -5500 7120 21324 -18555 5233 -7404 END
START -5368 7108 22308 -18488 5773 -7004 END
START -5428 7116 23724 -18368 6154 -6599 END
START -5320 7116 25208 -18150 6310 -6266 END
START -5260 7300 26468 -17905 6376 -5958 END
START -5288 7320 28056 -17496 6194 -5727 END
START -5232 7336 29616 -17036 5935 -5487 END
START -5112 7352 31208 -16359 5437 -5318 END
START -5108 7176 32767 -15603 4853 -5138 END
START -5124 7268 32767 -14789 4168 -5094 END
START -5052 7312 32767 -13698 3482 -5012 END
START -5216 7552 32767 -12610 2759 -4961 END