START -18460 -2444 8064 -1946 7584 10833 END
START -12048 -5448 10692 -2420 5759 13109 END
START -14884 -6620 15244 -3197 6564 13365 END
START -11888 -6796 14332 -3720 6819 13807 END
START -12780 -7104 14984 -3075 5179 12885 END
START -13752 -8304 14100 -2402 2655 12351 END
START -14948 -10344 13656 -1978 571 13345 END
START -15516 -12116 12720 -2441 1098 15600 END
START -18316 -14268 12632 -3318 2177 19540 END
START -18664 -15912 12196 -4667 2639 25276 END
START -18520 -17056 12772 -6214 3844 31007 END
START -19384 -19084 14160 -6713 3709 32767 END
START -17948 -20456 14824 -5958 1803 32767 END
START -14144 -21628 14616 -4959 -195 32767 END
START -9020 -22556 14204 -5257 -695 32767 END
START -2216 -22132 14696 -7628 2893 32767 END
START 2728 -21032 15680 -11659 9932 32767 END