START 524 9076 23812 -11914 5343 -5907 END
START -4520 -616 23088 -10255 831 -6183 END
START -9324 -2524 28772 -7635 -2316 -3981 END
START -11768 -4136 32767 -4321 -2543 -1268 END
START -11440 -4836 32767 -1422 -1366 794 END
START -9956 -4532 32767 2624 573 721 END
START -11332 -4316 32767 7553 468 -695 END
START -14788 -4296 32767 12315 -2011 -633 END
START -16476 -4432 31788 16539 -3792 1464 END
START -16160 -5292 28424 20077 -4090 4472 END
START -15832 -5828 24396 22348 -3117 7555 END
START -15096 -6248 20588 23698 -2085 11074 END
START -13084 -6216 16628 23962 -860 13651 END
START -11888 -6480 13992 23461 -333 15376 END
START -11168 -6896 11372 23023 -936 17277 END
START -9208 -6404 7876 22021 -401 19229 END
START -8416 -6100 4816 20374 -241 21024 END
START -6576 -5644 2700 18837 -1654 22572 END
START -4412 -4868 -80 17439 -3877 23366 END
START -2056 -3916 -2620 15589 -6018 23674 END
START 488 -3004 -4488 12939 -6018 22924 END
START 2068 -2060 -6604 9753 -4589 22147 END
START 2896 -1324 -8208 5394 -2363 21506 END
START 3184 -984 -8132 1014 -1067 21370 END
START 3440 -196 -7684 -2711 -775 21325 END
START 5000 -1040 -5776 -6593 -2181 21401 END
START 9672 -640 -3680 -9852 -3707 21093 END
START 16092 360 -692 -12628 -2219 17772 END
START 20220 1792 1376 -15036 1527 11819 END
START 19328 2064 3872 -17530 4097 6119 END
START 19828 2044 6024 -19044 3753 1757 END
START 19668 1604 9024 -19844 2719 -2384 END
START 21312 1540 12320 -20400 2264 -5875 END
START 22564 1264 14656 -21022 4880 -10528 END
START 21096 1100 17488 -21918 8824 -15448 END
START 18980 1300 19680 -22428 11940 -20951 END
START 13316 588 23780 -21813 11685 -25779 END
START 8088 40 28108 -19989 8000 -29068 END
START 3332 220 31380 -17853 3121 -31022 END
START -184 -476 32767 -15708 -1628 -32768 END
START -6032 -3336 32767 -11371 -6869 -32768 END
START -13048 -5464 32767 -4771 -10030 -30303 END
START -16232 -7088 32767 1757 -6821 -25246 END
START -22116 -7068 32767 7712 -3945 -17496 END
START -22132 -6196 32767 13727 -2205 -9202 END
START -20004 -4728 32767 19421 -860 -2890 END
START -16464 -3228 32767 24823 697 1814 END
START -13588 -2900 32767 30234 -402 4402 END
START -8804 -1868 32767 32767 -2553 5403 END
START -3964 -1320 26912 32767 -2685 4385 END
START -3116 -1732 21692 32767 -2753 3114 END
START -3160 -2036 17440 32767 -2825 2662 END
START -1884 -3020 16688 32767 -2616 2128 END
START -2616 -3192 11704 32767 -245 1327 END
START -3548 -3756 6276 32767 18 2213 END
START -2232 -4604 2448 32767 -1061 3399 END
START 840 -1288 -1340 30877 -1056 4011 END