START 17616 12080 -9988 3690 -1294 -1534 END
START 14656 4008 -15728 1940 -8138 -3651 END
START 4580 1764 -7108 605 -10623 -4109 END
START 3504 1832 -7476 -1477 -7603 -2952 END
START 308 1224 -7636 -4653 -3238 -1468 END
START -988 1512 -8048 -8676 -1558 -37 END
START 640 1732 -6928 -11916 -756 282 END
START 3980 1656 -7712 -13827 -264 -299 END
START 5536 2056 -8016 -16488 -590 -2380 END
START 4836 1372 -6188 -18891 -356 -4235 END
START 3536 768 -5288 -20939 -455 -5380 END
START 2764 40 -4688 -23544 400 -6005 END
START 2244 -752 -4572 -26835 2350 -6587 END
START 568 -2420 -2644 -30530 2920 -7107 END
START 532 -3840 1416 -32768 2080 -7436 END
START 1576 -4988 5952 -32768 1593 -8562 END
START 244 -6364 10372 -32768 2525 -10428 END
START -2288 -7400 13828 -32768 2937 -11390 END
START -4784 -7604 18576 -32768 3726 -11089 END
START -6904 -7744 23784 -32768 5585 -10507 END
START -10292 -8040 28604 -32768 4484 -9230 END
START -12204 -6740 32767 -31298 1257 -7732 END
START -11900 -5896 32767 -26991 -2436 -5994 END
START -9460 -4764 32767 -23934 -2028 -4487 END
START -9196 -4544 32767 -21472 249 -3196 END
START -9872 -4508 32767 -19269 2536 -2265 END
START -12096 -4880 32767 -15478 461 130 END
START -13404 -5556 32767 -10373 -5703 2743 END
START -12436 -5308 32767 -6664 -12589 5750 END
START -10180 -5196 32767 -5237 -12165 8643 END
START -8600 -5860 32767 -5056 -7194 11919 END
START -9624 -6416 32767 -2824 -4849 14566 END
START -9220 -6068 32767 -84 -6081 17255 END
START -8476 -6376 32600 2780 -8143 19556 END
START -6980 -6460 30660 4590 -8504 21613 END
START -5324 -6720 29944 6308 -7526 23536 END
START -1784 -6680 30496 8120 -5684 23657 END
START 296 -6692 30172 11119 -4806 23015 END
START 1164 -6640 29208 13744 -4931 21801 END
START 4516 -6284 29072 17148 -6526 20270 END
START 8488 -6048 27912 20415 -6355 17275 END
START 11616 -5920 26184 23480 -4285 14473 END
START 12808 -5224 22720 25034 -1460 11091 END
START 13948 -4896 19972 26274 365 7576 END
START 14508 -4412 16176 26892 1268 3724 END
START 15392 -3780 12912 25979 1610 -365 END
START 15548 -3556 10692 25659 2503 -4409 END
START 14372 -3684 7088 24990 3486 -8065 END
START 13180 -3556 3608 23296 4176 -10831 END
START 12604 -3056 280 21101 4556 -13612 END
START 11500 -2624 -2928 17562 5742 -16139 END
START 10144 -2864 -4160 13836 7052 -18595 END
START 7484 -2352 -5564 10132 7282 -20816 END
START 4796 -2288 -6004 6959 6897 -22508 END
START 1832 -2164 -7308 3968 5407 -22820 END
START -620 -1220 -8144 -312 2796 -22207 END
START -3064 488 -6384 -4528 512 -21403 END
START -6712 1820 -3744 -8076 -2097 -20339 END
START -8608 2456 156 -11409 -3158 -18612 END
START -10688 1604 6600 -14131 742 -17315 END
START -17832 592 14044 -14736 3758 -14271 END