START -13944 2452 3288 6899 -2896 -12776 END
START -15892 -1992 -1392 4869 -6142 -8132 END
START -22120 -3168 2192 1275 -2160 -2261 END
START -21152 -2752 2568 -2490 1360 3295 END
START -20864 -3396 4080 -5326 3433 7361 END
START -20760 -3748 5732 -6765 3546 11025 END
START -21180 -4200 6884 -7343 2717 14693 END
START -20328 -4628 7084 -7576 905 18423 END
START -18892 -5008 6696 -8457 645 21835 END
START -17724 -5804 7208 -9747 1024 25469 END
START -15908 -6560 7476 -11415 2334 29104 END
START -15956 -7716 8064 -13291 3820 32767 END
START -16276 -9524 8840 -14428 3349 32767 END
START -14104 -11700 9472 -15653 2751 32767 END
START -12348 -14336 10872 -17152 3183 32767 END
START -11496 -17424 11624 -18344 3086 32767 END
START -9244 -20188 12412 -19476 2786 32767 END
START -6104 -23244 12472 -21473 5605 32767 END
START -3164 -25860 13304 -23950 8901 32767 END