START 1028 6888 -1876 15041 -4723 -3203 END
START 4992 2232 -20948 16764 -4150 -2915 END
START -1464 8244 -4500 13725 -5611 -2747 END
START 852 7948 -6740 14496 -5681 -2435 END
START -3464 6768 -5636 13280 -7137 -2092 END
START -748 7808 -10040 12358 -7848 -1740 END
START -2704 7300 -9316 11089 -8177 -1308 END
START -1652 7272 -11892 9685 -8392 -921 END
START -2376 6952 -12112 8310 -8204 -359 END
START -3212 6776 -12348 6852 -8285 259 END
START -2856 6920 -13768 5371 -8027 897 END
START -3400 6652 -13572 3772 -7794 1544 END
START -2720 6712 -14252 2103 -7133 2205 END
START -2448 6336 -13936 446 -6391 2785 END
START -1776 5840 -13652 -1155 -5558 3289 END
START -636 5456 -13524 -2689 -4492 3755 END
START -56 5148 -13028 -4046 -3462 4110 END
START 880 4800 -12348 -5334 -2365 4330 END
START 1848 4428 -11988 -6476 -1263 4317 END
START 2904 4316 -11396 -7510 -140 4136 END
START 3556 3880 -10656 -8456 902 3751 END
START 4008 3456 -9932 -9234 1754 3359 END
START 4112 3048 -9140 -9893 2391 2886 END
START 4096 2568 -8812 -10409 2931 2408 END
START 3932 2056 -8316 -10812 3294 1880 END
START 3756 1552 -7992 -11159 3491 1456 END
START 3464 1312 -7556 -11468 3405 1045 END
START 3036 1016 -7504 -11784 3265 676 END
START 2668 812 -7616 -12057 3002 361 END
START 2244 552 -7588 -12396 2683 85 END
START 1964 316 -7400 -12710 2286 -152 END
START 1596 180 -7388 -13070 1875 -338 END
START 1220 -44 -6912 -13482 1314 -468 END
START 680 -376 -6852 -13759 780 -543 END
START 192 -656 -6560 -14021 296 -508 END
START -208 -1032 -6568 -14173 -274 -444 END
START -940 -1332 -6264 -14614 -806 -275 END
START -1284 -1432 -6012 -14726 -1364 -86 END
START -1692 -1512 -5756 -14705 -1919 220 END
START -2040 -1748 -5708 -14683 -2421 538 END
START -2656 -1740 -5628 -14832 -2889 898 END
START -2940 -1740 -5552 -15145 -3315 1360 END
START -3308 -1892 -5632 -15301 -3629 1835 END
START -3624 -1892 -5592 -15505 -3897 2418 END
START -3856 -1752 -5856 -15732 -4067 3025 END
START -4148 -1800 -5840 -15925 -4149 3671 END
START -4340 -1632 -5888 -16252 -4170 4351 END
START -4476 -1472 -6108 -16634 -4145 5080 END
START -4464 -1420 -6148 -17104 -4030 5795 END
START -4368 -1356 -6320 -17576 -3888 6545 END
START -4352 -1364 -6396 -18131 -3602 7240 END
START -4316 -1200 -6200 -18663 -3359 7921 END
START -4456 -1176 -6028 -19247 -3060 8670 END
START -4260 -1196 -5832 -19786 -2779 9398 END
START -4268 -1252 -5856 -20355 -2575 10162 END
START -4064 -1200 -5712 -20925 -2372 10891 END
START -3828 -1384 -5712 -21494 -2179 11681 END
START -3232 -1272 -5368 -22124 -1947 12478 END
START -2616 -1492 -5072 -22660 -1739 13063 END
START -1824 -1468 -5040 -23295 -1502 13541 END
START -1000 -1348 -4564 -23925 -1189 13994 END
START 132 -1484 -4388 -24516 -868 14406 END
START 1344 -1668 -4088 -25103 -481 14618 END
START 2500 -1568 -3900 -25757 -87 14729 END
START 3508 -1572 -3228 -26394 254 14626 END
START 4440 -1388 -2784 -27034 633 14428 END
START 5220 -1104 -1980 -27725 935 14144 END
START 5936 -940 -1376 -28303 1181 13788 END
START 6304 -668 -432 -28876 1417 13437 END
START 6516 -516 364 -29383 1542 13104 END
START 6544 -576 1080 -29810 1528 12697 END
START 6688 -292 1876 -30211 1438 12567 END
START 6548 228 3036 -30536 1252 12482 END
START 6512 320 3700 -30845 995 12052 END
START 6108 644 4868 -31090 604 11985 END
START 6016 932 5660 -31269 168 11948 END
START 6128 948 6592 -31452 -235 11870 END
START 6244 860 7328 -31494 -556 11861 END
START 6112 968 8124 -31514 -824 12019 END
START 6156 1244 8780 -31494 -1117 12141 END
START 6180 1324 9548 -31524 -1297 12313 END
START 6320 1392 9864 -31563 -1363 12425 END
START 6484 1456 10488 -31649 -1349 12701 END
START 6448 1520 11132 -31797 -1272 12769 END
START 6608 1412 11772 -32004 -1155 12728 END
START 6632 1380 12276 -32244 -1065 12708 END
START 6500 1404 12976 -32455 -748 12762 END
START 6548 1452 13676 -32688 -359 13065 END
START 6308 1360 14300 -32768 152 12894 END
START 5812 1296 15404 -32768 602 13230 END
START 5572 1252 16192 -32768 1114 13304 END
START 5068 1304 17244 -32768 1498 13407 END
START 4936 888 18128 -32768 1817 13614 END
START 5528 840 19608 -32768 2175 13791 END
START 5948 624 20904 -32768 2615 13822 END
START 6768 444 22792 -32768 3017 13771 END
START 7708 368 24868 -32768 3433 13449 END
START 8588 416 27296 -32768 3735 12875 END
START 9248 328 29636 -32768 4065 12306 END
START 10304 316 31860 -32768 4565 11647 END
START 10856 628 32767 -32768 5160 10655 END
START 11300 820 32767 -32375 5849 9613 END
START 11532 956 32767 -31315 6549 8561 END
START 11436 1140 32767 -30121 7143 7480 END
START 11032 1208 32767 -28859 7521 6460 END
START 10140 1172 32767 -27546 7775 5516 END
START 9280 1132 32767 -26206 7795 4722 END
START 7992 1372 32767 -24930 7558 4117 END
START 6548 1564 32767 -23741 7169 3649 END
START 5612 1936 32767 -22718 6597 3372 END
START 4408 2304 32767 -21830 5935 3258 END
START 3532 2860 32767 -21074 5225 3235 END
START 2652 3236 32767 -20446 4450 3401 END
START 2108 3584 32767 -19884 3691 3639 END
START 1812 3824 32767 -19320 3050 3929 END
START 1604 3920 32767 -18731 2424 4279 END
START 1472 3976 32767 -18081 1907 4658 END
START 1544 4184 32767 -17391 1426 5031 END
START 1480 4248 32767 -16612 1083 5395 END
START 1600 4308 32767 -15682 804 5824 END
START 1908 4520 32767 -14493 570 6304 END
START 2660 4632 32767 -13749 541 6766 END
START 3524 4620 32767 -12652 659 7154 END
START 4436 4708 32767 -11548 880 7492 END
START 5656 4696 32767 -10450 1149 7739 END
START 6552 4836 32767 -9305 1406 7825 END
START 7564 4824 32767 -8171 1645 7839 END
START 8572 5044 32767 -7105 1839 7739 END
START 9584 5172 32767 -6045 2079 7525 END
START 10412 5324 32767 -5056 2302 7197 END
START 11444 5340 32767 -4111 2532 6778 END
START 12284 5440 32767 -3213 2734 6229 END
START 12840 5424 32767 -2361 2877 5625 END
START 13056 5424 32767 -1567 2976 4981 END
START 13256 5592 32767 -760 2979 4297 END
START 13080 5672 32767 12 2840 3595 END
START 12752 5820 32767 710 2635 2996 END
START 12552 5836 32767 1303 2366 2508 END
START 12224 5904 32767 1884 1977 2016 END
START 11632 5900 32767 2456 1494 1566 END
START 11120 5968 32767 2845 901 1214 END
START 10652 6276 31516 3121 250 918 END
START 10220 6508 30404 3213 -432 693 END
START 9948 6684 29576 3132 -1049 518 END
START 9888 6788 28796 3048 -1704 351 END
START 9992 6908 28500 2897 -2335 172 END
START 10096 6764 28300 2783 -2870 15 END
START 10260 6596 28640 2821 -3345 -126 END
START 10404 6464 28904 2972 -3780 -379 END
START 10184 6340 29216 3317 -4174 -565 END
START 10108 6268 29324 3761 -4556 -775 END
START 9976 6228 29752 4255 -4860 -918 END
START 9408 6172 29656 4897 -5137 -1090 END
START 9312 6096 29572 5489 -5429 -1194 END
START 8888 6004 29312 6137 -5665 -1319 END
START 8648 5912 29048 6682 -5907 -1423 END
START 8408 5660 28624 7286 -6078 -1492 END
START 7900 5528 28060 7810 -6337 -1559 END
START 7484 5276 27636 8269 -6561 -1611 END
START 7012 5128 26644 8658 -6736 -1603 END
START 6660 5000 26244 8957 -6931 -1618 END
START 6272 4812 25684 9191 -7099 -1562 END
START 5756 4536 25072 9412 -7282 -1505 END
START 5208 4324 24664 9631 -7441 -1400 END
START 4736 4168 24188 9778 -7595 -1269 END
START 3972 3948 23832 9982 -7743 -1140 END
START 3456 3916 23636 10106 -7890 -948 END
START 2888 3816 23464 10180 -7981 -735 END
START 2392 3576 23292 10326 -8045 -500 END
START 1708 3444 23260 10457 -8074 -226 END
START 1212 3152 23240 10680 -8187 87 END
START 352 2852 23384 10931 -8406 469 END
START -680 2316 23556 11248 -8719 854 END
START -1804 2040 23716 11682 -9254 1383 END
START -2808 1900 23788 12166 -9881 1989 END
START -3680 1764 23896 12664 -10627 2657 END
START -4548 1588 23736 13232 -11347 3396 END
START -5568 1384 23800 13759 -12203 4282 END
START -6228 1040 23764 14302 -13022 5255 END
START -7052 596 23720 14883 -13881 6215 END
START -7768 4 23656 15585 -14820 7344 END
START -8484 -352 23432 16199 -15625 8395 END
START -9012 -520 23332 16898 -16437 9585 END
START -9412 -864 22872 17553 -17047 10807 END
START -9492 -1132 22372 18208 -17454 12290 END
START -9556 -1632 21732 18849 -17546 13631 END
START -9544 -2028 21016 19323 -17314 15288 END
START -9616 -2296 20672 19796 -16937 16787 END
START -9644 -2620 20240 20179 -16368 18335 END
START -9604 -2980 19460 20460 -15692 19911 END
START -9828 -3116 19112 20770 -14949 21531 END
START -9768 -3316 18444 21013 -14147 23131 END
START -9412 -3488 18236 21235 -13313 24691 END
START -8888 -3432 17472 21416 -12343 26208 END
START -8124 -3424 16764 21511 -11204 27656 END
START -7104 -3452 16088 21560 -10117 28935 END
START -5940 -3460 15556 21462 -8998 30050 END
START -4624 -3284 14784 21298 -7838 30927 END
START -3476 -3312 14096 21050 -6628 31727 END
START -2144 -3196 13448 20710 -5333 32404 END
START -1140 -3068 13216 20293 -4204 32767 END
START 880 -2692 13392 19898 -3214 32767 END
START 3316 -2500 13840 19484 -2426 32767 END
START 6172 -2316 14328 19231 -1795 32767 END
START 9044 -2136 15060 19115 -1242 32767 END
START 11876 -2044 15804 19245 -939 32767 END
START 14136 -1996 16616 19516 -875 31779 END
START 16176 -1556 16968 19965 -989 30336 END
START 17804 -960 17244 20427 -1226 28664 END
START 19416 -568 17420 20956 -1610 26926 END
START 20640 -372 17444 21495 -2022 25186 END
START 22004 -364 17284 22047 -2530 23470 END
START 23188 -300 16896 22635 -3108 21688 END
START 24360 -268 16048 23247 -3667 19962 END
START 25452 -140 15176 23904 -4224 18166 END
START 26448 68 13720 24384 -4669 16455 END
START 27432 316 11872 24695 -5081 14682 END
START 28048 476 10008 24745 -5502 12787 END
START 28536 496 7884 24462 -5895 11152 END
START 28548 744 5840 23898 -6245 9508 END
START 28860 1008 3824 23036 -6421 7989 END
START 29092 1156 2236 21931 -6532 6534 END
START 29384 1388 972 20614 -6472 5174 END
START 29716 1692 244 19162 -6419 3823 END
START 29792 1880 64 17759 -6307 2641 END
START 30116 2192 396 16332 -6146 1441 END
START 30384 2172 508 15167 -5978 292 END
START 30484 2160 1328 14155 -5863 -906 END
START 30740 2076 2120 13354 -5701 -2133 END
START 30724 2076 2996 12780 -5531 -3311 END
START 30616 1896 3464 12448 -5320 -4398 END
START 30416 1524 4096 12344 -5043 -5399 END
START 30264 1256 4548 12337 -4712 -6383 END
START 30244 1116 4648 12480 -4305 -7281 END
START 30296 1044 4604 12626 -3778 -8188 END
START 30240 1100 4300 12717 -3259 -9122 END
START 30268 1336 3812 12758 -2619 -10036 END
START 30448 1344 3376 12813 -1889 -11037 END
START 30784 1420 2820 12758 -1039 -12052 END
START 30884 1324 2260 12597 -121 -13106 END
START 31140 1376 1600 12388 876 -14306 END
START 30984 1264 1064 12138 1920 -15437 END
START 31020 1188 504 11816 3063 -16686 END
START 30796 1076 56 11475 4090 -17825 END
START 30728 796 -516 11145 5113 -19014 END
START 30192 624 -1024 10807 6078 -20235 END
START 29480 132 -1616 10489 6846 -21451 END
START 28628 -136 -2408 10188 7540 -22572 END
START 27352 -376 -3408 9745 8017 -23620 END
START 26216 -660 -4236 9240 8395 -24506 END
START 24672 -884 -5172 8549 8520 -25255 END
START 22968 -1032 -5956 7728 8480 -25796 END
START 21276 -1168 -6340 6682 8164 -26233 END
START 19396 -1108 -6624 5644 7657 -26502 END
START 18128 -948 -6804 4568 7032 -26646 END
START 16980 -1008 -6892 3558 6431 -26661 END
START 15900 -1032 -6748 2595 5807 -26615 END
START 14828 -1064 -6328 1639 5080 -26557 END
START 14048 -1204 -6236 725 4442 -26482 END
START 13192 -1364 -5800 -89 3652 -26394 END
START 12472 -1252 -5200 -802 2843 -26314 END
START 12068 -1160 -4892 -1450 2079 -26205 END
START 11732 -1016 -4420 -1984 1403 -26150 END
START 11444 -1084 -4412 -2512 831 -26085 END
START 11216 -1104 -4316 -3035 420 -26073 END
START 11072 -1332 -4384 -3537 121 -26006 END
START 10808 -1208 -4136 -4194 -145 -25942 END
START 10592 -1056 -4032 -4866 -285 -25917 END
START 10444 -824 -4288 -5596 -259 -25942 END
START 10348 -716 -4152 -6378 -60 -25965 END
START 10224 -532 -4264 -7093 318 -26032 END
START 9992 -632 -4372 -7893 894 -26130 END
START 9660 -616 -4152 -8635 1565 -26247 END
START 9216 -600 -4136 -9456 2228 -26316 END
START 8756 -572 -3968 -10264 2937 -26360 END
START 8184 -656 -3860 -10973 3652 -26361 END
START 7704 -636 -3604 -11760 4378 -26250 END
START 6972 -692 -3260 -12421 5048 -26105 END
START 6188 -744 -2872 -13057 5586 -25919 END
START 5068 -796 -2464 -13659 5895 -25651 END
START 3788 -940 -2052 -14327 5901 -25315 END
START 2464 -780 -1472 -14892 5561 -24834 END
START 1416 -412 -1036 -15055 4878 -24226 END
START 724 -84 -576 -15801 4127 -23468 END
START 276 172 60 -16393 3262 -22714 END
START 20 648 780 -16989 2369 -21922 END
START -104 1072 2280 -17509 1454 -21183 END
START 56 1496 3568 -17975 518 -20423 END
START 476 1676 5304 -18142 -279 -19877 END
START 872 2032 7064 -18136 -981 -19379 END
START 1228 2152 8632 -17906 -1635 -18977 END
START 1724 2540 10056 -17420 -2120 -18605 END
START 2172 2892 11020 -16877 -2382 -18360 END
START 2460 3604 12064 -16257 -2446 -18115 END
START 2600 4372 12648 -15654 -2296 -17942 END
START 2644 5168 13268 -14941 -2062 -17803 END
START 2476 5792 13720 -14794 -1703 -17665 END
START 2364 6244 14052 -14276 -1218 -17576 END
START 1912 6528 14424 -13833 -854 -17459 END
START 1228 6920 14628 -13554 -458 -17378 END
START 796 7152 14868 -13372 -114 -17202 END
START -12 7296 15248 -13299 255 -17035 END
START -852 7584 15264 -13224 592 -16834 END
START -1836 7788 15828 -13245 981 -16519 END
START -2556 8100 15800 -13340 1498 -16159 END
START -3644 8032 16816 -13443 1980 -15754 END
START -4256 8016 17384 -13512 2416 -15312 END
START -5352 7708 18484 -13526 2698 -14875 END
START -6400 7760 20124 -13465 2839 -14371 END
START -7232 7856 21356 -13315 2910 -13846 END
START -8244 7812 22656 -13085 2762 -13341 END
START -9200 7940 24076 -12748 2474 -12697 END
START -10096 7896 25804 -12297 2106 -12078 END
START -10876 7964 27144 -11638 1614 -11447 END
START -11440 7832 28572 -10792 1038 -10719 END
START -11868 7848 29932 -9810 367 -9958 END
START -12212 7724 31144 -8828 -263 -9237 END
START -12692 7508 32044 -7677 -931 -8501 END
START -12804 7516 32520 -6409 -1504 -7705 END
START -12944 7536 32767 -5077 -2015 -6858 END
START -13008 7764 32767 -3763 -2394 -6035 END
START -12808 7892 32767 -2602 -2608 -5151 END
START -12468 8044 32436 -1527 -2740 -4299 END
START -11964 8124 32084 -621 -2677 -3478 END
START -11276 8172 31492 163 -2353 -2616 END
START -10340 8376 30988 833 -1864 -1782 END
START -9208 8352 30608 1401 -1053 -1086 END
START -8256 8424 30484 1985 -228 -414 END