START -28164 -4260 6760 3907 4415 -9198 END
START -20636 -6636 1524 -422 -862 -1651 END
START -18416 -7460 4220 -4277 -2942 3839 END
START -17852 -8320 9456 -6573 -1756 8304 END
START -16900 -8708 13080 -7077 866 10218 END
START -17604 -8740 14852 -6572 2693 10898 END
START -17200 -9476 14692 -5783 2926 10993 END
START -19356 -10248 14928 -5185 2930 11708 END
START -22120 -11060 14608 -4569 2617 14710 END
START -23568 -12136 13372 -4343 2277 19929 END
START -24052 -12784 12148 -5115 2434 26368 END
START -23344 -14732 10856 -6910 2761 32767 END
START -20596 -16608 10888 -9311 3390 32767 END
START -19588 -19200 12404 -11169 3068 32767 END
START -18440 -22912 14348 -11615 1173 32767 END
START -15540 -27208 15328 -11060 -1493 32767 END
START -10860 -30916 16272 -10791 -2619 32767 END
START -4760 -32768 16384 -12105 408 32767 END
START -272 -32768 18628 -13560 3912 32767 END
START 6132 -32768 20988 -13784 6605 32767 END
START 16620 -32768 24700 -13287 10805 32767 END