START -10828 6664 1748 4716 -1468 -14371 END
START -25976 -5196 5016 2514 -3048 -7924 END
START -24296 -5880 4096 247 -4956 -33 END
START -21952 -6192 3588 -2572 -4750 7255 END
START -20668 -6880 4832 -6221 -741 13474 END
START -18388 -8020 4368 -10177 3208 18963 END
START -17708 -9212 6796 -13626 5066 23364 END
START -17156 -9936 9468 -14639 4558 27142 END
START -16120 -10416 10724 -14621 3682 29963 END
START -16660 -11508 11220 -14317 2414 32767 END
START -16288 -12740 11876 -14812 1822 32767 END
START -16396 -14824 12636 -15739 3245 32767 END
START -15100 -17580 12924 -17374 4996 32767 END
START -13268 -21112 13776 -18986 7261 32767 END
START -11132 -24784 14608 -20595 8482 32767 END
START -7040 -27872 16024 -23224 11527 32767 END
START -3708 -32496 18276 -26243 16933 32767 END
START -3084 -32768 24684 -26183 9978 32767 END
START 11400 -32768 27568 -19891 -382 32767 END
START 19836 -32768 27884 -15317 -4532 32767 END
START 28752 -31340 29020 -13420 375 32767 END