START -10424 7640 23312 -4191 2011 -159 END
START -812 2212 23688 -1693 1741 86 END
START -14616 2820 31892 -1117 -720 326 END
START -13288 2040 32196 -101 -333 841 END
START -10824 1748 32740 1884 15 305 END
START -8992 416 31544 4635 -529 -589 END
START -14272 -692 32767 8345 -3158 5 END
START -15308 -1972 31380 12286 -5039 2128 END
START -14912 -2632 29028 15621 -4800 5111 END
START -14240 -3592 25468 18191 -2498 7749 END
START -13544 -4516 22080 20291 -1573 10239 END
START -12348 -5148 18224 21713 -859 12646 END
START -10956 -6056 13860 22871 -710 15080 END
START -8908 -5480 8376 22924 -1711 17271 END
START -6868 -5040 3412 21318 -3596 18575 END
START -4908 -4152 280 18561 -4888 19599 END
START -3788 -3340 -1976 15186 -3596 20685 END
START -3384 -3016 -3996 11718 -3200 22204 END
START -2268 -3032 -4776 8381 -2813 23839 END
START -100 -2364 -6124 4924 -2369 25083 END
START 2168 -2032 -6676 986 -1726 25509 END
START 3892 -1912 -6188 -2531 -1665 25250 END
START 7168 -1624 -5424 -6010 -2209 24176 END
START 9988 -1300 -3508 -8948 -2543 22129 END
START 12172 -1140 -1340 -11369 -3254 19997 END
START 16092 -356 192 -13594 -2200 17173 END
START 19092 348 2296 -15853 -680 13210 END
START 19848 304 3620 -17933 -204 9324 END
START 22884 976 5356 -20642 -221 5723 END
START 25564 1336 8972 -22818 1178 415 END
START 25976 1896 13476 -23545 3134 -4954 END
START 25060 2772 17828 -23123 5665 -10479 END
START 23744 3316 21520 -22704 8928 -15997 END
START 19832 3088 26016 -22109 10429 -21119 END
START 13548 2140 31784 -19962 6455 -25589 END
START 7080 868 32767 -16535 -1992 -27931 END
START 5700 280 32767 -13156 -7020 -28766 END
START 3484 -408 32767 -10226 -3193 -28736 END
START -188 -2364 32767 -6612 2716 -28805 END
START -7388 -4552 32767 -1143 4224 -27081 END
START -13624 -5760 32767 4853 2455 -23155 END
START -18212 -7052 32767 12266 -1728 -17791 END
START -17312 -7436 32767 21362 -4095 -12053 END
START -15592 -7440 32767 29011 -3899 -6893 END
START -11244 -6440 32767 32767 -2195 -3755 END
START -7180 -5668 32767 32767 -165 -2115 END
START -5056 -5448 27032 32767 559 -1204 END
START -2532 -5696 21784 32767 260 -791 END
START 364 -5636 16800 32767 1221 -1493 END
START 672 -6164 11068 32767 2432 -2586 END
START 1008 -5908 5456 32767 3382 -2925 END
START 248 -5760 520 32767 2901 -3639 END
START 176 -5004 -4992 32767 2410 -3215 END
START 1664 -2524 -12184 30645 264 -3003 END
START 868 -688 -14556 22756 -2212 -3107 END
START 532 1152 -16304 15365 -2784 -2141 END
START 896 2848 -16876 7125 -656 -709 END