START 18332 8668 -11944 4471 3446 1093 END
START 6232 2004 -15980 553 -101 588 END
START -3848 132 -7840 -2758 -2185 669 END
START 708 -144 -8556 -6163 -616 149 END
START 4404 -380 -9904 -8241 192 -435 END
START 60 -364 -8488 -10558 1313 -597 END
START 228 -780 -11188 -13713 1993 -213 END
START 1444 -804 -11864 -17941 1988 -95 END
START 1884 -1304 -10580 -21797 2817 -447 END
START 2332 -2332 -10352 -25230 2205 -1127 END
START 3596 -3752 -8844 -29023 309 -2647 END
START 3576 -5584 -6556 -31952 -650 -4086 END
START 2864 -7172 -4584 -32768 -1524 -5158 END
START 2172 -9856 -260 -32768 -2984 -5358 END
START 3800 -11684 3884 -32768 -1239 -5367 END
START 4724 -13928 11640 -32768 3450 -6343 END
START 3484 -12520 20256 -32768 7203 -7200 END
START 3204 -10560 27776 -32768 9329 -10595 END
START 752 -8896 32767 -32768 9844 -13690 END
START -3968 -8640 32767 -32768 10049 -15242 END
START -6984 -7808 32767 -32768 9895 -14544 END
START -9268 -6704 32767 -23067 7819 -13445 END
START -11444 -4588 32767 -12933 4167 -11945 END
START -12856 -2728 32767 -5691 2925 -9438 END
START -13572 -2388 32767 -114 4096 -6469 END
START -13636 -2128 32767 4869 6063 -3065 END
START -13084 -2804 32767 9952 5978 -316 END
START -12416 -3352 32767 15362 3289 1589 END
START -11332 -4420 32767 21094 -901 2655 END
START -10120 -5340 32767 25533 -3110 3292 END
START -8528 -5956 28416 27907 -1862 4070 END
START -8552 -6744 23964 28468 1621 5153 END
START -9280 -7844 20104 29140 3122 6642 END
START -9844 -8668 15992 30061 2654 8546 END
START -9864 -8948 11832 30548 1731 10594 END
START -9616 -9276 7668 29882 1892 12722 END
START -9120 -8892 3808 28331 2497 15389 END
START -8720 -8620 764 25863 2678 18301 END
START -7856 -8300 -1952 22817 2478 21389 END
START -7360 -7848 -4200 19551 1733 24589 END
START -5968 -7236 -6500 15794 837 26927 END
START -5768 -6692 -8352 11608 750 29070 END
START -6764 -6760 -8064 6092 296 30812 END
START -3168 -6124 -12704 601 2425 32767 END
START -700 -6776 -13660 -6595 2008 32767 END
START 2196 -7340 -9508 -13234 851 32767 END
START 11936 -6504 -5976 -16974 538 32767 END
START 21824 -4076 -1380 -18591 2027 31409 END
START 25144 -2296 732 -18877 5110 21465 END
START 22564 -2704 1168 -20382 4978 13826 END
START 21392 -3568 2836 -22381 2759 9275 END
START 23640 -4076 5212 -24074 2178 6164 END
START 27140 -4220 9884 -26011 5725 1961 END
START 32108 -4068 15068 -25337 10449 -4424 END
START 32767 -3524 16796 -23977 17256 -15587 END
START 29248 -6272 16996 -24402 22382 -27082 END
START 20356 -9448 20244 -24461 21230 -32768 END
START 13328 -11768 25644 -22904 16791 -32768 END
START 7592 -13776 29700 -20019 12398 -32768 END
START 1360 -15444 30784 -17054 12364 -32768 END
START -5472 -15644 30396 -13954 14404 -32768 END
START -21356 -17596 31700 -7828 7146 -32768 END
START -32768 -18088 32767 2792 -14661 -32768 END