START -29480 -8184 6180 10305 -2277 -27193 END
START -23084 -8208 7396 6686 -3522 -21422 END
START -28456 -9464 11472 3410 -643 -15008 END
START -26720 -9848 10936 1348 725 -7746 END
START -25248 -10352 11664 136 707 -2900 END
START -23192 -11020 11964 -575 392 175 END
START -21028 -11608 10896 -1382 1666 2786 END
START -22016 -12160 10824 -2604 3155 6011 END
START -23704 -12592 9928 -4313 4691 10573 END
START -25452 -13184 9132 -6358 5033 16690 END
START -26264 -14012 9260 -8441 5076 24296 END
START -25528 -15336 9604 -10506 4327 32115 END
START -24244 -17244 10496 -12146 1704 32767 END
START -20692 -19536 11692 -13257 -267 32767 END
START -16440 -22768 13284 -14263 -382 32767 END
START -12856 -26064 14676 -14400 -672 32767 END
START -8576 -29700 15932 -14793 -85 32767 END
START -3852 -32284 16564 -15788 3039 32767 END
START 208 -32768 18972 -17745 7807 32767 END