START -31560 -6412 4520 3709 6837 -10241 END
START -26516 -9396 8832 2402 3615 -1844 END
START -23312 -9616 9856 1911 719 6426 END
START -20196 -9964 11076 537 -1464 11021 END
START -14764 -10468 10396 -1663 232 12825 END
START -16780 -11844 12432 -3629 3204 14595 END
START -22184 -12964 13968 -4156 4009 18207 END
START -26316 -14380 14452 -3234 2484 25739 END
START -27540 -15508 12620 -3606 2952 32767 END
START -26740 -17988 10396 -4676 2669 32767 END
START -21936 -19388 9064 -6313 3008 32767 END
START -17868 -21356 8836 -7818 3023 32767 END
START -14984 -22588 9008 -9128 2589 32767 END
START -9436 -24676 8700 -10305 2288 32767 END
START -3496 -25616 9632 -12829 4200 32767 END
START 4344 -25624 13160 -15217 8783 32767 END
START 6552 -26112 16760 -16319 13447 32767 END