START -2928 4792 -2408 13903 -4688 -1414 END
START 1312 552 -18376 15687 -4276 -746 END
START -3372 3764 -6932 13062 -5192 -202 END
START -1072 5496 -5916 13982 -5088 359 END
START -3160 3920 -7260 12991 -5827 867 END
START -2032 4792 -8608 12330 -6282 1288 END
START -2140 4760 -9268 11459 -6873 1590 END
START -1784 4852 -10228 10407 -7251 1975 END
START -2408 4464 -9808 9384 -7581 2371 END
START -1140 4684 -11820 8278 -7976 2803 END
START -1972 4380 -10872 7090 -8136 3219 END
START -1420 4100 -11472 5915 -8419 3571 END
START -1412 4092 -11644 4796 -8604 3933 END
START -1468 3836 -11464 3706 -8620 4292 END
START -1068 3680 -11956 2694 -8690 4646 END
START -1064 3520 -11916 1762 -8722 4999 END
START -932 3320 -11808 814 -8685 5289 END
START -660 3232 -12000 -75 -8676 5534 END
START -640 3152 -11616 -1007 -8625 5730 END
START -380 2908 -11636 -1909 -8581 5924 END
START 100 2792 -11580 -2813 -8472 6104 END
START 576 2792 -11648 -3656 -8105 6137 END
START 1512 2688 -11844 -4553 -7486 6134 END
START 2204 2644 -11684 -5387 -6682 6042 END
START 2708 2328 -11328 -6231 -5777 5836 END
START 3332 2244 -11300 -7023 -4864 5611 END
START 3792 2052 -10972 -7862 -4037 5271 END
START 3836 2156 -10552 -8629 -3265 4886 END
START 3736 2028 -10356 -9318 -2710 4432 END
START 3492 2092 -9956 -10070 -2303 3978 END
START 3220 2004 -9464 -10627 -2138 3581 END
START 2552 1944 -9132 -11199 -2047 3202 END
START 1880 1696 -8836 -11686 -2151 2919 END
START 1280 1672 -8400 -12172 -2365 2708 END
START 648 1460 -7928 -12581 -2740 2601 END
START -368 1480 -7416 -12902 -3231 2613 END
START -916 1428 -7244 -13183 -3811 2777 END
START -1584 1504 -6788 -13357 -4470 2978 END
START -2280 1424 -6212 -13450 -5240 3277 END
START -2800 1276 -6292 -13496 -5948 3667 END
START -3208 1324 -5704 -13510 -6803 4081 END
START -3444 1224 -5716 -13455 -7555 4528 END
START -3740 1060 -5676 -13488 -8352 5032 END
START -3796 1024 -5760 -13529 -8947 5581 END
START -3640 1092 -6012 -13582 -9454 6115 END
START -3600 1012 -6180 -13803 -9741 6685 END
START -3476 1040 -6640 -13973 -9842 7276 END
START -3160 1152 -6928 -14469 -9742 7850 END
START -2452 1192 -7500 -14644 -9409 8389 END
START -1796 1308 -8052 -15572 -8889 8898 END
START -1096 1396 -8320 -16384 -8243 9276 END
START -204 1364 -8492 -17286 -7509 9644 END
START 496 1376 -8512 -18279 -6709 9869 END
START 1356 1336 -8656 -19301 -5725 10025 END
START 2224 1324 -8356 -20437 -4682 10070 END
START 3156 1044 -8320 -21587 -3481 10037 END
START 3840 964 -8152 -22808 -2272 9940 END
START 4376 880 -7620 -24023 -1027 9757 END
START 4616 656 -7308 -25188 84 9609 END
START 4808 400 -6548 -26358 1176 9386 END
START 4796 172 -5948 -27555 2189 9136 END
START 4676 -20 -5028 -28601 3055 8938 END
START 4492 -232 -4332 -29621 3829 8770 END
START 4304 -320 -3780 -30643 4464 8582 END
START 3876 -724 -2784 -31556 5000 8426 END
START 3652 -1012 -1968 -32466 5399 8308 END
START 3144 -1212 -1032 -32768 5624 8199 END
START 2800 -1284 -196 -32768 5592 8134 END
START 2292 -1136 1044 -32768 5470 8168 END
START 2016 -1264 2292 -32768 5260 8187 END
START 1740 -1292 3100 -32768 4985 8304 END
START 1580 -1368 4516 -32768 4645 8436 END
START 1348 -1376 5944 -32768 4320 8527 END
START 1056 -1540 7584 -32768 4001 8736 END
START 860 -1600 9020 -32768 3697 8991 END
START 412 -1668 10472 -32768 3335 9260 END
START 76 -1756 12096 -32768 2871 9569 END
START -40 -1920 13620 -32768 2569 9964 END
START 212 -1872 14556 -32768 2339 10405 END
START 740 -1892 15768 -32768 2300 10814 END
START 1508 -1904 16824 -32768 2471 11174 END
START 2588 -1952 17736 -32768 2850 11389 END
START 3368 -1860 19020 -32768 3279 11577 END
START 4004 -1852 19796 -32768 3792 11618 END
START 4568 -1916 20732 -32768 4207 11653 END
START 5072 -1788 21764 -32768 4551 11568 END
START 5324 -1532 22272 -32768 4801 11438 END
START 5660 -1316 22968 -32768 4968 11292 END
START 6248 -924 23272 -32768 5286 11048 END
START 6340 -684 23996 -32768 5514 10791 END
START 6564 -252 24428 -32768 5692 10513 END
START 6716 72 24704 -32768 6032 10298 END
START 6964 412 25504 -32768 6274 10088 END
START 6964 692 26284 -32768 6499 9851 END
START 7328 832 27000 -32768 6815 9651 END
START 7308 1164 27976 -32768 6893 9390 END
START 7260 1212 29028 -32472 6987 9142 END
START 7088 1452 29956 -32026 6930 8851 END
START 7124 1688 30904 -31490 6734 8567 END
START 6916 1908 31672 -30877 6492 8262 END
START 6680 2320 32312 -30276 6250 7947 END
START 6240 2528 32767 -29673 5932 7722 END
START 5768 2680 32767 -29043 5600 7505 END
START 5248 2900 32767 -28394 5203 7432 END
START 4552 2980 32767 -27809 4745 7478 END
START 4464 3184 32767 -27148 4388 7678 END
START 4696 3340 32767 -26522 4122 7942 END
START 5256 3328 32767 -25864 4033 8308 END
START 6104 3580 32767 -25128 4137 8563 END
START 6992 3684 32767 -24267 4343 8744 END
START 7900 3924 32767 -23339 4714 8820 END
START 8724 4128 32767 -22175 5096 8724 END
START 9564 4228 32767 -20997 5458 8514 END
START 9880 4468 32767 -19727 5801 8225 END
START 10172 4784 32767 -18466 6137 7914 END
START 10348 4996 32767 -17187 6439 7572 END
START 10176 5240 32767 -15921 6684 7240 END
START 10000 5548 32767 -14546 6848 6943 END
START 9888 5932 32767 -13851 6918 6644 END
START 9788 6124 32767 -12868 6862 6332 END
START 9516 6388 32767 -12115 6700 6026 END
START 9228 6404 32767 -11395 6305 5692 END
START 8924 6376 32767 -10761 5790 5398 END
START 8552 6468 32767 -10139 5209 5112 END
START 8208 6472 32767 -9515 4467 4850 END
START 7936 6568 32767 -8998 3742 4658 END
START 7760 6684 32767 -8385 2985 4429 END
START 7572 6660 32767 -7781 2255 4142 END
START 7420 6496 32767 -7158 1598 3892 END
START 7120 6448 32767 -6460 932 3664 END
START 6760 6268 32767 -5831 437 3468 END
START 6168 6100 32767 -5179 -79 3308 END
START 5596 5952 32767 -4544 -578 3206 END
START 4892 5968 32767 -3972 -1137 3207 END
START 4056 5808 32767 -3434 -1647 3251 END
START 3264 5700 32767 -2990 -2106 3349 END
START 2716 5756 32400 -2544 -2425 3542 END
START 2492 5660 31912 -2215 -2606 3802 END
START 2036 5644 31488 -1956 -2684 4120 END
START 1420 5624 31180 -1684 -2640 4478 END
START 972 5372 30588 -1423 -2492 4917 END
START 388 5208 30372 -1157 -2272 5408 END
START -188 5128 29988 -851 -2150 5949 END
START -736 4888 29656 -647 -2029 6599 END
START -1388 4752 29276 -401 -1943 7276 END
START -1844 4812 28648 -235 -1824 8040 END
START -2080 4716 28288 -147 -1781 8799 END
START -2280 4652 28216 -64 -1696 9550 END
START -2440 4400 28204 13 -1643 10357 END
START -2640 4136 28176 127 -1612 11103 END
START -2608 3756 28572 337 -1638 11923 END
START -2628 3512 28556 573 -1693 12932 END
START -2632 3112 28688 898 -1813 13556 END
START -2632 2712 28540 1330 -2079 14473 END
START -2808 2420 28504 1750 -2415 15324 END
START -2640 2180 28224 2169 -2806 16161 END
START -2380 2120 27984 2581 -3102 16982 END
START -1904 1984 27704 2875 -3338 17696 END
START -1336 1820 27544 3166 -3511 18357 END
START -704 1464 27428 3404 -3543 18868 END
START -192 1096 27460 3689 -3567 19396 END
START -80 916 27560 4059 -3601 19795 END
START 144 704 27692 4505 -3660 20186 END
START 232 432 27684 5012 -3751 20545 END
START 388 216 27680 5545 -3982 20883 END
START 460 68 27288 6080 -4173 21189 END
START 660 -160 26972 6598 -4406 21438 END
START 976 -240 26416 7087 -4576 21694 END
START 1160 -368 25984 7429 -4662 21891 END
START 1424 -472 25428 7804 -4639 22112 END
START 1624 -572 25116 8088 -4572 22286 END
START 1752 -528 24656 8365 -4421 22491 END
START 1960 -724 24268 8615 -4284 22673 END
START 2364 -884 23860 8906 -4073 22839 END
START 2468 -944 23548 9184 -3900 23036 END
START 2484 -1332 23284 9483 -3777 23181 END
START 2592 -1516 23108 9779 -3804 23384 END
START 2940 -1532 22724 10114 -3887 23518 END
START 3172 -1616 22412 10455 -3883 23711 END
START 3700 -1524 21816 10720 -3935 23839 END
START 4080 -1528 21584 10958 -3900 23917 END
START 4676 -1732 21288 11237 -3901 23963 END
START 4976 -1948 20800 11507 -3877 23966 END
START 5372 -1860 20148 11810 -3930 23884 END
START 5976 -2004 19756 12105 -3915 23724 END
START 6268 -2124 19344 12387 -3953 23602 END
START 6740 -2204 18596 12633 -3936 23425 END
START 7012 -2192 18064 12780 -3870 23213 END
START 7296 -2140 17152 12935 -3683 23059 END
START 7356 -2076 16776 13017 -3582 22951 END
START 7636 -2072 15964 13074 -3423 22792 END
START 7920 -2176 15368 13134 -3295 22720 END
START 8092 -2268 14936 13094 -3272 22638 END
START 8348 -2284 14592 13086 -3275 22552 END
START 8872 -2172 14040 12998 -3368 22470 END
START 9540 -2216 13628 12936 -3529 22309 END
START 10268 -2272 13564 12874 -3748 22149 END
START 11380 -2428 13224 12831 -4066 21894 END
START 12264 -2288 13164 12814 -4417 21606 END
START 13472 -2132 13020 12782 -4729 21229 END
START 14712 -1792 12840 12805 -4971 20790 END
START 16196 -1656 12988 12822 -5180 20149 END
START 17616 -1264 13040 12846 -5343 19412 END
START 19460 -940 12896 12832 -5365 18537 END
START 21300 -1112 12876 12914 -5206 17432 END
START 22876 -996 12752 13033 -4860 16108 END
START 23888 -880 12772 13164 -4484 14629 END
START 24716 -780 12680 13302 -4159 13095 END
START 25108 -452 12296 13379 -3883 11429 END
START 25076 -364 12048 13350 -3688 9837 END
START 25156 -272 11720 13297 -3547 8280 END
START 24988 -376 11524 13150 -3425 6849 END
START 24736 -292 11660 12973 -3369 5481 END
START 24724 -348 11628 12778 -3244 4190 END
START 24720 -508 11920 12641 -3059 2875 END
START 24548 -484 12304 12554 -2827 1644 END
START 24308 -672 12780 12546 -2520 376 END
START 23836 -876 13276 12622 -2277 -794 END
START 23536 -984 13924 12837 -2100 -1916 END
START 22844 -1256 14628 13114 -1927 -2978 END
START 22100 -1340 14868 13504 -1809 -3996 END
START 21412 -1532 15268 13879 -1718 -4870 END
START 20880 -1692 15540 14328 -1623 -5641 END
START 20628 -1892 15484 14776 -1379 -6295 END
START 20204 -2108 15208 15332 -1028 -6917 END
START 19928 -2252 15128 15885 -588 -7483 END
START 19712 -2256 14784 16434 -143 -8042 END
START 19204 -2324 14428 16896 266 -8543 END
START 18700 -2308 13916 17297 642 -9031 END
START 18292 -2228 13424 17622 920 -9506 END
START 18100 -2240 13296 17885 1097 -9890 END
START 18080 -2104 12636 18027 1192 -10295 END
START 18316 -1952 12516 18198 1299 -10688 END
START 18684 -1784 12332 18350 1398 -11205 END
START 19208 -1692 11820 18541 1474 -11778 END
START 19764 -1544 11760 18726 1603 -12543 END
START 20168 -1488 11332 18893 1651 -13383 END
START 20676 -1332 10888 19086 1759 -14395 END
START 21076 -1172 10128 19210 1913 -15524 END
START 21464 -1048 9492 19270 2089 -16621 END
START 21464 -1008 9056 19304 2220 -17899 END
START 21400 -860 8364 19307 2298 -19151 END
START 21216 -932 7724 19218 2349 -20370 END
START 21212 -780 6940 19075 2364 -21618 END
START 21176 -648 6104 18871 2367 -22916 END
START 21084 -728 5120 18611 2317 -24210 END
START 21008 -844 4120 18289 2308 -25508 END
START 20428 -864 3156 17832 2181 -26791 END
START 19676 -980 2136 17296 2054 -27970 END
START 18912 -1092 1028 16693 1910 -29101 END
START 17612 -1144 412 15999 1643 -30099 END
START 16304 -1236 -632 15222 1291 -30969 END
START 15016 -1172 -1260 14295 953 -31656 END
START 13532 -1360 -2240 13300 568 -32208 END
START 11520 -1880 -3100 12175 27 -32620 END
START 10400 -2024 -3744 11046 -437 -32768 END
START 8212 -2316 -4376 9815 -1058 -32767 END
START 6528 -2076 -4796 8523 -1571 -32527 END
START 5036 -1524 -5444 7204 -1921 -32101 END
START 4096 -1188 -5856 5853 -2132 -31579 END
START 2800 -764 -6048 4335 -2344 -30887 END
START 1548 -376 -5924 2757 -2523 -30097 END
START 552 -92 -5540 1229 -2668 -29228 END
START -272 388 -5116 -280 -2790 -28344 END
START -908 444 -4744 -1619 -2871 -27478 END
START -1340 768 -4040 -2925 -2875 -26527 END
START -1640 944 -3468 -4053 -2825 -25668 END
START -1976 1216 -2816 -5068 -2692 -24713 END
START -2032 1496 -1968 -5905 -2408 -23860 END
START -2048 1776 -1188 -6629 -2091 -23046 END
START -2032 1924 -536 -7256 -1727 -22275 END
START -2152 2284 32 -7755 -1416 -21589 END
START -2104 2692 552 -8216 -1101 -20970 END
START -2292 3084 1172 -8701 -862 -20444 END
START -2584 3492 1740 -9117 -810 -19894 END
START -2668 3784 2080 -9612 -862 -19467 END
START -2688 4112 2376 -10054 -946 -18998 END
START -2648 4340 2904 -10544 -1046 -18580 END
START -2660 4684 3352 -10977 -1243 -18142 END
START -2792 5024 3836 -11490 -1491 -17736 END
START -2988 5376 4372 -11904 -1834 -17378 END
START -3412 5648 5280 -12356 -2380 -17014 END
START -3956 5852 6108 -12755 -3134 -16628 END
START -4512 5980 6684 -13135 -4098 -16208 END
START -5052 6012 7704 -13422 -5210 -15659 END
START -5544 6204 8276 -13633 -6387 -15049 END
START -5736 6412 9136 -13890 -7500 -14358 END
START -5556 6660 9732 -14007 -8420 -13600 END
START -5128 6972 10460 -14310 -9056 -12953 END
START -4616 7184 11304 -14614 -9489 -12298 END
START -4160 7396 12440 -14725 -9726 -11787 END
START -3644 7620 13596 -14684 -9785 -11328 END
START -3152 7748 14840 -14772 -9718 -11015 END
START -2776 7912 16224 -15134 -9488 -10764 END
START -2328 8060 18224 -14765 -9023 -10535 END
START -2028 8136 19408 -14904 -8433 -10392 END
START -2044 8296 20844 -14495 -7625 -10271 END