START -14556 4724 24852 -2343 4380 -2046 END
START -9260 204 28392 -1753 2685 -2818 END
START -7996 348 28316 -980 2549 -2464 END
START -9268 -112 30376 1243 499 -2603 END
START -15012 -524 32767 5063 -1671 -2717 END
START -15604 -1716 32767 8919 -3775 -2199 END
START -16480 -2392 32428 12547 -4571 -341 END
START -16184 -2572 30160 15712 -4343 1806 END
START -16908 -1812 28892 18021 -3874 4757 END
START -15020 -396 27844 20075 -2494 7749 END
START -11740 -1168 26628 21827 1053 8318 END
START -11332 -5216 24304 23388 6583 8057 END
START -14416 -9032 20456 25456 9681 9571 END
START -16376 -10768 14428 27351 8451 13208 END
START -17172 -11188 5536 28035 2696 17845 END
START -13656 -9452 -2804 25780 -3966 22594 END
START -8504 -8000 -7196 20252 -5593 25883 END
START -4392 -7312 -8712 14120 -4151 28258 END
START -2068 -6952 -9192 8213 -2098 30407 END
START 1144 -6420 -8996 2790 -1769 32168 END
START 4232 -5688 -7124 -878 -2362 32362 END
START 5364 -5436 -5836 -3357 -4359 31999 END
START 8664 -4592 -6640 -6050 -6428 31620 END
START 12828 -3584 -6092 -9898 -6282 29594 END
START 17140 -2416 -3568 -13274 -5026 25853 END
START 19896 -1512 -1224 -16323 -2693 20116 END
START 19552 -1332 1332 -18026 -1983 15465 END
START 21904 -844 3436 -19647 -2752 11121 END
START 23972 -600 6920 -20935 -2050 6612 END
START 27208 376 9392 -21932 -286 1085 END
START 27576 828 11196 -23069 2967 -4964 END
START 26012 1336 14316 -24370 6486 -10519 END
START 22624 1596 17412 -24545 9159 -14913 END
START 20268 1672 21756 -24304 10104 -18962 END
START 16868 1092 25240 -23295 10533 -23427 END
START 10748 -112 29288 -22193 9263 -27837 END
START 3352 -1068 32767 -19372 3619 -29971 END
START 244 -1400 32767 -15588 -1512 -30120 END
START -1480 -3424 32767 -12262 -1043 -31335 END
START -8688 -5924 32767 -7084 -1675 -31716 END
START -19316 -8388 32767 1139 -6680 -28360 END
START -20912 -9348 32767 10268 -11188 -20708 END
START -19456 -10176 32767 19901 -8101 -13456 END
START -14388 -9484 32767 28465 -1839 -7420 END
START -10540 -9144 32767 32767 2648 -3797 END
START -7644 -8744 32767 32767 4123 -1875 END
START -5088 -9240 32767 32767 3475 -813 END
START -2824 -9796 24852 32767 2002 -751 END
START -1024 -10624 17248 32767 1142 -1285 END
START 752 -10088 9648 32767 813 -2743 END
START -128 -9948 4484 32767 1927 -3335 END
START -960 -9076 -1740 32767 3800 -2186 END
START 544 -7124 -8004 32767 5150 -593 END
START 908 -3724 -14572 29822 5784 -216 END