START 32 4216 -9464 -4345 -6831 6311 END
START 5460 -952 -25360 -3697 -6803 6457 END
START 1492 7328 -9884 -7099 -8382 6284 END
START 5176 5020 -13372 -7788 -6932 6102 END
START 3160 4132 -10516 -9572 -7712 5700 END
START 5552 5380 -12072 -11359 -7224 5130 END
START 4924 4708 -10300 -13073 -6612 4437 END
START 5972 4500 -10280 -14659 -5658 3665 END
START 6196 4396 -8912 -15490 -4255 2913 END
START 5504 4192 -7408 -16465 -2908 2247 END
START 5320 4040 -6788 -17106 -1541 1594 END
START 4364 3672 -5792 -17513 -77 965 END
START 3396 3548 -5012 -17718 1344 458 END
START 2448 3180 -4520 -17862 2685 15 END
START 1760 3176 -4224 -17935 3813 -254 END
START 512 3040 -3684 -17909 4875 -412 END
START -576 3188 -3500 -17892 5763 -436 END
START -1816 2608 -3832 -17866 6569 -259 END
START -2860 2072 -3688 -17861 7018 113 END
START -4192 1800 -2928 -18017 6683 727 END
START -4900 1968 -2404 -18268 5875 1320 END
START -5112 1920 -3688 -18573 5375 1928 END
START -5116 2072 -3636 -18855 5062 2563 END
START -4936 1940 -3824 -19215 4670 3244 END
START -4696 1508 -3556 -19515 4253 3907 END
START -4408 996 -3416 -19897 3709 4511 END
START -4128 432 -3388 -20163 3200 5086 END
START -3484 -16 -3636 -20514 2699 5589 END
START -2880 -124 -3960 -20856 2229 6076 END
START -2012 -312 -4440 -21376 1840 6441 END
START -872 -420 -4836 -21960 1600 6696 END
START 28 -576 -5056 -22766 1434 6879 END
START 796 -840 -5280 -23675 1364 6811 END
START 1688 -1004 -5204 -24791 1315 6644 END
START 2516 -1508 -4800 -25883 1342 6302 END
START 3192 -1988 -4520 -26860 1482 5861 END
START 3720 -2476 -4052 -27891 1719 5326 END
START 3864 -2724 -3368 -28734 1975 4736 END
START 3808 -3064 -2792 -29523 2248 4147 END
START 3644 -3248 -2032 -30197 2530 3501 END
START 3148 -3616 -1292 -30838 2830 2938 END
START 2564 -3848 -376 -31401 3115 2388 END
START 1824 -4172 460 -31874 3385 1931 END
START 860 -4436 1196 -32236 3637 1582 END
START -236 -4656 2180 -32478 3866 1312 END
START -1324 -4892 2792 -32628 4018 1160 END
START -2316 -5136 3312 -32656 4219 1142 END
START -3492 -5392 3792 -32648 4413 1285 END
START -4608 -5576 4216 -32555 4456 1497 END
START -5620 -5828 4276 -32450 4370 1849 END
START -6568 -5968 4192 -32391 4193 2391 END
START -7296 -5720 4160 -32368 3877 3014 END
START -7704 -5504 3488 -32562 3577 3852 END
START -7904 -5268 3280 -32768 3365 4762 END
START -7724 -5048 3028 -32768 3273 5670 END
START -7552 -4844 3124 -32768 3221 6692 END
START -7116 -4620 3368 -32768 3244 7710 END
START -6364 -4540 3940 -32768 3407 8655 END
START -5360 -4392 4536 -32768 3655 9528 END
START -4248 -4288 5032 -32768 4023 10290 END
START -3020 -4168 6004 -32768 4535 10911 END
START -1984 -3880 7068 -32768 5189 11396 END
START -1180 -3716 8344 -32768 5851 11768 END
START -596 -3264 9724 -32768 6436 12087 END
START -12 -2992 11116 -32768 6956 12228 END
START 328 -2796 12948 -32768 7405 12721 END
START 1080 -2576 14040 -32768 7848 12772 END
START 1888 -2644 15416 -32768 8400 12707 END
START 3064 -2688 16668 -32768 8880 12713 END
START 4024 -2708 18156 -32768 9357 12581 END
START 5740 -2464 18980 -32768 9965 12510 END
START 6624 -2148 20464 -32768 10576 11858 END
START 7956 -1688 21388 -32768 11231 11154 END
START 8452 -1304 22652 -32768 11789 10301 END
START 8856 -912 23888 -32768 12094 9371 END
START 9040 -596 25212 -32768 12203 8452 END
START 8944 -28 26340 -32768 11957 7464 END
START 9212 452 26864 -32768 11671 6576 END
START 9204 1044 28028 -32768 11333 5674 END
START 9424 1676 28812 -32768 10959 4802 END
START 9628 2156 29672 -32768 10709 3941 END
START 9880 2540 30760 -32768 10555 3043 END
START 10140 2760 32152 -32768 10505 2147 END
START 10000 3092 32767 -32768 10536 1332 END
START 9584 3328 32767 -32768 10559 443 END
START 9156 3480 32767 -32768 10608 -345 END
START 8520 3684 32767 -32768 10639 -1062 END
START 7524 3816 32767 -32768 10589 -1751 END
START 6620 3896 32767 -31848 10416 -2284 END
START 5452 4012 32767 -30658 10190 -2727 END
START 3872 4324 32767 -29321 9732 -3101 END
START 2884 4568 32767 -28013 9188 -3274 END
START 1972 4532 32767 -26633 8657 -3401 END
START 1096 4392 32767 -25350 8087 -3413 END
START 412 4300 32767 -23962 7474 -3379 END
START -112 4056 32767 -22634 6799 -3236 END
START -404 4048 32767 -21437 6075 -3122 END
START -752 3852 32767 -20229 5279 -2864 END
START -892 3876 32767 -19181 4594 -2561 END
START -760 4104 32767 -18419 4124 -2209 END
START -448 4356 32767 -17832 3991 -1836 END
START 168 4508 32767 -17406 4101 -1433 END
START 828 4524 32767 -17028 4495 -1049 END
START 1520 4412 32767 -16706 4959 -778 END
START 2172 4140 32767 -16216 5480 -524 END
START 2728 4016 32767 -15580 5985 -458 END
START 3148 3836 32767 -14674 6395 -424 END
START 3176 3748 32767 -14196 6703 -465 END
START 3052 3860 32767 -13051 6864 -543 END
START 3120 3916 32767 -12015 6962 -612 END
START 2996 4000 32767 -10918 6920 -654 END
START 2824 4048 32767 -9822 6794 -728 END
START 2852 4064 32767 -8743 6628 -789 END
START 2920 4200 32767 -7727 6454 -877 END
START 2896 4196 32767 -6634 6231 -1027 END
START 2956 4148 32767 -5547 5999 -1232 END
START 2864 4228 32767 -4469 5694 -1422 END
START 2528 4048 32767 -3401 5392 -1686 END
START 2152 4020 32767 -2456 5040 -1844 END
START 1516 3880 32767 -1443 4507 -2008 END
START 1204 3860 32767 -507 3876 -2078 END
START 784 3808 32767 311 3276 -2165 END
START 636 3884 32767 1081 2644 -2234 END
START 216 3892 32767 1798 1933 -2274 END
START -208 3884 32767 2432 1149 -2350 END
START -736 4108 32767 3015 405 -2436 END
START -1244 4196 32644 3471 -313 -2379 END
START -1524 4388 31588 3839 -1075 -2277 END
START -1900 4496 30776 4201 -1782 -2104 END
START -2072 4552 29972 4526 -2464 -1890 END
START -2180 4476 29284 4809 -2983 -1659 END
START -2232 4436 28784 5112 -3484 -1413 END
START -2388 4348 28444 5456 -3971 -1160 END
START -2468 4280 27928 5882 -4469 -909 END
START -2600 4044 27556 6349 -4982 -639 END
START -2864 3860 26832 6850 -5541 -336 END
START -2760 3920 26072 7291 -6080 -51 END
START -2744 3836 24992 7659 -6593 225 END
START -2452 3896 24216 7964 -6952 498 END
START -2148 3856 23692 8179 -7201 695 END
START -1852 3828 22656 8273 -7303 868 END
START -1572 3728 21852 8337 -7351 996 END
START -1444 3652 20992 8353 -7272 1074 END
START -1484 3508 20264 8250 -7217 1161 END
START -1628 3328 19620 8209 -7150 1219 END
START -1808 3348 18908 8114 -7115 1310 END
START -2204 3228 18272 7975 -7072 1438 END
START -2620 3176 17528 7831 -7108 1617 END
START -3048 3028 17156 7637 -7176 1800 END
START -3536 2996 16632 7362 -7301 2046 END
START -3988 2760 16272 7072 -7466 2296 END
START -4412 2816 15880 6750 -7606 2559 END
START -4948 2748 15692 6386 -7757 2925 END
START -5496 2484 15708 6067 -7961 3309 END
START -6140 2088 15820 5825 -8194 3778 END
START -6808 1772 15772 5602 -8479 4305 END
START -7188 1496 15800 5435 -8764 4949 END
START -7864 1436 15804 5256 -8908 5589 END
START -8192 1600 15888 5094 -9019 6327 END
START -8836 1508 16020 4932 -9019 7135 END
START -9284 1340 16096 4707 -8859 7985 END
START -9916 1224 16452 4503 -8684 8930 END
START -10504 1188 16576 4282 -8398 9876 END
START -11232 1040 17104 4108 -8129 11068 END
START -12108 632 17632 4050 -7921 12472 END
START -12888 232 18104 4061 -7889 13692 END
START -13416 36 18400 4140 -7928 15224 END
START -13728 -256 18768 4276 -7910 16689 END
START -13664 -144 18992 4445 -7740 18360 END
START -13436 -300 19064 4564 -7369 19886 END
START -13232 -516 19264 4617 -6883 21420 END
START -12908 -676 19444 4662 -6265 22881 END
START -12440 -1116 19604 4655 -5552 24270 END
START -12180 -1364 19772 4656 -4637 25755 END
START -11836 -1712 20144 4587 -3741 27159 END
START -11460 -2084 20388 4564 -2731 28636 END
START -10868 -2532 20900 4545 -1705 30178 END
START -9884 -3104 21524 4542 -730 31665 END
START -8380 -3400 22184 4600 222 32767 END
START -6140 -3640 22844 4700 1332 32767 END
START -3856 -3740 23708 4849 2359 32767 END
START -1792 -3932 24736 5117 3190 32767 END
START 300 -4196 25936 5478 3620 32767 END
START 1912 -4384 27116 5999 3621 32767 END
START 3496 -4412 28228 6673 3265 32767 END
START 5016 -4224 28884 7450 2641 32767 END
START 6296 -4072 29068 8303 1860 32767 END
START 7608 -3744 29348 9202 1073 32767 END
START 8808 -3452 29140 10044 226 32144 END
START 9868 -3160 29064 10938 -701 31143 END
START 10816 -2912 28864 11748 -1583 30047 END
START 11368 -2708 28764 12559 -2564 28846 END
START 11824 -2528 28644 13349 -3595 27670 END
START 12332 -2456 28252 14009 -4550 26516 END
START 12752 -2124 28068 14691 -5291 25439 END
START 13368 -1940 27844 15353 -5828 24378 END
START 14036 -1784 27624 16022 -6144 23475 END
START 14692 -1684 27912 16693 -6388 22646 END
START 15820 -1516 27996 17419 -6584 21812 END
START 16520 -1468 28036 18232 -6763 20866 END
START 17328 -1456 27864 19019 -6877 19995 END
START 17972 -1504 27856 19829 -7000 19046 END
START 18632 -1428 27600 20605 -7061 18059 END
START 19428 -1348 27284 21392 -6930 17107 END
START 20044 -1068 27216 22121 -6676 16139 END
START 20660 -1052 26892 22872 -6313 15129 END
START 21248 -1168 26620 23638 -5821 14109 END
START 21472 -1248 26232 24478 -5299 13007 END
START 21904 -1260 25868 25258 -4703 12162 END
START 22220 -1368 25228 26134 -4086 11047 END
START 22224 -1452 24712 26931 -3531 10079 END
START 22336 -1416 23612 27765 -2930 9048 END
START 22556 -1384 22540 28547 -2392 8092 END
START 22792 -1544 21492 29297 -1968 7070 END
START 23296 -1568 19980 29942 -1493 6040 END
START 23916 -1448 18464 30542 -1043 4955 END
START 24676 -1392 16956 30886 -597 3839 END
START 25500 -984 15352 31052 -134 2584 END
START 26040 -660 13708 31086 253 1213 END
START 26336 -524 12360 30933 459 -246 END
START 26576 -472 10948 30713 448 -1777 END
START 26588 -408 9152 30359 339 -3397 END
START 26296 -380 6864 30076 119 -4900 END
START 26024 -308 5304 29608 -218 -6373 END
START 25384 224 2832 28905 -611 -7835 END
START 24656 680 656 27810 -1010 -9255 END
START 23872 1260 -1396 26486 -1571 -10598 END
START 23136 1648 -2704 24742 -2233 -11908 END
START 22488 2052 -3616 22762 -3005 -13186 END
START 22088 2432 -3964 20784 -3671 -14336 END
START 22016 2684 -4184 18787 -4153 -15526 END
START 22132 2772 -3644 16901 -4552 -16709 END
START 21900 2540 -3176 15242 -4791 -17972 END
START 21488 2036 -2040 14019 -4955 -19212 END
START 20892 1564 -1384 13109 -5048 -20385 END
START 20184 972 -888 12489 -5103 -21533 END
START 19448 904 -900 11936 -5046 -22547 END
START 18832 944 -792 11407 -4865 -23414 END
START 18188 1032 -776 10773 -4691 -24202 END
START 17408 1044 -272 10127 -4449 -24850 END
START 17292 952 -212 9438 -4299 -25493 END
START 17152 844 104 8939 -4127 -26079 END
START 17188 660 184 8458 -3925 -26789 END
START 16988 436 316 8098 -3717 -27503 END
START 16744 372 244 7831 -3415 -28271 END
START 16320 180 64 7511 -3119 -29074 END
START 15772 32 -356 7208 -2761 -29832 END
START 15296 4 -860 6828 -2468 -30514 END
START 14560 -28 -1176 6346 -2117 -31135 END
START 13872 -136 -1484 5783 -1811 -31722 END
START 13356 -196 -1648 5176 -1491 -32268 END
START 13028 -228 -1916 4560 -1204 -32746 END
START 12892 -132 -2176 3908 -888 -32768 END
START 12420 -308 -1872 3335 -666 -32768 END
START 11656 -388 -1908 2753 -611 -32768 END
START 10768 -732 -2080 2393 -728 -32768 END
START 9392 -980 -2264 1923 -1000 -32768 END
START 8140 -1164 -2744 1487 -1413 -32768 END
START 6640 -1188 -3080 929 -1898 -32768 END
START 4708 -956 -3772 317 -2505 -32768 END
START 2696 -852 -4092 -497 -3318 -32768 END
START 1136 -608 -4500 -1353 -4202 -32768 END
START -432 -560 -4508 -2341 -5145 -32768 END
START -1312 -576 -4556 -3314 -6168 -32768 END
START -2652 -672 -4472 -4366 -7234 -32768 END
START -3920 -492 -3992 -5523 -8216 -32768 END
START -5092 -576 -2980 -6603 -9203 -32768 END
START -6236 -188 -2040 -7586 -10115 -32477 END
START -7504 -32 -684 -8475 -10878 -31813 END
START -8688 20 876 -9219 -11519 -31141 END
START -9996 24 2560 -9693 -11892 -30395 END
START -11540 112 4288 -9931 -12143 -29570 END
START -13208 220 6088 -10025 -12188 -28608 END
START -15108 316 7360 -9881 -12237 -27458 END
START -17028 1108 8384 -9769 -12100 -26155 END
START -18756 1392 9472 -9614 -11772 -24707 END
START -20732 1720 9812 -9425 -11140 -22931 END
START -21844 2084 10092 -9301 -10159 -21027 END
START -23012 2172 10344 -9218 -8859 -18931 END
START -24856 2280 11148 -9151 -7652 -16778 END
START -26520 2548 11840 -9291 -6531 -14373 END
START -27692 2964 12580 -9328 -5665 -11831 END
START -28576 3368 12956 -9361 -4713 -9077 END
START -28556 3704 12740 -9456 -3756 -6330 END
START -28676 3964 13328 -9568 -2766 -3499 END
START -28140 4152 13700 -9658 -1920 -809 END
START -27472 4116 14104 -9758 -1040 1772 END
START -26048 3860 14640 -9954 -144 4246 END
START -24392 3620 15588 -10163 766 6458 END
START -22524 3392 16228 -10230 1672 8460 END
START -20320 3364 17484 -10374 2614 10112 END
START -18016 3176 18200 -10371 3541 11503 END
START -15236 3060 19376 -10293 4308 12394 END
START -12636 3132 20444 -10132 5171 12923 END
START -9444 2356 21424 -9756 5982 13318 END
START -7364 2620 22880 -9137 6548 13101 END
START -5556 3248 23912 -8486 6951 12889 END
START -4316 3756 25192 -7699 6819 12227 END
START -3244 4056 25948 -6766 6243 11172 END
START -2260 4332 26460 -5746 5580 10156 END
START -1664 4636 26520 -4697 4682 9090 END
START -1284 4872 26248 -3647 3739 8019 END
START -1460 5012 25964 -2596 2647 7123 END
START -1732 5224 25152 -1594 1419 6356 END
START -2004 5504 24488 -697 202 5738 END
START -2376 5860 23076 -34 -887 5307 END
START -2792 6244 22428 498 -1831 4970 END
START -2888 6724 21592 876 -2674 4780 END
START -2964 7108 20736 1152 -3247 4684 END
START -3096 7344 19964 1367 -3560 4678 END