START -28080 -7184 1080 22295 -6514 -19836 END
START -22104 -9892 -1380 19459 -14756 -12993 END
START -25512 -8624 -1256 13113 -12812 -4717 END
START -21096 -8556 -4864 4934 -5414 3094 END
START -22172 -9344 -3376 -2496 -656 9292 END
START -20468 -10880 -1484 -8136 3047 12808 END
START -22860 -12804 1624 -11355 3563 16272 END
START -25676 -14476 3828 -12007 572 21733 END
START -26864 -16000 5292 -11688 -3663 29512 END
START -24576 -17236 4824 -12136 -5131 32767 END
START -21956 -19632 4512 -13922 -5170 32767 END
START -18248 -22404 4844 -16911 -3933 32767 END
START -13676 -25956 6376 -20782 -1307 32767 END
START -11252 -30028 9344 -24622 3312 32767 END
START -6460 -32768 13172 -27790 7366 32767 END
START -984 -32768 17912 -30342 12737 32767 END
START 2404 -32768 22804 -31503 15332 32767 END
START 9532 -32768 28684 -29710 14944 32767 END
START 12216 -32768 31216 -25432 11335 32767 END