START -752 7796 -1604 -1799 8110 4565 END
START 7772 6028 -2180 468 -1122 3232 END
START -5564 4888 7160 1385 -4566 1950 END
START -492 4692 3008 668 -3187 837 END
START 2908 5128 -2516 -1849 -4400 -10 END
START -1140 5000 -1632 -4453 -6627 -126 END
START 520 5344 -2752 -8498 -7447 -375 END
START 1532 4864 -2272 -12648 -5947 -565 END
START 2516 4292 -1776 -16913 -3684 -1021 END
START 2436 2704 -40 -20130 -3336 -2588 END
START 1208 1244 1412 -21816 -4040 -3978 END
START -376 368 1344 -23591 -3835 -4633 END
START -2324 -864 1356 -26035 -3808 -4559 END
START -2564 -1900 2216 -29213 -4216 -4410 END
START -1868 -3424 4400 -32431 -3700 -4641 END
START -916 -4280 8296 -32768 -3191 -5490 END
START -980 -4832 13016 -32768 -2604 -6618 END
START -664 -4972 17644 -32768 -2032 -7654 END
START -1132 -4712 23220 -32768 -1164 -9061 END
START -1708 -4776 29532 -32768 497 -10197 END
START -3680 -4620 32767 -31488 2349 -11327 END
START -6784 -4544 32767 -24837 728 -12102 END
START -7416 -3732 32767 -17747 623 -12298 END
START -10296 -3028 32767 -10234 -15 -12265 END
START -12552 -2520 32767 -2228 -358 -10986 END
START -15996 -832 32767 1852 -3516 -8574 END
START -13928 -1012 32767 2319 -387 -5612 END
START -12500 -3312 32767 4735 5816 -2849 END
START -13972 -4684 32767 9926 7102 -1209 END
START -16832 -5564 32767 16328 3390 857 END
START -17396 -5868 29144 20681 1622 4224 END
START -15876 -5624 23284 22490 3346 8182 END
START -14188 -5608 18180 22020 5190 11713 END
START -11368 -5072 13628 19706 6481 13369 END
START -10784 -4984 10764 17018 7372 14353 END
START -10544 -5512 9076 14751 7852 15942 END
START -9428 -5232 7628 13479 6990 17842 END
START -7808 -5216 6020 12617 5621 19087 END
START -6672 -4908 4112 11723 4434 20704 END
START -5932 -4588 1616 10022 4307 22892 END
START -2548 -3560 -1488 6617 4109 23910 END
START -252 -3372 -2868 2281 3526 23149 END
START 1240 -3064 -2924 -2053 1408 22334 END
START 2948 -2820 -880 -5798 -66 21461 END
START 4944 -2592 980 -8349 -8 20307 END
START 7012 -2124 2024 -10359 -624 18096 END
START 8104 -1772 3076 -12380 -2049 15933 END
START 11816 -1384 6300 -15027 -3098 13820 END
START 12980 -820 9508 -16314 -2349 10926 END
START 12844 -756 11760 -16996 -1807 8577 END
START 15712 -244 13220 -17863 -1636 5400 END
START 18160 64 16588 -18416 -682 58 END
START 17920 -196 19616 -17847 264 -5255 END
START 15724 -1172 21832 -16658 1034 -9989 END
START 15416 -1440 23568 -14411 1658 -14095 END
START 15768 -2000 24720 -12074 3400 -19853 END
START 11884 -3392 24784 -9526 4640 -24987 END
START 9108 -4836 24032 -7265 5258 -29087 END
START 7208 -5656 23624 -5059 5272 -32768 END
START 4676 -6452 22648 -3395 5192 -32768 END
START 532 -8152 21820 -1935 5122 -32768 END
START -4776 -10496 20544 -758 5117 -32768 END
START -13248 -12020 19772 1301 5319 -32768 END
START -18328 -12864 19468 2192 4928 -32768 END
START -22600 -13960 19448 3899 4941 -30518 END
START -25492 -12864 18796 5879 3313 -22656 END
START -25800 -11340 16520 6897 1928 -14974 END
START -23788 -9712 14856 6256 -185 -7978 END
START -19848 -7384 13944 4401 -419 -3077 END
START -17444 -5740 13688 2241 810 1037 END
START -13112 -4804 14548 1665 1967 4431 END