START 336 7480 364 16863 -3375 -2065 END
START 3248 644 -12956 18354 -2760 -1686 END
START 1452 8068 -772 16268 -3478 -1734 END
START 1080 6836 -1652 17161 -2899 -1560 END
START -512 6232 -1680 16497 -4012 -1424 END
START 920 6792 -4200 16225 -4693 -1332 END
START -744 6356 -3372 15726 -5387 -1284 END
START 1660 6672 -6992 15088 -5684 -1235 END
START 684 6384 -6444 14348 -5829 -1140 END
START 1672 6492 -7784 13418 -6088 -1177 END
START 1576 6404 -8228 12393 -6227 -1142 END
START 1492 6304 -8340 11261 -6467 -1160 END
START 2160 6256 -9496 10080 -6529 -1181 END
START 2148 6140 -9920 8885 -6458 -1276 END
START 2324 5856 -10104 7670 -6327 -1384 END
START 2764 5752 -10412 6434 -6130 -1587 END
START 2664 5628 -10392 5132 -5825 -1806 END
START 2756 5440 -10512 3830 -5421 -2021 END
START 2484 5188 -10508 2554 -4958 -2246 END
START 2224 4876 -10044 1362 -4426 -2411 END
START 1608 4528 -9912 228 -3954 -2535 END
START 1096 4184 -9420 -700 -3502 -2549 END
START 700 3904 -9112 -1551 -3128 -2502 END
START 0 3740 -8588 -2377 -2718 -2310 END
START -724 3340 -8360 -3024 -2375 -2077 END
START -1244 3096 -8084 -3597 -2104 -1714 END
START -1812 3016 -7552 -4123 -1951 -1314 END
START -1904 2864 -7400 -4624 -1799 -842 END
START -2064 2692 -7216 -5110 -1662 -430 END
START -1912 2544 -7048 -5575 -1560 -58 END
START -1996 2332 -6816 -6044 -1534 367 END
START -1896 2028 -6776 -6439 -1610 748 END
START -1516 1908 -6496 -6829 -1664 1067 END
START -932 1744 -6624 -7228 -1720 1357 END
START -364 1716 -6656 -7599 -1743 1581 END
START -48 1608 -6600 -8030 -1735 1729 END
START 424 1584 -6640 -8487 -1725 1769 END
START 768 1528 -6700 -8934 -1645 1712 END
START 960 1504 -6676 -9432 -1667 1636 END
START 1220 1408 -6920 -9915 -1571 1569 END
START 1304 1428 -6728 -10488 -1465 1449 END
START 1280 1308 -6668 -11021 -1418 1373 END
START 1016 1108 -6628 -11534 -1395 1299 END
START 920 1096 -6460 -11998 -1372 1274 END
START 704 924 -6192 -12494 -1380 1281 END
START 616 804 -6164 -12916 -1353 1366 END
START 444 808 -5924 -13340 -1366 1413 END
START 104 752 -5768 -13726 -1445 1498 END
START 44 780 -5704 -14124 -1597 1626 END
START -184 680 -5360 -14255 -1677 1704 END
START -368 744 -5496 -14776 -1845 1846 END
START -324 660 -5408 -15056 -1906 2033 END
START -348 768 -5336 -15597 -1969 2221 END
START -192 788 -5280 -16007 -1993 2401 END
START -112 552 -5132 -16524 -1986 2591 END
START 84 656 -4924 -17007 -1952 2749 END
START 236 768 -4804 -17527 -1903 2896 END
START 448 548 -4608 -17996 -1782 2972 END
START 652 600 -4332 -18498 -1646 3065 END
START 900 640 -4136 -19068 -1431 3107 END
START 1160 640 -4060 -19585 -1157 3174 END
START 1420 496 -3948 -20137 -935 3153 END
START 1440 464 -3712 -20747 -597 3203 END
START 1568 316 -3296 -21258 -320 3180 END
START 1796 92 -3320 -21833 -104 3177 END
START 2024 80 -3008 -22418 58 3152 END
START 2260 92 -2768 -23001 211 3112 END
START 2416 -108 -2420 -23577 327 3004 END
START 2688 -44 -2104 -24198 462 2868 END
START 2892 -348 -1728 -24773 529 2657 END
START 2868 -508 -1028 -25344 638 2440 END
START 2896 -652 -476 -25913 674 2241 END
START 2556 -700 -20 -26429 615 2032 END
START 2220 -780 624 -26897 538 1911 END
START 2084 -784 996 -27325 422 1856 END
START 1792 -796 1612 -27751 228 1813 END
START 1516 -936 2348 -28148 76 1885 END
START 1340 -900 2604 -28525 -36 1941 END
START 1324 -1076 3484 -28935 -144 2058 END
START 1136 -1180 4108 -29331 -182 2167 END
START 1116 -1356 4844 -29702 -217 2304 END
START 944 -1652 5480 -30054 -236 2494 END
START 980 -1728 6368 -30323 -257 2704 END
START 1020 -1848 6928 -30585 -262 2936 END
START 1224 -1904 7560 -30753 -249 3181 END
START 1608 -2136 7700 -30906 -136 3446 END
START 2116 -2092 8404 -31084 111 3571 END
START 2792 -2040 8680 -31253 541 3614 END
START 3472 -2072 9188 -31440 1070 3554 END
START 3956 -1992 9488 -31645 1668 3357 END
START 4140 -1992 9996 -31884 2241 3045 END
START 4436 -2028 10404 -32139 2799 2724 END
START 4404 -2116 10860 -32390 3363 2359 END
START 4884 -2116 11000 -32753 3965 1943 END
START 5168 -2236 11556 -32768 4651 1544 END
START 5484 -2280 11928 -32768 5461 1086 END
START 5528 -2336 12420 -32768 6209 625 END
START 5388 -2348 12864 -32768 7071 139 END
START 5220 -2364 13704 -32768 7782 -313 END
START 4724 -2352 14420 -32768 8468 -675 END
START 4520 -2436 15512 -32768 9148 -1014 END
START 4264 -2392 16712 -32768 9718 -1297 END
START 4028 -2560 17732 -32768 10345 -1495 END
START 3524 -2748 19440 -32768 10771 -1765 END
START 3212 -3140 20780 -32768 11121 -1926 END
START 2800 -3284 22452 -32768 11383 -2134 END
START 2432 -3436 24020 -32768 11486 -2297 END
START 1924 -3528 25580 -32768 11595 -2489 END
START 1312 -3568 27056 -32768 11529 -2636 END
START 636 -3440 28532 -32768 11327 -2765 END
START 28 -3556 29656 -32768 11115 -2829 END
START -352 -3496 30976 -32768 10874 -2910 END
START -836 -3496 31924 -32768 10755 -2938 END
START -1512 -3060 32767 -32768 10709 -2877 END
START -1908 -2640 32767 -32768 10743 -2778 END
START -2396 -2140 32767 -32381 10987 -2589 END
START -2880 -1956 32767 -31677 11219 -2356 END
START -3436 -1672 32767 -30953 11481 -2051 END
START -3728 -1440 32767 -30184 11747 -1736 END
START -4156 -1144 32767 -29338 12057 -1332 END
START -4360 -1076 32767 -28371 12358 -951 END
START -4688 -1048 32767 -27361 12570 -596 END
START -4980 -780 32767 -26189 12643 -260 END
START -5272 -568 32767 -25107 12678 61 END
START -5436 -324 32767 -23902 12507 321 END
START -5572 188 32767 -22732 12271 596 END
START -5648 476 32767 -21618 11908 865 END
START -5512 732 32767 -20483 11532 1070 END
START -5180 936 32767 -19404 11127 1274 END
START -5052 1228 32767 -18307 10699 1455 END
START -4992 1612 32767 -17205 10164 1643 END
START -4768 2060 32767 -16219 9659 1784 END
START -4640 2416 32767 -15137 9073 1903 END
START -4260 2804 32767 -14346 8498 2023 END
START -4020 3124 32767 -13281 7909 2106 END
START -3656 3440 32767 -12282 7382 2133 END
START -3288 3784 32767 -11342 6840 2084 END
START -3204 3976 32767 -10364 6332 2068 END
START -3128 4172 32767 -9414 5818 1998 END
START -3044 4336 32767 -8471 5255 1928 END
START -2932 4548 32767 -7466 4691 1841 END
START -3140 4560 32767 -6477 4105 1811 END
START -3140 4740 32767 -5426 3537 1782 END
START -3204 4900 32767 -4388 2949 1814 END
START -3612 5036 32767 -3356 2325 1819 END
START -3708 4988 32767 -2415 1727 1867 END
START -3892 5012 32767 -1411 1129 1950 END
START -3984 4928 32767 -513 518 2006 END
START -4156 4920 32767 267 -78 2062 END
START -4360 4764 32767 992 -657 2165 END
START -4700 4688 32767 1708 -1359 2323 END
START -5104 4728 32767 2304 -2000 2530 END
START -5412 4784 32767 2736 -2545 2742 END
START -5624 4872 32016 3130 -3044 3070 END
START -5816 4780 30960 3376 -3429 3393 END
START -6100 4764 30120 3591 -3801 3767 END
START -6432 4580 29456 3778 -4160 4188 END
START -6812 4304 28972 3966 -4683 4630 END
START -7208 4128 28308 4148 -5310 5102 END
START -7540 3796 27704 4360 -5978 5620 END
START -7788 3840 27224 4532 -6760 6109 END
START -7864 3936 26708 4649 -7423 6642 END
START -7888 3880 25824 4696 -7976 7096 END
START -7732 3864 25472 4678 -8281 7550 END
START -7816 3716 24944 4645 -8391 8015 END
START -7712 3464 24564 4563 -8353 8549 END
START -8048 3104 24188 4524 -8238 9109 END
START -8124 2864 23888 4513 -8056 9725 END
START -8204 2456 23592 4513 -7816 10405 END
START -8684 2184 23200 4552 -7576 11128 END
START -8860 2016 23040 4560 -7452 11984 END
START -9016 1728 22540 4498 -7317 12785 END
START -8956 1576 22312 4401 -7106 13587 END
START -8760 1296 21936 4223 -6807 14398 END
START -8532 1028 21808 3937 -6354 15229 END
START -8272 736 21756 3637 -5870 15978 END
START -8416 288 21732 3392 -5314 16798 END
START -8492 -104 21584 3131 -4691 17612 END
START -8744 -368 21684 2928 -4087 18486 END
START -8776 -652 21596 2735 -3445 19391 END
START -8896 -808 21472 2547 -2723 20406 END
START -8976 -1160 21664 2303 -1929 21406 END
START -8808 -1636 21496 2124 -1062 22440 END
START -8636 -1764 21328 1900 -62 23464 END
START -8248 -2056 21220 1723 1058 24527 END
START -7848 -2392 20956 1547 2374 25526 END
START -7428 -2704 20388 1326 3899 26484 END
START -6904 -3044 20580 1042 5484 27412 END
START -6424 -3152 20728 714 6996 28263 END
START -5732 -3552 21368 385 8372 29088 END
START -4944 -3920 22176 140 9402 29756 END
START -4048 -4080 23040 -19 10307 30356 END
START -2772 -4412 23964 -26 10946 30801 END
START -2004 -4368 24712 187 11353 30986 END
START -644 -4716 25880 585 11621 31001 END
START 636 -5000 26184 1160 11772 30777 END
START 2016 -5016 26256 1818 11937 30374 END
START 3380 -4940 26048 2473 12347 29848 END
START 5056 -4472 25564 3066 12976 29140 END
START 6040 -4216 25172 3525 13275 28374 END
START 6920 -4116 25012 3895 13947 27543 END
START 7588 -3804 25008 4150 13967 26630 END
START 8032 -3616 25004 4380 13965 25666 END
START 8052 -3404 25600 4617 13613 24627 END
START 7948 -3196 25984 4997 12794 23489 END
START 7524 -2848 26308 5448 11483 22382 END
START 7100 -2680 26568 6049 10022 21290 END
START 6688 -2500 26888 6719 8248 20186 END
START 6452 -2448 26968 7432 6451 19184 END
START 6068 -2496 26840 8126 4823 18301 END
START 5932 -2476 26720 8790 3451 17515 END
START 5748 -2404 26516 9478 2363 16901 END
START 5568 -2352 26288 10137 1606 16411 END
START 5592 -2400 26092 10787 1120 16118 END
START 5748 -2396 25788 11446 883 15856 END
START 5828 -2540 25880 12070 857 15753 END
START 6192 -2548 25712 12756 907 15662 END
START 6488 -2584 25512 13411 1028 15550 END
START 6852 -2628 25204 14158 1219 15521 END
START 7268 -2620 24856 14836 1384 15489 END
START 7808 -2452 24424 15518 1502 15456 END
START 8500 -2296 23944 16130 1564 15388 END
START 9240 -2164 23636 16725 1607 15221 END
START 10164 -1964 23276 17257 1609 14976 END
START 10964 -1896 22948 17771 1574 14621 END
START 12028 -1844 22420 18272 1628 14097 END
START 13184 -1616 22260 18747 1764 13464 END
START 14480 -1684 22016 19275 2039 12623 END
START 15840 -1652 21908 19788 2386 12024 END
START 17196 -1556 21744 20389 2842 10847 END
START 18480 -1472 22160 21019 3211 9677 END
START 19744 -1540 21996 21771 3630 8391 END
START 20712 -1408 21952 22535 3917 6951 END
START 21172 -1624 21680 23497 4011 5306 END
START 20708 -2068 20824 24536 3775 3783 END
START 19972 -2320 19504 25758 3140 2327 END
START 19312 -2348 17528 26741 2149 1109 END
START 18812 -2244 15012 27471 1006 -44 END
START 18384 -2048 12544 27878 -194 -1151 END
START 17844 -1692 10412 27902 -1480 -2139 END
START 17520 -1060 8336 27622 -2801 -3113 END
START 17132 -648 6788 26915 -4233 -4065 END
START 16968 -244 5240 26028 -5438 -4911 END
START 16776 -96 3896 24972 -6611 -5799 END
START 16816 188 3040 23744 -7520 -6659 END
START 16620 364 2460 22526 -8230 -7528 END
START 16588 572 2208 21250 -8678 -8364 END
START 16384 704 2172 20103 -8868 -9111 END
START 16480 676 1952 19006 -8723 -9820 END
START 16264 748 1840 17999 -8123 -10529 END
START 16160 740 1832 17168 -7175 -11098 END
START 15904 668 2056 16380 -6142 -11606 END
START 15764 572 2240 15700 -4933 -12068 END
START 15544 412 2436 15025 -3743 -12480 END
START 15600 544 2476 14397 -2560 -12888 END
START 15904 648 2636 13794 -1507 -13368 END
START 15928 860 2928 13221 -562 -13910 END
START 16172 812 3148 12747 183 -14551 END
START 16280 668 2836 12289 770 -15318 END
START 16180 440 2912 11904 1155 -16139 END
START 16072 320 2628 11544 1418 -16964 END
START 15880 212 2472 11207 1546 -17771 END
START 15540 152 2152 10796 1645 -18594 END
START 15132 144 1792 10439 1542 -19431 END
START 14676 88 1440 9999 1365 -20214 END
START 13884 0 1116 9551 1077 -20948 END
START 13044 -100 932 9067 664 -21607 END
START 11976 -56 580 8553 84 -22219 END
START 10860 -188 220 8057 -636 -22737 END
START 10088 -152 -224 7474 -1427 -23176 END
START 9132 -28 -464 6823 -2222 -23627 END
START 8540 8 -784 6174 -3037 -23995 END
START 7740 -72 -928 5412 -3872 -24343 END
START 6928 112 -812 4592 -4655 -24602 END
START 6244 300 -1104 3721 -5413 -24880 END
START 5656 440 -1080 2882 -5928 -25080 END
START 5156 488 -1188 2032 -6292 -25283 END
START 4652 408 -972 1230 -6528 -25445 END
START 4088 492 -584 425 -6734 -25602 END
START 3576 636 -344 -277 -6881 -25718 END
START 3092 688 -248 -984 -6836 -25810 END
START 2684 648 -96 -1689 -6728 -25889 END
START 1952 944 76 -2352 -6502 -25905 END
START 1104 1200 284 -3005 -6271 -25875 END
START 308 1368 180 -3684 -5960 -25795 END
START -784 1680 416 -4391 -5695 -25658 END
START -1932 1796 556 -5120 -5413 -25499 END
START -3056 2324 1200 -5950 -5240 -25350 END
START -4392 2668 1892 -6803 -5174 -25096 END
START -5764 2940 2888 -7593 -5339 -24803 END
START -7256 2988 3968 -8347 -5741 -24419 END
START -8776 3060 5220 -8936 -6414 -23928 END
START -10208 3208 6808 -9446 -7242 -23352 END
START -11332 3236 8128 -9852 -8114 -22732 END
START -12680 3564 9868 -10052 -9139 -22059 END
START -13596 3740 11508 -10276 -10249 -21345 END
START -14776 3952 13352 -10332 -11310 -20565 END
START -15664 3856 15272 -10331 -12330 -19712 END
START -16492 3528 17192 -10102 -13292 -18868 END
START -17244 3560 19484 -9685 -14011 -17953 END