START -812 5152 -2580 4790 -2254 -995 END
START 1256 -1672 -14660 6750 -1199 -432 END
START 1424 9200 -6084 4422 -2965 -292 END
START -2292 5424 -3800 5022 -1931 85 END
START -100 5568 -7840 4297 -3914 138 END
START -488 5944 -7744 3386 -4168 262 END
START -412 5808 -8940 2210 -5210 158 END
START 1396 6028 -11188 898 -5297 73 END
START 1776 6012 -11796 -514 -5614 -105 END
START 604 5908 -10832 -2248 -5392 -296 END
START 1608 6048 -12380 -3908 -5354 -481 END
START 820 5788 -11132 -5639 -4995 -677 END
START 1092 5260 -10976 -7174 -4690 -881 END
START 940 4972 -10472 -8520 -4108 -1039 END
START 824 4584 -9568 -9684 -3330 -1150 END
START 808 4256 -9128 -10580 -2499 -1304 END
START 464 4020 -8220 -11366 -1593 -1373 END
START -180 3648 -7500 -11937 -781 -1422 END
START -852 3600 -6876 -12431 -110 -1427 END
START -1652 3208 -6324 -12822 354 -1301 END
START -2436 2912 -5924 -13161 663 -1110 END
START -2880 2824 -5420 -13478 789 -824 END
START -3400 2604 -5308 -13842 852 -444 END
START -3584 2604 -4912 -14137 853 -62 END
START -3660 2500 -4812 -14631 800 348 END
START -3576 2276 -4800 -14799 755 733 END
START -3452 2008 -4580 -14743 682 1121 END
START -3240 1668 -4556 -15288 572 1447 END
START -3008 1488 -4468 -15361 456 1738 END
START -2900 1400 -4424 -15637 244 2003 END
START -2864 1192 -4648 -15860 82 2275 END
START -2976 884 -4932 -16093 -216 2543 END
START -2884 580 -4988 -16389 -454 2820 END
START -2948 340 -5300 -16804 -719 3141 END
START -2912 360 -5684 -17238 -899 3443 END
START -2840 108 -5684 -17781 -1030 3767 END
START -2768 88 -5788 -18308 -1058 4059 END
START -2540 -176 -5544 -18915 -1024 4357 END
START -2348 -552 -5404 -19478 -930 4576 END
START -2184 -872 -5296 -19941 -810 4808 END
START -2200 -1160 -4980 -20405 -687 5049 END
START -2044 -1516 -4688 -20771 -617 5200 END
START -1688 -1828 -4856 -21132 -465 5411 END
START -1284 -2016 -4920 -21547 -341 5539 END
START -1060 -2212 -4948 -22057 -239 5598 END
START -736 -2240 -4936 -22622 -89 5611 END
START -396 -2436 -4984 -23306 115 5582 END
START -344 -2572 -5040 -24052 390 5577 END
START -268 -2792 -4952 -24788 763 5558 END
START -336 -3056 -5056 -25613 1150 5576 END
START -684 -3036 -4984 -26485 1565 5639 END
START -824 -3140 -4580 -27345 1992 5748 END
START -932 -3316 -4304 -28262 2364 5885 END
START -956 -3416 -3984 -29204 2808 6029 END
START -1216 -3500 -3660 -30155 3300 6191 END
START -1192 -3544 -2960 -31109 3862 6332 END
START -1364 -3760 -2416 -32015 4497 6502 END
START -1700 -3984 -1420 -32768 5072 6682 END
START -1852 -4316 -652 -32768 5607 6952 END
START -2172 -4488 288 -32768 6010 7255 END
START -2580 -4508 1020 -32768 6229 7510 END
START -2896 -4484 2236 -32768 6364 7891 END
START -3488 -4416 3080 -32768 6177 8191 END
START -3836 -4376 3880 -32768 5737 8584 END
START -4244 -4104 4928 -32768 5117 9038 END
START -4372 -4076 5736 -32768 4361 9458 END
START -4400 -3984 6308 -32768 3665 9979 END
START -4320 -3724 7244 -32768 3125 10457 END
START -3880 -3560 8164 -32768 2709 11029 END
START -3276 -3404 9088 -32768 2609 11518 END
START -2568 -3364 10432 -32768 2692 12049 END
START -1816 -3368 11668 -32768 3030 12604 END
START -524 -3300 12892 -32768 3743 12891 END
START 804 -3220 14348 -32768 4727 12810 END
START 2120 -3220 15964 -32768 5855 13266 END
START 3304 -2904 17472 -32768 7107 13149 END
START 4664 -2520 18908 -32768 8370 12875 END
START 5784 -1772 20864 -32768 9710 12938 END
START 6532 -988 22272 -32768 10775 12501 END
START 6860 -668 23924 -32768 11837 11904 END
START 7044 -184 25352 -32768 12436 11465 END
START 7252 192 27020 -32768 12946 10849 END
START 7260 596 28416 -32768 12794 10442 END
START 7696 1180 29544 -32768 12756 9981 END
START 7972 1720 30600 -32768 12495 9454 END
START 8656 2220 31840 -32768 12248 8969 END
START 9340 2624 32767 -32768 11923 8347 END
START 10128 2792 32767 -32768 11643 7645 END
START 10420 2984 32767 -32768 11219 6921 END
START 10756 2976 32767 -32768 10719 6092 END
START 10812 3004 32767 -31967 10035 5246 END
START 10828 3228 32767 -31057 9385 4439 END
START 10512 3544 32767 -30053 8612 3643 END
START 10260 3800 32767 -28940 7955 2996 END
START 9896 3840 32767 -27775 7317 2338 END
START 9704 3812 32767 -26611 6777 1798 END
START 9156 3804 32767 -25290 6364 1368 END
START 8772 3876 32767 -23864 5927 1029 END
START 8284 3852 32767 -22428 5567 774 END
START 7864 3764 32767 -20924 5313 579 END
START 7600 3736 32767 -19459 5143 485 END
START 7284 3652 32767 -18031 5111 441 END
START 7068 3540 32767 -16663 5103 397 END
START 6872 3648 32767 -15213 5199 425 END
START 6708 3568 32767 -14046 5299 451 END
START 6452 3508 32767 -12845 5369 484 END
START 6112 3504 32767 -11635 5457 504 END
START 5736 3556 32767 -10551 5393 533 END
START 5348 3540 32767 -9434 5281 557 END
START 4964 3744 32767 -8401 5086 601 END
START 4528 3856 32767 -7343 4880 667 END
START 4408 3852 32767 -6408 4643 743 END
START 4256 3904 32767 -5520 4409 814 END
START 3984 4000 32767 -4668 4138 869 END
START 3764 4124 32767 -3932 3915 1028 END
START 3512 4212 32767 -3270 3702 1173 END
START 3488 4224 32767 -2674 3486 1398 END
START 3496 4332 32767 -2168 3295 1646 END
START 3548 4436 32767 -1654 2997 1808 END
START 3548 4440 32767 -1090 2682 1957 END
START 3908 4484 32767 -546 2313 2060 END
START 3912 4456 32767 52 1936 2120 END
START 4132 4396 32767 659 1615 2121 END
START 4344 4636 32767 1261 1328 2095 END
START 4232 4608 32767 1813 1064 2057 END
START 4356 4528 32767 2336 809 1999 END
START 4160 4624 32767 2863 451 1947 END
START 3796 4544 32188 3381 63 1965 END
START 3336 4368 31168 3894 -447 1967 END
START 2980 4584 30312 4402 -1070 2051 END
START 2616 4544 29368 4919 -1780 2149 END
START 2364 4636 28508 5360 -2510 2228 END
START 2096 4756 27480 5726 -3285 2282 END
START 1940 4780 26564 6032 -4049 2342 END
START 2032 4828 25576 6253 -4772 2344 END
START 1944 4864 24632 6462 -5496 2316 END
START 1936 4752 23936 6573 -6105 2241 END
START 1760 4648 23104 6684 -6678 2167 END
START 1472 4524 22616 6795 -7213 2083 END
START 1124 4460 22036 6885 -7814 2023 END
START 552 4360 21712 6966 -8450 1982 END
START 252 4372 21456 7047 -9044 2004 END
START -92 4292 20692 7136 -9576 2121 END
START -480 4264 20412 7138 -9992 2236 END
START -796 4056 19892 7079 -10293 2442 END
START -1208 3788 19572 7100 -10515 2720 END
START -1604 3528 19404 7093 -10713 3053 END
START -2360 3284 19196 7073 -11030 3489 END
START -3000 2972 19252 7109 -11415 4005 END
START -3568 2844 18976 7138 -11846 4563 END
START -3924 2712 18696 7131 -12230 5247 END
START -4420 2808 18364 7072 -12418 5894 END
START -4616 2788 18428 6991 -12525 6702 END
START -4900 2684 18488 6903 -12500 7523 END
START -5276 2216 18704 6821 -12460 8375 END
START -5520 1756 19084 6813 -12430 9239 END
START -5824 1192 19340 6838 -12376 10200 END
START -6636 780 19816 6957 -12477 11257 END
START -7520 628 20372 7168 -12604 12467 END
START -8244 520 20740 7405 -12761 13514 END
START -8644 336 20872 7716 -12915 14937 END
START -9116 -48 21376 8063 -13040 16283 END
START -9308 -352 21696 8484 -13200 17725 END
START -9372 -932 21688 8927 -13289 19106 END
START -9400 -1228 21776 9404 -13330 20525 END
START -9280 -1808 22012 9843 -13306 21932 END
START -9460 -2124 21580 10288 -13230 23478 END
START -9252 -2616 21512 10603 -12999 24956 END
START -8936 -2916 20964 10876 -12525 26483 END
START -8600 -3224 20512 11115 -11754 28077 END
START -8180 -3496 20504 11190 -10730 29620 END
START -7648 -3860 20160 11252 -9560 31155 END
START -6600 -4388 20252 11300 -8362 32636 END
START -5440 -4804 20268 11327 -7166 32767 END
START -3996 -5224 20544 11319 -6085 32767 END
START -2504 -5504 20912 11374 -5219 32767 END
START -1000 -5660 21408 11504 -4663 32767 END
START 652 -5596 21832 11687 -4366 32767 END
START 2768 -5612 22228 11889 -4225 32767 END
START 5240 -5700 22444 12171 -4108 32767 END
START 7492 -5752 22888 12502 -4220 32767 END
START 9484 -5452 23368 12885 -4488 32767 END
START 11344 -5160 23960 13425 -4983 32767 END
START 13076 -4800 24608 13951 -5587 32767 END
START 15468 -4384 25316 14617 -6304 32767 END
START 17172 -3900 25376 15467 -6980 31982 END
START 18688 -3356 25524 16357 -7583 30510 END
START 20160 -2864 25504 17308 -8242 28748 END
START 21468 -2232 25088 18251 -8852 26916 END
START 22176 -1840 24384 19185 -9515 24958 END
START 22756 -1548 23404 20022 -10069 23076 END
START 22744 -1140 22072 20753 -10520 21183 END
START 22536 -864 20756 21299 -10929 19385 END
START 22144 -596 19424 21652 -11176 17744 END
START 21932 -268 18280 21754 -11230 16306 END
START 21796 176 16768 21766 -11028 14989 END
START 21824 236 16152 21646 -10720 13838 END
START 22256 264 15844 21438 -10198 12896 END
START 22804 284 15572 21301 -9379 11801 END
START 23568 164 15620 21264 -8497 10912 END
START 24452 288 15776 21293 -7572 9999 END
START 25404 268 16088 21401 -6545 8947 END
START 26512 308 16084 21619 -5477 7833 END
START 27260 428 16084 21917 -4476 6618 END
START 27920 324 15820 22308 -3425 5282 END
START 28204 336 15428 22667 -2548 3974 END
START 28232 268 15024 23061 -1583 2650 END
START 27992 172 14340 23368 -885 1349 END
START 27644 260 13236 23622 -240 62 END
START 27536 256 12688 23758 152 -1035 END
START 27272 388 11816 23777 503 -2157 END
START 27184 388 11032 23710 801 -3275 END
START 27196 496 10092 23563 1081 -4441 END
START 27084 580 9596 23378 1285 -5584 END
START 27176 568 9188 23131 1376 -6746 END
START 27360 516 8704 22961 1404 -7944 END
START 27600 524 8240 22764 1401 -9214 END
START 27744 488 7988 22647 1277 -10418 END
START 27960 644 7312 22496 1194 -11775 END
START 28096 676 6624 22331 1123 -13180 END
START 28248 664 5852 22129 1113 -14644 END
START 28136 672 4952 21827 1076 -16147 END
START 27804 484 4212 21495 1022 -17598 END
START 27032 264 3448 21123 889 -19005 END
START 26428 -168 2080 20715 806 -20213 END
START 25836 -252 696 20271 698 -21275 END
START 25272 -284 -776 19622 684 -22245 END
START 24676 -108 -1700 18722 541 -23196 END
START 24080 256 -2240 17603 245 -24105 END
START 23576 560 -2464 16321 -282 -24999 END
START 23072 548 -2460 14984 -832 -25892 END
START 22700 584 -2380 13637 -1385 -26870 END
START 22204 32 -2492 12385 -1903 -27831 END
START 21564 -508 -2116 11274 -2268 -28774 END
START 20548 -1044 -1772 10238 -2612 -29673 END
START 19652 -1316 -1340 9461 -2791 -30378 END
START 18824 -1248 -940 8815 -2843 -30927 END
START 18300 -1180 -792 8253 -2709 -31363 END
START 18052 -1124 -620 7786 -2380 -31745 END
START 17988 -1128 -396 7280 -1840 -32136 END
START 17904 -1264 -380 6804 -1205 -32589 END
START 17944 -1404 -376 6337 -491 -32768 END
START 17888 -1512 -72 5828 235 -32768 END
START 17476 -1748 -116 5479 809 -32768 END
START 16916 -1660 36 5107 1285 -32768 END
START 16152 -1652 32 4723 1700 -32768 END
START 15404 -1644 -12 4445 1889 -32768 END
START 14784 -1784 -124 4126 1968 -32768 END
START 13744 -1612 -612 3820 1854 -32768 END
START 13056 -1644 -1024 3405 1618 -32768 END
START 12244 -1660 -1544 2898 1289 -32768 END
START 11252 -1576 -1940 2284 855 -32768 END
START 10244 -1420 -2276 1644 373 -32768 END
START 9112 -1332 -2792 824 -218 -32768 END
START 8060 -1212 -2976 -45 -800 -32768 END
START 6880 -1176 -3136 -914 -1484 -32768 END
START 5424 -1168 -3068 -1828 -2243 -32768 END
START 3880 -1216 -3072 -2853 -3020 -32768 END
START 2464 -1324 -2816 -3816 -3784 -32768 END
START 932 -1200 -2488 -4827 -4484 -32768 END
START -872 -940 -2176 -5690 -5166 -32768 END
START -2668 -756 -1868 -6620 -5799 -32768 END
START -4376 -280 -1676 -7507 -6382 -32768 END
START -5808 4 -1164 -8372 -6900 -32768 END
START -7032 492 -696 -9172 -7326 -32768 END
START -7860 1084 -416 -10038 -7568 -31990 END
START -8656 1476 -52 -10928 -7642 -30818 END
START -9104 1748 412 -11806 -7430 -29615 END
START -9632 2080 1548 -12705 -6997 -28406 END
START -9896 2304 2112 -13630 -6287 -27125 END
START -10272 2488 3052 -14566 -5486 -25899 END
START -10684 2648 3836 -15014 -4545 -24730 END
START -10952 2756 4976 -15887 -3507 -23529 END
START -11348 3056 6128 -16472 -2525 -22379 END
START -11980 3240 7744 -17001 -1746 -21315 END
START -12648 3608 9080 -17454 -1002 -20210 END
START -13696 3740 10480 -17668 -585 -19161 END
START -14980 4196 12672 -17855 -391 -18030 END
START -16080 4472 14208 -17796 -525 -16844 END
START -17132 4572 16012 -17698 -936 -15600 END
START -18136 4656 17648 -17349 -1578 -14252 END
START -18692 4752 19076 -16917 -2228 -12798 END
START -19368 4672 20696 -16279 -2836 -11275 END
START -19880 4740 22276 -15481 -3460 -9630 END
START -19724 4468 23188 -14318 -3871 -7913 END
START -19600 4332 24444 -13561 -4185 -6240 END
START -19164 4364 25124 -12373 -4232 -4529 END
START -18376 4488 25880 -11273 -4165 -2936 END
START -17412 4772 26248 -10193 -3917 -1372 END