START 12732 10936 -11740 4904 6298 594 END
START 7832 3092 -14456 2724 148 -927 END
START 2312 1344 -10216 -680 -1509 -1978 END
START -344 536 -8620 -4271 -742 -1777 END
START 124 -116 -8336 -6786 323 -1181 END
START 2628 -552 -10412 -9280 791 -366 END
START 2496 -108 -10412 -12262 558 -402 END
START 3696 -296 -10732 -15784 959 -1156 END
START 4024 -1200 -10812 -19127 1717 -2091 END
START 5244 -1944 -12120 -23435 2132 -3268 END
START 5660 -3104 -11440 -28089 2768 -5561 END
START 3420 -5360 -10176 -32397 2959 -7690 END
START 1344 -7152 -9340 -32768 625 -8502 END
START 1320 -9028 -6436 -32768 -627 -8563 END
START 3240 -10812 -1640 -32768 1154 -8958 END
START 3932 -12924 8008 -32768 4013 -11011 END
START 2840 -14036 20296 -32768 3444 -13042 END
START 2320 -13716 32584 -32768 5018 -16586 END
START -4616 -13676 32767 -32768 6771 -19529 END
START -12348 -12668 32767 -32768 5920 -18764 END
START -15656 -10688 32767 -30996 4941 -15236 END
START -17536 -8544 32767 -23333 5569 -11913 END
START -17508 -6836 32767 -16481 5115 -8209 END
START -15832 -5188 32767 -9645 6376 -5991 END
START -16768 -4288 32767 -2669 6737 -4333 END
START -17832 -4124 32767 4789 4771 -2132 END
START -17780 -4616 32767 11727 1506 552 END
START -15672 -5260 32767 18133 -1332 3460 END
START -11976 -5872 32767 23278 -2234 4813 END
START -10004 -6864 32767 26714 -1726 5187 END
START -9728 -7964 30788 29402 -1270 5309 END
START -10148 -8968 26552 31916 -1363 5893 END
START -10452 -9520 22052 32767 -1413 7050 END
START -10344 -10216 16740 32767 -998 8447 END
START -9592 -10428 11892 32767 755 10046 END
START -9144 -10528 7488 32767 3034 11908 END
START -9020 -10228 2996 32606 5036 14070 END
START -10496 -10324 -1196 29941 5379 17024 END
START -10060 -9308 -5524 25722 4239 21278 END
START -8968 -8248 -9204 20753 1658 25238 END
START -7168 -6840 -12212 15277 -2300 28217 END
START -4892 -6100 -13104 9558 -5795 30546 END
START -2228 -5688 -13048 4364 -5564 32767 END
START 948 -4856 -13852 -1376 -1642 32767 END
START 2268 -5320 -14152 -7794 2772 32767 END
START 5892 -5388 -12940 -13749 4145 32767 END
START 10956 -5544 -8872 -18246 4095 32767 END
START 16344 -4820 -5484 -21063 3387 28468 END
START 19004 -4720 -2808 -23109 1950 23293 END
START 20832 -4984 -1476 -25441 1494 18828 END
START 22976 -5328 1700 -29187 3937 14478 END
START 26468 -5380 8012 -31232 7581 10101 END
START 32767 -3736 13748 -30245 12307 2561 END
START 32767 -2532 16612 -29178 18666 -8363 END
START 32767 -3612 18600 -28666 25059 -21056 END
START 24744 -6864 21568 -28674 26103 -32081 END
START 14080 -10288 27916 -26619 17541 -32768 END
START 5996 -12636 32767 -21301 5040 -32768 END
START 2444 -13740 32767 -16321 689 -32768 END
START -2272 -13428 32767 -13268 7114 -32768 END
START -13288 -14240 32767 -10819 13939 -32768 END
START -23128 -14388 32767 -5898 8418 -30984 END