START -7204 5052 8076 3848 8601 -16050 END
START -12936 -5744 4316 4834 3967 -12092 END
START -17696 -7164 6216 2543 3948 -9445 END
START -21412 -8700 7624 -729 5267 -5352 END
START -24536 -9756 8812 -3375 6962 -763 END
START -28688 -12536 11860 -4241 7444 5087 END
START -28840 -13196 10444 -3861 5957 14098 END
START -29064 -13644 10276 -5139 6405 21763 END
START -27712 -15172 11076 -6208 6711 29279 END
START -25440 -16012 11476 -6845 5961 32767 END
START -24300 -17924 12092 -6501 3706 32767 END
START -22308 -19168 12180 -6167 1827 32767 END
START -19704 -20036 13032 -6495 1637 32767 END
START -15600 -23536 16016 -7040 3058 32767 END
START -15896 -24572 16488 -7265 3505 32767 END
START -10952 -26792 15812 -6588 3996 32767 END
START -6464 -29288 15516 -7582 4796 32767 END
START 616 -32564 16464 -9936 9162 32767 END
START 10868 -32768 15916 -13757 15555 32767 END
START 20232 -31016 16968 -19586 19235 32767 END