START 0 4968 -2564 10311 -4847 -18 END
START 3320 -408 -18576 11725 -4553 257 END
START 352 7280 -4980 9342 -5842 110 END
START 1400 6164 -6492 9929 -5431 197 END
START -476 5144 -6008 8638 -7004 19 END
START 1884 5804 -8872 7777 -7356 -46 END
START 2224 5768 -9772 6526 -8279 -337 END
START 1116 5128 -8836 5345 -8241 -449 END
START 2328 5088 -10792 4032 -8311 -635 END
START 2272 4864 -10608 2720 -8013 -749 END
START 1724 4592 -10372 1345 -7698 -863 END
START 1956 4496 -10860 35 -7359 -951 END
START 1648 4164 -10548 -1288 -6774 -938 END
START 1832 4144 -10316 -2553 -5948 -972 END
START 2296 4188 -10464 -3742 -4796 -942 END
START 2440 3720 -9864 -4911 -3534 -913 END
START 2408 3464 -9400 -5938 -2362 -939 END
START 2464 2980 -9260 -6910 -1102 -993 END
START 2016 2648 -8684 -7757 -76 -973 END
START 1648 2504 -8192 -8469 724 -982 END
START 1164 2112 -7600 -9067 1294 -922 END
START 684 1868 -7048 -9654 1663 -807 END
START 248 1928 -6844 -10131 1935 -686 END
START -256 1852 -6572 -10601 2087 -551 END
START -408 1872 -6172 -11077 2147 -365 END
START -468 1904 -5948 -11507 2191 -185 END
START -696 1820 -5396 -11934 2231 6 END
START -628 1748 -5320 -12265 2228 142 END
START -680 1432 -4872 -12593 2231 297 END
START -588 1280 -4452 -12800 2184 391 END
START -388 1116 -4188 -13010 2209 512 END
START -400 948 -4064 -13113 2180 593 END
START -400 660 -4228 -13180 2093 722 END
START -456 692 -4120 -13233 1863 859 END
START -396 636 -4388 -13376 1511 990 END
START -464 788 -4540 -13625 1126 1083 END
START -452 984 -4508 -13895 706 1170 END
START -140 1076 -4624 -14257 245 1239 END
START -196 1032 -4444 -14772 -211 1321 END
START 28 1068 -3968 -15105 -656 1380 END
START 232 1120 -3720 -15590 -1111 1438 END
START 388 1108 -3220 -15925 -1532 1519 END
START 704 1000 -3072 -16210 -1746 1539 END
START 980 940 -2320 -16386 -1961 1504 END
START 1332 912 -1952 -16518 -2047 1531 END
START 1540 984 -1796 -16581 -2063 1421 END
START 1764 952 -1640 -16705 -2077 1350 END
START 1800 1044 -1440 -16818 -1985 1258 END
START 1724 1064 -1464 -16941 -1861 1186 END
START 1516 1204 -1320 -17126 -1776 1169 END
START 1424 1136 -1456 -17361 -1701 1177 END
START 1224 1304 -1516 -17600 -1565 1247 END
START 956 1156 -1604 -17888 -1507 1292 END
START 788 1184 -1668 -18255 -1422 1452 END
START 688 1108 -1916 -18597 -1331 1617 END
START 412 1140 -1984 -19080 -1294 1793 END
START 512 984 -2368 -19605 -1185 1989 END
START 512 968 -2468 -20151 -1116 2192 END
START 720 840 -2324 -20846 -988 2387 END
START 1012 904 -2392 -21612 -843 2563 END
START 1056 904 -2236 -22346 -719 2699 END
START 1344 892 -1692 -23122 -527 2764 END
START 1540 832 -1480 -23869 -301 2878 END
START 1640 668 -1024 -24597 1 2973 END
START 1876 476 -240 -25220 334 3015 END
START 2168 496 72 -25825 712 3051 END
START 2216 364 756 -26417 1069 3088 END
START 2252 492 1348 -27036 1426 3099 END
START 2304 624 2036 -27621 1786 3094 END
START 2296 728 2632 -28169 2135 3095 END
START 2312 732 3304 -28660 2467 3053 END
START 2040 584 4096 -29103 2605 3060 END
START 1812 620 4764 -29503 2703 3061 END
START 1692 704 5472 -29843 2723 3046 END
START 1676 668 6208 -30213 2724 3031 END
START 1652 732 6844 -30558 2808 2997 END
START 1992 732 7280 -30879 2959 2929 END
START 2208 684 8100 -31260 3116 2804 END
START 2408 848 8748 -31522 3362 2640 END
START 2548 840 9764 -31781 3609 2474 END
START 2804 908 10424 -32026 3886 2274 END
START 3076 828 10916 -32225 4213 2077 END
START 3312 776 11712 -32381 4510 1836 END
START 3508 784 12540 -32486 4804 1547 END
START 3612 744 13260 -32520 4940 1248 END
START 3568 928 14332 -32591 4904 990 END
START 3588 1288 14848 -32577 4713 700 END
START 3276 1512 15636 -32624 4390 400 END
START 2972 1768 16392 -32711 3962 67 END
START 2828 1916 16880 -32768 3525 -207 END
START 2676 2112 17692 -32768 3028 -499 END
START 2448 2212 18604 -32768 2660 -722 END
START 2088 2228 19528 -32768 2328 -951 END
START 1768 2324 20480 -32768 2039 -1136 END
START 1292 2080 21356 -32768 1813 -1219 END
START 616 2028 22216 -32619 1629 -1265 END
START 12 2000 23012 -32347 1504 -1205 END
START -468 2064 23916 -32070 1411 -1097 END
START -1004 2024 24408 -31779 1382 -919 END
START -1352 2004 25120 -31486 1446 -739 END
START -1920 1852 25712 -31225 1478 -550 END
START -2084 2024 26468 -31057 1626 -249 END
START -2052 1912 27264 -30860 1944 83 END
START -1996 1936 28048 -30774 2302 477 END
START -1532 1816 29032 -30623 2834 866 END
START -852 1756 30364 -30466 3432 1221 END
START -460 1640 31260 -30182 4022 1461 END
START -80 1428 32767 -29766 4544 1563 END
START 344 1248 32767 -29167 4804 1599 END
START 484 1116 32767 -28501 4942 1558 END
START 640 1208 32767 -27660 4981 1490 END
START 980 1388 32767 -26736 4862 1366 END
START 1036 1616 32767 -25827 4740 1263 END
START 1124 1788 32767 -24878 4496 1117 END
START 1140 1836 32767 -23874 4184 952 END
START 836 1916 32767 -22850 3742 754 END
START 652 1924 32767 -21796 3298 594 END
START 320 1824 32767 -20739 2782 456 END
START 120 2000 32767 -19661 2263 320 END
START -68 2204 32767 -18531 1744 289 END
START -296 2452 32767 -17545 1403 356 END
START -424 2860 32767 -16561 1133 423 END
START -516 3100 32767 -15664 1006 625 END
START -628 3316 32767 -14658 1050 864 END
START -564 3548 32767 -14250 1167 1124 END
START -348 3644 32767 -13325 1348 1420 END
START -360 3600 32767 -12495 1650 1757 END
START -112 3820 32767 -11578 2031 2011 END
START 64 4016 32767 -10659 2377 2308 END
START 460 4184 32767 -9702 2823 2584 END
START 536 4216 32767 -8701 3160 2797 END
START 592 4176 32767 -7646 3357 3008 END
START 708 4160 32767 -6594 3397 3193 END
START 772 4108 32767 -5509 3230 3376 END
START 940 4248 32767 -4480 3010 3553 END
START 1268 4396 32767 -3526 2723 3646 END
START 1772 4520 32767 -2694 2345 3701 END
START 2024 4588 32767 -1959 2022 3672 END
START 2312 4612 32767 -1265 1705 3556 END
START 2692 4612 32767 -588 1355 3390 END
START 2800 4464 32767 77 1019 3175 END
START 2748 4248 32767 781 636 2956 END
START 2576 4000 32767 1599 225 2749 END
START 2088 3836 32767 2481 -258 2621 END
START 1564 3808 32767 3381 -896 2533 END
START 1160 3744 32767 4245 -1497 2534 END
START 872 3848 32767 5012 -2192 2498 END
START 472 3796 32767 5695 -2841 2537 END
START 368 3844 32767 6250 -3439 2528 END
START 160 3712 32688 6784 -4079 2570 END
START 20 3716 31692 7290 -4559 2592 END
START -260 3392 30856 7827 -5003 2659 END
START -364 3144 30056 8391 -5387 2755 END
START -712 2932 28864 8959 -5674 2850 END
START -712 2948 27680 9506 -5837 3023 END
START -932 2784 26376 9964 -5897 3139 END
START -1076 2704 25228 10391 -5813 3292 END
START -1244 2620 23640 10616 -5699 3425 END
START -1372 2576 22284 10783 -5448 3593 END
START -1932 2348 20936 10854 -5239 3826 END
START -2280 2060 19444 10910 -5091 4088 END
START -2984 1828 18276 10787 -5058 4440 END
START -3556 1836 17064 10588 -5155 4796 END
START -4008 1672 15876 10359 -5281 5237 END
START -4368 1396 14944 10031 -5511 5622 END
START -5076 1464 13968 9651 -5861 6120 END
START -5548 1404 13056 9246 -6308 6621 END
START -6004 1232 12284 8777 -6859 7161 END
START -6484 1316 11376 8203 -7400 7728 END
START -6764 1316 10724 7523 -7826 8368 END
START -6932 1592 10432 6787 -8090 9008 END
START -6928 1860 10356 5901 -8168 9627 END
START -6864 1652 10184 5094 -8026 10299 END
START -6736 1488 10344 4340 -7650 10890 END
START -6536 1072 10872 3702 -7131 11481 END
START -6740 640 11316 3271 -6579 12178 END
START -7152 116 11840 2956 -6092 12549 END
START -7472 92 12128 2695 -5721 13483 END
START -7980 112 12500 2491 -5400 14187 END
START -8440 56 12900 2213 -5155 15038 END
START -9004 60 13308 1974 -5065 15921 END
START -9452 -208 13800 1770 -5026 16821 END
START -9948 -568 14392 1664 -5131 17750 END
START -10196 -1136 15028 1674 -5301 18762 END
START -10512 -1472 15508 1854 -5508 19854 END
START -10900 -1944 16140 2094 -5863 20952 END
START -11156 -2300 16472 2402 -6255 22066 END
START -11588 -2260 16620 2700 -6667 23253 END
START -11672 -2240 16592 2907 -7002 24426 END
START -11256 -2496 16788 3093 -7148 25710 END
START -10488 -3032 16684 3191 -6989 27006 END
START -9668 -3484 16764 3228 -6650 28181 END
START -8864 -3836 17204 3244 -6223 29363 END
START -7868 -4124 17484 3207 -5749 30378 END
START -6952 -4308 18052 3214 -5269 31427 END
START -5928 -4660 18704 3209 -4861 32262 END
START -4800 -4872 19484 3223 -4639 32767 END
START -3596 -5192 20520 3298 -4538 32767 END
START -2216 -5264 21600 3484 -4538 32767 END
START -652 -5524 22776 3757 -4535 32767 END
START 1384 -5556 23948 4171 -4508 32767 END
START 3548 -5572 25120 4691 -4434 32767 END
START 6156 -5664 26260 5398 -4328 32767 END
START 8968 -5640 27360 6222 -4191 32767 END
START 11104 -5400 28548 7223 -4084 32767 END
START 13236 -5044 29252 8280 -4047 32767 END
START 15064 -4528 30048 9364 -4098 31969 END
START 16860 -3952 30448 10514 -4229 30604 END
START 18336 -3432 30944 11614 -4332 29129 END
START 19924 -3068 31088 12742 -4432 27453 END
START 21264 -3008 31184 13862 -4570 25676 END
START 21948 -2904 31108 14916 -4713 23955 END
START 22432 -2740 30648 15936 -4924 22150 END
START 22384 -2396 29968 16948 -5195 20429 END
START 21992 -2036 29560 17805 -5411 18878 END
START 21736 -1512 29212 18594 -5643 17448 END
START 21744 -1120 28748 19215 -5796 16102 END
START 22040 -1000 28672 19804 -5795 14907 END
START 22436 -788 28464 20502 -5638 13719 END
START 22912 -932 28456 21305 -5314 12403 END
START 23268 -860 28180 22216 -4883 11436 END
START 23500 -952 27788 23212 -4342 10144 END
START 23732 -952 27220 24231 -3764 9009 END
START 23676 -820 26524 25212 -3117 7879 END
START 23916 -556 25516 26150 -2498 6822 END
START 24144 -592 24424 27023 -1898 5768 END
START 24440 -420 23132 27767 -1294 4757 END
START 24840 -420 21752 28384 -754 3739 END
START 25004 -316 20012 28855 -330 2696 END
START 25216 -284 18492 29157 34 1627 END
START 25740 -116 16884 29308 327 612 END
START 26140 92 15240 29305 613 -442 END
START 26812 432 13684 29135 842 -1541 END
START 27296 836 12360 28872 1094 -2828 END
START 27644 1028 11088 28524 1268 -4211 END
START 27636 940 9804 28195 1294 -5627 END
START 27196 780 8216 27901 1268 -7056 END
START 26536 764 6336 27645 1133 -8295 END
START 25780 912 4060 27278 978 -9408 END
START 25012 1300 2352 26701 764 -10400 END
START 24284 1784 660 25794 482 -11307 END
START 23876 1964 -420 24597 200 -12085 END
START 23264 2400 -1212 23154 -146 -12854 END
START 22948 2708 -1864 21520 -506 -13553 END
START 23128 2952 -2340 19873 -767 -14307 END
START 23548 3060 -2804 18298 -914 -15126 END
START 23720 3288 -2592 16828 -1000 -16112 END
START 23740 2992 -2212 15667 -1116 -17219 END
START 23428 2680 -2168 14672 -1286 -18433 END
START 23060 2512 -2096 13934 -1475 -19660 END
START 22744 2464 -1956 13228 -1684 -20886 END
START 22460 2384 -2108 12536 -1947 -22074 END
START 22180 2268 -2276 11813 -2089 -23282 END
START 21500 2200 -2444 11063 -2168 -24369 END
START 20780 2028 -2472 10311 -2162 -25400 END
START 19564 1904 -2628 9535 -2154 -26369 END
START 18576 1816 -2648 8836 -2085 -27186 END
START 17260 1788 -2800 8202 -1982 -27801 END
START 16112 1756 -2852 7577 -1804 -28346 END
START 15156 1596 -3040 6989 -1510 -28772 END
START 13840 1580 -3128 6391 -1290 -29102 END
START 12632 1424 -3032 5799 -1124 -29362 END
START 11776 1392 -3276 5197 -1003 -29478 END
START 10792 1236 -3376 4570 -933 -29481 END
START 9884 1360 -3456 3952 -904 -29451 END
START 9196 1188 -3596 3376 -916 -29347 END
START 8556 1236 -3552 2724 -969 -29181 END
START 7896 1408 -3640 2136 -1083 -29012 END
START 7424 1564 -3756 1408 -1240 -28841 END
START 7100 1460 -3744 779 -1465 -28656 END
START 6676 1348 -3628 170 -1737 -28446 END
START 6444 1208 -3752 -438 -2145 -28206 END
START 6780 1264 -3840 -1091 -2602 -27935 END
START 7652 1244 -3828 -1824 -3028 -27772 END
START 8864 1324 -3940 -2691 -3325 -27763 END
START 10224 1536 -3684 -3627 -3484 -28015 END
START 11052 1696 -3360 -4750 -3552 -28552 END
START 11684 1652 -2672 -5798 -3512 -29289 END
START 11700 1472 -1984 -6715 -3433 -30145 END
START 11164 1132 -1172 -7532 -3287 -31011 END
START 10100 896 -448 -8206 -3164 -31780 END
START 8900 684 412 -8634 -3165 -32329 END
START 7652 576 796 -9053 -3189 -32707 END
START 6140 700 1156 -9439 -3317 -32768 END
START 4780 952 1460 -9853 -3488 -32768 END
START 3940 1000 1692 -10351 -3660 -32768 END
START 2700 912 2068 -10947 -3857 -32768 END
START 1432 744 2816 -11586 -4128 -32642 END
START -112 712 3604 -12181 -4370 -32312 END
START -1588 688 4472 -12668 -4620 -31858 END
START -2684 704 5396 -13075 -4733 -31416 END
START -4016 732 6320 -13330 -4776 -30778 END
START -5312 636 7184 -13490 -4700 -30153 END
START -6432 548 8500 -13580 -4573 -29426 END
START -7828 800 9088 -13555 -4393 -28644 END
START -8676 1156 10248 -13686 -4056 -27747 END
START -9684 1084 11576 -13634 -3513 -26841 END
START -10692 796 12468 -13535 -2724 -25832 END
START -11812 480 13448 -13253 -1828 -24756 END
START -13128 544 14632 -12939 -1055 -23579 END
START -14484 800 15532 -12570 -336 -22358 END
START -15628 1188 16460 -12263 299 -20996 END
START -17048 1392 17468 -11853 796 -19452 END
START -18020 1212 18284 -11421 1122 -17843 END
START -19136 1268 19080 -10957 1263 -16116 END
START -20036 1260 20252 -10439 1188 -14338 END
START -20640 1376 21008 -9812 1027 -12562 END