START -12132 -372 5652 7002 5577 -24917 END
START -19624 -8844 4108 7842 -130 -17260 END
START -23072 -8236 6348 7700 -4519 -10517 END
START -23356 -9044 8224 5968 -5661 -4000 END
START -20608 -10424 8456 4139 -3090 1145 END
START -22552 -11108 10688 3565 -2849 4779 END
START -22600 -11388 9764 3591 -4952 7724 END
START -22788 -11164 9640 3039 -6331 10857 END
START -23664 -10980 9120 1271 -4725 15337 END
START -25528 -10284 9012 -1290 -1606 22035 END
START -25232 -11032 10240 -3167 255 30438 END
START -22352 -11772 10524 -4376 503 32767 END
START -17252 -13164 10568 -5123 191 32767 END
START -13648 -13120 10740 -6140 627 32767 END
START -12172 -13712 12336 -6919 953 32767 END
START -10884 -14420 13340 -7097 1048 32767 END
START -10896 -15416 13404 -7480 1035 32767 END
START -10792 -16856 13948 -7812 367 32767 END
START -7328 -18848 14584 -7822 -1111 32767 END
START -3004 -20332 14076 -8336 -227 32767 END
START -1568 -21512 14180 -10026 2064 32767 END
START 1424 -23116 17716 -11139 1677 32767 END
START 9712 -21816 19296 -9753 3163 32767 END
START 14576 -19576 17532 -10547 5311 32767 END
START 20612 -16756 19208 -12068 6301 32767 END