START -16652 612 3104 5623 9367 -26894 END
START -16576 -10240 240 3593 8757 -21580 END
START -15704 -10736 1916 -322 10867 -17050 END
START -23424 -11796 6964 -3916 14718 -13427 END
START -30944 -13344 10332 -5206 14488 -7980 END
START -32768 -14592 8712 -3080 7782 -1222 END
START -31540 -16288 10756 2710 -3372 6568 END
START -29800 -15716 9792 4630 -4409 13570 END
START -27728 -14140 2640 1521 -1442 20233 END
START -26324 -13888 -232 -5359 1324 26747 END
START -27116 -14544 1260 -11715 3090 32767 END
START -26944 -16892 5548 -15189 929 32767 END
START -21472 -18440 9088 -15780 -1079 32767 END
START -15572 -18900 10528 -15078 -2326 32767 END
START -12504 -19796 10320 -14241 -5715 32767 END
START -5888 -19884 10864 -15700 -6708 32767 END
START 2092 -19988 14644 -16916 -4004 32767 END
START 5284 -18140 16756 -15417 -2894 32767 END
START 4484 -17072 14724 -14180 -4394 32767 END
START 5224 -17652 13580 -14855 -4568 32767 END
START 11728 -17644 14724 -15826 -4266 32767 END
START 16808 -16400 17692 -16361 -1451 32767 END
START 27236 -13736 25176 -12750 -1096 32767 END