START -9124 -5500 -3024 7277 12113 -32493 END
START -11120 -7796 -5008 3678 4033 -30367 END
START -23568 -9480 3612 24 5760 -24210 END
START -24620 -8288 2080 -3989 9494 -15924 END
START -26560 -8856 2536 -6014 8081 -7182 END
START -26048 -9020 3656 -6243 2934 -192 END
START -21868 -9048 3024 -7500 1279 4296 END
START -20772 -9628 2568 -10062 3272 7846 END
START -22264 -11088 3300 -12171 3481 11325 END
START -24480 -12812 4432 -14216 2749 15522 END
START -26460 -15008 6232 -15298 552 21426 END
START -25712 -16572 6908 -16100 -1249 28087 END
START -25668 -18848 7280 -17411 -1845 32767 END
START -23308 -21616 7708 -19425 -1744 32767 END
START -18768 -24192 8616 -21771 -1209 32767 END
START -14692 -26972 10028 -23960 -1982 32767 END
START -10304 -29812 12384 -24246 -4075 32767 END
START -5516 -31360 13472 -25256 -2993 32767 END
START -4200 -32768 16044 -25266 -2491 32767 END
START -668 -32768 17028 -25369 -3554 32767 END
START 7040 -32768 22104 -25536 -4680 32767 END