START -2020 4488 12748 385 8762 -32768 END
START -4212 -4040 5964 401 7604 -30470 END
START -7564 -4280 8336 -480 5597 -27591 END
START -12264 -5232 10896 -1301 5638 -23684 END
START -16448 -5952 13176 -1060 5107 -18173 END
START -17124 -5656 13844 -354 2249 -12988 END
START -19056 -5832 14836 -381 1086 -7539 END
START -16564 -5256 13968 -1495 1909 -2475 END
START -15140 -5048 13808 -3119 3952 1549 END
START -15688 -5616 14224 -4153 4199 5472 END
START -15848 -7456 15024 -5020 4263 9946 END
START -19976 -10164 16156 -5145 4676 15750 END
START -27672 -14060 16808 -4027 2617 26051 END
START -32060 -17760 15468 -2557 -924 32767 END
START -30004 -21228 12880 -5460 -632 32767 END
START -22840 -25476 11864 -10435 3481 32767 END
START -9632 -30452 11344 -18601 11692 32767 END
START 7576 -32768 17544 -24713 18902 32767 END