START 4028 3860 -11224 20206 -1114 1127 END
START 2872 2128 -14372 13796 -3095 1028 END
START 3600 868 -12840 7444 -2041 620 END
START 456 48 -8620 3245 -564 314 END
START 1024 -784 -8548 852 1653 299 END
START -2084 -1144 -7532 -935 1138 946 END
START -1380 -972 -9620 -3545 436 1622 END
START -72 -596 -11436 -7375 -270 2053 END
START 64 -808 -11464 -11396 -202 2244 END
START 500 -1048 -11008 -15520 659 2217 END
START 1636 -1300 -10152 -19039 2344 1636 END
START 1876 -1924 -10068 -22756 4063 595 END
START 2120 -2656 -9932 -26645 4720 -828 END
START 2128 -3652 -9084 -30525 5039 -2605 END
START 240 -5264 -7828 -32768 4279 -3637 END
START 276 -6980 -6520 -32768 2918 -3787 END
START 832 -8500 -2428 -32768 3296 -3303 END
START 1812 -10456 5088 -32768 4341 -3046 END
START 4804 -11312 15984 -32768 6422 -3419 END
START 9452 -10900 28776 -32768 8628 -8049 END
START 6924 -10540 32767 -32768 6337 -15432 END
START 836 -10324 32767 -32768 -854 -20191 END
START 1624 -8444 32767 -32768 -3867 -20409 END
START -2552 -7948 32767 -29330 3845 -17042 END
START -4108 -7048 32767 -24221 17559 -14172 END
START -11960 -6940 32767 -18174 23649 -12394 END
START -14872 -7752 32767 -8835 16548 -11411 END
START -17092 -7472 32767 2578 4947 -10037 END
START -16908 -7336 32767 12332 -1876 -6839 END
START -14012 -7136 32767 19783 -3961 -3129 END
START -9576 -6608 32767 24791 -1469 -1724 END
START -8700 -6788 29232 26997 952 -1251 END
START -8536 -7044 23984 26971 1315 -700 END
START -9820 -7692 22492 26308 1041 493 END
START -10428 -8604 21880 26836 371 2811 END
START -11812 -9272 21348 28374 287 6475 END
START -11576 -9892 19116 30906 -558 11336 END
START -9368 -10072 15232 32767 -999 15729 END
START -7420 -10220 10408 32767 -1601 19044 END
START -6148 -9768 5644 32767 -2871 21845 END
START -5776 -9260 1896 32767 -3833 24735 END
START -4824 -8388 -1040 30659 -4124 27379 END
START -4368 -7776 -3440 27335 -3298 29747 END
START -3776 -6852 -5624 23202 -1428 32475 END
START -2648 -6624 -7676 17662 2337 32767 END
START -1968 -6324 -10836 10725 6324 32767 END
START -688 -6232 -12768 2039 8757 32767 END
START 780 -5860 -13688 -7016 9247 32767 END
START 2120 -7616 -10264 -13886 7294 32767 END
START 5992 -7760 -6484 -17965 3898 32767 END
START 11256 -8016 -3236 -19053 790 32767 END
START 16520 -6600 -2536 -20327 1898 32767 END
START 21900 -5864 -2312 -24081 7203 31243 END
START 26596 -6192 -3416 -29500 14637 25223 END
START 27088 -7076 2968 -32768 20162 17477 END
START 32492 -7980 8552 -32768 19390 8883 END
START 32767 -8456 10056 -32768 21104 -1718 END
START 32767 -10760 18172 -32768 23430 -12636 END
START 32767 -11536 23084 -31266 27752 -25130 END
START 30032 -14220 22728 -28672 32767 -32768 END
START 22732 -17388 24376 -26425 32767 -32768 END
START 13976 -19848 28660 -21813 22892 -32768 END
START 10412 -21552 32767 -16615 11163 -32768 END
START 5112 -23360 32767 -12526 5170 -32768 END
START 144 -25084 32767 -9162 6986 -32768 END
START -13304 -26088 32767 -6675 14172 -32768 END
START -29580 -25132 32767 -1449 16413 -32768 END
START -32768 -21804 32767 6007 10030 -23927 END