START 7252 7480 -11776 280 5122 4462 END
START 4620 1200 -11884 -779 3036 3700 END
START -548 40 -10752 -3139 -1310 3328 END
START -3212 76 -9612 -6516 -3058 3183 END
START 5952 -672 -13976 -10027 -3259 2474 END
START 2728 -1176 -9628 -13138 -1266 2063 END
START 3344 -1636 -10228 -16090 2333 1456 END
START 3052 -2648 -9388 -19454 4642 551 END
START 2932 -4136 -9592 -22707 7221 -361 END
START 848 -5240 -9672 -26526 6660 -1343 END
START -960 -6668 -8052 -30098 3721 -2370 END
START -1084 -7780 -6360 -32768 935 -2477 END
START 384 -8740 -3080 -32768 2081 -3145 END
START -240 -8620 -864 -32768 5413 -3895 END
START -468 -9216 3280 -32768 7832 -4103 END
START 436 -9412 12196 -32768 8157 -5280 END
START 2044 -8728 22844 -32768 6320 -8284 END
START 2808 -7512 32312 -32768 5984 -12720 END
START -1400 -7268 32767 -32768 7882 -15470 END
START -3532 -7080 32767 -32768 10606 -16400 END
START -8472 -8096 32767 -31293 12433 -16281 END
START -11676 -7344 32767 -22304 7586 -15253 END
START -13880 -7200 32767 -12875 3050 -14579 END
START -13732 -5940 32767 -4066 2486 -12561 END
START -15704 -5092 32767 1606 5772 -10355 END
START -18292 -4776 32767 6502 7463 -6709 END
START -19172 -5720 32767 11425 7653 -3100 END
START -19144 -7484 32767 16797 5081 357 END
START -18268 -8480 32767 22455 1637 3223 END
START -16480 -8756 32767 27194 -364 5025 END
START -14736 -9152 29564 30046 -439 6602 END
START -13704 -9620 24584 31542 665 8422 END
START -12780 -10020 20264 32535 1383 10312 END
START -11500 -10620 16120 32767 1859 12222 END
START -10512 -10932 12264 32767 2301 14502 END
START -8952 -11084 7884 32767 3006 16689 END
START -8152 -10772 4176 32589 3677 18906 END
START -8032 -9684 312 31702 3161 20567 END
START -7828 -10480 -1708 29868 3231 23502 END
START -10252 -8752 -6436 26022 3287 27527 END
START -7480 -10780 -8848 20247 2563 32515 END
START -7340 -9440 -12284 12853 2253 32767 END
START -5232 -8648 -13820 4649 2424 32767 END
START -1000 -8412 -11672 -2070 4433 32767 END
START 3212 -7980 -8936 -7496 8606 32767 END
START 7764 -6772 -7740 -11310 11697 32767 END
START 11712 -5288 -9348 -15466 13849 32767 END
START 11924 -5736 -10632 -20676 12628 26183 END
START 10832 -7324 -6980 -25396 5767 21737 END
START 13676 -7604 -2300 -27816 570 19608 END
START 19900 -8232 1004 -29351 -870 16948 END
START 29792 -6320 4336 -30357 1776 11742 END
START 32767 -6488 7280 -31176 7308 2956 END
START 32767 -5720 9736 -31887 9338 -5031 END
START 32767 -5916 12772 -32343 9838 -13583 END
START 32767 -6260 16732 -32197 11058 -20373 END
START 32767 -5480 19852 -32768 18165 -28679 END
START 32767 -8572 24544 -32768 24514 -32768 END
START 22244 -13944 28568 -30576 21145 -32768 END
START 9576 -23344 32767 -23543 9328 -32768 END
START -4016 -27824 32767 -15966 -450 -32768 END
START -20748 -28928 32767 -9052 1547 -32768 END
START -27256 -24504 32767 -6050 9253 -32768 END
START -27312 -19868 31108 -6799 15316 -22338 END
START -26452 -16196 29076 -6657 14569 -14950 END