START -12760 -108 7216 3341 2826 -21383 END
START -20548 -6192 3760 4780 -6122 -16694 END
START -29232 -6196 7364 5251 -11018 -7669 END
START -25292 -5368 5284 2689 -11243 1515 END
START -22484 -5528 5168 -1923 -6459 8328 END
START -19304 -5832 5484 -7566 71 13130 END
START -17448 -6748 6540 -11751 4911 16166 END
START -18172 -8628 10488 -13142 4419 18558 END
START -19720 -10036 13280 -11729 1296 21751 END
START -19840 -11068 12916 -10698 87 25178 END
START -22800 -13276 12068 -11838 1743 30390 END
START -24524 -16484 12212 -13675 2734 32767 END
START -22684 -20292 12868 -16027 3876 32767 END
START -19592 -24972 15196 -18288 5801 32767 END
START -19032 -30512 17884 -18193 6188 32767 END
START -14700 -32768 17928 -16810 4790 32767 END
START -8104 -32768 17356 -16349 3127 32767 END
START -2180 -32768 18972 -16723 2504 32767 END
START 6624 -32768 23832 -15546 -411 32767 END
START 24996 -32768 29880 -12388 -1122 32767 END