START 32767 10116 1404 -4546 16106 30886 END
START 29352 844 8108 -7487 14936 19520 END
START 27608 1856 8636 -7226 11544 10768 END
START 26764 2376 11084 -6004 5609 8156 END
START 26292 2376 14816 -5208 5451 4223 END
START 28776 2516 14184 -5663 8280 -1584 END
START 29588 2580 13848 -6490 11718 -8794 END
START 25100 628 13820 -7082 11920 -15539 END
START 20328 -1100 15744 -7057 8198 -19902 END
START 18436 -1660 17796 -5712 4723 -23137 END
START 18228 -2536 17880 -4716 3399 -26814 END
START 15944 -4084 17580 -4792 4157 -30606 END
START 11968 -5856 17776 -4537 3796 -32768 END
START 7436 -7076 19440 -3545 -162 -32768 END
START 3196 -8460 21180 -1515 -5335 -32768 END
START -776 -8752 21420 323 -9439 -32768 END
START -1764 -9332 19056 -58 -7658 -32768 END
START -9632 -10648 18092 -1901 -1011 -32768 END
START -21484 -13144 20504 -1753 -1317 -32768 END
START -32044 -13776 22480 1270 -8046 -31165 END
START -32768 -12356 21776 3319 -11674 -22422 END
START -32768 -10344 19256 3163 -7595 -12629 END
START -32080 -6980 17016 280 -79 -3496 END
START -26636 -4940 16488 -2980 5902 2149 END
START -21404 -3012 20652 -4125 3619 5922 END
START -8532 68 28056 -1094 1222 4971 END
START -4356 1904 29800 3300 800 433 END
START -1464 1684 30936 6321 -459 -3954 END
START -1972 1036 32767 9152 794 -9107 END
START -3996 -736 32767 11742 4182 -11731 END
START -7812 -2992 32767 13994 9426 -12209 END
START -11180 -5788 32520 16455 13520 -10350 END
START -14120 -8228 31428 20283 15689 -6668 END
START -14464 -9752 27644 23804 16595 -2720 END
START -16184 -11020 22816 26712 16945 722 END
START -18644 -11976 18732 29326 15448 4816 END
START -20424 -13072 13672 31558 13430 10195 END
START -18748 -13692 7708 31805 11503 16717 END
START -16344 -13048 2708 30241 10802 22382 END
START -12740 -11984 -1448 26985 11653 27085 END
START -9640 -10460 -4796 22342 13270 30536 END
START -7424 -9160 -6856 17393 14941 32767 END
START -5904 -8792 -8296 11845 15343 32767 END
START -4400 -8640 -8984 6587 15275 32767 END
START -2896 -9240 -9200 1543 14301 32767 END
START -796 -9764 -11920 -3953 12491 32767 END
START 1100 -9912 -13584 -11627 9166 32767 END
START 4596 -10260 -13304 -19343 7097 32767 END
START 7924 -11196 -10320 -26431 5226 32767 END
START 15248 -10484 -6080 -31515 4255 32767 END
START 23036 -8584 -1248 -32768 7941 32767 END
START 23836 -6164 -1072 -32768 13404 22935 END
START 19752 -8160 496 -32768 7519 16644 END
START 24208 -8812 3592 -32768 2288 14838 END
START 32767 -7548 10520 -32768 2899 10351 END
START 32767 -4736 16456 -32768 13422 -1672 END
START 32767 -5012 17228 -32768 26260 -17230 END
START 32767 -9844 19832 -32768 32767 -31610 END
START 28308 -15100 25616 -32768 30549 -32768 END
START 19596 -20016 32767 -31617 17897 -32768 END
START 16792 -23408 32767 -22713 7559 -32768 END
START 13132 -26756 32767 -15866 8506 -32768 END
START 3528 -29724 32767 -11907 13326 -32768 END
START -2748 -30036 32767 -7797 17076 -32768 END
START -10936 -29236 32767 -2251 16796 -32768 END
START -13936 -26392 32767 4603 11173 -32768 END
START -15184 -23472 32767 10790 8497 -32768 END
START -17224 -21012 29540 15169 8033 -32768 END
START -19448 -19264 23760 17635 7471 -29652 END
START -18840 -17400 18100 18041 6239 -22808 END