START 10832 4468 7112 4727 1275 11159 END
START 16536 -696 -10104 6275 2069 10809 END
START 10596 4336 5588 3648 2472 10365 END
START 14412 5420 4204 4004 2236 9718 END
START 11424 4620 6180 3103 1878 9002 END
START 13856 5512 3908 2385 1317 8227 END
START 14096 5804 3464 1503 1295 7337 END
START 14752 5716 3248 407 1288 6413 END
START 15940 5420 2720 -579 1642 5527 END
START 15432 5096 3764 -1705 1839 4632 END
START 15600 5140 3916 -2774 2100 3769 END
START 15208 5152 4456 -3802 2356 2979 END
START 15404 5316 4828 -4688 2572 2193 END
START 14976 5224 5800 -5257 2802 1513 END
START 14812 5136 6764 -5796 2876 838 END
START 14896 5136 7468 -6118 2885 199 END
START 14736 4948 8456 -6374 2912 -425 END
START 14840 4616 9320 -6479 2904 -1048 END
START 15144 4612 9880 -6584 2967 -1730 END
START 15208 4444 10776 -6555 3032 -2405 END
START 15348 4308 11572 -6485 3019 -3073 END
START 15648 4288 12088 -6368 3035 -3733 END
START 16060 4188 12616 -6207 3033 -4392 END
START 16400 4208 13084 -6000 3089 -5129 END
START 16768 4060 13412 -5736 3128 -5843 END
START 16872 3956 13512 -5430 3229 -6619 END
START 17000 3880 13672 -5169 3276 -7335 END
START 17128 3704 13620 -4856 3311 -8106 END
START 17140 3656 13392 -4701 3394 -8784 END
START 17248 3692 13036 -4513 3459 -9502 END
START 17216 3532 12608 -4491 3493 -10177 END
START 17044 3484 12152 -4516 3551 -10797 END
START 16988 3660 11944 -4696 3676 -11364 END
START 17120 3564 11628 -4885 3729 -11931 END
START 17284 3720 11476 -5155 3789 -12513 END
START 17640 3568 11380 -5424 3840 -13153 END
START 18064 3616 11332 -5627 3855 -13876 END
START 18368 3484 11428 -5831 3752 -14666 END
START 18960 3456 11532 -6066 3588 -15638 END
START 19548 3320 11376 -6250 3354 -16620 END
START 20272 3348 11348 -6444 3117 -17768 END
START 20916 3468 11348 -6696 2834 -19024 END
START 21508 3548 11352 -7011 2496 -20477 END
START 21788 3492 11404 -7264 2110 -21954 END
START 21648 3364 11548 -7572 1645 -23555 END
START 21132 3236 11736 -7859 1099 -25117 END
START 20564 3116 12052 -8091 470 -26614 END
START 19824 2884 12116 -8288 -279 -28119 END
START 18944 2740 12408 -8475 -1014 -29464 END
START 18260 2492 12600 -8613 -1612 -30758 END
START 17716 2152 12736 -8787 -2179 -31967 END
START 16848 1824 12896 -8882 -2617 -32768 END
START 16104 1524 13404 -8894 -2995 -32768 END
START 15352 1428 13820 -8842 -3372 -32768 END
START 14636 1228 13928 -8744 -3620 -32768 END
START 14180 1240 13968 -8626 -3826 -32768 END
START 13728 1108 13968 -8508 -3907 -32768 END
START 13052 928 13976 -8412 -3961 -32768 END
START 12256 656 13816 -8291 -3940 -32768 END
START 11256 240 13876 -8252 -3892 -32768 END
START 10064 -112 13580 -8246 -3809 -32768 END
START 8632 -412 13604 -8245 -3713 -32768 END
START 7304 -356 13404 -8309 -3638 -32768 END
START 5924 -212 13172 -8418 -3549 -32768 END
START 4664 -304 12924 -8596 -3419 -32768 END
START 3396 -416 12764 -8778 -3238 -32768 END
START 2280 -576 12760 -9057 -3079 -32768 END
START 1052 -700 12872 -9258 -2824 -32768 END
START -220 -736 13076 -9543 -2641 -32768 END
START -1596 -876 13464 -9799 -2437 -32768 END
START -2684 -1032 13704 -10042 -2248 -32768 END
START -4076 -1220 14060 -10190 -2021 -32768 END
START -5364 -1332 14316 -10410 -1826 -32768 END
START -6612 -1348 14984 -10571 -1722 -32768 END
START -8276 -1524 15412 -10702 -1658 -32768 END
START -9468 -1456 16088 -10782 -1583 -32768 END
START -10588 -1528 16704 -10811 -1487 -32768 END
START -11644 -1608 17292 -10795 -1371 -32519 END
START -12748 -1600 18192 -10660 -1225 -31325 END
START -13860 -1648 18736 -10460 -1006 -30044 END
START -14696 -1544 19112 -10172 -682 -28685 END
START -15412 -1628 19624 -9841 -300 -27334 END
START -15964 -1540 20116 -9476 79 -26037 END
START -16572 -1560 20492 -9140 492 -24713 END
START -17060 -1468 20776 -8805 825 -23384 END
START -17352 -1360 20960 -8510 1146 -22086 END
START -17528 -1352 21392 -8216 1445 -20799 END
START -17680 -1516 21504 -7906 1627 -19514 END
START -17688 -1648 21964 -7573 1759 -18266 END
START -17744 -1668 22416 -7232 1707 -17127 END
START -17652 -1708 22912 -6792 1570 -15960 END
START -17512 -1788 23212 -6358 1366 -14910 END
START -17080 -1776 23404 -5821 1132 -13880 END
START -16676 -1756 23776 -5322 877 -12887 END
START -16364 -1688 24284 -4698 545 -12032 END
START -16252 -1592 24332 -4060 119 -11232 END
START -15928 -1352 24508 -3410 -345 -10457 END
START -15668 -1160 24384 -2750 -904 -9737 END
START -15128 -988 24492 -2117 -1469 -9053 END
START -14288 -928 24216 -1477 -1987 -8459 END
START -13292 -828 23848 -872 -2359 -7958 END
START -12144 -568 23568 -364 -2636 -7603 END
START -11568 -300 23308 117 -2840 -7326 END
START -11040 20 22856 576 -3026 -7092 END
START -10652 156 22636 922 -3198 -6934 END
START -10440 500 22204 1264 -3311 -6743 END
START -10060 752 21800 1624 -3397 -6552 END
START -9788 888 21432 1902 -3405 -6351 END
START -9436 1192 20792 2090 -3312 -6162 END
START -8972 1424 20000 2278 -3106 -5938 END
START -8884 1720 19552 2302 -2864 -5765 END
START -8740 2016 19236 2323 -2610 -5545 END
START -8468 2112 18824 2244 -2425 -5316 END
START -8356 2444 18420 2114 -2279 -5074 END
START -7980 2744 17924 1977 -2162 -4863 END
START -7632 2828 17808 1736 -2009 -4668 END
START -7316 2924 17584 1564 -1840 -4502 END
START -7112 2940 17636 1369 -1644 -4351 END
START -7088 3080 17672 1249 -1485 -4217 END
START -7228 3184 17776 1145 -1339 -4069 END
START -7448 3148 17908 1068 -1232 -3867 END
START -7448 3328 17960 1064 -1216 -3631 END
START -7304 3584 17912 1048 -1184 -3364 END
START -6812 3604 17816 1021 -1040 -3114 END
START -6460 3700 17968 946 -755 -2864 END
START -6064 3772 17940 866 -479 -2689 END
START -5816 3772 18112 796 -209 -2561 END
START -5400 3576 18360 698 -21 -2479 END
START -5280 3532 18648 681 179 -2414 END
START -5220 3592 19156 641 297 -2365 END
START -5128 3632 19724 730 314 -2301 END
START -5236 3832 20300 861 191 -2275 END
START -5176 4004 20664 1063 40 -2208 END
START -4920 4064 21008 1303 -102 -2142 END
START -4544 4076 21120 1573 -212 -2094 END
START -4168 4244 21388 1853 -227 -2093 END
START -3824 4172 21652 2076 -216 -2134 END
START -3272 4268 21744 2305 -132 -2210 END
START -2932 4436 22016 2563 5 -2361 END
START -2704 4344 22384 2771 153 -2468 END
START -2704 4460 22568 3027 317 -2602 END
START -2780 4568 22716 3258 490 -2744 END
START -2936 4680 22892 3587 581 -2874 END
START -3052 4728 23212 3868 700 -3015 END
START -3184 4940 23196 4212 761 -3086 END
START -3272 4908 23448 4549 826 -3178 END
START -3440 4864 23436 4898 866 -3311 END
START -3520 4808 23576 5226 931 -3383 END
START -3744 4804 23424 5554 911 -3479 END
START -3852 4772 23496 5858 929 -3587 END
START -4316 4920 23552 6125 918 -3657 END
START -4672 4864 23712 6428 869 -3676 END
START -5004 4944 23884 6665 943 -3698 END
START -5344 4980 23940 6961 1010 -3644 END
START -5396 4972 24072 7258 1162 -3551 END
START -5452 4804 24256 7596 1452 -3459 END
START -5156 4612 24112 7886 1836 -3343 END
START -4976 4368 24376 8181 2343 -3247 END
START -4976 4216 24364 8501 2815 -3163 END
START -4976 4028 24888 8859 3334 -3085 END
START -5192 3828 24948 9256 3761 -3010 END
START -5424 3712 25212 9675 4109 -2908 END
START -5772 3500 25312 10170 4436 -2768 END
START -6180 3308 25612 10698 4631 -2544 END
START -6280 3104 25812 11243 4803 -2305 END
START -6296 2848 25860 11861 4922 -2006 END
START -6344 2836 25896 12519 5110 -1723 END
START -6376 2536 25932 13230 5263 -1420 END
START -6404 2444 25752 13980 5459 -1117 END
START -6612 2180 25680 14728 5583 -821 END
START -6816 2136 25420 15453 5635 -565 END
START -6984 1836 25164 16177 5640 -247 END
START -7396 1788 24952 16883 5578 98 END
START -7560 1624 24544 17588 5443 480 END
START -7644 1464 23988 18308 5321 927 END
START -7844 1228 23688 18968 5187 1352 END
START -7900 1076 23224 19634 5096 1855 END
START -8168 1192 22724 20328 4934 2351 END
START -8232 1052 22152 20931 4734 2844 END
START -8164 828 21472 21607 4559 3356 END
START -8264 712 21136 22154 4395 3834 END
START -8184 832 20488 22722 4304 4321 END
START -7980 756 19768 23230 4253 4801 END
START -7952 760 19416 23710 4196 5295 END
START -7836 656 18692 24124 4160 5778 END
START -7720 652 18172 24548 4224 6282 END
START -7660 488 17548 24895 4260 6775 END
START -7472 412 16880 25306 4290 7319 END
START -7692 400 16608 25679 4331 7772 END
START -7676 204 16204 26088 4340 8344 END
START -7712 232 15808 26465 4310 8830 END
START -7832 320 15432 26916 4244 9382 END
START -7792 472 14676 27256 4185 9879 END
START -7592 448 13884 27670 4113 10389 END
START -7460 348 13156 28014 4037 10924 END
START -7232 324 12204 28290 4112 11355 END
START -7080 220 11076 28459 4206 11796 END
START -6876 184 10240 28572 4322 12260 END
START -6740 208 8836 28547 4554 12840 END
START -6668 192 7676 28387 4692 12953 END
START -6672 444 6572 28126 4854 13522 END
START -6576 544 5324 27759 5037 13935 END
START -6520 744 4012 27251 5332 14350 END
START -6712 1060 2876 26676 5708 14847 END
START -6504 1196 1576 25910 6189 15278 END
START -6512 1236 416 24999 6710 15738 END
START -6380 1304 -648 23992 7310 16199 END
START -6236 1272 -1216 22905 7916 16740 END
START -6176 1304 -2028 21718 8597 17251 END
START -6268 1228 -2976 20428 9179 17847 END
START -6372 1268 -3548 19118 9757 18463 END
START -6488 1224 -4248 17745 10204 19102 END
START -6496 1136 -4480 16288 10554 19778 END
START -6612 1072 -4948 14807 10746 20548 END
START -6736 1128 -5432 13304 10838 21240 END
START -7200 1148 -5396 11868 10786 22033 END
START -7372 1300 -5536 10434 10540 22923 END
START -7592 1360 -5956 9131 10097 23849 END
START -7584 1328 -6132 7895 9468 24853 END
START -7348 1208 -6392 6694 8668 25789 END
START -7012 1116 -6932 5475 7928 26650 END
START -6440 1112 -6852 4232 7112 27454 END
START -5876 1292 -7052 2926 6459 28230 END
START -5648 1436 -7224 1619 5974 28932 END
START -5280 1408 -7100 424 5744 29622 END
START -4956 1484 -6996 -772 5588 30344 END
START -4648 1080 -6116 -1945 5364 31100 END
START -4176 720 -5532 -3061 4975 31796 END
START -3600 484 -4964 -4002 4511 32463 END
START -3108 300 -4648 -4678 4123 32767 END
START -2424 180 -4832 -5310 3876 32767 END
START -1936 304 -4844 -5856 3810 32767 END
START -1164 268 -4640 -6479 3712 32767 END
START -544 168 -4204 -7119 3661 32767 END
START 360 -204 -3892 -7819 3757 32767 END
START 1260 -260 -4152 -8446 4165 32767 END
START 2160 -612 -4048 -9112 4840 32767 END
START 2956 -504 -4244 -9811 5635 32767 END
START 3528 -476 -4168 -10506 6453 32767 END
START 3720 -332 -4196 -11163 7327 32767 END
START 3940 68 -4028 -11963 8177 32767 END
START 4484 352 -4040 -12748 8890 32767 END
START 5416 340 -3596 -13626 9713 32767 END
START 6512 296 -3564 -14682 10479 32767 END
START 7720 108 -3280 -15282 11408 32767 END
START 9128 52 -2200 -16290 12176 32767 END
START 10420 -176 -1312 -17160 12747 32767 END
START 11380 -172 180 -17786 13264 32767 END
START 11980 -316 1828 -18308 13257 32066 END
START 11232 136 3008 -18472 13153 30948 END
START 10760 608 4052 -18468 13052 29938 END
START 10608 900 4504 -18192 12350 29079 END
START 11268 968 4848 -17910 11868 28292 END
START 11064 1176 5040 -17615 11116 27490 END
START 11016 1308 5184 -17289 10203 26684 END
START 10864 1580 5168 -17091 9207 25930 END
START 10944 1768 5028 -16973 8159 25185 END
START 10724 2124 5036 -16981 7004 24450 END
START 10520 2240 4964 -17103 5998 23755 END
START 10260 2436 4908 -17216 4979 23217 END
START 9752 2480 5280 -17416 4022 22746 END
START 9508 2456 5148 -17569 3067 22403 END
START 9064 2416 5356 -17776 2241 22232 END
START 9248 2380 5548 -17994 1549 22245 END
START 9704 2192 5848 -18262 1070 22334 END
START 10640 2168 6256 -18537 823 22416 END
START 11980 2216 6472 -18832 745 22471 END
START 13536 2328 6860 -19139 858 22339 END
START 15400 2448 7044 -19427 1139 21962 END
START 17216 2704 7528 -19761 1691 21370 END
START 18892 3052 8228 -20158 2358 20503 END
START 20448 3308 8992 -20531 3204 19374 END
START 21356 3460 9740 -20909 4047 18057 END
START 21940 3544 10672 -21227 4848 16606 END
START 22164 3576 11880 -21398 5588 15042 END
START 21572 3584 12836 -21447 6130 13589 END
START 21144 3640 13360 -21348 6572 12213 END
START 20460 3632 13896 -21191 7032 11004 END
START 19712 3912 14328 -21012 7451 9872 END
START 19152 3968 14272 -20872 7807 8886 END
START 18400 3864 14704 -20828 8094 7991 END
START 17444 3652 14944 -20808 8383 7183 END
START 16640 3400 15280 -20864 8599 6463 END
START 15708 3052 15424 -20869 8655 5907 END
START 14608 2668 15696 -20837 8605 5380 END
START 13888 2336 15596 -20822 8378 4984 END
START 12840 2056 15748 -20791 8010 4709 END
START 12156 1928 16052 -20875 7497 4507 END
START 11608 1788 16180 -21071 6954 4342 END
START 11036 1716 16768 -21224 6441 4264 END
START 10924 1696 17308 -21413 6019 4152 END
START 11000 1360 17888 -21509 5645 4078 END
START 11016 1112 18864 -21534 5378 3955 END
START 11044 832 19600 -21449 5190 3821 END
START 10272 716 20748 -21149 4813 3672 END
START 10108 916 21500 -20863 4322 3611 END
START 10720 220 21240 -20396 4053 3624 END
START 11660 -152 21248 -19959 4077 3575 END
START 12876 -328 21352 -19557 4334 3442 END
START 14076 88 21276 -19194 4723 3095 END
START 15284 368 21560 -18968 5192 2591 END
START 16468 560 21856 -18648 5794 1898 END
START 17648 664 22012 -18433 6476 1013 END
START 18452 940 22504 -18053 7127 -12 END
START 19500 1064 22644 -17641 7712 -1185 END
START 20216 792 22608 -17169 8232 -2531 END
START 20880 732 22448 -16645 8701 -4003 END
START 21100 756 21844 -16185 9142 -5506 END
START 20692 800 21200 -15820 9485 -7010 END
START 20432 868 20504 -15584 9621 -8504 END
START 19924 1064 19652 -15467 9707 -9868 END
START 19096 1080 19244 -15601 9588 -11181 END
START 18804 876 19068 -15839 9352 -12406 END
START 18536 704 18968 -16129 9036 -13501 END
START 18820 600 19116 -16420 8667 -14582 END
START 19388 608 18904 -16632 8326 -15751 END
START 19840 356 19152 -16794 7969 -17038 END
START 20512 384 19144 -16882 7641 -18348 END
START 20908 88 18972 -17016 7426 -19805 END
START 21344 -24 18888 -17200 7357 -21301 END
START 21512 -76 19244 -17430 7417 -22890 END
START 21556 44 19608 -17667 7590 -24508 END
START 21328 -60 19988 -17908 7814 -26062 END
START 21016 -88 20488 -18039 8062 -27633 END
START 20332 -524 21072 -18040 8520 -29115 END
START 19472 -928 21712 -17859 8968 -30536 END
START 18200 -1408 22480 -17476 9334 -31814 END
START 17200 -1620 22828 -17036 9584 -32768 END
START 15860 -2112 23004 -16540 9736 -32768 END
START 15144 -2556 22532 -16005 9847 -32768 END
START 14372 -2956 22100 -15518 9922 -32768 END
START 13436 -3200 21896 -15168 9962 -32768 END
START 12352 -3396 21676 -14594 9820 -32768 END
START 11436 -3672 21840 -14519 9463 -32768 END
START 10372 -4008 22112 -14549 8940 -32768 END
START 9664 -4456 22516 -14396 8218 -32768 END
START 9356 -4976 22960 -13986 7442 -32768 END
START 9568 -5732 23396 -13575 6742 -32768 END
START 9948 -6152 23896 -13089 6288 -32768 END
START 10408 -6712 24100 -12549 5958 -32768 END
START 10028 -7180 24460 -11977 5783 -32768 END
START 9552 -7564 24516 -11331 5599 -32768 END
START 8460 -7864 24764 -10746 5247 -32768 END
START 7116 -8324 24672 -10198 4756 -32768 END
START 5840 -8640 24500 -9718 4182 -32768 END
START 4628 -8832 24048 -9389 3650 -32768 END
START 3100 -9072 23504 -9110 3133 -32768 END
START 1544 -9452 23408 -8980 2675 -32768 END
START -220 -9664 23380 -8848 2170 -32768 END
START -2248 -9956 23384 -8859 1690 -32768 END
START -4484 -10192 23256 -8872 1203 -32768 END
START -6680 -10216 23604 -8840 707 -32768 END
START -8748 -10084 23736 -8799 300 -32768 END
START -10608 -9920 23948 -8678 38 -32768 END
START -12388 -9476 24264 -8479 -37 -32768 END
START -14056 -9228 24700 -8201 76 -32768 END
START -15568 -9048 25020 -7837 261 -32768 END
START -16708 -8888 25144 -7440 569 -32768 END
START -17632 -8744 25404 -6914 970 -32768 END
START -18564 -8696 25628 -6323 1505 -32768 END
START -19420 -8388 25472 -5772 2064 -32768 END
START -20196 -8024 25348 -5127 2727 -31259 END
START -20852 -7660 25376 -4529 3259 -29102 END
START -21316 -7568 25236 -3955 3625 -26891 END
START -21996 -7928 25116 -3377 3899 -24497 END
START -22324 -8144 25056 -2835 4024 -22045 END
START -22348 -8104 25020 -2237 3967 -19619 END
START -21940 -7812 24736 -1602 3709 -17374 END