START 27580 13864 8024 -4107 -3141 13448 END
START 17080 436 12072 -3843 -836 8956 END
START 21652 1304 5940 -6364 -346 6236 END
START 21072 1336 10852 -8667 -4450 4709 END
START 22564 1804 16608 -8982 -6369 1891 END
START 28016 2292 20796 -6492 -6246 -2602 END
START 32767 3064 17224 -5000 -559 -10768 END
START 30416 1884 12888 -7159 4919 -19404 END
START 25460 -596 12576 -8295 5462 -24369 END
START 21808 -1796 13448 -8195 3822 -27141 END
START 22312 -3132 14124 -7900 2351 -30347 END
START 22168 -4600 13412 -7754 1646 -32768 END
START 18300 -6924 13408 -8248 688 -32768 END
START 13144 -9524 14040 -8798 -69 -32768 END
START 8836 -10928 14536 -9753 756 -32768 END
START 5356 -12096 16780 -10168 1623 -32768 END
START 372 -13628 18240 -9298 873 -32768 END
START -3844 -13836 19572 -7798 -1318 -32768 END
START -7752 -14920 21280 -6282 -4399 -32768 END
START -11164 -16256 22656 -4727 -6549 -32768 END
START -19624 -19072 24844 -3150 -6279 -32768 END
START -30360 -18216 25552 -1279 -4698 -32768 END
START -32768 -14872 23188 -501 -1825 -21958 END
START -30792 -11408 19924 -767 960 -12021 END
START -26528 -7048 18400 -1309 2070 -5613 END
START -21540 -2200 18884 -1157 2931 -1834 END
START -17888 2388 19704 -616 2814 330 END
START -13808 5564 21576 -447 2369 1641 END
START -10220 7788 24848 -162 3755 2313 END
START -6016 7592 29704 868 6375 1350 END
START -2640 5776 32767 3336 9499 -1675 END
START -5520 2576 32767 8268 9707 -5765 END
START -9608 -32 32767 13718 7841 -6835 END
START -12064 -2256 32767 18534 8063 -5313 END
START -13972 -4560 31816 22418 9425 -2412 END
START -15300 -6624 26372 25131 10158 1406 END
START -16420 -7832 20488 26268 10073 5723 END
START -17328 -8596 15652 25721 9790 10364 END
START -16852 -9464 12552 24477 9393 15611 END
START -15424 -9876 9992 23220 9466 21157 END
START -13400 -9940 7500 21926 9268 26224 END
START -11204 -10396 4844 20584 8016 30608 END
START -9716 -10536 1684 18960 6224 32767 END
START -6932 -10068 -1196 16335 4269 32767 END
START -4344 -10376 -3060 12988 3211 32767 END
START -2168 -10408 -4892 9731 3343 32767 END
START 376 -10084 -7480 4666 5111 32767 END
START 3628 -9424 -9808 -2550 10161 32767 END
START 4568 -9644 -9836 -10568 15979 32767 END
START 3944 -11096 -7976 -17959 18848 32767 END
START 2224 -13856 -4696 -22478 18333 32767 END
START 852 -17532 -2688 -25706 16088 32767 END
START 10964 -19524 -76 -29131 14622 32767 END
START 26868 -18852 4264 -32408 17632 32767 END
START 32767 -15400 6588 -32768 20878 32767 END
START 32767 -13216 14612 -32768 20165 25391 END
START 32767 -11968 19280 -32768 17495 7524 END
START 32767 -13480 23220 -32768 14901 -4188 END
START 32052 -14300 26880 -30389 16144 -11224 END
START 31384 -13548 26308 -27670 23151 -18720 END
START 28704 -13356 24520 -25506 30299 -28593 END
START 24360 -15160 22008 -24222 32767 -32768 END
START 15200 -19540 20592 -22769 30155 -32768 END
START 5592 -24296 25536 -17773 20395 -32768 END
START -1276 -25504 27984 -11009 9246 -32768 END
START -9636 -26492 28892 -5419 4846 -32768 END
START -16748 -25532 29088 -3613 5293 -32768 END
START -24396 -24088 30936 -966 8215 -32768 END
START -32768 -21944 31816 3922 6204 -32282 END