START 32767 10624 -288 -770 6686 13523 END
START 29476 -436 3720 -528 -2302 8346 END
START 15152 104 14148 -1810 -5416 4911 END
START 18888 52 14924 -4067 -5847 1187 END
START 24372 612 16200 -5132 -3187 -3213 END
START 26620 -428 17064 -5470 598 -8764 END
START 28476 -1024 15492 -5719 4767 -13397 END
START 26220 -2088 15312 -6101 8369 -18537 END
START 23340 -3924 15668 -6149 10739 -22986 END
START 21468 -5160 15748 -5705 10497 -26810 END
START 20844 -5924 14956 -5206 10586 -31453 END
START 16992 -7496 14176 -5396 9951 -32768 END
START 13868 -9280 14652 -5097 6809 -32768 END
START 11648 -9896 15208 -4328 3491 -32768 END
START 9040 -10720 15848 -4381 1234 -32768 END
START 2688 -11212 17644 -3262 -1771 -32768 END
START -2836 -10924 19196 -2164 -5283 -32768 END
START -8388 -9848 20308 -865 -8714 -32768 END
START -10272 -8116 18568 -1993 -5538 -32768 END
START -14768 -8336 18744 -4976 -553 -32768 END
START -22996 -8652 22336 -5818 2043 -32768 END
START -29648 -9512 26060 -3975 732 -29042 END
START -31188 -8320 27656 -1125 -2277 -21372 END
START -28496 -6124 28600 480 -1768 -16331 END
START -26752 -4640 29712 2004 590 -11499 END
START -24296 -2824 29856 3218 4308 -7770 END
START -22952 -488 31392 4524 7159 -4841 END
START -27192 1296 32767 6213 8891 -2055 END
START -22000 248 32767 9965 11732 1188 END
START -19988 -2504 32767 14972 15009 1633 END
START -18580 -7048 32767 23565 16530 1765 END
START -16688 -9048 32767 32422 17181 2386 END
START -15648 -10560 29412 32767 18630 4172 END
START -14040 -10848 19124 32767 21343 7713 END
START -12600 -11068 11540 32767 24096 11779 END
START -12204 -11940 6640 30770 25775 16557 END
START -12244 -12568 1768 28007 22797 21837 END
START -11220 -12820 -1880 25226 16574 26574 END
START -9716 -12916 -4632 21874 11748 31211 END
START -7092 -12304 -6660 18380 8171 32767 END
START -3096 -11608 -9220 14163 6646 32767 END
START -980 -10480 -10908 9210 6755 32767 END
START 5472 -8476 -15312 1617 19088 32767 END
START 7088 -8412 -15360 -6601 21458 32767 END
START 1128 -8980 -11576 -10517 19044 32767 END
START -496 -10096 -10080 -15118 14086 32767 END
START 2736 -10336 -9924 -18918 9127 32767 END
START 5468 -10408 -8680 -21677 5070 32767 END
START 8864 -10232 -7772 -24741 2859 32767 END
START 12472 -10464 -5084 -28464 2177 32767 END
START 15664 -10592 -1132 -31373 5052 32767 END
START 17868 -10868 2828 -32768 8073 29676 END
START 24024 -10400 7020 -32768 8164 25016 END
START 28996 -9652 9332 -32768 9939 17633 END
START 32664 -9276 12928 -32768 10653 10011 END
START 32767 -9532 17872 -32768 13195 2069 END
START 32767 -8900 22484 -32768 18801 -6917 END
START 32767 -9160 26496 -32768 31260 -19621 END
START 32244 -12124 27960 -32674 32767 -32586 END
START 21348 -14560 28656 -29845 32767 -32768 END
START 13452 -17632 32767 -25290 22883 -32768 END
START 7856 -19684 32767 -18875 12420 -32768 END
START 3028 -20416 32767 -12609 7908 -32768 END
START -1504 -21268 32767 -8107 11673 -32768 END
START -11820 -23048 32767 -5428 14875 -32768 END
START -24528 -22336 32767 -758 10420 -32768 END
START -31024 -19604 32767 5915 2124 -32768 END
START -29664 -16520 28764 10422 -4275 -27414 END