START 25808 11312 -1976 -7248 10607 4869 END
START 21856 3332 4884 -9435 11398 -817 END
START 20076 2276 8612 -9460 9541 -2570 END
START 18924 1656 12600 -6737 4480 -3350 END
START 21012 1756 11808 -5397 469 -6541 END
START 19052 1108 12540 -5329 -2785 -10615 END
START 22752 456 11692 -6744 -3642 -14785 END
START 20808 -816 12736 -8204 -1249 -18649 END
START 19408 -2428 11428 -10042 1909 -21160 END
START 18604 -3428 11744 -11832 3694 -22833 END
START 20316 -4824 14136 -12915 5304 -26087 END
START 18420 -6340 16396 -11950 4203 -30850 END
START 15588 -7976 18328 -9801 -1042 -32768 END
START 13240 -9076 19460 -7654 -5731 -32768 END
START 10128 -9324 18876 -7155 -6054 -32768 END
START 6324 -9580 17404 -8120 -4019 -32768 END
START 1008 -10636 16800 -10775 70 -32768 END
START -7840 -13152 20224 -11743 1692 -32768 END
START -19220 -15096 24992 -7510 -5309 -32768 END
START -26084 -15568 25724 -3522 -9359 -32768 END
START -30888 -14668 24104 -1903 -7158 -26726 END
START -32768 -12308 21624 -1849 -4885 -16556 END
START -31048 -8904 19676 -2438 -5687 -6171 END
START -22076 -5312 19284 -3797 -3947 718 END
START -14320 -2644 21656 -4625 -847 4177 END
START -7384 -240 23552 -3694 1741 4584 END
START -4848 900 24312 -2174 2188 3331 END
START -3540 1892 25384 -292 -153 2393 END
START -1772 3064 27632 1505 -2777 751 END
START 28 3236 30516 2837 -991 -895 END
START -588 3304 32508 3918 3457 -1845 END
START -1836 1852 32767 5225 7269 -2161 END
START -2032 -244 32767 7995 9889 -2838 END
START -6056 -2032 32767 13531 9535 -2845 END
START -9020 -3720 32767 18562 8111 -1942 END
START -10404 -5612 32767 22365 7228 299 END
START -10608 -7096 29640 25222 8141 2296 END
START -12600 -7952 25224 26765 10766 5032 END
START -14056 -8952 20556 27505 12479 8541 END
START -15100 -10344 16600 27815 12295 12534 END
START -15252 -11068 12348 27913 12136 17109 END
START -15492 -12040 8156 28351 10291 21815 END
START -12980 -12260 3012 27784 8369 26198 END
START -10812 -11736 -1380 25479 7620 29486 END
START -9752 -10932 -5512 21684 7279 32767 END
START -7872 -10376 -8488 16575 6347 32767 END
START -4832 -9800 -10432 10641 5922 32767 END
START 144 -9644 -11988 3817 6688 32767 END
START 2644 -8792 -9616 -956 7632 32767 END
START 4836 -9080 -7484 -5590 5135 32767 END
START 7540 -8440 -6980 -6680 5905 32767 END
START 8576 -9488 -8216 -9861 4883 32767 END
START 10388 -10284 -8932 -13784 3313 32767 END
START 13560 -11044 -6448 -18505 93 32767 END
START 20224 -11468 -3192 -21207 1275 32767 END
START 25128 -11500 176 -24323 3407 30720 END
START 31972 -10572 3272 -26297 6452 25690 END
START 32767 -9548 4904 -27877 9554 17252 END
START 32767 -10324 6268 -29820 10487 9369 END
START 32767 -11004 9672 -31322 10738 3038 END
START 32767 -10912 13548 -32079 13913 -3897 END
START 32767 -11160 17364 -31609 20348 -12733 END
START 32767 -12652 19204 -31140 26846 -23365 END
START 29564 -15096 21820 -29591 28201 -32768 END
START 22480 -16884 25144 -27391 23535 -32768 END
START 17844 -20092 30576 -23468 17828 -32768 END
START 14696 -21984 32256 -18886 15443 -32768 END
START 10248 -24212 30544 -16287 18363 -32768 END
START 2496 -25768 29464 -14638 21816 -32768 END
START -7852 -27732 32124 -12203 20140 -32768 END
START -16528 -27228 32767 -5455 13282 -32768 END
START -19872 -24168 32767 1701 8900 -32768 END