START 12768 6312 3076 -834 5134 11818 END
START 19648 3540 2832 -2393 2491 10212 END
START 18532 1460 10220 -2165 -2013 9206 END
START 22476 1228 14304 -1435 -5017 6486 END
START 30284 1368 13976 -1227 -4401 -475 END
START 31220 1000 13656 -3590 496 -8815 END
START 27208 -816 14184 -5915 4172 -15003 END
START 24024 -2360 15640 -6358 4440 -18093 END
START 25900 -3428 17560 -5179 3841 -20718 END
START 26776 -3596 16932 -3396 2186 -25098 END
START 28216 -4192 16564 -2118 -457 -31294 END
START 24172 -5508 15672 -1378 -1984 -32768 END
START 20960 -6804 15920 -1849 -4557 -32768 END
START 19076 -8156 16916 -3712 -4104 -32768 END
START 12632 -9852 18592 -5357 -122 -32768 END
START 3876 -11496 19588 -5601 120 -32768 END
START -3728 -12556 20264 -4417 -2326 -32768 END
START -14524 -15300 19976 -3330 -3261 -32768 END
START -32236 -18444 21020 -1629 -8087 -32768 END
START -32768 -16812 20564 -290 -9087 -32768 END
START -32768 -14196 17468 -1264 -6829 -20320 END
START -32768 -10360 17892 -1993 -5865 -9593 END
START -27012 -6116 18256 -1045 -5780 -5102 END
START -21000 -2704 17996 56 -5382 -4767 END
START -21236 -412 18336 1277 -6264 -3270 END
START -16328 2548 18084 1772 -6360 -721 END
START -11468 4576 17892 682 -2478 -85 END
START -8944 5676 20004 -1023 1700 -580 END
START -7956 5780 24944 -2060 6066 -2155 END
START -7680 4952 29580 -501 9158 -3954 END
START -10944 3100 32767 2646 9524 -5942 END
START -13668 632 32767 6627 8990 -6046 END
START -15424 -1148 32767 10644 11410 -4971 END
START -19716 -2596 32767 14686 14406 -1942 END
START -22260 -4848 32767 18801 15087 2622 END
START -20788 -5928 29156 22392 16421 7885 END
START -19448 -6808 23688 25294 17115 12116 END
START -18264 -8000 18128 27062 16143 15938 END
START -15688 -8540 12680 27561 15720 19519 END
START -13628 -8928 7048 26837 15882 22385 END
START -12588 -9596 2316 25334 14792 25247 END
START -10456 -9320 -2080 22751 14088 28620 END
START -8484 -10008 -6756 18268 12590 32253 END
START -6372 -10216 -10160 12728 8001 32767 END
START -3688 -10284 -13352 5940 3701 32767 END
START -440 -10804 -14092 -1181 2309 32767 END
START 2696 -12712 -13512 -7065 3938 32767 END
START 5588 -12980 -14456 -12579 5811 32767 END
START 7880 -13460 -13476 -17948 7186 32767 END
START 9768 -13804 -12268 -22086 7759 32767 END
START 10756 -13688 -11928 -26553 5797 32767 END
START 13064 -14644 -9364 -31263 2900 32767 END
START 19616 -15156 -3360 -32768 3048 32767 END
START 24504 -14932 2488 -32768 4600 28074 END
START 31084 -14384 7896 -32768 5163 23146 END
START 32767 -13344 15936 -32768 7698 16605 END
START 32767 -11616 22852 -32768 13128 7064 END
START 32767 -10180 27636 -32768 19904 -3787 END
START 32767 -11068 32767 -32768 27046 -17107 END
START 32767 -13160 32767 -28854 28262 -30224 END
START 32456 -15104 32767 -23395 24174 -32768 END
START 26048 -17172 32767 -17361 17887 -32768 END
START 21232 -19532 32767 -10601 12618 -32768 END
START 18184 -20340 32767 -6022 13585 -32768 END
START 10052 -22852 30408 -4642 19200 -32768 END
START -704 -25648 27732 -3296 19978 -32768 END
START -17152 -27204 29712 666 13705 -32768 END
START -24960 -25800 31448 7389 5601 -32768 END
START -28300 -23872 27724 12478 3716 -32768 END
START -32768 -21256 18960 14312 5124 -32111 END
START -32768 -17048 10656 12462 3171 -20969 END