START 18936 7776 3588 -5602 10166 11216 END
START 20244 1576 6500 -4622 7938 7619 END
START 17696 1140 11532 -4510 4559 2279 END
START 19204 644 15252 -5331 2442 -3015 END
START 24844 764 18436 -4753 1274 -9474 END
START 25264 -716 20128 -4450 2792 -15569 END
START 24352 -1224 20252 -4362 5312 -19604 END
START 24480 -1956 20444 -3641 6683 -23721 END
START 23468 -2928 20208 -1359 5502 -28792 END
START 21452 -3804 18372 795 1292 -32768 END
START 16220 -5452 17356 2157 -3929 -32768 END
START 12396 -5860 16428 2564 -7846 -32768 END
START 10196 -6016 14184 1080 -4545 -32768 END
START 3508 -7260 13392 -1526 1068 -32768 END
START -2980 -7628 15516 -2809 1786 -32768 END
START -13600 -8924 20020 -553 -4288 -32768 END
START -21084 -8028 22240 2735 -12727 -32768 END
START -23696 -5000 21876 4453 -15495 -32768 END
START -24944 -2292 19380 2191 -9017 -28516 END
START -28120 -1632 21432 -1701 -2088 -22057 END
START -30436 -1588 26764 -1863 -447 -16693 END
START -30060 -1872 31840 1634 -3081 -12075 END
START -31552 -1500 32767 6908 -3443 -8080 END
START -32344 -944 32767 12699 -3521 -2721 END
START -29316 -92 28924 16433 -1543 2252 END
START -27312 -32 24948 17907 3143 6815 END
START -25092 -124 22260 18936 6026 11144 END
START -22324 -556 19188 20791 6036 14552 END
START -19044 -1216 15832 22838 4089 16699 END
START -15896 -2564 12660 24798 1099 17856 END
START -13480 -3232 9512 26444 -2036 18347 END
START -11688 -4112 6208 27049 -4346 19090 END
START -10512 -5244 3152 26722 -5423 20608 END
START -8632 -6088 616 26155 -6163 22430 END
START -7608 -6792 -2572 25885 -8182 24205 END
START -7808 -8088 -8048 24602 -13304 27406 END
START -6660 -8960 -12236 21638 -20696 31393 END
START -2332 -8952 -16620 16486 -22713 32767 END
START 4188 -8468 -19292 6132 -10164 32767 END
START 5304 -9088 -19408 -7688 11644 32767 END
START 1256 -11376 -16164 -20263 27032 32767 END
START -624 -14772 -10600 -28089 28785 32767 END
START 6888 -17244 -2720 -30971 20375 32767 END
START 21624 -15760 4584 -28566 13372 32767 END
START 32767 -11308 5380 -27204 17557 32767 END
START 30348 -11508 6496 -30315 23729 24605 END
START 21992 -14472 10672 -32236 21462 20875 END
START 28656 -14148 19260 -30741 13974 18968 END
START 32767 -10580 23132 -29308 17762 9513 END
START 32767 -9424 26408 -28322 28861 -5941 END
START 32767 -10468 25196 -26544 32767 -21778 END
START 31212 -14068 23592 -24563 32767 -32768 END
START 23424 -14880 25692 -22321 30700 -32768 END
START 22596 -15516 29444 -18746 26578 -32768 END
START 19400 -16628 30348 -13822 22657 -32768 END
START 14504 -18452 26904 -10138 20643 -32768 END
START 8408 -21112 21964 -8333 20871 -32768 END
START -3068 -26524 20520 -6924 19100 -32768 END
START -18996 -31908 23052 -3823 13033 -32768 END
START -32768 -28840 25280 497 6593 -32768 END
START -32768 -24536 24324 1095 7452 -32768 END