START 12712 4108 4940 -2767 9276 15805 END
START 20476 1224 1944 -3396 5969 12969 END
START 17580 652 4756 -6375 2022 9587 END
START 13700 -296 11884 -8970 399 5378 END
START 17292 -748 14980 -9127 705 1040 END
START 20948 -556 13628 -7325 1715 -3342 END
START 20168 -624 12276 -6654 1599 -6524 END
START 21540 -224 11792 -7335 2360 -9666 END
START 21048 108 11588 -8409 4675 -13399 END
START 20900 192 12548 -9251 7148 -17255 END
START 19068 -480 13820 -9520 8819 -21458 END
START 15316 -1408 15280 -9024 7388 -24613 END
START 13856 -1636 16076 -8445 6265 -26799 END
START 11744 -2428 17592 -8064 5437 -29231 END
START 12288 -3112 20252 -6997 4717 -32083 END
START 11168 -4152 20908 -6072 4380 -32768 END
START 11352 -5596 23724 -4020 4402 -32768 END
START 6044 -7500 24576 349 2423 -32768 END
START 408 -9472 23024 4683 -3237 -32768 END
START 320 -10736 18768 6972 -8728 -32768 END
START -2864 -13420 14112 4055 -5608 -32768 END
START -13532 -16972 13500 -1539 816 -32768 END
START -25796 -19328 19504 -4356 2903 -29136 END
START -32768 -18764 23396 -1810 -695 -19826 END
START -32768 -16276 22124 826 -3995 -9943 END
START -24892 -13032 22152 1859 -3906 -4662 END
START -21448 -10000 23988 3310 -2441 -2880 END
START -18524 -6532 23796 5834 -2603 -1907 END
START -17644 -3548 21444 7519 -1859 -1205 END
START -15036 -988 19792 6862 -435 -157 END
START -12532 336 22444 6535 1920 -231 END
START -11388 -292 25020 7877 3612 -1391 END
START -12268 -1736 26112 10017 4552 -3275 END
START -14872 -3416 26616 11544 5948 -3088 END
START -15232 -4616 28280 13500 7961 -2067 END
START -16628 -5764 29216 17365 9011 -646 END
START -17968 -7264 27912 21891 6812 2003 END
START -17640 -7948 25184 25771 4492 5258 END
START -15584 -8272 21520 28064 4057 8723 END
START -14544 -8440 17080 29075 6346 12216 END
START -13844 -8928 12148 28408 8624 16162 END
START -13484 -9316 6480 26010 9285 21046 END
START -12104 -8960 2616 22664 7982 26142 END
START -10220 -8600 -772 19491 5247 30703 END
START -7840 -8056 -4176 16575 1024 32767 END
START -5596 -7644 -7884 13579 -4000 32767 END
START -1248 -7820 -10484 11199 -6908 32767 END
START -144 -7684 -10976 7008 -7216 32767 END
START 1956 -8496 -11624 3254 -5609 32767 END
START 6688 -11080 -9836 1320 -1879 32767 END
START 10032 -8928 -11256 -5405 -112 32767 END
START 12932 -9544 -10980 -9868 3349 32767 END
START 15264 -9420 -7728 -15254 4190 32767 END
START 17412 -8280 -4388 -19360 6598 32767 END
START 19040 -8316 -2312 -22694 9274 31873 END
START 20920 -8820 -396 -25638 10513 28079 END
START 26628 -8652 3952 -27828 10008 23675 END
START 31288 -7964 7264 -29154 11613 16469 END
START 32767 -8212 10860 -29769 13969 8759 END
START 32767 -7740 13628 -29860 15737 197 END
START 32767 -8416 17364 -29008 19773 -7884 END
START 32767 -8804 19512 -28466 23611 -16580 END
START 32476 -11036 22336 -27547 25784 -26663 END
START 27148 -13716 27812 -25580 24014 -32768 END
START 23736 -16156 31836 -21744 18812 -32768 END
START 19500 -18756 32484 -18593 20532 -32768 END
START 12564 -20572 32440 -16119 25092 -32768 END
START 4000 -22788 32767 -10394 21116 -32768 END
START 800 -22532 32767 -2825 15701 -32768 END
START -4268 -22316 29468 1314 15450 -32768 END
START -7196 -21540 26444 3599 16605 -32768 END
START -12132 -21776 22672 5750 14501 -32768 END
START -18004 -21764 19188 7584 10307 -32768 END
START -26076 -20260 15832 8437 7539 -32768 END
START -32768 -19756 15480 7912 4964 -26856 END