START 13916 4516 4292 706 2684 2246 END
START 19264 1464 2808 1064 -1953 -860 END
START 6544 -780 11980 -1135 -4513 -2329 END
START 12132 -360 13036 -3431 -5125 -3329 END
START 18580 -480 15520 -4103 -3956 -6832 END
START 22288 24 13800 -4515 -45 -11700 END
START 24220 -1408 12328 -5817 3112 -16527 END
START 23620 -2336 10952 -7168 4416 -20706 END
START 20816 -4064 12136 -8450 4151 -24255 END
START 19984 -5156 13524 -8291 2218 -27062 END
START 19728 -6520 14364 -7747 346 -30639 END
START 18748 -7704 14128 -7282 -845 -32768 END
START 17488 -9216 14496 -7339 -1700 -32768 END
START 15656 -10648 14388 -8086 -58 -32768 END
START 11112 -12244 14712 -9018 2123 -32768 END
START 3396 -12944 15436 -9124 -1095 -32768 END
START -1804 -12636 18624 -8218 -6840 -32768 END
START -6912 -11384 20888 -7061 -9900 -32768 END
START -12336 -9612 21216 -6148 -9211 -32768 END
START -17096 -9476 21032 -5823 -7040 -32768 END
START -21300 -10192 21168 -5987 -4821 -31850 END
START -26224 -12080 24672 -6043 -5624 -26542 END
START -28480 -11696 28048 -3463 -7448 -19542 END
START -29008 -9952 28504 -1752 -4920 -12111 END
START -27208 -7928 27164 -660 -1749 -5099 END
START -22652 -5452 26544 -101 761 746 END
START -15776 -2824 26932 295 2775 4083 END
START -9936 -572 28372 922 5110 3790 END
START -6560 72 31832 3433 3139 2111 END
START -4412 788 32767 7038 271 -371 END
START -3708 884 32767 9944 -524 -2117 END
START -4296 544 32767 11920 1097 -2529 END
START -3464 -524 32767 13009 5295 -2230 END
START -3588 -1984 32767 14410 10051 -2557 END
START -6288 -4248 32767 17705 11303 -2767 END
START -8108 -5760 29800 20846 10368 -2312 END
START -10248 -7096 26168 22867 10197 -1212 END
START -11220 -7884 22644 24028 12082 1237 END
START -14248 -9044 18772 24725 14269 4720 END
START -15948 -10088 14192 24812 15016 9972 END
START -15724 -10660 9276 23807 14422 15485 END
START -13796 -10620 4972 21833 13386 19835 END
START -12020 -10840 1328 19690 11550 23246 END
START -10708 -10032 -1596 17674 9037 26208 END
START -8652 -9808 -4240 14887 8735 28184 END
START -8516 -10004 -6628 11992 9744 30052 END
START -10192 -10796 -9712 8868 8989 32069 END
START -11356 -11704 -11848 4771 3674 32767 END
START -5600 -11744 -12224 -176 -1906 32767 END
START 5072 -11456 -10408 -5341 -3618 32767 END
START 13660 -11328 -6000 -9818 -853 32767 END
START 23224 -9128 -1096 -11106 4503 32767 END
START 26164 -5060 -1712 -12834 13028 32767 END
START 18820 -5880 -2996 -15693 14384 26381 END
START 11724 -6924 -732 -18427 5471 24789 END
START 14988 -8276 2372 -19137 -2565 27121 END
START 26596 -7468 3680 -21003 -2195 26627 END
START 32767 -6156 6788 -24303 4864 20974 END
START 32767 -5168 9660 -26452 13491 11930 END
START 32767 -5832 12140 -27918 17376 2912 END
START 32767 -6812 14556 -28452 18657 -5084 END
START 32767 -8456 17656 -28802 19239 -12535 END
START 32767 -10420 21724 -27232 19709 -20790 END
START 32767 -12872 24464 -24783 18708 -30399 END
START 30028 -16260 26516 -22594 17699 -32768 END
START 27944 -18452 27584 -21109 20766 -32768 END
START 23836 -20300 25364 -20863 31249 -32768 END
START 12640 -23752 23448 -19424 32767 -32768 END
START 132 -25556 25480 -13088 30125 -32768 END
START -6164 -26560 27412 -6134 14896 -32768 END
START -15252 -27660 29072 164 5729 -32768 END
START -25300 -26988 26376 3474 5233 -32768 END
START -32768 -24764 22684 4140 7037 -32768 END
START -32768 -22884 20296 4484 5826 -32768 END
START -32768 -20188 19152 4934 723 -20609 END
START -32768 -16868 18848 5693 -3654 -10054 END
START -28008 -14344 16344 6380 -675 -2679 END