START 21504 6604 -3664 -304 -468 9885 END
START 32460 3624 248 -3155 -2037 3555 END
START 25224 1708 11360 -4742 4731 -3212 END
START 23644 1272 11912 -6038 6560 -7853 END
START 24516 660 11828 -6051 3915 -11671 END
START 26936 860 12280 -6116 1062 -16327 END
START 27668 -200 13468 -6372 832 -21903 END
START 24800 -1888 13300 -6524 1420 -26740 END
START 22540 -3444 13592 -6636 1026 -30968 END
START 19276 -5468 13876 -6622 142 -32768 END
START 15124 -7176 15108 -6835 -2265 -32768 END
START 10928 -9596 18460 -6090 -5229 -32768 END
START 5432 -10268 20296 -4259 -9045 -32768 END
START 616 -10048 19948 -3391 -10950 -32768 END
START -5132 -10856 18580 -5354 -7203 -32768 END
START -13176 -12632 19604 -7833 -2190 -32768 END
START -22724 -14716 22588 -7027 -2980 -32768 END
START -27640 -15020 23712 -3999 -6110 -27620 END
START -29676 -13404 22180 -1065 -7747 -20327 END
START -26632 -9900 18616 44 -6770 -13699 END
START -22380 -6452 17516 -1392 -2884 -9517 END
START -20148 -3312 17136 -3074 32 -6779 END
START -17248 272 17860 -5181 1781 -5069 END
START -12812 2348 23320 -7628 5194 -4773 END
START -10120 2248 31128 -7461 9261 -6256 END
START -10596 680 32767 -4897 12769 -8423 END
START -15208 -3360 32767 -426 15151 -9133 END
START -19744 -6876 32767 6583 16231 -6570 END
START -22992 -9056 32767 15419 16309 -1037 END
START -21400 -10288 32767 23018 14820 5623 END
START -16784 -10272 31492 27400 14629 10564 END
START -14236 -10096 24132 29107 15525 14015 END
START -12824 -10508 18436 29597 14919 16785 END
START -12060 -11128 14628 30403 12950 19712 END
START -11260 -12112 10532 31406 10469 22617 END
START -10532 -12184 5640 31477 8736 26037 END
START -10268 -12732 1416 30104 6654 30062 END
START -9576 -12928 -2560 27554 5597 32767 END
START -8068 -12008 -7552 22746 5321 32767 END
START -5312 -11492 -11120 16276 6663 32767 END
START -2564 -11404 -14280 9678 7197 32767 END
START 892 -10564 -17072 1873 7373 32767 END
START 2640 -10572 -16452 -5416 9201 32767 END
START 4132 -10568 -15852 -12772 11041 32767 END
START 4664 -11292 -14612 -19867 13995 32767 END
START 5288 -12204 -12896 -26770 15206 32767 END
START 6712 -13912 -9016 -32567 15189 32767 END
START 9180 -15544 -3308 -32768 13456 32767 END
START 17200 -15804 5024 -32768 9874 32119 END
START 25624 -14304 7300 -32768 10949 23817 END
START 26240 -15080 8792 -32768 11785 14785 END
START 25824 -16960 13908 -32768 12488 8427 END
START 24984 -17964 20480 -32768 15212 3509 END
START 29528 -17416 26752 -32768 21286 -1318 END
START 30576 -16616 29400 -32768 30465 -10616 END
START 28544 -17552 28172 -30458 32767 -21484 END
START 22848 -20248 28732 -29541 32767 -32628 END
START 15892 -21940 30584 -26498 32767 -32768 END
START 7428 -25380 31452 -20826 32767 -32768 END
START 1756 -26148 32016 -13786 32767 -32768 END
START -4920 -24152 30276 -6415 32767 -32768 END
START -7320 -22944 25912 -201 28274 -32768 END
START -13020 -22876 22460 3491 22699 -32768 END
START -20624 -24636 20444 5367 18997 -32768 END
START -32768 -24536 22952 9534 11528 -32768 END