START 17784 1100 8168 -1320 -2695 10216 END
START 19832 -4256 -3984 -163 -2243 9354 END
START 18216 3372 9064 -3161 -2359 8472 END
START 16576 1248 11324 -2718 -3298 7638 END
START 15456 1012 11876 -3494 -3225 6976 END
START 17468 1392 10792 -3780 -3530 6317 END
START 16260 840 12740 -4028 -2792 5745 END
START 17852 864 12600 -4139 -2230 5228 END
START 18068 400 13656 -4082 -1354 4668 END
START 17600 132 15260 -3985 -717 4057 END
START 18128 76 14752 -3751 -130 3513 END
START 17852 16 15500 -3431 511 3015 END
START 17568 96 15624 -3078 834 2499 END
START 17556 -40 15432 -2754 1033 2033 END
START 17376 -132 15236 -2480 1143 1543 END
START 17320 128 14824 -2348 1154 1094 END
START 17740 184 14296 -2332 1181 583 END
START 17784 -32 13944 -2426 1204 105 END
START 17980 -32 13820 -2643 1195 -370 END
START 18332 -176 13488 -2856 1162 -940 END
START 18748 -280 13392 -3149 1116 -1501 END
START 19288 -216 13296 -3465 1032 -2223 END
START 19836 -412 13600 -3824 850 -3024 END
START 20332 -344 13708 -4127 589 -3946 END
START 20768 -556 13984 -4378 299 -4818 END
START 21308 -688 14392 -4674 -90 -5821 END
START 21692 -832 14952 -4897 -551 -6776 END
START 22512 -928 15208 -5105 -906 -7858 END
START 22772 -1044 15644 -5173 -1294 -8929 END
START 22836 -1088 16464 -5213 -1780 -10150 END
START 22692 -1048 16948 -5204 -2366 -11417 END
START 22744 -1152 17448 -5103 -2889 -12650 END
START 22380 -1260 17776 -4919 -3329 -13807 END
START 21924 -1536 17976 -4670 -3811 -14978 END
START 21488 -1724 18396 -4404 -4309 -16026 END
START 20832 -1796 18492 -4116 -4822 -16902 END
START 20620 -1952 18684 -3808 -5317 -17746 END
START 20484 -2060 18480 -3497 -5691 -18553 END
START 20496 -2028 18256 -3207 -5914 -19372 END
START 20588 -1980 17920 -2942 -5890 -20201 END
START 20528 -2124 17368 -2652 -5736 -21108 END
START 20524 -2200 16788 -2469 -5365 -22019 END
START 20164 -2104 16304 -2311 -4992 -22808 END
START 19724 -2208 15540 -2172 -4536 -23607 END
START 19440 -2096 15020 -2220 -4113 -24295 END
START 19180 -1996 14156 -2352 -3740 -25018 END
START 18932 -1732 13420 -2614 -3371 -25753 END
START 18844 -1716 13028 -2997 -3080 -26586 END
START 18708 -1696 12324 -3451 -2808 -27423 END
START 18300 -1636 12172 -3990 -2605 -28254 END
START 17728 -1688 12064 -4540 -2482 -29039 END
START 16684 -1812 12348 -5029 -2551 -29884 END
START 15904 -1920 12460 -5466 -2727 -30666 END
START 15188 -2276 12568 -5771 -3093 -31408 END
START 14484 -2292 12612 -6009 -3581 -32050 END
START 13868 -2196 12780 -6236 -4186 -32720 END
START 13276 -2128 12920 -6519 -4807 -32768 END
START 12820 -2028 13164 -6815 -5450 -32768 END
START 12236 -1992 13388 -7130 -5995 -32768 END
START 11544 -1992 13676 -7446 -6484 -32768 END
START 10724 -2144 13872 -7690 -6858 -32768 END
START 10008 -2396 14164 -7876 -7041 -32768 END
START 8572 -2888 14600 -8038 -7101 -32768 END
START 7032 -3212 14992 -8150 -7020 -32768 END
START 5328 -3264 15160 -8196 -6879 -32768 END
START 3440 -3216 15420 -8180 -6684 -32768 END
START 964 -2844 15336 -8153 -6411 -32768 END
START -540 -2784 15232 -8162 -6008 -32768 END
START -2052 -2948 15212 -8149 -5595 -32768 END
START -3192 -3040 15076 -8264 -5119 -32768 END
START -4484 -3288 15140 -8461 -4597 -32768 END
START -5628 -3260 15108 -8652 -4108 -32768 END
START -7028 -3440 15604 -8925 -3600 -32768 END
START -8212 -3292 15848 -9177 -3174 -32768 END
START -9460 -3336 16124 -9408 -2767 -32768 END
START -10700 -3228 16476 -9586 -2374 -32768 END
START -11788 -3328 16960 -9725 -2012 -32426 END
START -12524 -3296 17788 -9817 -1781 -31512 END
START -13348 -3392 18296 -9783 -1576 -30536 END
START -14056 -3564 18888 -9745 -1554 -29557 END
START -14452 -3724 19672 -9540 -1654 -28638 END
START -15004 -4012 20332 -9291 -1950 -27717 END
START -15272 -4188 20804 -8976 -2380 -26850 END
START -15364 -4216 21720 -8630 -2942 -25960 END
START -15504 -4204 22320 -8269 -3479 -25213 END
START -15396 -4152 22816 -7892 -3953 -24538 END
START -15412 -4252 23224 -7479 -4343 -23885 END
START -15476 -4236 23844 -6951 -4652 -23322 END
START -15600 -4244 24260 -6406 -4920 -22712 END
START -15684 -4308 24608 -5725 -5113 -22105 END
START -16112 -4360 24756 -5052 -5307 -21454 END
START -16100 -4344 24824 -4386 -5445 -20783 END
START -16156 -4212 24728 -3725 -5444 -20052 END
START -16216 -4200 24772 -3170 -5399 -19314 END
START -16124 -4004 24496 -2683 -5323 -18562 END
START -16104 -3868 24316 -2245 -5236 -17808 END
START -15976 -3816 24228 -1839 -5126 -17058 END
START -15756 -3744 24088 -1506 -4983 -16355 END
START -15536 -3468 23612 -1163 -4735 -15696 END
START -15184 -3200 23544 -905 -4404 -15073 END
START -15076 -2940 22984 -733 -3982 -14516 END
START -15156 -2692 22684 -609 -3439 -13950 END
START -15220 -2452 22708 -565 -2827 -13376 END
START -15244 -2304 22552 -545 -2246 -12755 END
START -15548 -2308 22648 -513 -1645 -12141 END
START -15940 -2144 22936 -533 -1117 -11376 END
START -16340 -2044 22952 -407 -787 -10594 END
START -16796 -1900 23188 -275 -564 -9751 END
START -16868 -1800 23232 -147 -448 -8805 END
START -17132 -1560 23636 48 -356 -7866 END
START -16860 -1484 23944 222 -310 -6968 END
START -16640 -1256 24052 404 -191 -6028 END
START -16096 -1056 24628 580 -80 -5164 END
START -15360 -920 24800 781 141 -4327 END
START -14624 -792 25320 1052 404 -3601 END
START -13900 -820 25588 1355 737 -2869 END
START -12912 -600 26144 1747 983 -2267 END
START -12024 -476 26480 2122 1240 -1727 END
START -10996 -388 26728 2577 1384 -1324 END
START -9916 -324 27000 3032 1582 -952 END
START -8804 -264 27192 3516 1622 -779 END
START -8268 -304 27368 3992 1640 -675 END
START -7296 -168 27684 4445 1588 -667 END
START -6728 100 27860 4946 1513 -767 END
START -6240 108 28244 5501 1407 -904 END
START -5788 248 28200 6029 1280 -1040 END
START -5604 404 28360 6625 1097 -1241 END
START -5332 400 28604 7182 869 -1394 END
START -5516 532 28544 7755 631 -1573 END
START -5280 572 28652 8294 427 -1696 END
START -5000 644 28500 8862 281 -1829 END
START -4912 668 28444 9390 303 -1997 END
START -4440 584 28404 9894 437 -2206 END
START -4272 628 28568 10395 623 -2381 END
START -4120 644 28468 10901 915 -2606 END
START -4196 832 28576 11319 1255 -2841 END
START -4128 840 28476 11830 1700 -3015 END
START -4144 944 28612 12328 2218 -3218 END
START -4384 932 28692 12809 2757 -3379 END
START -4540 888 28420 13354 3256 -3495 END
START -4604 764 28396 13864 3856 -3579 END
START -4980 760 28268 14431 4391 -3606 END
START -5256 516 28088 14999 4896 -3561 END
START -5740 424 28208 15608 5312 -3472 END
START -6192 252 28020 16208 5641 -3322 END
START -6516 168 27616 16872 5867 -3111 END
START -7004 -8 27352 17544 5999 -2861 END
START -7268 -252 26804 18181 6045 -2565 END
START -7684 -292 26424 18843 6003 -2190 END
START -8000 -420 25964 19457 5941 -1798 END
START -8428 -512 25444 20146 5884 -1340 END
START -8776 -656 24816 20791 5750 -855 END
START -8852 -672 24484 21404 5609 -309 END
START -8968 -712 24024 22010 5503 257 END
START -9172 -940 23468 22615 5430 855 END
START -9208 -956 22824 23222 5391 1452 END
START -9288 -988 22096 23788 5297 2013 END
START -9380 -1088 21492 24355 5294 2626 END
START -9240 -1248 20632 24859 5294 3233 END
START -9232 -1384 19916 25379 5278 3802 END
START -9164 -1480 19268 25791 5261 4366 END
START -9072 -1744 18264 26163 5215 4932 END
START -9068 -1916 17532 26538 5183 5476 END
START -9208 -2040 16776 26825 5082 6086 END
START -9348 -2152 16136 27110 4949 6633 END
START -9280 -2192 15400 27344 4842 7222 END
START -9364 -2220 14600 27566 4712 7821 END
START -9320 -2424 13872 27802 4580 8447 END
START -9328 -2628 12964 28039 4571 9004 END
START -9348 -2888 12116 28181 4528 9636 END
START -9604 -2984 11384 28322 4530 10258 END
START -9652 -2984 10612 28419 4490 10874 END
START -9844 -2976 9696 28427 4567 11583 END
START -9656 -3012 8652 28432 4661 12192 END
START -9476 -3008 7888 28432 4894 12841 END
START -9136 -3188 6332 28345 5181 13500 END
START -9052 -3248 5184 28120 5582 14124 END
START -8640 -3396 4108 27768 5992 14742 END
START -8396 -3372 2968 27352 6462 15358 END
START -8280 -3220 1744 26730 6996 15956 END
START -8084 -3248 300 26024 7545 16588 END
START -7844 -3148 -1016 25218 8202 17198 END
START -7652 -2720 -2416 24193 8953 17873 END
START -7524 -2780 -3760 23090 9879 18498 END
START -7104 -2760 -5664 21797 10910 19142 END
START -7076 -2948 -7036 20446 11957 19707 END
START -7124 -2820 -7960 18920 12824 20328 END
START -7104 -2656 -9200 17371 13549 20982 END
START -7160 -2552 -10444 15603 14419 21647 END
START -7380 -2280 -11364 13812 14831 22339 END
START -7544 -2224 -12360 11888 15017 23046 END
START -7960 -2236 -12916 9865 14848 23798 END
START -8044 -2228 -13524 7898 14414 24555 END
START -7992 -2252 -14072 5849 13634 25347 END
START -7712 -2144 -14556 3751 12886 26076 END
START -7308 -2016 -14960 1559 12347 26822 END
START -6788 -2004 -15004 -594 11783 27489 END
START -6396 -2088 -14900 -2767 11248 28199 END
START -5728 -2524 -14592 -4748 10933 28867 END
START -4872 -2980 -13800 -6703 10782 29578 END
START -4284 -3160 -13152 -8500 10799 30261 END
START -3768 -3388 -12080 -10074 10949 30857 END
START -3400 -3420 -11308 -11577 11080 31556 END
START -3216 -3248 -10412 -13006 11149 32204 END
START -2564 -3640 -9468 -14326 11112 32767 END
START -1992 -4100 -8692 -15301 11096 32767 END
START -1084 -4792 -7868 -16426 11163 32767 END
START -220 -5048 -7016 -17261 11181 32767 END
START 496 -5500 -6108 -17962 11144 32767 END
START 1388 -5868 -5308 -18542 11002 32767 END
START 2476 -5980 -4616 -19102 10925 32767 END
START 3816 -6080 -3904 -19655 10850 32767 END
START 5300 -6124 -3156 -20125 10783 32767 END
START 7468 -6216 -2356 -20618 10745 32767 END
START 9368 -6328 -1692 -21074 10758 32767 END
START 11352 -6404 -628 -21496 10775 32767 END
START 12968 -6332 256 -21842 10778 32767 END
START 14808 -6340 1048 -22035 10716 32767 END
START 16352 -6332 2256 -22159 10566 32767 END
START 17408 -6252 2836 -22126 10298 32516 END
START 18484 -6184 3440 -22073 10024 31350 END
START 19420 -5948 3752 -21964 9631 30235 END
START 20164 -5556 3856 -22004 9234 29057 END
START 20708 -5284 4060 -22022 8881 28004 END
START 21372 -5100 3964 -22218 8456 26944 END
START 21840 -4760 4060 -22596 8049 25845 END
START 22312 -4616 4332 -23048 7636 24833 END
START 22872 -4596 4316 -23611 7308 23796 END
START 23292 -4656 4804 -24167 7008 22861 END
START 24320 -4568 4740 -24839 6948 21862 END
START 25164 -4812 5716 -25522 6907 20799 END
START 25696 -4948 5932 -26134 6873 19768 END
START 26056 -4716 6756 -26787 6913 18663 END
START 26272 -4664 7376 -27362 7126 17656 END
START 25900 -4660 8352 -27874 7090 16602 END
START 25708 -4664 8848 -28439 7251 15583 END
START 25600 -4568 9760 -28966 7490 14736 END
START 25340 -4524 10228 -29525 7783 13990 END
START 25100 -4512 11220 -30077 8194 13147 END
START 25188 -4596 12052 -30678 8676 12765 END
START 25692 -4672 13252 -31230 9363 12054 END
START 26560 -4820 14736 -31681 10233 11298 END
START 27596 -4872 16540 -31929 11256 10455 END
START 29120 -4760 18196 -32041 12494 9390 END
START 30540 -4632 20308 -31870 13722 8152 END
START 32596 -4448 22896 -31383 15132 6560 END
START 32767 -4440 24840 -30616 16353 4733 END
START 32767 -4352 26624 -29532 17406 2606 END
START 32767 -4284 27740 -28390 18145 489 END
START 32767 -4328 28928 -26914 18542 -1785 END
START 32767 -4224 29620 -25465 18607 -3961 END
START 32568 -4340 30152 -23874 18263 -6127 END
START 31432 -4244 29960 -22378 17547 -8041 END
START 30512 -4240 29356 -21015 16640 -9837 END
START 29540 -4224 28444 -19840 15474 -11482 END
START 28840 -4092 27820 -18966 14184 -12963 END
START 28084 -4124 26800 -18268 12879 -14502 END
START 27828 -4064 26096 -17805 11414 -15913 END
START 27732 -4104 25596 -17445 10221 -17262 END
START 27856 -4032 25456 -17160 9300 -18592 END
START 27984 -4196 25364 -16934 8648 -19840 END
START 28456 -4080 25344 -16724 8522 -21139 END
START 29052 -4180 25580 -16543 8768 -22571 END
START 29640 -4336 25592 -16265 9490 -24077 END
START 29812 -4740 25928 -15826 10447 -25630 END
START 29700 -5092 26056 -15392 11784 -27345 END
START 29104 -5104 26392 -14969 13003 -29051 END
START 28168 -5176 26088 -14280 14575 -30738 END
START 27092 -5152 25544 -13536 15929 -32380 END
START 25540 -4880 24888 -13065 17156 -32768 END
START 23976 -5012 24544 -12768 18036 -32768 END
START 22160 -5300 24156 -12567 18539 -32768 END
START 19460 -5664 24272 -12391 18633 -32768 END
START 17336 -6124 24724 -12307 18265 -32768 END
START 15432 -6612 25128 -12185 17620 -32768 END
START 13364 -7180 25832 -11981 16727 -32768 END
START 11192 -7700 26536 -11791 15709 -32768 END
START 9084 -8380 27440 -11410 14495 -32768 END
START 6484 -9044 28608 -10871 13449 -32768 END
START 4328 -9536 29576 -10295 12290 -32768 END
START 972 -10388 30976 -9565 11099 -32768 END
START -1620 -11108 31756 -8779 9886 -32768 END
START -4032 -11680 32748 -7837 8698 -32768 END
START -6456 -12208 32767 -6896 7488 -32768 END
START -9156 -12680 32767 -5884 6085 -32768 END
START -11772 -13188 32767 -4849 4662 -32768 END
START -14364 -13532 32767 -3697 3195 -32768 END
START -16460 -14036 32767 -2429 1990 -32768 END
START -18892 -14208 32767 -1144 873 -32768 END
START -20948 -14376 32767 139 -51 -32768 END
START -23016 -14492 32767 1381 -897 -32768 END
START -24992 -14396 32767 2590 -1655 -32768 END
START -27472 -14388 32767 3756 -2456 -32768 END
START -29372 -14264 32767 4862 -3359 -32768 END
START -31012 -14188 32767 5894 -4422 -32768 END
START -32228 -14104 32652 6850 -5529 -32768 END
START -32768 -13944 31236 7677 -6568 -32768 END
START -32768 -13544 29908 8329 -7504 -32768 END
START -32768 -13112 28524 8768 -8316 -32768 END
START -32768 -12512 27156 8954 -8975 -31551 END
START -32768 -11972 25684 8841 -9352 -29372 END
START -32408 -11336 24168 8585 -9422 -27275 END
START -31780 -10736 23364 8188 -9265 -25228 END
START -31212 -10268 22772 7725 -8791 -23181 END
START -30892 -9916 22500 7365 -8162 -21165 END
START -30140 -9416 22136 7016 -7481 -19272 END
START -29772 -9032 21936 6723 -6669 -17307 END
START -29364 -8644 21672 6440 -5937 -15420 END
START -29144 -8220 21748 6299 -5382 -13635 END
START -28720 -7936 21424 6160 -5036 -11776 END
START -27948 -7528 21208 6080 -4848 -10074 END
START -27140 -7072 21148 5976 -4577 -8406 END
START -26184 -6684 20568 5879 -4275 -6953 END
START -25136 -6384 20508 5756 -3930 -5546 END
START -23844 -6036 20128 5640 -3465 -4270 END
START -22480 -5788 19788 5562 -2922 -3044 END
START -20968 -5424 19560 5431 -2265 -1939 END
START -19792 -5296 19540 5347 -1656 -984 END
START -18640 -4888 19492 5283 -1049 -63 END
START -18052 -4780 19540 5317 -543 657 END
START -17092 -4480 19312 5439 -144 1360 END
START -16184 -4344 19212 5613 139 1950 END
START -15396 -4152 19060 5829 288 2532 END