START 13864 7148 11340 -2709 -655 5012 END
START 18744 1276 8776 -1262 -1171 2788 END
START 22472 2424 10268 -3389 -449 -2759 END
START 23416 2060 13924 -4416 1578 -9574 END
START 21204 192 16132 -3629 2563 -16263 END
START 17468 -1316 17008 -2136 1809 -19939 END
START 18492 -2048 17160 -1079 138 -22485 END
START 21816 -2140 16840 -305 400 -26430 END
START 22120 -2728 15776 -196 1367 -31636 END
START 19220 -3684 14400 -1255 2275 -32768 END
START 15168 -5620 15940 -2085 2556 -32768 END
START 11816 -7368 18632 -1334 925 -32768 END
START 11472 -8436 19564 808 -997 -32768 END
START 8812 -9740 18740 1793 -4685 -32768 END
START 3992 -11220 19552 1622 -6766 -32768 END
START 260 -11968 19796 1389 -4545 -32768 END
START -10244 -14448 19188 1510 -1207 -32768 END
START -22304 -16444 19324 2884 -1929 -32768 END
START -32140 -16208 19084 3333 -1910 -32768 END
START -32768 -15428 19088 4582 -3782 -32142 END
START -32768 -12332 17036 4721 -6186 -18468 END
START -32768 -9304 14888 3109 -5566 -8247 END
START -29892 -7112 14868 783 -2218 -2147 END
START -26044 -4852 17120 -734 846 1404 END
START -24832 -3076 18612 -46 2520 3657 END
START -23540 -1184 17992 1443 1707 6056 END
START -21956 96 17660 2194 1022 8369 END
START -21536 896 18240 2696 1 10968 END
START -18472 2152 19556 2946 251 13238 END
START -15408 2940 22588 3172 2364 15259 END
START -12044 3584 25164 4426 5451 15706 END
START -11660 2688 27144 6953 6207 15189 END
START -10188 1600 29200 11345 4527 15024 END
START -9680 448 28404 16640 3228 14623 END
START -9404 -416 25564 21515 1504 15479 END
START -8004 -700 21136 25056 -302 16238 END
START -6608 -1172 17064 27157 -1416 17019 END
START -5636 -1740 13396 28133 -1877 17810 END
START -5708 -2436 10288 28718 -1705 19002 END
START -5672 -3280 7684 28618 -2126 20135 END
START -6208 -3948 4764 28353 -1958 21716 END
START -6964 -4788 1836 27305 -2018 23871 END
START -5756 -5008 -1924 24837 -1293 26290 END
START -4636 -4792 -5200 20398 1302 28156 END
START -4992 -5208 -6360 15113 3800 29178 END
START -5496 -5880 -7116 9440 7298 31706 END
START -5260 -5668 -7840 3424 10844 32767 END
START -4852 -5840 -8068 -3126 13405 32767 END
START -3256 -6780 -7916 -10017 15223 32767 END
START -408 -7632 -6324 -17238 16904 32767 END
START 1432 -8820 -2980 -23052 17423 32767 END
START 4416 -9908 1056 -25771 15656 32767 END
START 6704 -10696 3928 -26876 11580 32767 END
START 12128 -11064 4760 -26697 5248 32767 END
START 22356 -10344 4808 -29413 2637 32767 END
START 30500 -10476 9860 -32254 9127 26094 END
START 32767 -9360 12348 -32768 23689 17534 END
START 32140 -10428 14976 -32768 32767 9666 END
START 32156 -10056 17192 -32768 32767 47 END
START 30732 -11312 20184 -32768 32767 -10712 END
START 27764 -13172 22848 -32334 32767 -21181 END
START 24448 -14744 23560 -28814 32767 -31505 END
START 20808 -17680 24360 -25614 32479 -32768 END
START 18608 -20132 24996 -22277 31018 -32768 END
START 12668 -23380 26436 -18269 27430 -32768 END
START 6720 -25292 27700 -13811 21214 -32768 END
START 976 -27272 31860 -9282 14152 -32768 END
START -5300 -27924 32767 -4409 12943 -32768 END
START -16928 -27996 32767 48 14791 -32768 END
START -26064 -27680 32767 6009 15675 -32768 END
START -32296 -24812 32767 12590 13993 -32768 END