START 10300 5848 1392 6013 1959 12766 END
START 13624 2196 -12440 6987 2747 12786 END
START 9240 6156 -908 3492 2866 12558 END
START 10360 5936 1444 3753 2196 12465 END
START 9744 5444 816 2539 1880 12068 END
START 9904 5832 1380 1836 1306 11868 END
START 9220 5392 2680 1156 1302 11673 END
START 10684 5332 2340 748 1037 11494 END
START 10272 4892 3600 428 1114 11382 END
START 10596 4744 4588 213 953 11267 END
START 11136 4592 4520 64 901 11100 END
START 10876 4428 5220 65 879 10981 END
START 11344 4472 5492 75 820 10849 END
START 12252 4532 5464 69 770 10672 END
START 12908 4756 5492 33 823 10481 END
START 13724 4800 5360 -91 887 10152 END
START 15580 4880 5056 -273 1318 9679 END
START 17272 4916 4736 -544 1859 9027 END
START 18320 4792 4708 -842 2461 8218 END
START 19048 4676 5232 -1164 2962 7236 END
START 19836 4656 5240 -1551 3178 6180 END
START 20516 4724 5268 -1945 3440 5049 END
START 21100 4676 5364 -2382 3617 3880 END
START 21432 4636 5448 -2749 3722 2767 END
START 21720 4760 5500 -3220 3740 1585 END
START 21820 4712 5568 -3694 3584 511 END
START 21620 4596 5880 -4230 3289 -502 END
START 21508 4596 6136 -4692 2947 -1411 END
START 21524 4500 6420 -5189 2449 -2363 END
START 21688 4404 6668 -5647 1956 -3149 END
START 21480 4232 7284 -6062 1386 -3952 END
START 21712 4196 7560 -6459 835 -4728 END
START 22020 4128 8156 -6862 308 -5456 END
START 22732 4152 8576 -7182 -15 -6195 END
START 23544 4172 9160 -7473 -184 -7027 END
START 24328 4176 9528 -7776 -166 -7915 END
START 24944 3996 9992 -7973 45 -8871 END
START 25624 3756 10352 -8202 433 -9937 END
START 25716 3604 10864 -8317 871 -10992 END
START 25676 3524 11088 -8492 1417 -12040 END
START 25364 3460 11700 -8572 1965 -13100 END
START 25032 3492 11980 -8563 2515 -14016 END
START 24504 3216 12056 -8590 3000 -14875 END
START 24028 3004 12100 -8501 3424 -15728 END
START 23512 2868 12000 -8467 3696 -16475 END
START 23096 2904 11764 -8470 3764 -17201 END
START 23068 2940 11288 -8607 3758 -18019 END
START 22920 3020 10816 -8805 3676 -18865 END
START 22764 2884 10492 -9141 3553 -19778 END
START 22648 2944 10312 -9527 3442 -20766 END
START 22592 3032 10396 -9928 3293 -21763 END
START 22472 2988 10352 -10364 3112 -22810 END
START 22372 2844 10784 -10833 2905 -23946 END
START 22028 2748 11152 -11224 2663 -25141 END
START 21620 2428 11604 -11525 2468 -26373 END
START 20932 2196 12028 -11694 2263 -27517 END
START 19856 1944 12324 -11742 2009 -28606 END
START 18476 1808 12908 -11710 1737 -29621 END
START 17336 1600 12672 -11696 1344 -30409 END
START 15896 1488 12764 -11672 855 -31173 END
START 14752 1480 12700 -11713 428 -31769 END
START 13456 1368 12676 -11803 -57 -32284 END
START 12380 1000 12556 -11959 -452 -32768 END
START 11392 784 12640 -12140 -849 -32768 END
START 10244 468 12488 -12318 -1230 -32768 END
START 9128 172 12308 -12505 -1459 -32768 END
START 7876 -132 12152 -12777 -1616 -32768 END
START 6944 -72 12000 -13091 -1510 -32768 END
START 5976 256 11808 -13509 -1195 -32768 END
START 4864 388 12008 -13961 -709 -32768 END
START 3776 316 11920 -14359 -99 -32768 END
START 2968 224 12168 -14826 665 -32768 END
START 1672 -104 12336 -14967 1477 -32768 END
START 504 -520 12616 -15506 2317 -32768 END
START -612 -680 12800 -15842 3105 -32768 END
START -1788 -972 13072 -16205 3898 -32768 END
START -2900 -1136 13636 -16566 4559 -32463 END
START -3964 -1292 14120 -16928 5082 -32194 END
START -5716 -1648 15316 -17238 5377 -31878 END
START -7072 -1948 16420 -17427 5413 -31546 END
START -8056 -2184 17528 -17450 5218 -31190 END
START -9180 -2484 18900 -17340 4808 -30785 END
START -10224 -2600 19868 -16998 4358 -30306 END
START -11136 -2756 20856 -16592 3937 -29785 END
START -11832 -2880 21936 -15981 3583 -29248 END
START -12656 -3008 22516 -15359 3335 -28637 END
START -13564 -3168 23468 -14822 3112 -27932 END
START -14300 -3436 24172 -13835 2925 -27173 END
START -15136 -3392 24976 -13045 2702 -26377 END
START -16268 -3284 25700 -12044 2342 -25382 END
START -16896 -3160 26144 -11075 1997 -24397 END
START -17540 -3212 26316 -10064 1595 -23379 END
START -18080 -3172 26568 -8991 1194 -22311 END
START -18724 -3364 26604 -7926 636 -21207 END
START -19068 -3228 26520 -6959 -127 -20104 END
START -19652 -3028 26100 -6040 -872 -18897 END
START -19832 -2664 25912 -5240 -1597 -17678 END
START -19896 -2300 25788 -4602 -2291 -16472 END
START -19648 -1908 25120 -4002 -2745 -15250 END
START -19604 -1596 24888 -3485 -3013 -14101 END
START -19428 -1348 24652 -3022 -3238 -12939 END
START -19240 -1136 24564 -2588 -3371 -11759 END
START -18880 -872 24536 -2176 -3434 -10545 END
START -18364 -740 24308 -1797 -3330 -9387 END
START -17556 -544 24140 -1469 -3078 -8262 END
START -16752 -408 23952 -1196 -2657 -7256 END
START -15940 -276 23784 -914 -2153 -6332 END
START -15108 -328 23732 -671 -1609 -5510 END
START -14516 -168 23620 -514 -1033 -4766 END
START -13600 -144 23764 -341 -584 -4176 END
START -13012 -12 23520 -216 -88 -3575 END
START -12544 36 23616 -62 229 -3090 END
START -11928 140 23852 141 376 -2591 END
START -11208 228 23688 335 378 -2147 END
START -10096 436 23428 533 326 -1837 END
START -8880 680 23664 668 276 -1628 END
START -7820 940 23528 690 238 -1595 END
START -6656 1180 23620 734 250 -1646 END
START -5792 1440 24144 775 245 -1816 END
START -5152 1656 24416 852 248 -2072 END
START -4468 1736 24988 1040 362 -2347 END
START -3972 1752 25536 1249 410 -2710 END
START -3580 1780 26252 1599 471 -3082 END
START -3500 1948 26744 2047 446 -3488 END
START -3428 2068 27248 2594 409 -3846 END
START -3204 2344 27556 3179 277 -4191 END
START -2932 2432 27664 3795 182 -4562 END
START -2592 2384 27832 4446 29 -4954 END
START -2272 2460 27768 5067 -76 -5354 END
START -1884 2500 27560 5695 -173 -5803 END
START -1836 2508 27392 6232 -238 -6217 END
START -1564 2312 27348 6816 -281 -6681 END
START -1332 2444 27456 7314 -325 -7141 END
START -1228 2456 27412 7837 -210 -7599 END
START -1308 2628 27488 8302 -54 -8037 END
START -1404 2620 27620 8777 203 -8436 END
START -1460 2732 27696 9353 623 -8831 END
START -1552 2760 28112 9893 1126 -9209 END
START -1672 2688 28096 10597 1786 -9534 END
START -1708 2688 28296 11314 2500 -9849 END
START -2268 2432 28372 12141 3241 -10059 END
START -2676 2276 28388 12995 3886 -10166 END
START -3344 1908 28484 13930 4462 -10157 END
START -4228 1708 28412 14866 4854 -10046 END
START -5128 1516 28428 15857 4995 -9745 END
START -6200 1620 28252 16838 4927 -9356 END
START -7096 1488 27976 17917 4660 -8822 END
START -7996 1336 27828 18987 4141 -8250 END
START -8412 1312 27448 20019 3484 -7654 END
START -8892 1208 26956 21117 2740 -6925 END
START -9032 1084 26344 22128 2021 -6258 END
START -9084 784 25688 23104 1443 -5540 END
START -8884 616 24768 24027 947 -4881 END
START -8536 416 24432 24950 681 -4176 END
START -8228 104 23752 25810 554 -3556 END
START -7944 420 23140 26627 578 -2908 END
START -7280 -100 22764 27376 759 -2351 END
START -6504 -404 22180 28225 1067 -1862 END
START -5932 -648 21672 29037 1521 -1473 END
START -5440 -840 21180 29938 2038 -1121 END
START -5264 -1024 20692 30869 2524 -833 END
START -5216 -1104 20020 31829 2875 -630 END
START -5368 -1376 19520 32767 3107 -397 END
START -5760 -1580 19012 32767 3054 -142 END
START -5992 -1820 18316 32767 2805 57 END
START -6348 -1944 18000 32767 2290 278 END
START -6676 -2176 17356 32767 1577 547 END
START -7072 -2352 16704 32767 561 720 END
START -7300 -2448 16380 32767 -621 935 END
START -7448 -2892 15920 32767 -2079 1103 END
START -7608 -3240 15500 32767 -3697 1234 END
START -7944 -3576 14412 32767 -5372 1343 END
START -8212 -3996 13528 32767 -7153 1486 END
START -8552 -4728 11876 32767 -8995 1569 END
START -8960 -5072 10648 32767 -10708 1710 END
START -9336 -5392 9128 32767 -12418 1898 END
START -9832 -5832 7604 32767 -13960 2262 END
START -10148 -6116 5756 32767 -15170 2628 END
START -10660 -6412 4140 32767 -16263 3177 END
START -11352 -6240 2580 32767 -17097 3831 END
START -11996 -5816 1020 32767 -17831 4629 END
START -12848 -5244 -720 32767 -18390 5622 END
START -13292 -4864 -2228 32767 -18626 6753 END
START -13784 -4452 -3520 32767 -18657 8116 END
START -13976 -4048 -4764 32767 -18334 9482 END
START -14052 -3608 -6132 32767 -17640 11021 END
START -14016 -2860 -8008 32767 -16398 12515 END
START -13496 -2196 -10016 32767 -14489 14253 END
START -13096 -1288 -12620 32767 -11884 15890 END
START -12392 -220 -15448 32767 -8508 17753 END
START -12184 520 -17400 32767 -5128 19425 END
START -11964 956 -19368 32767 -1333 21333 END
START -11780 1692 -21232 30610 2396 23221 END
START -11824 2256 -22776 26860 6379 25317 END
START -11828 2640 -23524 22769 10200 27512 END
START -11824 2404 -24180 18526 13664 29811 END
START -11768 1988 -23892 14152 17007 32022 END
START -11396 1320 -23088 9949 19897 32767 END
START -10628 640 -22064 6102 22335 32767 END
START -9860 68 -19980 2656 24297 32767 END
START -8484 -492 -17852 -431 25906 32767 END
START -6776 -972 -15444 -3163 27148 32767 END
START -4476 -1648 -12908 -5555 27986 32767 END
START -764 -2924 -10160 -7584 28809 32767 END
START 2232 -3752 -7860 -9331 29155 32767 END
START 5068 -4176 -5588 -10657 29100 32767 END
START 7664 -4244 -3268 -11701 28509 32767 END
START 9944 -4064 -1328 -12366 27376 32767 END
START 11980 -3840 -8 -12652 25866 32767 END
START 13364 -3580 1124 -12537 23815 32767 END
START 14428 -2992 1536 -12402 21310 32767 END
START 15072 -2040 1636 -12182 18703 32767 END
START 15544 -1264 1300 -12159 15936 32767 END
START 15956 -828 968 -12210 13288 32767 END
START 16256 -584 104 -12312 10973 32767 END
START 16476 -428 -968 -12566 8775 32767 END
START 16948 36 -2052 -12973 7123 32767 END
START 18052 676 -3748 -13539 5839 32767 END
START 19468 1000 -5444 -14330 5261 32122 END
START 20820 1212 -6572 -15583 5093 31123 END
START 21668 1644 -7296 -17087 5290 30027 END
START 21964 1936 -7944 -18828 5760 28887 END
START 21920 2192 -8560 -20766 6593 27781 END
START 21236 2288 -8876 -22904 7701 26762 END
START 20140 2348 -8680 -24968 8963 25984 END
START 18808 2248 -8444 -27030 10242 25388 END
START 17348 2172 -7656 -29026 11527 25028 END
START 15776 1824 -6892 -30777 12624 24958 END
START 13900 1200 -5456 -32513 13511 25037 END
START 12248 932 -4524 -32768 14380 25302 END
START 10656 688 -3112 -32768 14874 25660 END
START 9552 236 -1836 -32768 15348 26188 END
START 8572 -296 -420 -32768 15633 26901 END
START 8088 -1036 836 -32768 16074 27759 END
START 8280 -1856 2356 -32768 16562 28607 END
START 8924 -2428 3408 -32768 17186 29540 END
START 10192 -3208 5280 -32768 17820 30423 END
START 12796 -4180 6436 -32768 18566 31184 END
START 17468 -5160 8096 -32768 19716 31668 END
START 21764 -6056 9444 -32768 21178 31555 END
START 26108 -5120 10916 -32768 22888 30791 END
START 29944 -3940 12804 -32768 24289 29109 END
START 32767 -3096 14456 -32768 25373 26586 END
START 32767 -1948 15920 -32768 26353 23593 END
START 32767 -1404 17064 -32768 27191 19841 END
START 32767 -1480 17860 -32768 27738 15959 END
START 32767 -1168 18272 -32768 28039 12149 END
START 32767 -580 18572 -32768 28199 8325 END
START 32767 -28 18532 -32768 28152 4970 END
START 32767 108 18396 -32768 28126 1917 END
START 32668 248 18692 -32768 27832 -795 END
START 30364 36 18876 -32667 27215 -3124 END
START 28072 -144 18860 -32069 26321 -5108 END
START 25836 -348 18724 -31396 25176 -6898 END
START 23628 -776 18308 -30866 23865 -8283 END
START 21624 -1304 17868 -30404 22310 -9448 END
START 19632 -1436 17556 -30066 20669 -10278 END
START 18204 -1368 17368 -30001 18997 -10987 END
START 16952 -816 16736 -30159 17555 -11523 END
START 16472 -712 16904 -30499 16548 -12056 END
START 16240 -720 17504 -30969 15791 -12516 END
START 16420 -872 18284 -31378 15298 -13078 END
START 16424 -1208 19204 -31635 15112 -13634 END
START 16708 -1424 20340 -31761 15368 -14245 END
START 17324 -1464 21488 -31681 15952 -14969 END
START 17852 -1316 22988 -31344 16894 -15795 END
START 18812 -1328 25096 -30880 17981 -16799 END
START 19368 -1344 26280 -30215 19245 -17944 END
START 19956 -1604 27560 -29317 20563 -19299 END
START 20116 -1780 28812 -28235 21836 -20790 END
START 19856 -2292 29992 -26962 22711 -22398 END
START 19492 -2784 30668 -25460 23127 -24049 END
START 18904 -3040 31128 -23933 23008 -25728 END
START 18352 -3220 31096 -22445 22379 -27479 END
START 17068 -3512 30456 -21078 21199 -29341 END
START 16164 -3724 29844 -20006 19691 -31206 END
START 15160 -3696 29320 -19216 17951 -32768 END
START 14624 -4004 28748 -18582 16148 -32768 END
START 13948 -4204 28744 -18155 14342 -32768 END
START 13344 -4580 28984 -17744 12541 -32768 END
START 12984 -5204 29252 -17233 10838 -32768 END
START 12660 -6072 29792 -16781 9357 -32768 END
START 12472 -6664 30312 -16130 8243 -32768 END
START 11844 -7372 30444 -15368 7394 -32768 END
START 10864 -8056 30900 -14772 6751 -32768 END
START 9380 -8760 31356 -13739 6145 -32768 END
START 7884 -9456 31648 -12985 5624 -32768 END
START 6584 -10300 31836 -12112 5270 -32768 END
START 5024 -10920 32240 -11218 4994 -32768 END
START 3308 -11452 32224 -10247 4872 -32768 END
START 1124 -11996 32428 -9260 4704 -32768 END
START -1156 -12492 32248 -8213 4501 -32768 END
START -4608 -12936 32164 -7106 4176 -32768 END
START -7400 -13180 32040 -6006 3776 -32768 END
START -9752 -13284 31440 -5011 3247 -32768 END
START -12164 -12976 31044 -4095 2778 -32768 END
START -14376 -12468 30472 -3274 2395 -32768 END
START -16296 -12168 29996 -2680 2221 -32768 END
START -17844 -11824 29296 -1948 2174 -32768 END
START -19364 -11220 29444 -1560 2311 -32768 END
START -20824 -10880 28884 -1018 2782 -32768 END
START -21952 -10436 28836 -585 3339 -32768 END
START -22920 -10324 28228 -81 4107 -32768 END
START -24068 -10128 28044 520 4934 -32768 END
START -24808 -10272 28096 1146 5656 -32768 END
START -25640 -10300 28204 1851 6363 -32065 END
START -25892 -10092 27920 2590 6827 -29507 END
START -26060 -9964 27744 3321 7132 -27046 END
START -25776 -9820 27272 4018 7220 -24740 END
START -25800 -9656 27280 4684 7132 -22541 END
START -25656 -9480 27184 5384 6771 -20331 END
START -25384 -9444 26824 6088 6239 -18287 END
START -25236 -9360 26976 6821 5558 -16224 END
START -24800 -9052 26712 7565 4778 -14365 END
START -24312 -8824 26416 8386 3927 -12526 END
START -23532 -8588 26112 9153 3051 -10884 END
START -22864 -8436 25668 9972 2067 -9264 END
START -22128 -8356 25440 10769 1228 -7807 END
START -21240 -8344 24880 11568 375 -6488 END
START -20508 -8140 24404 12305 -527 -5281 END
START -19604 -8020 23880 13064 -1522 -4145 END
START -18896 -7744 23376 13820 -2624 -3028 END
START -18044 -7380 22500 14606 -3819 -1934 END
START -17448 -7056 21872 15228 -4999 -961 END
START -16248 -6764 20428 15781 -6046 -25 END
START -15180 -6220 19776 16148 -6827 769 END