START 32767 8344 13284 -3385 17634 9498 END
START 23248 -2092 14236 -194 6740 6561 END
START 18296 -1592 19332 2903 -1705 3949 END
START 17960 -1240 20388 5329 -5626 1054 END
START 18360 -1688 20216 6411 -5250 -2404 END
START 20132 -1544 17616 5624 -3323 -7173 END
START 19020 -2212 16412 3442 -1578 -12115 END
START 18212 -3944 17420 2175 -922 -15821 END
START 16468 -5160 19116 2974 -1521 -18383 END
START 18248 -4828 17460 3630 -2277 -22476 END
START 15968 -5844 16184 3552 -1655 -27190 END
START 11772 -7504 16112 3685 -3278 -29933 END
START 7208 -8048 15384 3771 -6170 -32475 END
START 3432 -8308 15636 2948 -6735 -32768 END
START -3256 -7912 15824 1970 -3880 -32768 END
START -11328 -8436 16036 903 -4123 -32768 END
START -18628 -8528 16812 998 -6111 -31453 END
START -24556 -8280 16504 276 -6327 -27728 END
START -29240 -7740 17448 -196 -6173 -22029 END
START -29504 -6396 17992 -719 -4590 -16498 END
START -29536 -4924 19004 -440 -3384 -11425 END
START -28004 -3212 19876 319 -3757 -6937 END
START -24108 -1412 21780 1473 -3605 -3681 END
START -20740 -12 23592 2914 -2453 -1152 END
START -16656 1864 25948 4677 -1295 730 END
START -13256 2600 27944 6948 -158 1351 END
START -9444 2700 30468 9847 647 923 END
START -9012 2324 32260 13884 392 -368 END
START -9156 1384 32520 18751 125 -1233 END
START -10196 -216 31256 22662 780 -1205 END
START -11892 -1400 27756 25882 1043 296 END
START -11080 -2100 24160 27720 2300 2781 END
START -9628 -2264 20080 28424 5368 5024 END
START -9104 -2772 15928 27570 9509 7003 END
START -10020 -2872 12260 26335 11588 9332 END
START -10220 -3628 8524 24862 11528 12020 END
START -11260 -3916 5732 23521 9313 15205 END
START -10428 -3696 2364 22095 5467 18540 END
START -8960 -3604 -156 19598 2520 21466 END
START -7504 -3604 -2044 16489 1088 24261 END
START -6820 -3624 -3636 12817 719 27295 END
START -5588 -3572 -5148 9007 531 30368 END
START -3424 -4580 -5968 4966 1228 32767 END
START -1796 -4932 -6724 777 2425 32767 END
START 1912 -4952 -7368 -3666 2261 32767 END
START 4228 -5476 -6940 -8119 732 32767 END
START 7596 -5772 -6496 -11971 189 32767 END
START 8212 -6524 -5248 -15532 327 32767 END
START 9840 -6908 -4204 -18866 1098 32259 END
START 14036 -6696 -3352 -22665 2338 29897 END
START 17640 -6900 -1116 -26915 6265 25943 END
START 20280 -7640 1428 -29727 8794 21689 END
START 25132 -7656 5180 -31946 8971 16416 END
START 28972 -7536 10416 -31705 6734 10036 END
START 32767 -6536 14484 -30832 6290 1625 END
START 32767 -6692 16752 -30515 9922 -7127 END
START 32767 -7444 21052 -29699 14701 -15579 END
START 32767 -9348 24796 -27635 20670 -24795 END
START 29564 -10968 26992 -25429 24936 -31971 END
START 26880 -11832 28460 -23634 28392 -32768 END
START 23872 -15004 27660 -22208 32172 -32768 END
START 16264 -17880 26460 -20443 32767 -32768 END
START 2192 -20668 24752 -17804 32767 -32768 END
START -14260 -24184 27892 -10437 29853 -32768 END