START 8564 4028 20012 -447 1819 1257 END
START 13204 -1768 1620 1814 2671 1199 END
START 6692 5468 19608 -401 1202 782 END
START 9228 4332 17708 1130 1217 757 END
START 5064 3448 21144 1103 -292 532 END
START 8920 4480 16212 1313 -453 506 END
START 9064 4392 15720 1456 -1341 384 END
START 7036 3680 18112 1758 -1179 393 END
START 9224 4360 15800 1836 -1851 278 END
START 8428 4232 16888 1956 -1993 290 END
START 9860 4472 15784 1904 -2554 144 END
START 11012 4836 15424 1742 -2563 -27 END
START 11808 4816 15784 1587 -2811 -416 END
START 13484 4992 15068 1340 -2713 -864 END
START 13596 4908 15608 1126 -2724 -1428 END
START 14392 4960 15332 914 -2673 -2081 END
START 14756 4980 15844 778 -2747 -2730 END
START 15024 5096 15732 690 -2768 -3415 END
START 15544 5132 15496 576 -2684 -4075 END
START 15724 5156 15432 547 -2528 -4759 END
START 16048 5148 15296 521 -2314 -5456 END
START 16272 5108 15192 455 -1971 -6159 END
START 16068 4980 15224 363 -1674 -6820 END
START 16092 5044 14948 245 -1343 -7422 END
START 16128 4832 14868 117 -1044 -7995 END
START 16264 4708 14808 21 -830 -8530 END
START 16260 4708 14904 -132 -645 -9135 END
START 16504 4620 14480 -170 -480 -9739 END
START 16640 4432 14296 -278 -350 -10470 END
START 16628 4408 13836 -349 -403 -11139 END
START 16636 4280 13508 -449 -448 -11860 END
START 16204 4080 13296 -570 -537 -12513 END
START 15844 4036 13024 -790 -681 -13136 END
START 15444 4000 12748 -990 -870 -13704 END
START 15040 3988 12552 -1238 -1093 -14230 END
START 14516 3936 12356 -1484 -1322 -14666 END
START 14236 4068 12348 -1753 -1560 -15097 END
START 13960 4028 12476 -1968 -1844 -15502 END
START 13808 3956 12492 -2107 -2115 -15928 END
START 13476 3960 12544 -2183 -2417 -16346 END
START 13412 3876 12896 -2222 -2722 -16800 END
START 13284 3868 13188 -2229 -3118 -17288 END
START 12996 3876 13096 -2218 -3473 -17719 END
START 12852 3832 13272 -2237 -3816 -18127 END
START 12676 3760 13084 -2251 -4166 -18488 END
START 12692 3664 12960 -2245 -4513 -18860 END
START 12728 3780 12892 -2283 -4766 -19278 END
START 12928 3840 12796 -2306 -4913 -19694 END
START 13104 4052 12764 -2363 -4965 -20235 END
START 13224 3896 12452 -2495 -4912 -20810 END
START 13096 3960 12424 -2652 -4898 -21423 END
START 13024 3852 12352 -2831 -4828 -22130 END
START 12792 3768 12120 -3109 -4767 -22784 END
START 12380 3604 12352 -3298 -4825 -23485 END
START 12060 3696 12296 -3463 -4886 -24201 END
START 11756 3632 12328 -3633 -4917 -24877 END
START 11428 3604 12296 -3686 -4800 -25574 END
START 11012 3688 12136 -3867 -4571 -26240 END
START 10024 3684 11880 -4022 -4224 -26951 END
START 8972 3580 11776 -4253 -3929 -27516 END
START 7872 3576 11664 -4517 -3674 -28074 END
START 6660 3572 11404 -4852 -3482 -28455 END
START 5500 3596 11584 -5269 -3327 -28740 END
START 4252 3440 11520 -5717 -3310 -28879 END
START 3180 3200 12044 -6123 -3308 -28935 END
START 2180 2952 12252 -6579 -3395 -28910 END
START 944 2948 13080 -6879 -3559 -28832 END
START -104 2796 13876 -7175 -3778 -28751 END
START -1272 2876 14744 -7299 -4060 -28601 END
START -2240 2908 15560 -7285 -4382 -28458 END
START -3132 2796 16300 -7055 -4655 -28301 END
START -4128 2636 16864 -6792 -4860 -28118 END
START -5296 2448 17184 -6372 -5046 -27883 END
START -6308 2488 17328 -5987 -5220 -27568 END
START -7468 2536 17736 -5586 -5382 -27269 END
START -8320 2664 17848 -5217 -5553 -26872 END
START -9184 2640 17572 -4912 -5674 -26463 END
START -9944 2556 17684 -4664 -5754 -25990 END
START -10660 2468 17468 -4459 -5781 -25524 END
START -11324 2408 17216 -4390 -5780 -24962 END
START -11996 2368 17260 -4303 -5742 -24340 END
START -12532 2248 17128 -4297 -5662 -23727 END
START -13012 2196 17160 -4307 -5455 -23040 END
START -13296 2032 17256 -4324 -5128 -22363 END
START -13604 1988 17156 -4327 -4706 -21670 END
START -14028 1900 17140 -4382 -4267 -21003 END
START -14448 1872 17176 -4446 -3737 -20296 END
START -15096 1876 17300 -4508 -3313 -19561 END
START -15748 1928 17644 -4603 -2949 -18777 END
START -16304 1692 17896 -4633 -2642 -17889 END
START -16788 1768 17852 -4670 -2360 -17004 END
START -17244 1732 18200 -4676 -2131 -16080 END
START -17688 1588 18288 -4654 -1900 -15092 END
START -18236 1692 18460 -4649 -1780 -14064 END
START -18852 1664 18828 -4608 -1779 -13063 END
START -19184 1820 18984 -4496 -1807 -11961 END
START -19580 1856 19440 -4415 -1873 -10839 END
START -19872 2000 19528 -4276 -1949 -9680 END
START -20236 2024 19812 -4136 -2032 -8466 END
START -20220 2092 20020 -3925 -2113 -7329 END
START -20056 2028 20504 -3704 -2175 -6115 END
START -19408 1920 20888 -3453 -2149 -4858 END
START -18672 1780 21196 -3133 -2009 -3751 END
START -17680 1900 21328 -2816 -1748 -2737 END
START -16696 1888 21712 -2446 -1430 -1735 END
START -15572 2080 21736 -2038 -1065 -892 END
START -14488 2336 21912 -1623 -738 -180 END
START -13300 2416 22236 -1225 -442 389 END
START -12412 2500 22408 -759 -322 832 END
START -11872 2652 22572 -327 -353 1145 END
START -11108 3048 22764 -28 -465 1389 END
START -10120 2804 22036 393 -531 1582 END
START -9440 2884 22824 914 -829 1689 END
START -8720 3260 22648 1382 -1144 1723 END
START -7848 3936 22324 1663 -1591 1653 END
START -7004 4344 21800 1884 -1887 1512 END
START -6268 4884 21488 1927 -2060 1345 END
START -5584 5188 21236 1926 -2148 1172 END
START -4988 5568 21052 1947 -2148 997 END
START -4476 5744 21012 1887 -2035 816 END
START -4052 6000 21308 1907 -1908 667 END
START -3520 6164 21480 1914 -1734 512 END
START -3196 6576 21680 1949 -1502 354 END
START -2520 6832 22108 1948 -1260 187 END
START -2300 7064 22248 1987 -1029 27 END
START -1736 7288 22812 2050 -721 -219 END
START -876 7404 23240 2114 -397 -484 END
START -40 7560 23988 2319 -28 -765 END
START 648 7664 24584 2533 285 -1192 END
START 1196 7940 25440 2794 672 -1651 END
START 1616 8000 26208 3175 908 -2220 END
START 2020 8004 27076 3590 1060 -2866 END
START 2244 8004 27636 4064 1112 -3510 END
START 2148 7960 28100 4581 1098 -4147 END
START 2332 7996 28572 5170 934 -4873 END
START 2108 7828 29064 5824 722 -5557 END
START 2140 7816 29496 6450 443 -6253 END
START 1816 7888 29944 7142 186 -6947 END
START 1484 7724 30016 7856 -77 -7671 END
START 1312 7632 30168 8569 -256 -8317 END
START 712 7316 30368 9285 -402 -8913 END
START -28 6976 30392 10035 -487 -9469 END
START -980 6744 30676 10801 -558 -9932 END
START -1864 6544 31012 11575 -515 -10277 END
START -2880 6232 30908 12467 -440 -10498 END
START -3736 5916 31008 13360 -258 -10584 END
START -4608 5592 31200 14361 -1 -10592 END
START -5404 5116 31236 15392 291 -10484 END
START -6296 4772 31004 16449 677 -10241 END
START -7004 4412 31064 17551 1100 -9941 END
START -7944 4108 30792 18696 1610 -9486 END
START -8560 3796 30320 19843 2063 -8969 END
START -9272 3552 29764 21061 2543 -8395 END
START -9872 3168 29104 22161 2889 -7718 END
START -10444 2756 28316 23264 3096 -7041 END
START -10940 2536 27636 24306 3230 -6274 END
START -11524 2308 26728 25184 3191 -5526 END
START -11740 2016 25816 26025 3050 -4703 END
START -12060 1996 25000 26761 2875 -3893 END
START -12192 1632 23908 27403 2622 -3116 END
START -12060 1420 22876 27980 2458 -2332 END
START -11820 1280 22044 28537 2459 -1632 END
START -11784 1040 20776 28941 2588 -980 END
START -11836 832 19740 29323 2834 -359 END
START -11984 668 18652 29632 3079 216 END
START -12284 708 17648 29838 3333 833 END
START -12520 784 16560 29923 3611 1470 END
START -12752 536 15148 29935 3920 2134 END
START -12828 400 14116 29815 4307 2829 END
START -13260 376 13060 29630 4717 3568 END
START -13516 248 12000 29353 5083 4349 END
START -13856 140 11004 29065 5455 5191 END
START -14060 4 10280 28661 5855 6047 END
START -14172 -92 9264 28276 6236 6914 END
START -14180 -228 8396 27892 6779 7814 END
START -14420 -260 7400 27405 7360 8793 END
START -14612 -184 6796 26897 7924 9703 END
START -14832 -36 5996 26372 8386 10736 END
START -14864 172 5292 25766 8805 11774 END
START -14740 308 4456 25199 9253 13002 END
START -14608 384 3768 24478 9691 13878 END
START -14372 380 2996 23833 10056 14942 END
START -14120 344 2496 23128 10355 15987 END
START -13876 348 1928 22381 10517 17068 END
START -13584 252 1300 21541 10729 17988 END
START -13112 144 864 20771 10839 18973 END
START -12796 224 172 20008 10910 19896 END
START -12312 172 -304 19226 11003 20821 END
START -12052 220 -1128 18475 11147 21676 END
START -11856 116 -1824 17721 11124 22599 END
START -11628 -56 -2520 17044 10832 23513 END
START -11348 -124 -3720 16228 10399 24520 END
START -11044 -192 -5116 15429 9836 25407 END
START -10492 -188 -6152 14532 9143 26255 END
START -10048 -92 -7376 13456 8311 27055 END
START -9536 168 -8556 12227 7455 27806 END
START -8744 460 -9896 10822 6813 28523 END
START -7756 452 -11032 9219 6347 29124 END
START -6996 576 -11960 7460 6290 29707 END
START -5908 588 -12920 5605 6563 30207 END
START -5104 564 -13336 3660 7180 30686 END
START -4500 508 -13648 1614 8046 31122 END
START -3900 420 -13248 -252 9075 31508 END
START -3144 160 -12880 -2170 10201 31886 END
START -2016 -60 -12472 -3909 11448 32192 END
START -1148 -344 -11672 -5481 12640 32398 END
START -320 -516 -10848 -6988 13660 32520 END
START 640 -692 -10220 -8317 14944 32463 END
START 1324 -944 -9132 -9498 15755 32300 END
START 2060 -1184 -8640 -10514 16359 32056 END
START 2280 -1288 -8072 -11395 16705 31741 END
START 2648 -1444 -7844 -12233 16788 31348 END
START 2888 -1168 -7324 -13086 16563 30899 END
START 3184 -1164 -7012 -13868 16275 30462 END
START 3324 -1052 -6616 -14831 15935 30056 END
START 3380 -1144 -6048 -15327 15548 29688 END
START 3228 -1320 -5508 -16138 15159 29416 END
START 3084 -1724 -5100 -16771 14794 29235 END
START 2920 -1788 -4228 -17214 14464 29070 END
START 2772 -2032 -4008 -17544 14055 28942 END
START 2528 -2528 -3436 -17715 13626 28956 END
START 2276 -2824 -3056 -17768 13206 29015 END
START 2196 -2952 -2836 -17812 12905 29099 END
START 2408 -2920 -2852 -17877 12203 29199 END
START 2808 -2948 -2876 -18009 11802 29266 END
START 3400 -3204 -2996 -18277 11378 29326 END
START 3956 -3232 -3140 -18673 11118 29376 END
START 4492 -3428 -3232 -19165 11001 29414 END
START 5268 -3740 -3292 -19710 10979 29464 END
START 6068 -3872 -3200 -20365 11017 29428 END
START 6992 -4220 -2812 -20975 11062 29450 END
START 8424 -4208 -2520 -21655 11186 29444 END
START 9704 -4168 -2076 -22302 11515 29324 END
START 11360 -4204 -1540 -22983 11977 29049 END
START 13008 -4356 -740 -23614 12606 28611 END
START 14660 -4316 352 -24156 13313 28041 END
START 16300 -4328 1228 -24667 13863 27243 END
START 17284 -4464 2220 -25036 14565 26355 END
START 18144 -4208 3536 -25383 15136 25352 END
START 18772 -4216 4408 -25586 15527 24250 END
START 19412 -4108 5680 -25727 15787 23073 END
START 19280 -4056 6796 -25656 15791 21890 END
START 19560 -3884 7040 -25619 15618 20696 END
START 19380 -3748 7888 -25477 15184 19572 END
START 19408 -3452 8196 -25358 14688 18497 END
START 19388 -3160 8428 -25322 13950 17426 END
START 19540 -3016 8932 -25353 13167 16504 END
START 19812 -2896 9592 -25477 12602 15530 END
START 20320 -2976 9788 -25671 11676 14576 END
START 20788 -2952 10136 -25949 10938 13618 END
START 21124 -3000 10712 -26278 10330 12449 END
START 21964 -3112 11588 -26575 9848 11708 END
START 22572 -3176 12368 -26907 9533 10674 END
START 23260 -3268 13108 -27166 9423 9672 END
START 23824 -3160 14184 -27348 9527 8722 END
START 24492 -3192 15300 -27567 9748 7672 END
START 24792 -3076 16460 -27681 10014 6660 END
START 24960 -3212 17860 -27704 10334 5566 END
START 25132 -3252 19028 -27549 10655 4435 END
START 25132 -3316 20336 -27303 10938 3384 END
START 24996 -3392 21556 -26902 11184 2298 END
START 24960 -3268 22796 -26384 11385 1266 END
START 24848 -3160 23528 -25822 11491 311 END
START 24948 -3040 24348 -25179 11658 -581 END
START 25140 -2756 25568 -24429 11803 -1512 END
START 25184 -2440 26032 -23666 11983 -2497 END
START 25320 -2176 26500 -22874 12039 -3582 END
START 25392 -2192 26916 -22011 12070 -4710 END
START 25364 -2080 27048 -21135 12018 -5932 END
START 25412 -2024 27104 -20268 11899 -7164 END
START 25340 -1964 26768 -19500 11821 -8410 END
START 25304 -2024 26336 -18857 11752 -9589 END
START 25112 -1852 25804 -18365 11758 -10875 END
START 24904 -1944 25252 -17976 11703 -12147 END
START 24340 -2208 24684 -17667 11579 -13425 END
START 23652 -2432 24240 -17349 11297 -14662 END
START 22864 -2556 23836 -17096 10845 -15849 END
START 21940 -2560 23412 -16903 10358 -17003 END
START 21200 -2512 22844 -16808 9914 -18100 END
START 20592 -2492 22664 -16827 9539 -19093 END
START 19756 -2440 22228 -16911 9228 -20114 END
START 19140 -2380 22296 -17059 9015 -21088 END
START 18652 -2308 22304 -17150 8942 -21999 END
START 17616 -2432 22612 -17234 8989 -22928 END
START 16868 -2464 22936 -17223 9152 -23846 END
START 15916 -2736 23236 -17108 9365 -24642 END
START 14972 -2900 23748 -16907 9507 -25438 END
START 14024 -3184 23912 -16632 9584 -26069 END
START 13688 -3288 24176 -16347 9608 -26621 END
START 13460 -3440 24240 -16056 9691 -27167 END
START 13504 -3452 24360 -15787 9770 -27838 END
START 13412 -3604 24628 -15531 9753 -28561 END
START 13272 -3748 25092 -15197 9596 -29383 END
START 12696 -3956 25584 -14849 9235 -30299 END
START 12264 -4240 26168 -14399 8726 -31291 END
START 11548 -4448 26444 -14465 8069 -32305 END
START 10880 -4656 26984 -13837 7357 -32768 END
START 10148 -5168 27420 -13479 6614 -32768 END
START 9528 -5364 27776 -13018 5814 -32768 END
START 9084 -5468 28344 -12598 5152 -32768 END
START 8468 -5572 28888 -12110 4592 -32768 END
START 7964 -5624 29156 -11593 4177 -32768 END
START 7408 -5560 29684 -10929 3926 -32768 END
START 6536 -5568 29964 -10280 3775 -32768 END
START 5472 -5544 29852 -9613 3731 -32768 END
START 4564 -5596 29732 -8936 3800 -32768 END
START 3364 -5536 29412 -8342 3962 -32768 END
START 2288 -5568 28976 -7786 4193 -32768 END
START 1304 -5740 28756 -7334 4414 -32768 END
START -316 -5904 28200 -6938 4659 -32768 END
START -1396 -6004 28064 -6593 4795 -32768 END
START -2528 -6168 27852 -6311 4835 -32768 END
START -3764 -6500 27644 -6013 4682 -32768 END
START -4976 -6792 27676 -5675 4371 -32768 END
START -6276 -7024 27588 -5334 3919 -32768 END
START -7680 -7328 27484 -4907 3263 -32768 END
START -8888 -7468 27484 -4481 2424 -32768 END
START -9988 -7564 27460 -4071 1528 -32768 END
START -10980 -7512 27592 -3708 657 -32768 END
START -11828 -7324 27540 -3376 -254 -32768 END
START -12712 -7128 27856 -3037 -1040 -32768 END
START -13420 -7176 28092 -2692 -1715 -32768 END
START -14204 -7288 28496 -2292 -2319 -32768 END
START -15032 -7348 28900 -1764 -2806 -32768 END
START -15896 -7664 29448 -1155 -3289 -32768 END
START -16944 -7700 29908 -415 -3690 -32768 END
START -17764 -7732 30060 396 -4099 -32768 END
START -18448 -7620 30224 1256 -4415 -32096 END
START -19300 -7792 30220 2184 -4769 -31121 END
START -20272 -8116 30288 3127 -5089 -30038 END
START -20716 -8488 29812 4041 -5399 -28873 END
START -21468 -8512 29700 4951 -5512 -27588 END
START -22096 -8556 29424 5834 -5582 -26261 END
START -22476 -8428 28660 6748 -5517 -24792 END
START -22900 -8172 28312 7635 -5309 -23343 END