START 14988 100 11252 2317 3595 12401 END
START 18924 -3604 -3488 4369 3683 11867 END
START 14680 1116 7172 2172 3321 11324 END
START 16916 1064 7716 2729 2059 10758 END
START 15648 24 7420 2089 1363 10210 END
START 16524 236 7028 1410 340 9488 END
START 16656 48 6888 695 -48 8893 END
START 18372 180 5772 36 -444 8276 END
START 18660 -112 6840 -661 -536 7649 END
START 19952 -24 6888 -1288 -733 6940 END
START 22088 -116 6864 -2001 -545 6215 END
START 23248 -256 7752 -2506 -389 5248 END
START 24936 -136 8576 -3066 -67 4185 END
START 25760 -184 9216 -3599 172 2916 END
START 27108 -272 9980 -3964 295 1469 END
START 28048 -432 10912 -4251 542 -179 END
START 28700 -708 11696 -4404 768 -1965 END
START 28944 -744 12368 -4498 925 -3864 END
START 28628 -960 12704 -4512 1061 -5733 END
START 27720 -1112 13428 -4478 1092 -7393 END
START 26948 -1168 13444 -4379 1036 -9061 END
START 26128 -1548 13696 -4310 982 -10430 END
START 24996 -1864 13912 -4215 845 -11622 END
START 24012 -2060 13912 -4182 621 -12663 END
START 23196 -2144 14004 -4229 280 -13611 END
START 22372 -2296 14116 -4300 -38 -14405 END
START 21928 -2348 14328 -4327 -293 -15089 END
START 21664 -2528 14440 -4371 -443 -15745 END
START 21616 -2636 14580 -4361 -426 -16396 END
START 21728 -2656 14868 -4206 -337 -17011 END
START 21884 -2936 15092 -4007 -177 -17747 END
START 21872 -3216 15300 -3777 -15 -18476 END
START 22076 -3356 15176 -3555 147 -19273 END
START 22248 -3480 15136 -3377 222 -20086 END
START 22028 -3404 14904 -3268 260 -20995 END
START 21780 -3464 14804 -3236 180 -21962 END
START 21384 -3484 14676 -3224 42 -22890 END
START 20808 -3456 14816 -3235 -279 -23767 END
START 20256 -3552 14840 -3228 -676 -24657 END
START 19452 -3760 15096 -3157 -1131 -25457 END
START 18704 -3824 15044 -2967 -1734 -26197 END
START 18168 -4088 14720 -2784 -2258 -26895 END
START 17988 -4212 14088 -2507 -2704 -27503 END
START 18156 -4092 13552 -2378 -3057 -28136 END
START 18568 -3900 12928 -2331 -3292 -28802 END
START 19024 -3572 12368 -2417 -3520 -29686 END
START 19204 -3404 12048 -2676 -3736 -30676 END
START 19212 -3300 11736 -2945 -3940 -31847 END
START 19016 -3132 11320 -3277 -4204 -32768 END
START 18640 -3100 10860 -3648 -4444 -32768 END
START 18080 -3032 10964 -4051 -4752 -32768 END
START 17436 -2888 10792 -4492 -4961 -32768 END
START 16912 -2960 10520 -4971 -5159 -32768 END
START 15948 -2972 10356 -5397 -5250 -32768 END
START 14620 -3208 9820 -5807 -5236 -32768 END
START 13180 -3408 9828 -6212 -5266 -32768 END
START 11848 -3704 9520 -6641 -5223 -32768 END
START 10380 -3648 9168 -7066 -5156 -32768 END
START 8944 -3584 9140 -7568 -5067 -32768 END
START 7296 -3692 9072 -8148 -4938 -32768 END
START 5448 -3448 9164 -8746 -4850 -32768 END
START 3860 -3148 9300 -9397 -4757 -32768 END
START 2208 -2756 9412 -10019 -4583 -32768 END
START 596 -2364 9640 -10610 -4425 -32768 END
START -880 -2400 10052 -11216 -4262 -32768 END
START -2144 -2396 10524 -11744 -4077 -32768 END
START -3148 -2560 10796 -12252 -3926 -32768 END
START -4336 -2616 11288 -12827 -3713 -32768 END
START -5312 -2760 11596 -13371 -3377 -32768 END
START -6228 -3032 11984 -13985 -3022 -32768 END
START -7088 -3264 12332 -14591 -2498 -32768 END
START -7916 -3724 13136 -14874 -1945 -32768 END
START -8820 -4224 13852 -15749 -1376 -32768 END
START -10012 -4696 14764 -16259 -872 -32768 END
START -11660 -5232 16572 -16830 -490 -32768 END
START -13020 -5664 17928 -17246 -314 -32768 END
START -14568 -6072 19244 -17474 -187 -32768 END
START -16068 -6492 21252 -17585 -267 -32768 END
START -17416 -6856 23008 -17473 -409 -32768 END
START -18772 -7240 24768 -17112 -557 -32768 END
START -19996 -7340 26680 -16547 -685 -32712 END
START -20880 -7272 28208 -15756 -688 -31478 END
START -21984 -7276 29556 -14778 -675 -30157 END
START -22868 -7312 30928 -13667 -596 -28741 END
START -23748 -7332 32236 -12400 -694 -27292 END
START -24352 -7496 32767 -11112 -748 -25720 END
START -24532 -7580 32767 -9734 -835 -24082 END
START -24268 -7444 32767 -8358 -853 -22534 END
START -23864 -7356 32767 -6909 -988 -20966 END
START -23460 -7220 32767 -5337 -1146 -19488 END
START -22944 -7148 32767 -3761 -1480 -18170 END
START -22504 -6940 32767 -2097 -1893 -16947 END
START -21836 -6944 32767 -431 -2369 -15809 END
START -21052 -7020 32767 1115 -2766 -14809 END
START -20280 -6768 32767 2476 -3041 -13777 END
START -19536 -6624 32767 3555 -3238 -12899 END
START -18840 -6404 32767 4505 -3352 -11960 END
START -18016 -6092 32720 5214 -3407 -11171 END
START -17216 -5824 31892 5735 -3333 -10411 END
START -16408 -5464 31488 6115 -3217 -9741 END
START -15500 -4900 31108 6421 -2998 -9074 END
START -14712 -4584 30812 6671 -2680 -8486 END
START -14084 -4164 30740 6963 -2216 -7937 END
START -13444 -3900 30544 7230 -1778 -7461 END
START -12964 -3692 30672 7553 -1276 -6974 END
START -12484 -3424 30984 7879 -804 -6543 END
START -11992 -3232 31140 8321 -346 -6087 END
START -11380 -3056 31284 8786 115 -5665 END
START -10808 -2836 31260 9314 467 -5279 END
START -10428 -2652 31244 9861 833 -4941 END
START -9900 -2400 31256 10447 974 -4654 END
START -9784 -2132 31636 11035 1066 -4388 END
START -9520 -2020 31928 11674 1009 -4173 END
START -9364 -1960 31656 12378 911 -3935 END
START -9276 -1748 31688 13101 791 -3684 END
START -9188 -1620 31720 13890 693 -3462 END
START -9100 -1476 31568 14722 606 -3158 END
START -8780 -1512 31408 15585 600 -2884 END
START -8492 -1556 31148 16423 643 -2602 END
START -8268 -1628 30744 17250 702 -2318 END
START -8144 -1660 30540 18118 853 -2093 END
START -7924 -1688 30308 18953 954 -1779 END
START -7932 -1784 29856 19813 1120 -1496 END
START -7984 -1752 29452 20630 1264 -1178 END
START -8132 -1868 29192 21464 1405 -826 END
START -8268 -2008 28900 22327 1487 -420 END
START -7928 -2052 28340 23185 1622 38 END
START -7688 -2012 28248 24020 1809 453 END
START -7200 -2212 27812 24893 2009 896 END
START -6888 -2396 27272 25732 2290 1261 END
START -6516 -2444 26784 26553 2446 1598 END
START -6240 -2528 26300 27353 2529 1875 END
START -6180 -2496 25680 28106 2484 2117 END
START -6072 -2328 25008 28847 2364 2354 END
START -6188 -2300 24552 29512 2150 2638 END
START -6176 -2328 23444 30154 1910 2902 END
START -6080 -2192 22872 30777 1630 3234 END
START -6020 -2260 22288 31365 1317 3544 END
START -6040 -2252 21616 31906 988 3878 END
START -5896 -2128 21028 32435 684 4211 END
START -5968 -2108 20304 32767 486 4481 END
START -5828 -1988 19536 32767 361 4859 END
START -5968 -2052 18852 32767 226 5186 END
START -6220 -1884 18240 32767 64 5594 END
START -6324 -1744 17668 32767 -89 6028 END
START -6404 -1744 16872 32767 -233 6433 END
START -6468 -1708 16248 32767 -386 6920 END
START -6364 -1748 15276 32767 -530 7337 END
START -6528 -1824 14564 32767 -691 7808 END
START -6396 -1816 13648 32767 -864 8265 END
START -6548 -1960 12768 32767 -986 8788 END
START -6448 -1948 11716 32767 -1060 9313 END
START -6428 -1836 10904 32767 -1116 9857 END
START -6456 -1676 9484 32767 -988 10425 END
START -6464 -1448 8376 32767 -848 11029 END
START -6432 -1180 7252 32767 -623 11634 END
START -6560 -1224 6228 32767 -404 12336 END
START -6580 -1112 5048 32767 -162 12995 END
START -6624 -964 4032 32767 77 13385 END
START -6712 -1016 3360 32767 374 14054 END
START -6796 -1016 2308 32767 750 14686 END
START -6752 -984 1360 32767 1146 15349 END
START -6720 -960 528 32767 1694 16051 END
START -6572 -912 -480 32767 2275 16673 END
START -6452 -928 -1356 32126 2867 17338 END
START -6492 -940 -2224 31251 3530 17982 END
START -6496 -1012 -2960 30241 4178 18606 END
START -6756 -912 -4020 29233 4741 19283 END
START -7044 -912 -4652 28110 5310 20035 END
START -7220 -844 -5644 27004 5845 20713 END
START -7344 -756 -6480 25838 6402 21478 END
START -7640 -812 -7184 24540 7044 22342 END
START -7864 -992 -8008 23192 7660 23195 END
START -8016 -1120 -8880 21772 8304 24164 END
START -8528 -1132 -9580 20227 8977 25198 END
START -8912 -1172 -10388 18704 9534 26397 END
START -9320 -1228 -11000 17006 10011 27689 END
START -9756 -1544 -11932 15275 10353 29076 END
START -9948 -1716 -12704 13518 10479 30574 END
START -9804 -1700 -13936 11640 10781 32003 END
START -9936 -1800 -14264 9621 10932 32767 END
START -9536 -2160 -14720 7531 10946 32767 END
START -8824 -2452 -15036 5347 11070 32767 END
START -8296 -2840 -15040 3126 11036 32767 END
START -7036 -3204 -15080 954 11115 32767 END
START -6144 -3696 -14424 -1133 11146 32767 END
START -5336 -4188 -14328 -3179 11084 32767 END
START -4348 -4644 -13888 -4988 11008 32767 END
START -2800 -5208 -13088 -6760 10859 32767 END
START -1264 -5508 -12628 -8552 10780 32767 END
START 588 -5732 -11996 -10266 10834 32767 END
START 2604 -5820 -11164 -11971 11046 32767 END
START 4680 -5948 -10156 -13570 11450 32767 END
START 6796 -6064 -9052 -14977 11964 32767 END
START 8756 -5936 -8100 -16306 12634 32767 END
START 10620 -5756 -6808 -17510 13192 32767 END
START 12440 -5384 -5460 -18502 13873 32767 END
START 13960 -5140 -4460 -19318 14650 32767 END
START 15164 -4736 -3556 -19958 15285 32767 END
START 16120 -4424 -2408 -20405 15786 32767 END
START 16580 -4012 -1216 -20768 16037 32767 END
START 16876 -3840 -936 -21011 16070 32767 END
START 16628 -3656 -588 -21144 15997 32767 END
START 16272 -3476 -192 -21303 15846 31504 END
START 15676 -3308 -212 -21436 15623 30138 END
START 14836 -3036 -308 -21653 15453 28981 END
START 14096 -3024 -812 -21912 15311 27915 END
START 13428 -2928 -740 -22309 15092 27188 END
START 12960 -2984 -1048 -22807 14838 26528 END
START 12576 -3120 -868 -23467 14523 26073 END
START 12200 -3156 -824 -24197 14193 25768 END
START 12184 -3496 -800 -24932 13919 25560 END
START 12192 -3660 -652 -25701 13635 25476 END
START 12256 -3964 -188 -26495 13605 25395 END
START 12484 -4080 44 -27182 13098 25394 END
START 13304 -4044 288 -27949 13193 25293 END
START 14324 -4028 928 -28686 13157 25127 END
START 15328 -4080 1320 -29512 13263 24759 END
START 16836 -4212 2436 -30283 13273 24171 END
START 17596 -4500 3540 -30994 13476 23448 END
START 18116 -4760 4744 -31621 13621 22706 END
START 18840 -4900 5840 -32111 14084 21917 END
START 19380 -5252 6772 -32559 14435 21189 END
START 19848 -5072 7864 -32768 14906 20470 END
START 20812 -5168 8580 -32768 15519 19753 END
START 21744 -5056 10060 -32768 16246 18998 END
START 23236 -5028 10992 -32768 17131 18087 END
START 24736 -4996 12304 -32768 18089 16963 END
START 26332 -4868 14272 -32768 18957 15585 END
START 27696 -4872 15844 -32768 19820 14057 END
START 28720 -5016 17460 -32768 20555 12422 END
START 29592 -5012 18832 -32768 21231 10513 END
START 30032 -5196 20296 -32275 21713 8514 END
START 30096 -4968 21384 -31334 21885 6450 END
START 30068 -4936 22076 -30265 21897 4418 END
START 29980 -4924 22268 -29117 21721 2249 END
START 29716 -4948 22100 -27969 21450 94 END
START 29204 -4968 21756 -27091 21092 -1933 END
START 28548 -4808 21552 -26450 20655 -3876 END
START 27544 -4544 21168 -26013 20136 -5721 END
START 26868 -4584 20996 -25780 19683 -7462 END
START 26144 -4560 21024 -25596 19184 -9056 END
START 25312 -4808 21184 -25401 18690 -10550 END
START 24636 -5024 21336 -25115 18166 -11934 END
START 23988 -5200 21464 -24760 17722 -13187 END
START 23524 -5292 21392 -24348 17386 -14400 END
START 23168 -5220 21084 -23986 17270 -15549 END
START 22488 -5300 20868 -23724 17267 -16653 END
START 22028 -5448 20820 -23572 17323 -17787 END
START 21576 -5460 20864 -23505 17494 -18799 END
START 20804 -5556 21212 -23460 17674 -19768 END
START 20168 -5684 21916 -23380 17870 -20691 END
START 19744 -5776 22776 -23098 18003 -21581 END
START 19472 -5880 23648 -22694 18141 -22425 END
START 19312 -6072 24104 -22049 18299 -23287 END
START 19160 -6188 24948 -21261 18447 -24232 END
START 18668 -6288 25220 -20349 18448 -25246 END
START 18240 -6260 25268 -19429 18354 -26356 END
START 17572 -6172 24944 -18649 18166 -27435 END
START 16516 -6076 25028 -17945 17855 -28545 END
START 15796 -6204 24892 -17325 17361 -29626 END
START 15140 -6212 24740 -16762 16819 -30568 END
START 14440 -6544 24160 -16235 16238 -31601 END
START 13912 -6908 24108 -15733 15620 -32596 END
START 13304 -7004 24120 -15217 14959 -32768 END
START 12568 -6920 24120 -14633 14240 -32768 END
START 11800 -7096 24304 -14476 13565 -32768 END
START 10872 -7172 24416 -13982 12741 -32768 END
START 9988 -7472 24500 -13524 11655 -32768 END
START 8828 -7764 24500 -12970 10777 -32768 END
START 7864 -8032 24380 -12459 9937 -32768 END
START 6936 -8252 24232 -11914 9254 -32768 END
START 6240 -8384 24008 -11483 8680 -32768 END
START 5364 -8152 23692 -11095 8260 -32768 END
START 4276 -8200 23404 -10802 7864 -32768 END
START 3340 -8348 23404 -10585 7469 -32768 END
START 2192 -8700 23208 -10478 7090 -32768 END
START 1052 -8936 23328 -10363 6676 -32768 END
START -144 -9352 23220 -10358 6378 -32768 END
START -1356 -9672 23556 -10375 6066 -32768 END
START -2712 -10196 23700 -10420 5801 -32768 END
START -4268 -10572 24232 -10475 5467 -32768 END
START -5792 -10912 24788 -10504 5158 -32768 END
START -8376 -11444 25728 -10480 4676 -32768 END
START -10728 -11648 26724 -10342 4090 -32768 END
START -13168 -11760 27984 -10059 3240 -32768 END
START -15648 -11648 29148 -9639 2229 -32768 END
START -18048 -11788 30492 -9166 1007 -32768 END
START -20396 -11708 31576 -8505 -319 -32768 END
START -22460 -11588 32767 -7734 -1662 -32768 END
START -24148 -11520 32767 -6861 -2784 -32768 END
START -25704 -11208 32767 -5811 -3708 -32768 END
START -26444 -11212 32767 -4678 -4160 -32768 END
START -26808 -11136 32767 -3474 -4153 -31335 END
START -27128 -10920 32767 -2187 -3828 -28888 END
START -27320 -11048 32767 -831 -3138 -26301 END
START -27336 -10972 32767 557 -2377 -23774 END
START -27364 -10936 32767 2070 -1511 -21183 END
START -27160 -10816 32767 3609 -731 -18574 END