START 22572 3312 -2892 7985 4511 17478 END
START 21640 -804 816 6530 -421 12909 END
START 22552 -448 2496 4814 -3721 8022 END
START 22988 120 4192 2203 -3767 1907 END
START 28644 -160 2908 402 -2921 -3419 END
START 28952 -188 3572 -1970 37 -8202 END
START 26068 -420 4908 -4536 3450 -12384 END
START 25132 -944 5748 -7047 5396 -16332 END
START 24232 -1936 8164 -8714 5210 -20312 END
START 24064 -2876 10128 -9071 3536 -24799 END
START 23160 -4708 13396 -9287 1505 -29727 END
START 21832 -6104 14924 -8680 1706 -32768 END
START 17008 -8364 15536 -8460 3094 -32768 END
START 12536 -9868 15688 -8847 3880 -32768 END
START 5416 -11244 17416 -8822 1957 -32768 END
START -524 -11880 19648 -7778 -2019 -32768 END
START -4448 -11876 20624 -6910 -3047 -32768 END
START -11932 -12356 20956 -5790 -4446 -32768 END
START -16972 -12804 20972 -5158 -6195 -32768 END
START -24108 -13616 23192 -4707 -5894 -32768 END
START -30792 -13752 26680 -3217 -5665 -26801 END
START -32636 -12432 27156 -697 -5530 -18300 END
START -32768 -10144 25060 -191 -2875 -10162 END
START -30900 -6520 23832 -2741 3120 -2869 END
START -28068 -4872 27304 -6316 10943 1968 END
START -26448 -4920 32767 -6696 17010 4592 END
START -25976 -6556 32767 -3291 22360 5289 END
START -27452 -9008 32767 4779 23355 6636 END
START -29160 -11264 32767 15362 17440 10139 END
START -24052 -12196 32767 26152 10167 15048 END
START -16416 -11228 31180 32337 8486 18391 END
START -9684 -10428 22676 32767 8425 19948 END
START -6072 -9708 16364 32767 7925 20306 END
START -4020 -9336 10368 32767 6590 21248 END
START -1584 -7904 4044 32605 7412 21605 END
START -1432 -7520 -1048 27550 11218 22449 END
START -2844 -7364 -5028 21635 14669 24688 END
START -4320 -6924 -8840 15674 15637 26845 END
START -5476 -6512 -12164 8906 14831 29211 END
START -5996 -6676 -13984 1500 13845 31945 END
START -4508 -8056 -13552 -4598 11576 32767 END
START -2528 -9684 -12140 -9519 9214 32767 END
START -2604 -11208 -11256 -12924 6293 32767 END
START -244 -12828 -11472 -16567 3046 32767 END
START 5212 -13528 -11984 -21734 1571 32767 END
START 9772 -14320 -8496 -26446 2408 32767 END
START 11876 -14048 -5020 -29214 3834 32767 END
START 15360 -13712 -2688 -32010 4123 31049 END
START 16424 -13784 360 -32768 4543 26406 END
START 14824 -15160 4600 -32768 3000 23556 END
START 20536 -15292 10056 -32768 3129 21471 END
START 28328 -13756 15612 -32768 10210 15109 END
START 29188 -13184 18684 -32768 18632 5785 END
START 28464 -13612 22012 -32768 22066 -3964 END
START 26576 -14392 25152 -31303 19551 -13638 END
START 27228 -15328 27676 -28466 19742 -22989 END
START 24992 -16816 31268 -24309 19578 -31939 END
START 24528 -18488 31624 -20670 22225 -32768 END
START 16936 -22104 32767 -17601 22517 -32768 END
START 10976 -26200 32767 -13428 20446 -32768 END
START 5120 -30360 32767 -8332 19682 -32768 END
START -1632 -31812 32767 -3931 22850 -32768 END
START -10232 -32408 32767 1090 25117 -32768 END
START -19612 -31036 32767 6441 24512 -32768 END
START -24544 -27536 32256 11761 19971 -32768 END
START -21052 -23904 29368 16854 17881 -32768 END
START -21104 -21296 23548 20992 17264 -32105 END
START -23028 -19224 17224 24745 13534 -26982 END
START -23920 -17108 10144 25830 8678 -21910 END
START -24948 -15352 5128 23926 5651 -16415 END
START -25948 -13640 1468 19876 4013 -9776 END