START 23728 5368 3196 6069 1631 20014 END
START 21188 2056 5220 5416 -37 17712 END
START 15828 1844 10248 4505 -2753 15376 END
START 23000 2568 7800 2252 -3973 11938 END
START 30172 2592 8716 170 -3248 5982 END
START 32767 3096 7648 -1733 -1153 -2123 END
START 32767 1976 7408 -3598 1365 -10805 END
START 31564 -8 6612 -5401 1083 -15901 END
START 30792 -324 7744 -6967 318 -20240 END
START 29492 -1640 7816 -8042 955 -25294 END
START 27704 -3184 8484 -9422 995 -30166 END
START 24428 -5256 10840 -10502 814 -32768 END
START 19532 -7084 13620 -9883 -1133 -32768 END
START 12164 -8560 15688 -7992 -9156 -32768 END
START 5976 -8928 17572 -7763 -15586 -32768 END
START 1476 -8376 20420 -8719 -15122 -32768 END
START -3016 -8312 21016 -10602 -8896 -32768 END
START -14112 -11952 24104 -12025 -1971 -32768 END
START -27740 -13312 29284 -9142 -5732 -32768 END
START -31152 -12932 31160 -5473 -6646 -28744 END
START -31112 -10652 29780 -3778 -4394 -19235 END
START -27608 -9024 31364 -2182 -1533 -13066 END
START -25700 -6476 32767 538 1408 -9371 END
START -24080 -4484 32767 2855 4905 -6222 END
START -22436 -2760 32767 5764 6501 -3425 END
START -20528 -1732 32767 10158 6291 -1407 END
START -17868 -1704 32736 13652 7548 318 END
START -16628 -2308 32000 16721 9819 1979 END
START -15840 -3336 30188 20028 12546 3894 END
START -15832 -4176 26728 23523 13197 5902 END
START -15892 -5028 22116 26564 12312 7837 END
START -16260 -5912 16780 28480 10881 9438 END
START -17232 -7088 12184 28955 9818 11794 END
START -18392 -8360 8804 28119 9039 15804 END
START -17380 -9504 5988 27239 7943 20874 END
START -14640 -10268 3588 25553 7312 25914 END
START -11412 -10588 1128 23435 8119 31082 END
START -7236 -11296 -2344 19646 11251 32767 END
START -3908 -12100 -8300 13003 15818 32767 END
START 368 -12352 -14800 2763 17276 32767 END
START 3472 -13024 -16124 -8260 18337 32767 END
START 4008 -14812 -11952 -16096 17965 32767 END
START 5540 -16044 -9228 -20117 15032 32767 END
START 8276 -16500 -8516 -22730 9769 32767 END
START 13704 -17132 -7752 -26043 5031 32767 END
START 22576 -16688 -5560 -29990 3998 32767 END
START 32767 -14704 -1424 -32768 8728 32767 END
START 32767 -13012 3164 -32768 15776 26866 END
START 32767 -12976 8308 -32768 16908 18520 END
START 32767 -12656 12392 -32768 15623 10440 END
START 32767 -13328 20736 -32768 15674 3453 END
START 32767 -11792 31488 -32768 21129 -6427 END
START 32767 -11612 32767 -32768 29353 -21210 END
START 32767 -15076 32552 -28853 30764 -32768 END
START 23272 -17660 32767 -24050 25077 -32768 END
START 18000 -19016 32767 -18969 18670 -32768 END
START 14096 -20068 32767 -14242 17202 -32768 END
START 6032 -22544 31520 -11459 17557 -32768 END
START -2508 -26036 32164 -8887 16405 -32768 END
START -14328 -27476 32767 -3407 14022 -32768 END
START -25732 -27068 32767 4128 10771 -32768 END