START 32767 10112 -96 3099 681 5516 END
START 12072 1032 10384 1855 -1455 1762 END
START 13712 -224 10512 145 -903 424 END
START 22176 412 7500 -2118 1834 -2447 END
START 25972 160 6760 -3947 3031 -7757 END
START 24588 -588 8016 -5477 4627 -13150 END
START 22276 -1544 8532 -6848 4703 -17371 END
START 20532 -1548 9748 -7818 2872 -20679 END
START 22132 -1488 9812 -8658 2081 -24179 END
START 22820 -1864 10956 -10700 2331 -28572 END
START 21188 -2704 14512 -11343 3460 -32768 END
START 18860 -2636 17272 -10842 2475 -32768 END
START 16248 -2972 19700 -10404 2869 -32768 END
START 13312 -4444 23120 -10521 6790 -32768 END
START 5488 -7800 26632 -9934 15393 -32768 END
START -10800 -11264 29676 -5579 14960 -32768 END
START -22412 -10752 30488 2240 3330 -32768 END
START -29804 -10528 24552 8531 -8050 -32768 END
START -32768 -10244 15880 8327 -7460 -32768 END
START -32768 -8624 10192 4073 -3570 -20854 END
START -32768 -6964 9656 151 -3055 -6793 END
START -32768 -6068 11864 -1423 -3306 3141 END
START -28552 -4232 15464 127 -5823 7227 END
START -21752 -1728 14164 3424 -9478 7756 END
START -15984 404 11548 4065 -10779 8795 END
START -10928 2640 11332 3331 -8369 10865 END
START -1356 5452 11796 1667 -4486 11566 END
START 3924 7360 15408 586 895 8408 END
START 5048 8312 18636 1252 3644 4466 END
START 4388 8396 21868 2781 4737 -1045 END
START -652 6472 25200 5811 3730 -4597 END
START -2632 5468 26960 8836 3842 -6563 END
START -5892 3956 27660 11219 5629 -8439 END
START -7448 2204 29108 13681 8988 -10065 END
START -14396 -520 28764 17544 13107 -11110 END
START -23412 -4544 25868 21836 12149 -6581 END
START -26308 -6108 22068 24492 8638 1885 END
START -25588 -6560 17720 25500 7468 10371 END
START -22512 -6444 13988 25940 6711 19001 END
START -17656 -6308 9788 25876 6490 25928 END
START -13372 -6092 6364 25301 5390 30729 END
START -9248 -6032 2036 24373 5029 32767 END
START -5592 -6072 -3172 21267 4899 32767 END
START -2720 -6048 -8648 15914 4358 32767 END
START -404 -5284 -13504 7902 4007 32767 END
START 2712 -4772 -15264 -1845 4348 32767 END
START 4568 -6412 -11100 -9452 4882 32767 END
START 7788 -7028 -7068 -13066 5530 32767 END
START 10384 -7476 -5424 -14175 5506 32767 END
START 11588 -8276 -5504 -15863 4662 32767 END
START 13972 -8380 -6424 -18894 4626 32767 END
START 15508 -9368 -4076 -23240 5510 31470 END
START 18672 -8688 -2200 -26652 7191 28848 END
START 21692 -9012 1700 -30101 10707 24067 END
START 22616 -8412 7368 -30983 11768 18766 END
START 27536 -8272 12128 -31180 11309 12502 END
START 32612 -7400 15768 -31498 15337 4241 END
START 32767 -7784 20440 -32280 21686 -5139 END
START 32767 -8744 25648 -29849 26472 -16117 END
START 27476 -10112 27412 -27156 27531 -25401 END
START 23040 -11560 30248 -23780 24296 -32768 END
START 22152 -10900 32276 -20856 22410 -32768 END
START 18284 -14076 32767 -16618 19260 -32768 END
START 13716 -16316 32767 -12078 18260 -32768 END
START 7956 -16712 31792 -8935 21100 -32768 END
START 2764 -17840 29772 -6776 23264 -32768 END
START -10100 -21228 31576 -2643 19642 -32768 END
START -21960 -21928 32268 4356 9992 -32768 END
START -26148 -20924 27896 8631 7820 -32768 END
START -32768 -20032 23620 10673 10269 -32768 END