START 13144 12916 9324 5592 1599 7494 END
START 5684 1592 9968 7108 -2225 5891 END
START -4780 -544 17892 8291 -5034 5903 END
START 24 992 14992 8226 -6992 6222 END
START 12872 1900 9948 6018 -6660 2408 END
START 18120 1232 10304 3271 -4273 -3336 END
START 18444 796 11960 -837 -2235 -9940 END
START 17264 -1928 16360 -2593 -2299 -13879 END
START 19852 -3916 21328 -1367 -5239 -15990 END
START 26176 -4980 24352 2400 -7322 -19780 END
START 30396 -6060 24492 5140 -8242 -26741 END
START 30884 -8492 23648 6583 -9995 -32768 END
START 29704 -10436 21964 6619 -11212 -32768 END
START 26688 -12848 21132 5160 -9031 -32768 END
START 21496 -14968 19388 3397 -3554 -32768 END
START 11232 -16272 19200 2585 -1833 -32768 END
START -1640 -16820 19480 5095 -7889 -32768 END
START -12604 -17720 18408 7141 -15083 -32768 END
START -23844 -19384 16692 6846 -17153 -32768 END
START -32768 -20824 16996 4013 -13701 -32768 END
START -32768 -19472 17048 3009 -11211 -31665 END
START -32768 -16496 16904 2451 -8455 -17189 END
START -32768 -13076 17500 2834 -5444 -6357 END
START -32768 -8604 14180 4324 -2801 414 END
START -27668 -4264 10748 3387 -3542 4888 END
START -19312 -328 10932 2927 -5072 7427 END
START -10212 3980 10532 2260 -4714 8115 END
START -988 7260 11128 1247 -2726 6792 END
START 5668 10004 12564 197 -474 3100 END
START 7736 11612 14284 -1072 2631 -1349 END
START 6432 12640 16652 -2736 5950 -5033 END
START 5336 12684 21016 -4088 7488 -8503 END
START 5792 11796 27948 -4263 9004 -12801 END
START 1820 9012 32767 -3314 11863 -19033 END
START -8004 2228 32767 364 12084 -22483 END
START -17336 -2932 32767 7582 10226 -21406 END
START -25472 -8312 32767 16626 10050 -16021 END
START -28676 -11924 32767 25612 11195 -6321 END
START -26184 -13596 32767 31272 14261 2087 END
START -24012 -15380 23244 32767 17249 8049 END
START -23844 -15972 13696 32767 18058 13529 END
START -22828 -17164 5988 31886 17305 19281 END
START -21884 -17848 1124 28453 16816 25922 END
START -20308 -17768 -2392 24476 16696 32767 END
START -16436 -17744 -5128 19527 15483 32767 END
START -11256 -18576 -5972 14926 14200 32767 END
START -6096 -18160 -8136 10288 12464 32767 END
START -2256 -18708 -10256 5636 9940 32767 END
START 3400 -18260 -12240 102 7150 32767 END
START 10548 -16792 -12436 -5094 5694 32767 END
START 13388 -14212 -12328 -10223 6495 32767 END
START 13492 -13476 -12884 -17109 9801 32767 END
START 10224 -13924 -10764 -23797 13325 32767 END
START 8748 -16788 -7456 -29494 11160 32767 END
START 16280 -17916 -1688 -32621 1986 32767 END
START 32152 -17584 6380 -32391 -4806 32767 END
START 32767 -13108 7896 -32487 307 30632 END
START 32767 -11652 9424 -32768 9573 18010 END
START 32767 -10424 12884 -32768 14696 8033 END
START 32767 -10276 20232 -32768 17219 -3106 END
START 32767 -10056 24092 -32768 20420 -15481 END
START 32767 -10468 24804 -31908 24713 -28582 END
START 32767 -11876 23528 -29583 31042 -32768 END
START 32767 -17688 25168 -25803 32767 -32768 END
START 26896 -24064 27180 -20557 25925 -32768 END
START 15524 -28716 28480 -17120 21650 -32768 END
START 2124 -32768 31064 -13870 21483 -32768 END
START -20684 -32768 32767 -7264 15435 -32768 END
START -32768 -32768 32767 3562 3780 -32768 END
START -32768 -32768 32767 12107 -271 -32768 END
START -31688 -29432 18536 12428 5048 -32768 END
START -32768 -26816 11640 7489 6066 -25195 END
START -32768 -22788 12120 3206 3931 -13871 END