START 21964 5592 268 13551 -2415 17095 END
START 23860 12 284 10377 -1610 10678 END
START 17728 -8 2004 6234 -211 7471 END
START 18620 260 824 1194 2491 5857 END
START 17916 108 4556 -2462 557 4719 END
START 21208 180 8592 -3433 668 2675 END
START 27004 364 7440 -4791 1930 -1859 END
START 30460 268 8800 -6349 1651 -7918 END
START 30140 -64 10136 -7473 2823 -14994 END
START 26456 -1036 10552 -8340 3431 -20404 END
START 24472 -2044 11344 -8924 2456 -24118 END
START 25180 -2496 12880 -9541 2385 -28685 END
START 22776 -4428 13760 -9837 3639 -32768 END
START 17184 -6908 15176 -9083 2081 -32768 END
START 11224 -8516 17052 -7463 -3589 -32768 END
START 5452 -9344 18156 -5608 -7528 -32768 END
START -1784 -9684 17620 -5270 -5858 -32768 END
START -12000 -10824 16876 -6089 -3459 -32768 END
START -23412 -12416 18008 -7130 -3953 -32768 END
START -31864 -13100 21612 -7128 -6593 -30802 END
START -32212 -10984 25528 -5471 -8899 -19855 END
START -24636 -7912 26328 -2908 -7819 -12503 END
START -19144 -4600 25596 -812 -6532 -10319 END
START -17804 -1848 25960 -656 -5376 -9384 END
START -16036 -332 28300 -487 -1895 -7756 END
START -14160 1080 31692 212 1494 -6162 END
START -11992 1084 32767 2476 3967 -6102 END
START -11436 416 32767 6905 5772 -7469 END
START -12772 -792 32767 11415 8162 -9305 END
START -15916 -2984 32767 15530 10999 -10386 END
START -19884 -6008 32767 19893 13711 -10082 END
START -25316 -10456 29920 23476 17134 -6736 END
START -27892 -14056 24796 25661 19273 1207 END
START -26704 -15580 20148 26718 20041 11028 END
START -22132 -16436 15348 28132 18754 20373 END
START -15620 -16396 9308 28697 16087 27279 END
START -11276 -15660 4064 28275 12874 31721 END
START -6756 -14700 -1992 25773 10333 32767 END
START -3040 -13288 -8656 20254 8552 32767 END
START -80 -12276 -12540 12906 7575 32767 END
START -60 -12220 -14012 5047 8667 32767 END
START 2436 -12528 -14212 -2210 8512 32767 END
START 8172 -12608 -13128 -8537 8583 32767 END
START 12200 -12128 -12024 -14044 9473 32767 END
START 13360 -12276 -10344 -17950 8157 32767 END
START 14528 -11920 -9364 -21279 4252 32767 END
START 14496 -12036 -7908 -24592 1096 32767 END
START 14112 -12732 -6372 -28640 748 32767 END
START 19264 -14196 -1572 -32619 191 32767 END
START 32767 -11396 2872 -32768 5083 30061 END
START 32767 -10100 9588 -32768 14411 17854 END
START 32767 -8732 13684 -32768 21074 2965 END
START 32767 -10820 16740 -32768 22086 -7202 END
START 32767 -12304 23968 -32768 23271 -15381 END
START 32767 -14008 31516 -32768 28475 -26949 END
START 30964 -17292 32767 -31656 31353 -32768 END
START 20260 -20556 32767 -26131 23545 -32768 END
START 16780 -22864 32767 -19832 16050 -32768 END
START 12004 -25220 32767 -13788 15091 -32768 END
START 3596 -29204 32767 -8352 15454 -32768 END
START 172 -27984 29892 -3912 14789 -32768 END
START -3060 -30448 26700 -414 15076 -32768 END
START -9900 -31632 24680 2233 13713 -32768 END
START -17984 -28688 22928 3158 13891 -32768 END