START 22028 6176 5332 8526 1541 13259 END
START 21832 2148 2244 7032 944 8072 END
START 11572 148 7924 5089 -995 4207 END
START 18836 928 1960 2127 -167 2010 END
START 19960 408 3088 -765 -1980 -518 END
START 20096 524 7800 -3021 -730 -3313 END
START 24016 896 7852 -4182 2783 -7691 END
START 25216 744 7856 -5788 5767 -12621 END
START 24128 264 9024 -6911 7224 -17483 END
START 21740 -384 10736 -7114 5687 -21726 END
START 20840 -952 11320 -6641 2943 -25862 END
START 18684 -1424 11924 -6805 236 -29976 END
START 15544 -2160 13428 -6993 -1379 -32768 END
START 13880 -2552 14332 -7412 -1549 -32768 END
START 11240 -3236 14752 -8361 -117 -32768 END
START 5904 -3864 16608 -9067 575 -32768 END
START -1320 -4804 20048 -8073 -2257 -32768 END
START -9536 -6512 24416 -5482 -6185 -32768 END
START -17896 -6904 25532 -3658 -6357 -32768 END
START -26344 -7004 25072 -3256 -1336 -32768 END
START -32768 -5744 24344 -2579 -135 -24584 END
START -32464 -4140 23844 -1565 -1026 -15463 END
START -28264 -1804 25144 -1 -735 -10180 END
START -27408 -920 25608 2946 -1415 -7257 END
START -24568 1024 23764 5653 -2916 -4154 END
START -21380 2724 21904 6503 -761 -1199 END
START -19740 3900 21568 6577 1989 1469 END
START -17704 4640 22560 7469 3184 3694 END
START -14780 4896 23616 8910 3849 4809 END
START -12532 5604 23556 10689 4394 4371 END
START -12648 5848 23096 12345 4766 3318 END
START -14300 5344 22456 13738 5639 2926 END
START -15208 3600 22240 14699 7318 3668 END
START -17428 1916 21988 16503 9147 5789 END
START -18152 -284 20252 18613 9810 8785 END
START -17344 -2480 17408 20310 9983 12861 END
START -15404 -3888 13484 20964 9951 16700 END
START -13408 -5436 9832 20747 9310 20257 END
START -11760 -6528 6168 20166 6746 23672 END
START -8992 -7036 2936 19208 4185 26803 END
START -6588 -7416 -600 17460 3800 29551 END
START -4896 -7756 -4104 14333 4632 32160 END
START -3976 -8068 -7264 9831 4819 32767 END
START -2516 -8980 -10536 4224 5152 32767 END
START 516 -8988 -13376 -2926 4546 32767 END
START 4444 -9904 -12288 -10313 3186 32767 END
START 10128 -9824 -8556 -15592 5360 32767 END
START 12704 -9240 -6240 -19402 9706 32767 END
START 16324 -9024 -3292 -22396 10772 32767 END
START 19636 -8052 -908 -23346 9595 31667 END
START 21252 -7036 -336 -25366 6660 26509 END
START 21920 -7296 1644 -28137 4575 21727 END
START 24556 -8424 7476 -31006 4278 18794 END
START 29480 -8320 14368 -31333 7809 14316 END
START 32767 -7180 18980 -30072 13506 7127 END
START 32767 -6152 22276 -28193 18521 -2366 END
START 32767 -5544 21988 -27567 22754 -13773 END
START 29952 -7440 25408 -26779 23359 -24123 END
START 24056 -9304 28396 -24708 22652 -32086 END
START 20400 -11244 31908 -21677 20481 -32768 END
START 19116 -12572 32767 -16845 18211 -32768 END
START 17476 -13220 30512 -13270 18886 -32768 END
START 13328 -15768 27436 -11913 22732 -32768 END
START 4272 -20608 28108 -9329 25491 -32768 END
START -7532 -23772 28764 -3387 22206 -32768 END
START -16332 -22084 28180 2082 16400 -32768 END
START -22932 -20624 27540 7060 11685 -32768 END
START -28660 -19144 25056 10964 9995 -32768 END
START -32768 -17432 20788 13636 7714 -30988 END
START -32768 -14424 13372 13754 5282 -20426 END
START -32768 -13112 16244 12417 619 -8980 END