START 4392 2004 21032 -1638 69 5764 END
START 7672 -4872 7464 385 686 5680 END
START 5924 3580 20064 -1168 -643 5089 END
START 4536 2200 22220 46 3 4943 END
START 4208 1692 21960 154 -1474 4545 END
START 5672 2200 21160 527 -1721 4369 END
START 5220 1684 22272 836 -2389 3923 END
START 5696 1660 22284 1244 -2264 3597 END
START 7900 1620 19964 1848 -2455 3102 END
START 6232 1172 22128 2352 -2445 2626 END
START 7724 1712 20008 2841 -2926 2126 END
START 6376 1772 21200 3206 -3114 1647 END
START 7312 2000 19616 3469 -3485 1160 END
START 6984 2028 19656 3602 -3604 778 END
START 6992 2000 18896 3659 -3847 429 END
START 7172 1904 18284 3565 -3808 156 END
START 6768 1792 18412 3461 -3894 -106 END
START 7128 2012 17604 3289 -3861 -199 END
START 7172 2068 17852 3092 -3777 -351 END
START 7928 2176 17776 2904 -3566 -497 END
START 8648 2180 17776 2710 -3201 -675 END
START 9216 2128 17872 2562 -2794 -932 END
START 9624 2060 17884 2464 -2274 -1211 END
START 10216 1980 17776 2373 -1757 -1617 END
START 10632 1940 18172 2344 -1261 -1992 END
START 10816 1912 18292 2295 -898 -2433 END
START 11096 1980 18308 2327 -547 -2904 END
START 11244 1856 18396 2380 -274 -3337 END
START 11644 1872 18412 2446 -22 -3832 END
START 11756 1828 18384 2545 122 -4347 END
START 12068 1660 18244 2649 273 -4914 END
START 12228 1536 18016 2721 384 -5456 END
START 12428 1376 17680 2825 411 -6033 END
START 12512 1292 17516 2891 429 -6576 END
START 12548 1200 17028 2924 410 -7108 END
START 12516 1100 16656 2927 333 -7607 END
START 12688 1036 16304 2893 278 -8107 END
START 12984 892 16152 2804 243 -8602 END
START 13132 740 15740 2796 155 -9055 END
START 13412 512 15556 2698 125 -9600 END
START 13536 424 15444 2644 -13 -10201 END
START 13580 256 15356 2606 -188 -10797 END
START 13616 136 15104 2545 -351 -11403 END
START 13720 -24 15000 2504 -602 -12038 END
START 13596 -212 14672 2458 -894 -12656 END
START 13520 -424 14384 2360 -1148 -13296 END
START 13540 -576 13936 2216 -1451 -13889 END
START 13452 -536 13876 2023 -1747 -14459 END
START 13236 -568 13608 1776 -2084 -14970 END
START 12908 -604 13584 1561 -2408 -15496 END
START 12536 -684 13600 1398 -2726 -15922 END
START 12356 -500 13924 1220 -3063 -16319 END
START 11860 -544 13808 1150 -3403 -16691 END
START 11588 -640 14024 1116 -3687 -16991 END
START 11464 -604 13932 1122 -3914 -17292 END
START 11544 -556 13888 1076 -4084 -17558 END
START 11768 -504 13664 1065 -4113 -17800 END
START 12048 -372 13532 993 -4105 -18095 END
START 12764 -316 13220 918 -3951 -18465 END
START 12924 -164 13392 812 -3931 -18931 END
START 12876 -256 13316 724 -3986 -19455 END
START 12672 -136 13476 578 -4209 -20099 END
START 12496 -184 13244 482 -4532 -20674 END
START 12172 -96 13464 467 -4954 -21299 END
START 12060 -132 13332 390 -5476 -21937 END
START 11920 -144 13140 356 -6006 -22577 END
START 11944 -4 13160 254 -6524 -23235 END
START 12088 204 12892 86 -7018 -23977 END
START 11952 144 12764 -78 -7483 -24763 END
START 11952 336 12812 -329 -7995 -25584 END
START 11484 272 12832 -579 -8596 -26430 END
START 10968 456 12936 -852 -9204 -27267 END
START 10156 432 13216 -1113 -9806 -28023 END
START 9412 548 13332 -1440 -10429 -28782 END
START 8640 716 13752 -1724 -11050 -29383 END
START 7960 712 14108 -1983 -11496 -30009 END
START 7408 804 14428 -2153 -11890 -30533 END
START 6840 648 14896 -2326 -12092 -31018 END
START 6308 684 15384 -2382 -12163 -31556 END
START 5576 760 16040 -2450 -12203 -32008 END
START 4476 692 16684 -2441 -12169 -32439 END
START 3564 848 16828 -2436 -12116 -32760 END
START 2472 956 17376 -2385 -12059 -32768 END
START 1464 1096 17880 -2364 -12005 -32768 END
START 536 1128 18300 -2295 -11987 -32768 END
START -284 1264 18756 -2194 -11948 -32768 END
START -1100 1232 19088 -2093 -12032 -32768 END
START -2044 916 19608 -1966 -12055 -32768 END
START -2864 680 19880 -1815 -12069 -32768 END
START -3788 312 19992 -1724 -12097 -32768 END
START -4760 100 20392 -1596 -12008 -32768 END
START -5736 124 20504 -1570 -11904 -32768 END
START -6808 0 20772 -1503 -11691 -32768 END
START -7872 -160 20776 -1491 -11303 -32768 END
START -8896 -224 20792 -1456 -10776 -32768 END
START -10092 -652 21316 -1440 -10176 -32768 END
START -11504 -944 21456 -1372 -9544 -32563 END
START -13100 -1320 21928 -1317 -8991 -32032 END
START -14760 -1596 22212 -1181 -8529 -31385 END
START -16368 -1828 22392 -998 -8187 -30574 END
START -17780 -2000 22520 -799 -7765 -29643 END
START -19208 -2092 22688 -567 -7425 -28592 END
START -20388 -2144 22956 -335 -7165 -27442 END
START -21456 -2208 23060 -111 -6854 -26154 END
START -22532 -2388 23604 118 -6688 -24874 END
START -23260 -2456 23492 351 -6519 -23553 END
START -24008 -2524 23820 607 -6383 -22160 END
START -24548 -2472 23836 897 -6213 -20778 END
START -25028 -2452 23724 1223 -6032 -19392 END
START -25464 -2416 23844 1535 -5751 -17973 END
START -25840 -2252 23592 1859 -5381 -16489 END
START -25968 -2092 23464 2162 -4917 -14959 END
START -26112 -2032 23152 2478 -4439 -13445 END
START -26124 -1872 23032 2705 -3990 -11960 END
START -26180 -1712 22684 2974 -3596 -10387 END
START -25772 -1676 22656 3214 -3226 -8961 END
START -25564 -1464 22416 3503 -2929 -7491 END
START -24940 -1228 22084 3787 -2738 -6237 END
START -24336 -1204 21972 4057 -2560 -5044 END
START -23424 -940 21540 4365 -2482 -3922 END
START -22296 -816 21172 4651 -2348 -2950 END
START -20728 -656 20560 4916 -2161 -2093 END
START -19288 -380 20156 5107 -1894 -1406 END
START -17808 -208 19828 5197 -1626 -885 END
START -16300 24 19532 5318 -1308 -500 END
START -14928 376 19184 5355 -1057 -324 END
START -13712 652 19072 5362 -839 -258 END
START -13040 952 18756 5405 -763 -278 END
START -12324 1300 18608 5450 -820 -399 END
START -11884 1452 18440 5497 -1002 -508 END
START -11392 1760 18040 5548 -1254 -580 END
START -10796 1988 17712 5617 -1531 -615 END
START -9984 2492 17440 5603 -1759 -659 END
START -9352 2764 16852 5605 -1930 -724 END
START -8652 3228 16796 5505 -2024 -818 END
START -7988 3412 16452 5433 -2077 -1021 END
START -7604 3760 16272 5323 -2236 -1191 END
START -7112 3996 16200 5251 -2468 -1411 END
START -6664 4308 16124 5141 -2729 -1648 END
START -6088 4460 15804 5032 -2885 -1924 END
START -5708 4792 15636 4915 -2940 -2174 END
START -5620 4996 15592 4759 -2951 -2352 END
START -5544 5352 15448 4578 -2890 -2483 END
START -5520 5528 15792 4373 -2760 -2569 END
START -5560 5712 15980 4131 -2526 -2596 END
START -5296 5984 16120 3909 -2207 -2523 END
START -4900 6144 16444 3675 -1851 -2420 END
START -4268 6228 17032 3470 -1386 -2350 END
START -3344 6272 17516 3315 -799 -2306 END
START -2340 6504 17900 3142 -141 -2339 END
START -1232 6544 18780 3023 493 -2478 END
START -288 6592 19484 2881 1080 -2688 END
START 504 6784 20224 2775 1640 -3048 END
START 1108 6968 21052 2760 2050 -3492 END
START 1660 7208 21984 2747 2496 -4026 END
START 2008 7284 22924 2782 2765 -4581 END
START 2304 7248 23864 2936 3088 -5210 END
START 2860 7164 24676 3174 3273 -5800 END
START 3408 7356 25592 3431 3530 -6521 END
START 3640 7436 25808 3723 3735 -7225 END
START 3944 7452 26632 4109 3962 -8048 END
START 3892 7388 27216 4454 4097 -8924 END
START 3484 7400 27892 4901 4216 -9784 END
START 2904 7368 28436 5292 4275 -10587 END
START 2180 7308 29108 5849 4380 -11326 END
START 1224 7364 29440 6360 4417 -11986 END
START 272 7264 29672 6985 4521 -12516 END
START -660 7144 29904 7581 4699 -12948 END
START -1684 6920 30024 8226 4906 -13249 END
START -2744 6768 30300 8888 5221 -13461 END
START -3800 6624 30604 9633 5479 -13510 END
START -4820 6276 30540 10341 5770 -13422 END
START -5936 5888 30664 11161 6147 -13203 END
START -6904 5736 30484 11981 6543 -12929 END
START -8064 5532 30524 12876 6955 -12479 END
START -9364 5568 30812 13754 7273 -11926 END
START -10316 5140 30532 14729 7544 -11268 END
START -11164 4732 30412 15717 7796 -10541 END
START -11816 4424 30148 16737 8022 -9739 END
START -12136 4096 29824 17800 8211 -8909 END
START -12356 3668 29220 18769 8435 -8108 END
START -12624 3304 28800 19753 8618 -7346 END
START -12836 3036 28224 20715 8744 -6525 END
START -13064 2748 27644 21642 8736 -5799 END
START -13224 2720 27220 22462 8698 -5061 END
START -13388 2336 26740 23296 8621 -4314 END
START -13240 1968 25812 24051 8584 -3625 END
START -13124 1604 25236 24730 8593 -2951 END
START -13128 1200 24640 25419 8591 -2307 END
START -13096 772 23952 26046 8674 -1678 END
START -13360 432 23188 26593 8770 -1089 END
START -13508 148 22428 27120 8894 -441 END
START -14000 -180 21732 27564 8968 218 END
START -14452 -400 20736 27983 9036 935 END
START -14804 -760 20212 28252 8974 1614 END
START -15256 -892 19372 28526 8965 2399 END
START -15624 -1144 18708 28772 8867 3252 END
START -15656 -1416 17652 28974 8874 4136 END
START -15716 -1788 16892 29111 8943 5055 END
START -15700 -2260 15772 29227 9052 5988 END
START -15788 -2552 14836 29215 9310 6932 END
START -15648 -2700 13736 29155 9546 7905 END
START -15676 -2796 12748 29009 9900 8859 END
START -15572 -2800 11752 28765 10333 9882 END
START -15400 -2912 10888 28442 10817 10843 END
START -15212 -3012 9992 28083 11332 11904 END
START -15024 -2996 8908 27627 11859 12880 END
START -14924 -3028 8068 27140 12344 13817 END
START -14716 -3132 7184 26642 12870 14770 END
START -14540 -3260 6412 26082 13066 15670 END
START -14316 -3292 5584 25476 13325 16522 END
START -14008 -3472 4600 24806 13398 17415 END
START -13868 -3676 3856 24096 13814 18330 END
START -13784 -3864 3140 23406 14081 19264 END
START -13900 -4020 2496 22720 14144 20207 END
START -14004 -4120 1792 22134 14113 21253 END
START -13796 -4172 776 21456 13975 22311 END
START -13688 -4112 -236 20786 13976 23335 END
START -13372 -4016 -1460 20025 13900 24336 END
START -13076 -3864 -2616 19155 13688 25267 END
START -13080 -3756 -3544 18205 13386 26274 END
START -13092 -3800 -4440 17237 12965 27346 END
START -13116 -3892 -5248 16295 12330 28407 END
START -12876 -3724 -6300 15261 11436 29511 END
START -12280 -3544 -7468 14087 10560 30540 END
START -11712 -3300 -8372 12772 9777 31530 END
START -11104 -3088 -9324 11379 9126 32383 END
START -10440 -3072 -10196 9939 8549 32767 END
START -9592 -3084 -10704 8534 8085 32767 END
START -8696 -3140 -11600 7117 7836 32767 END
START -7956 -3204 -12048 5606 7718 32767 END
START -7068 -3084 -12456 4142 7849 32767 END
START -5808 -3216 -13200 2555 8283 32767 END
START -4876 -3196 -13588 933 8972 32767 END
START -3760 -3232 -13952 -730 9941 32767 END
START -2840 -3232 -14280 -2441 11017 32767 END
START -1528 -3372 -14304 -4140 12315 32767 END
START 8 -3600 -14208 -5948 13807 32767 END
START 768 -3564 -14064 -7593 14916 32767 END
START 2000 -3676 -13876 -9283 16318 32767 END
START 3388 -3576 -12948 -10946 17621 32767 END
START 4440 -3492 -12132 -12441 18696 32767 END
START 5312 -3412 -10872 -13776 19573 32767 END
START 6148 -3560 -9888 -15047 20186 32767 END
START 6680 -3512 -8852 -15767 20539 32767 END
START 7132 -3632 -7944 -16539 20554 32767 END
START 7572 -3564 -7272 -16987 20358 32767 END
START 8372 -3572 -6496 -17241 19895 32767 END
START 9444 -3412 -6032 -17433 19203 32767 END
START 10656 -3244 -6016 -17570 18427 32767 END
START 11700 -2932 -5552 -17750 17514 32136 END
START 12604 -2760 -5540 -17964 16583 31027 END
START 13892 -2332 -5480 -18143 15562 29782 END
START 14480 -1960 -5352 -18485 14533 28411 END
START 14568 -1576 -5368 -18833 13338 27002 END
START 14864 -1348 -5244 -19167 12637 25599 END
START 14740 -1284 -5352 -19544 11592 24308 END
START 14532 -1236 -5636 -20030 10754 23061 END
START 14148 -1280 -5496 -20471 9927 21980 END
START 13516 -1128 -5468 -20964 9178 21125 END
START 12864 -1020 -5468 -21491 8531 20396 END
START 12180 -748 -5660 -22119 8062 19885 END
START 11420 -624 -5620 -22826 7748 19667 END
START 10800 -732 -5396 -23619 7571 19599 END
START 10284 -736 -5288 -24532 7568 19802 END
START 9692 -840 -4856 -25459 7646 20125 END
START 9292 -972 -4472 -26428 7851 20596 END
START 9000 -992 -4144 -27350 8142 21128 END
START 8792 -1088 -3436 -28306 8509 21724 END
START 8632 -1316 -2676 -29279 8951 22364 END
START 8468 -1624 -1688 -30210 9380 23064 END
START 8920 -1872 -780 -31091 9926 23800 END
START 9588 -2504 204 -31948 10612 24573 END
START 10884 -3100 1164 -32768 11531 25302 END
START 12776 -3648 2568 -32768 12770 25910 END
START 15604 -4112 4752 -32768 14034 26385 END
START 17784 -4468 6852 -32768 15732 26558 END
START 20432 -4848 9188 -32768 17170 26375 END
START 23536 -5316 11724 -32768 18633 25779 END
START 26892 -5076 14172 -32768 19919 24740 END
START 30452 -4888 16596 -32768 21057 23161 END
START 32767 -4876 18956 -32768 22212 21033 END
START 32767 -4652 21132 -32558 22753 18243 END
START 32767 -4480 23092 -31399 23009 15014 END
START 32767 -4352 24652 -30158 22581 11622 END
START 32767 -3284 26244 -28851 21673 7988 END
START 32767 -3164 27580 -27489 20076 4499 END
START 32767 -3060 28276 -26183 18015 977 END
START 32767 -2812 27812 -24977 15752 -2227 END
START 32767 -2648 27564 -23804 13504 -5217 END
START 32767 -2512 27224 -22903 10960 -7869 END
START 31212 -2156 26752 -22270 8643 -10078 END
START 29204 -1908 26312 -21956 6525 -11842 END
START 27648 -1604 26316 -21795 4723 -13324 END
START 26252 -1628 26516 -21770 3297 -14514 END
START 24980 -1604 26696 -21821 2241 -15433 END
START 23668 -1796 27444 -21785 1568 -16241 END
START 23068 -1632 27988 -21699 1318 -16886 END
START 22520 -1800 28576 -21477 1545 -17397 END
START 21920 -2132 29320 -21095 2167 -17806 END
START 21292 -2344 29980 -20487 3071 -18141 END
START 20864 -2384 30196 -19867 4217 -18394 END
START 20256 -2508 30596 -19007 5436 -18616 END
START 20404 -2340 30136 -18255 7032 -18867 END
START 20216 -2336 29820 -17536 8628 -19157 END
START 19884 -2040 29688 -16961 10173 -19357 END
START 19748 -2496 29256 -16556 11856 -19628 END
START 19944 -3196 29488 -15826 13340 -20156 END
START 20160 -3336 29824 -15065 14191 -20811 END
START 20096 -2544 30160 -14254 14751 -21545 END
START 20716 -2148 29464 -13511 14945 -22532 END
START 21400 -2284 28884 -13035 14979 -23804 END
START 21912 -3040 28288 -12585 14843 -25369 END
START 21972 -3668 27940 -12147 14510 -27085 END
START 21612 -3908 27444 -11665 13906 -28949 END
START 20832 -4204 27216 -11227 12896 -30750 END
START 20040 -4448 26956 -10723 12144 -32515 END
START 19172 -4784 26336 -10264 10962 -32768 END
START 18236 -5012 25980 -9843 9798 -32768 END
START 17280 -5452 25688 -9530 8641 -32768 END
START 16152 -5824 25672 -9294 7467 -32768 END
START 14920 -6176 25544 -9062 6196 -32768 END
START 13524 -6652 25528 -8783 4916 -32768 END
START 12128 -6932 25624 -8558 3553 -32768 END
START 10208 -7192 26064 -8214 2202 -32768 END
START 8804 -7284 26552 -7886 868 -32768 END
START 7336 -7368 26536 -7485 -283 -32768 END
START 5944 -7260 26584 -7005 -1366 -32768 END
START 4460 -7452 26528 -6526 -2257 -32768 END
START 2976 -7508 26560 -6031 -2945 -32768 END
START 1512 -7784 26528 -5641 -3480 -32768 END
START 80 -7976 26108 -5185 -3843 -32768 END
START -1528 -8056 25904 -4890 -4084 -32768 END
START -3196 -7864 25692 -4524 -4160 -32768 END
START -4912 -7660 25508 -4107 -4145 -32768 END
START -6592 -7608 25088 -3727 -4049 -32768 END
START -8244 -7488 24732 -3281 -3950 -32768 END
START -9604 -7488 24080 -2892 -3815 -32768 END
START -10724 -7288 23524 -2610 -3625 -32768 END
START -11924 -6968 22968 -2392 -3307 -32768 END
START -13016 -6780 22300 -2268 -2961 -32768 END
START -14016 -6464 21968 -2278 -2627 -32768 END
START -15016 -6340 21512 -2381 -2331 -32768 END
START -16092 -6356 21436 -2517 -2164 -32768 END
START -16808 -6372 21212 -2731 -2108 -32768 END
START -17856 -6368 21312 -2924 -2032 -32768 END
START -18404 -6512 21248 -3099 -1961 -32768 END
START -19048 -6728 21612 -3259 -1891 -32768 END
START -19844 -6936 21812 -3289 -1885 -32768 END
START -20568 -7080 22564 -3287 -2127 -32741 END
START -21324 -7316 23100 -3180 -2470 -31775 END
START -22136 -7576 23716 -3031 -2943 -30794 END
START -22880 -7676 24172 -2805 -3437 -29780 END
START -23572 -7784 24516 -2449 -3906 -28731 END
START -24420 -7732 24804 -2102 -4214 -27741 END
START -25008 -7652 25388 -1627 -4436 -26663 END
START -25700 -7584 25548 -1158 -4508 -25565 END
START -26724 -7552 25772 -609 -4462 -24262 END
START -27360 -7532 25956 -76 -4469 -23044 END
START -28120 -7500 26272 422 -4516 -21703 END
START -28768 -7372 26380 973 -4624 -20341 END
START -29328 -7320 26320 1545 -4808 -18810 END
START -29680 -7100 26200 2079 -5072 -17343 END
START -29944 -7136 26276 2616 -5341 -15775 END
START -29984 -6944 26212 3156 -5609 -14266 END
START -29900 -6880 26172 3721 -5825 -12689 END
START -29816 -6848 26068 4256 -6014 -11148 END
START -29520 -6692 25892 4842 -6168 -9677 END
START -29296 -6476 25644 5404 -6271 -8218 END
START -28876 -6348 25276 6013 -6334 -6733 END
START -28240 -6088 24896 6546 -6250 -5379 END
START -27760 -5896 24280 7083 -6204 -3998 END
START -27292 -5484 23952 7484 -6157 -2651 END
START -26832 -5440 23284 7946 -6108 -1276 END
START -26236 -5132 22768 8313 -6305 -10 END
START -25264 -5012 22196 8694 -6479 1122 END
START -24092 -4744 21748 8993 -6702 2299 END
START -22452 -4408 20656 9195 -6821 3277 END
START -20740 -4124 20020 9271 -6866 4139 END
START -18896 -3824 19328 9247 -6766 4828 END
START -17016 -3548 18684 9066 -6562 5330 END
START -15184 -3328 18284 8819 -6358 5675 END
START -13320 -3144 17928 8505 -6068 5816 END
START -11420 -2884 17380 8237 -5766 5768 END
START -10068 -2684 16948 7988 -5450 5636 END
START -8532 -2352 16804 7730 -5112 5351 END
START -7852 -2176 16652 7547 -4840 5127 END
START -6968 -1844 16416 7326 -4604 4762 END