START 19440 4684 3096 -1447 4682 13149 END
START 22576 -1568 -11968 -88 5319 11936 END
START 18664 6760 2728 -2966 5595 10472 END
START 18684 5244 3112 -2486 4790 9225 END
START 14924 4416 4400 -3210 4449 8169 END
START 15920 5360 2504 -3730 3268 7296 END
START 13928 5024 3432 -4366 2846 6609 END
START 13696 4864 2800 -4947 2293 6104 END
START 13648 4560 2468 -5545 2032 5748 END
START 12592 4176 3176 -6152 1731 5520 END
START 12192 4216 3412 -6800 1367 5395 END
START 12124 4220 3780 -7421 1202 5313 END
START 11824 4376 4772 -7945 1101 5332 END
START 12464 4348 5304 -8428 1236 5311 END
START 13428 4204 5884 -8820 1564 5325 END
START 14196 4044 6952 -9050 1975 5251 END
START 15516 3892 7972 -9299 2455 5061 END
START 16828 3652 8524 -9369 3059 4743 END
START 17792 3708 9612 -9355 3570 4225 END
START 18600 3680 10012 -9198 4051 3637 END
START 19464 3684 11260 -8973 4453 2836 END
START 20460 3652 11612 -8635 4714 1902 END
START 21116 3556 12540 -8170 4932 902 END
START 21764 3508 12996 -7683 4982 -168 END
START 22248 3448 13376 -7135 4929 -1259 END
START 22768 3336 13496 -6621 4739 -2428 END
START 23120 3336 13772 -6180 4480 -3637 END
START 23440 3244 13620 -5759 4102 -4840 END
START 23548 3212 13440 -5435 3616 -6113 END
START 23676 3184 13224 -5163 3062 -7369 END
START 23824 3416 12736 -4955 2463 -8624 END
START 23872 3340 12400 -4936 1916 -9963 END
START 23896 3000 11748 -4957 1283 -11260 END
START 23516 2924 10980 -5081 718 -12593 END
START 23384 2892 10812 -5331 258 -13830 END
START 23092 2844 10380 -5660 -95 -15002 END
START 22792 2836 10184 -6084 -369 -16174 END
START 22148 2652 10220 -6546 -584 -17248 END
START 21464 2448 10444 -6983 -798 -18236 END
START 20804 2452 10732 -7406 -1039 -19180 END
START 20376 2148 11096 -7775 -1187 -19943 END
START 19832 2052 11256 -8076 -1391 -20696 END
START 19248 2136 11400 -8352 -1492 -21417 END
START 19112 2128 11452 -8630 -1522 -22141 END
START 19084 2164 11560 -8897 -1454 -22884 END
START 18956 2000 11636 -9267 -1249 -23664 END
START 18940 1920 11888 -9577 -920 -24476 END
START 18932 1792 12100 -9908 -475 -25292 END
START 18808 1644 12448 -10174 26 -26237 END
START 18584 1536 13036 -10410 550 -27083 END
START 18004 1252 13444 -10513 1046 -28018 END
START 17360 1132 13968 -10554 1496 -28944 END
START 16640 956 14112 -10523 1833 -29795 END
START 15748 1000 14232 -10484 2041 -30663 END
START 15036 816 14256 -10453 2129 -31430 END
START 14340 672 13712 -10376 2091 -32146 END
START 13440 408 13332 -10470 1963 -32768 END
START 12864 152 12796 -10639 1757 -32768 END
START 12580 -60 12068 -10887 1548 -32768 END
START 12504 -140 11676 -11276 1398 -32768 END
START 12204 -336 11676 -11786 1236 -32768 END
START 11616 -472 11660 -12373 1129 -32768 END
START 11104 -720 11904 -12958 990 -32768 END
START 10108 -1148 12332 -13426 874 -32768 END
START 8924 -1488 12712 -13906 744 -32768 END
START 7400 -2144 13500 -14255 579 -32768 END
START 5868 -2832 14036 -14622 231 -32768 END
START 4072 -3260 14748 -14712 -181 -32768 END
START 2428 -3428 15464 -14676 -706 -32768 END
START 708 -3584 15988 -14715 -1337 -32768 END
START -872 -3576 16848 -14805 -1787 -32768 END
START -2396 -3420 17588 -14892 -2220 -32768 END
START -3880 -3808 18276 -14552 -2533 -32768 END
START -5424 -4088 19136 -14507 -2807 -32768 END
START -7012 -4432 19748 -13984 -3021 -32768 END
START -8604 -4616 20596 -13545 -3216 -32768 END
START -10284 -4700 21176 -12955 -3291 -32768 END
START -12340 -4568 21692 -12207 -3334 -32768 END
START -13856 -4364 21828 -11454 -3280 -32768 END
START -14952 -4408 21892 -10761 -3147 -32768 END
START -15996 -4416 21684 -10073 -2991 -32768 END
START -17040 -4580 21880 -9507 -2778 -32644 END
START -18244 -4588 21672 -8967 -2738 -31208 END
START -19212 -4552 21612 -8601 -2693 -29786 END
START -20064 -4432 21672 -8207 -2676 -28218 END
START -20736 -4360 21368 -7934 -2695 -26652 END
START -21232 -4180 21448 -7671 -2712 -25001 END
START -21340 -4080 21456 -7438 -2634 -23382 END
START -21260 -3984 21512 -7196 -2467 -21766 END
START -21236 -3884 21756 -6981 -2354 -20266 END
START -21160 -3712 22280 -6729 -2150 -18749 END
START -20848 -3668 22480 -6385 -1975 -17283 END
START -20372 -3712 22932 -5999 -1883 -15948 END
START -19888 -3708 23356 -5540 -1864 -14770 END
START -19388 -3796 23664 -5036 -2032 -13685 END
START -18736 -3916 23608 -4435 -2296 -12726 END
START -18348 -3856 23976 -3946 -2734 -11878 END
START -17540 -3716 24012 -3389 -3329 -11047 END
START -16788 -3592 24016 -2846 -3886 -10298 END
START -16052 -3332 23736 -2378 -4357 -9613 END
START -15232 -3252 23748 -1948 -4722 -9054 END
START -14524 -3000 23748 -1568 -5060 -8549 END
START -13824 -2840 23668 -1238 -5242 -8124 END
START -13284 -2620 23596 -926 -5359 -7729 END
START -12852 -2356 23836 -631 -5485 -7355 END
START -12468 -2208 23788 -371 -5493 -6971 END
START -12100 -1976 24244 -42 -5394 -6516 END
START -11808 -1796 24484 267 -5175 -6068 END
START -11292 -1552 24728 633 -4877 -5555 END
START -11188 -1236 25096 1036 -4577 -5092 END
START -10936 -916 25648 1551 -4296 -4603 END
START -10680 -676 25804 2121 -4022 -4066 END
START -10768 -432 26072 2720 -3846 -3562 END
START -10644 -96 26264 3350 -3762 -2956 END
START -10412 200 26592 3945 -3741 -2424 END
START -9952 540 26548 4532 -3717 -1858 END
START -9248 808 26680 5130 -3644 -1343 END
START -8580 1056 26564 5626 -3538 -911 END
START -7544 1388 26444 6116 -3339 -525 END
START -6484 1384 26564 6536 -3104 -278 END
START -5164 1576 26564 6963 -2678 -132 END
START -3856 1736 26444 7310 -2171 -179 END
START -2920 1916 26496 7619 -1635 -332 END
START -1660 1972 26624 7935 -928 -623 END
START -280 2072 26596 8206 -132 -1022 END
START 764 2000 26640 8450 728 -1606 END
START 1552 1992 26844 8699 1491 -2222 END
START 2212 1720 27400 8953 2076 -2889 END
START 2540 1424 27880 9197 2555 -3655 END
START 2488 1132 28644 9550 2785 -4425 END
START 2440 800 29384 9989 2887 -5180 END
START 2228 512 30188 10486 2796 -5911 END
START 1648 284 30772 11187 2619 -6629 END
START 1000 -40 31508 11950 2309 -7233 END
START 64 -180 32212 12888 1824 -7798 END
START -712 -560 32504 13888 1264 -8226 END
START -1504 -520 32688 14927 644 -8546 END
START -2712 -640 32767 16014 -31 -8756 END
START -3544 -744 32767 17131 -663 -8790 END
START -4300 -860 32767 18316 -1136 -8736 END
START -4844 -992 32767 19574 -1377 -8524 END
START -5532 -772 32767 20842 -1359 -8210 END
START -6124 -668 32688 22181 -1216 -7820 END
START -6844 -588 32648 23497 -1044 -7395 END
START -7500 -516 32356 24829 -976 -6855 END
START -8284 -788 31956 26149 -974 -6266 END
START -8952 -780 31304 27447 -1059 -5541 END
START -9520 -852 30764 28708 -1258 -4730 END
START -9944 -796 30204 29986 -1392 -3859 END
START -10028 -708 29464 31253 -1569 -2947 END
START -9764 -920 28840 32475 -1607 -2032 END
START -9724 -1272 27864 32767 -1514 -1124 END
START -9560 -1360 26920 32767 -1354 -230 END
START -9504 -1504 26040 32767 -1240 683 END
START -9228 -1696 25096 32767 -1221 1618 END
START -8944 -1988 23788 32767 -1137 2515 END
START -8584 -2304 22260 32767 -1067 3444 END
START -8356 -2336 20884 32767 -1125 4244 END
START -8092 -2504 19212 32767 -1248 4988 END
START -7684 -2616 17820 32767 -1494 5674 END
START -7288 -2688 16024 32767 -1699 6322 END
START -7076 -2756 14372 32767 -1948 6945 END
START -6804 -2764 12888 32767 -2117 7514 END
START -6632 -2616 11184 32767 -2312 8045 END
START -6452 -2700 9636 32767 -2381 8576 END
START -6068 -2564 7776 32767 -2297 9070 END
START -5832 -2292 5796 32767 -1870 9534 END
START -5488 -1960 3764 32767 -1185 9980 END
START -5308 -1644 1424 32767 -198 10423 END
START -4996 -1144 -696 32767 1059 10871 END
START -5000 -772 -2840 32767 2479 11348 END
START -4940 -228 -4796 32767 4054 11957 END
START -5020 220 -6516 32767 5640 12583 END
START -5152 608 -8056 32767 7140 12974 END
START -5412 1108 -9128 31925 8701 13778 END
START -5620 1572 -10360 29529 10270 14464 END
START -5808 1796 -11132 26971 11888 15255 END
START -6188 2124 -11904 24480 13403 16044 END
START -6448 2216 -12008 21859 14675 16926 END
START -6912 2412 -12040 19430 15853 17831 END
START -7684 2592 -12016 16973 16927 18873 END
START -8276 2608 -11752 14612 17799 19900 END
START -8776 2592 -11012 12405 18429 21034 END
START -9256 2556 -10356 10485 18820 22119 END
START -9724 2536 -9716 8637 18938 23324 END
START -10004 2352 -9072 7004 18894 24490 END
START -10108 2172 -8424 5504 18787 25711 END
START -10068 2036 -7896 4131 18599 26954 END
START -10044 1648 -7444 2921 18383 28180 END
START -10036 1144 -6644 1750 18084 29514 END
START -9684 816 -6336 684 17712 30788 END
START -9396 456 -5676 -268 17218 31966 END
START -8956 104 -5116 -1195 16647 32767 END
START -8420 -216 -4596 -2051 16028 32767 END
START -7776 -636 -4128 -2816 15306 32767 END
START -7256 -940 -3920 -3596 14561 32767 END
START -6800 -1212 -3484 -4339 13739 32767 END
START -6180 -1516 -3228 -5036 12855 32767 END
START -5192 -1848 -3092 -5744 12435 32767 END
START -4020 -2252 -2896 -6387 11860 32767 END
START -2548 -2956 -2772 -6953 11354 32767 END
START -1600 -3812 -3028 -7350 10804 32767 END
START -188 -4072 -3240 -7746 10187 32767 END
START 1596 -4032 -3560 -8305 9462 32767 END
START 3580 -3912 -4236 -9027 8931 32767 END
START 5680 -3784 -4616 -9924 8543 32767 END
START 7572 -3588 -5216 -10953 8482 32767 END
START 9272 -3484 -5352 -12129 8515 32767 END
START 10616 -3404 -5128 -13310 8617 32767 END
START 11744 -3560 -5164 -14574 8789 32767 END
START 12464 -3628 -5020 -15660 9017 32767 END
START 12748 -3588 -4568 -16830 9342 32767 END
START 13416 -3312 -4516 -17921 9774 32767 END
START 13820 -3024 -4384 -19013 10313 32767 END
START 14480 -2764 -4168 -20033 11030 32767 END
START 14628 -2716 -3664 -21101 11882 32767 END
START 14676 -2960 -3356 -22154 12701 32767 END
START 14188 -2888 -2760 -23137 13353 32767 END
START 13592 -2940 -2320 -24049 13832 32767 END
START 13252 -3096 -1932 -24831 14310 32767 END
START 12820 -3148 -1932 -25532 14751 32767 END
START 12888 -3288 -2116 -26341 15297 32767 END
START 12916 -3264 -2160 -27205 15706 32767 END
START 13440 -3352 -2268 -28260 16314 32767 END
START 14128 -3556 -1744 -29354 16789 32694 END
START 16396 -3696 -1120 -30555 17193 32202 END
START 18272 -3688 616 -31763 17688 31545 END
START 20216 -3484 1960 -32768 18108 30640 END
START 22028 -3628 3952 -32768 18385 29306 END
START 23408 -3772 5880 -32768 18472 27659 END
START 24440 -3816 7508 -32768 18523 25943 END
START 24752 -3476 9548 -32768 18372 24047 END
START 25244 -3208 10776 -32768 18186 22117 END
START 25392 -2948 11660 -32768 17904 20210 END
START 25556 -2552 12952 -32768 17558 18355 END
START 25496 -2264 13800 -32322 17114 16596 END
START 25704 -2228 14200 -31771 16757 14942 END
START 25572 -2364 14588 -31145 16417 13359 END
START 25420 -2636 14608 -30551 16134 11878 END
START 25148 -2488 14460 -30086 15836 10375 END
START 25004 -2292 14304 -29738 15600 8941 END
START 24860 -2236 14096 -29567 15502 7630 END
START 24768 -2336 14068 -29537 15481 6280 END
START 24832 -2508 14124 -29647 15574 4938 END
START 24868 -2736 14512 -29774 15672 3722 END
START 25076 -2888 15660 -29895 15914 2429 END
START 25240 -2940 16612 -30036 16133 1116 END
START 25236 -3108 18136 -29997 16287 -157 END
START 25184 -3312 19416 -29749 16354 -1498 END
START 25004 -3624 20340 -29259 16198 -2888 END
START 24600 -3908 21188 -28563 15967 -4190 END
START 24420 -3988 21848 -27836 15588 -5414 END
START 24304 -3776 22180 -27115 15202 -6647 END
START 24368 -3644 22492 -26510 14804 -7897 END
START 24728 -3368 22736 -26107 14448 -9209 END
START 25448 -3272 22824 -25800 14247 -10561 END
START 26000 -3480 24060 -25465 14139 -12152 END
START 26168 -3696 24876 -25095 14005 -13802 END
START 25964 -3936 25944 -24557 13955 -15464 END
START 25540 -4048 27056 -23894 13716 -17122 END
START 25056 -4280 27408 -22984 13640 -18705 END
START 24332 -4544 27548 -21917 13121 -20272 END
START 23828 -4640 27396 -20894 13148 -21749 END
START 23372 -4708 26348 -20012 13167 -23118 END
START 23196 -4596 25260 -19437 13252 -24599 END
START 22748 -4440 24584 -19261 13275 -26065 END
START 22672 -4496 24168 -19261 13351 -27531 END
START 22536 -4420 24000 -19404 13847 -29036 END
START 22456 -4716 23868 -19475 14193 -30660 END
START 21884 -5272 24240 -19199 14394 -32281 END
START 21024 -4552 26088 -19174 14250 -32768 END
START 20488 -5288 26212 -18906 14235 -32768 END
START 20156 -5624 27072 -18359 14106 -32768 END
START 19760 -5852 27312 -17790 13942 -32768 END
START 19120 -6000 27768 -17135 13779 -32768 END
START 18188 -6208 27872 -16481 13606 -32768 END
START 17184 -6664 27920 -15811 13179 -32768 END
START 15840 -7032 28096 -15070 13051 -32768 END
START 13796 -7460 28268 -14400 12293 -32768 END
START 12252 -7888 28604 -14250 11407 -32768 END
START 11160 -8296 28548 -13584 10248 -32768 END
START 10368 -8732 28996 -13024 9098 -32768 END
START 9916 -9424 29252 -12453 7979 -32768 END
START 9924 -10128 29484 -11856 7097 -32768 END
START 9880 -10764 29844 -11251 6350 -32768 END
START 9404 -11792 30344 -10578 5788 -32768 END
START 7524 -13328 30924 -9883 5143 -32768 END
START 5848 -14624 31384 -9138 4510 -32768 END
START 3248 -15428 31732 -8357 3720 -32768 END
START 780 -15676 31540 -7573 3043 -32768 END
START -1800 -15652 31120 -6835 2517 -32768 END
START -4112 -16160 30468 -6251 2098 -32768 END
START -6256 -16812 30080 -5642 1973 -32768 END
START -8700 -17012 29448 -5128 1937 -32768 END
START -10912 -17400 29188 -4761 2143 -32768 END
START -13252 -17384 28892 -4284 2408 -32768 END
START -15360 -17304 28696 -3955 2893 -32768 END
START -17832 -17016 28728 -3396 3127 -32768 END
START -20324 -16644 28816 -2790 3339 -32768 END
START -23928 -16512 29104 -1950 2896 -32768 END
START -26464 -16204 29540 -1006 1677 -32768 END
START -28400 -15764 29236 58 74 -32768 END
START -29532 -14924 29108 1011 -1700 -32768 END
START -30140 -13952 28676 1954 -3432 -32768 END
START -30296 -13256 28228 2744 -4879 -32768 END
START -30500 -12732 27740 3401 -5992 -32768 END
START -30776 -12508 27396 3954 -6710 -31766 END
START -30560 -12028 26964 4640 -7101 -29197 END
START -30316 -11684 26272 5320 -7001 -26589 END
START -29904 -11536 25604 6003 -6631 -23893 END
START -29420 -11432 24648 6670 -6014 -21177 END
START -28820 -11180 23712 7260 -5358 -18440 END
START -28104 -11008 22848 7723 -4782 -15789 END
START -27144 -10672 22068 8036 -4371 -13240 END
START -26032 -10212 20948 8162 -4019 -10986 END
START -24832 -9932 20236 8223 -3851 -8839 END
START -23356 -9560 19540 8150 -3793 -6913 END
START -21692 -9280 18724 8015 -3779 -5286 END
START -20228 -8928 18084 7824 -3782 -3924 END
START -18744 -8568 17524 7592 -3713 -2681 END
START -17348 -8292 17232 7302 -3761 -1616 END
START -16028 -7972 16996 7056 -3793 -652 END
START -14868 -7824 16364 6864 -3755 171 END
START -13844 -7572 16360 6736 -3773 929 END
START -12636 -7304 16396 6629 -3779 1608 END