START 12032 2016 8836 2525 2469 15494 END
START 16636 -4596 -7068 4374 3397 15208 END
START 12064 2972 8800 2231 3471 14664 END
START 13712 2208 8920 3415 3012 14237 END
START 11284 1560 10532 3196 2768 13793 END
START 14396 2436 7864 3201 1828 13217 END
START 13396 2028 9240 3046 1754 12882 END
START 15096 2004 7768 2891 1230 12128 END
START 15744 1944 7900 2642 1128 11341 END
START 15744 1768 8284 2333 711 10505 END
START 16760 1756 7992 2009 241 9682 END
START 17344 1768 8172 1624 -14 8827 END
START 17604 1800 8464 1240 -275 7875 END
START 18428 1700 8088 807 -454 6953 END
START 18808 1688 8308 388 -509 6023 END
START 19120 1736 8612 -86 -506 5090 END
START 18980 1552 9016 -529 -388 4203 END
START 19044 1412 9004 -881 -293 3356 END
START 19008 1364 9264 -1270 -176 2535 END
START 18832 1184 9520 -1579 -13 1800 END
START 18792 1220 9616 -1895 35 1081 END
START 18724 1276 9928 -2231 105 379 END
START 18500 1228 10192 -2624 151 -293 END
START 18384 1276 10440 -3018 184 -930 END
START 18372 1256 10716 -3438 198 -1532 END
START 18552 1100 11192 -3824 302 -2132 END
START 18924 900 11764 -4097 549 -2722 END
START 19176 840 12464 -4280 794 -3341 END
START 19284 776 13040 -4301 1040 -3960 END
START 19584 676 13628 -4232 1218 -4682 END
START 19912 456 13988 -4043 1511 -5380 END
START 20184 268 13760 -3805 1825 -6072 END
START 20368 268 13460 -3608 2189 -6823 END
START 20336 296 13052 -3490 2469 -7600 END
START 20580 180 12692 -3437 2685 -8402 END
START 20760 288 12196 -3508 2802 -9146 END
START 21028 300 11444 -3666 2886 -9975 END
START 21488 280 11052 -3915 2878 -10917 END
START 21768 188 10464 -4280 2858 -11893 END
START 22188 124 10224 -4706 2769 -12942 END
START 22260 44 10000 -5191 2673 -14096 END
START 22084 -132 9780 -5665 2459 -15216 END
START 21940 -284 9876 -6152 2256 -16356 END
START 22016 -440 10200 -6568 2038 -17407 END
START 21976 -504 10452 -6969 1786 -18503 END
START 21680 -712 10768 -7284 1482 -19587 END
START 21448 -904 11136 -7514 1128 -20673 END
START 21388 -1020 11284 -7653 791 -21715 END
START 21260 -1068 11412 -7787 446 -22757 END
START 21084 -1092 11560 -7936 110 -23835 END
START 21048 -1000 11468 -8075 -142 -24908 END
START 20824 -1132 11304 -8245 -321 -26013 END
START 20620 -1364 11208 -8431 -402 -27036 END
START 20592 -1780 10992 -8675 -448 -28044 END
START 20388 -2108 10944 -8968 -401 -28986 END
START 20116 -2208 10484 -9303 -264 -29954 END
START 19780 -2012 10588 -9686 -43 -30848 END
START 19516 -1892 10488 -10025 266 -31778 END
START 19164 -1928 10436 -10345 639 -32688 END
START 18800 -1992 10564 -10683 1057 -32768 END
START 18488 -2100 10356 -10939 1549 -32768 END
START 18244 -2392 10360 -11269 2064 -32768 END
START 17936 -2432 10504 -11571 2517 -32768 END
START 17516 -2480 10596 -11872 2911 -32768 END
START 16676 -2532 10696 -12148 3123 -32768 END
START 15788 -2756 10972 -12354 3087 -32768 END
START 14460 -3076 11280 -12527 2878 -32768 END
START 13184 -3320 11616 -12684 2362 -32768 END
START 11564 -3712 11980 -12839 1623 -32768 END
START 9816 -3888 12372 -13012 636 -32768 END
START 8120 -3840 13116 -13130 -459 -32768 END
START 6960 -3756 13616 -13205 -1472 -32768 END
START 5924 -3536 14412 -13173 -2358 -32768 END
START 5276 -3380 15308 -13095 -2985 -32768 END
START 4712 -3372 15720 -12909 -3359 -32768 END
START 3836 -3632 16172 -12687 -3499 -32768 END
START 2896 -4000 16460 -12442 -3423 -32768 END
START 1528 -4360 16536 -12265 -3143 -32768 END
START -260 -4676 16616 -12116 -2710 -32768 END
START -2144 -4932 16564 -12001 -2298 -32768 END
START -4336 -5336 16672 -12007 -1954 -32768 END
START -6652 -5440 16824 -12006 -1829 -32768 END
START -8928 -5440 17212 -12072 -1859 -32768 END
START -10856 -5360 17244 -12165 -2103 -32768 END
START -12340 -5364 17536 -12280 -2244 -32768 END
START -13920 -5452 17960 -12414 -2332 -32768 END
START -14968 -5648 18404 -12604 -2325 -32768 END
START -15896 -5860 19268 -12768 -2213 -32768 END
START -16788 -6292 19988 -12894 -2003 -32768 END
START -17904 -6476 21152 -12964 -1833 -32768 END
START -19164 -6680 22480 -12798 -1783 -32768 END
START -20372 -6904 23524 -12441 -1761 -32283 END
START -21780 -7092 24704 -11957 -1949 -30771 END
START -23344 -7076 26012 -11268 -2286 -29071 END
START -24232 -6812 26788 -10529 -2668 -27300 END
START -24580 -6624 27500 -9797 -2940 -25493 END
START -24544 -6160 27956 -9014 -3064 -23657 END
START -24344 -6100 28596 -8231 -3031 -21969 END
START -24096 -6032 29064 -7293 -2890 -20275 END
START -23648 -6060 29596 -6353 -2808 -18639 END
START -23452 -6056 29996 -5294 -2752 -17110 END
START -22988 -6044 30180 -4235 -2816 -15700 END
START -22060 -5948 30432 -3114 -3017 -14318 END
START -20848 -5688 30108 -2015 -3310 -13009 END
START -19584 -5580 29816 -1037 -3601 -11943 END
START -18564 -5428 29212 -48 -3900 -11036 END
START -17212 -5212 28552 710 -4067 -10328 END
START -16152 -5080 27808 1331 -4131 -9786 END
START -15292 -5056 27276 1868 -4102 -9305 END
START -14684 -4896 26308 2246 -4003 -8842 END
START -14368 -4800 25984 2539 -3866 -8469 END
START -14212 -4768 25608 2772 -3767 -8079 END
START -14440 -4632 25384 3003 -3739 -7598 END
START -14820 -4488 25284 3248 -3868 -7066 END
START -15212 -4356 25020 3534 -4117 -6447 END
START -15084 -4092 24796 3816 -4242 -5664 END
START -14456 -3756 24276 3974 -4132 -4954 END
START -13648 -3344 23816 4076 -3825 -4319 END
START -12960 -2996 23708 4056 -3355 -3704 END
START -12220 -2716 23560 4037 -2761 -3209 END
START -11744 -2532 23616 4025 -2129 -2759 END
START -11260 -2440 23672 4024 -1583 -2375 END
START -11056 -2264 23980 4085 -1034 -1968 END
START -10868 -2320 24120 4167 -551 -1521 END
START -10800 -1948 24340 4251 -75 -1104 END
START -10292 -1772 24236 4344 317 -679 END
START -9876 -1568 24520 4392 779 -266 END
START -9208 -1348 24548 4451 1233 73 END
START -8724 -1076 24852 4533 1583 361 END
START -8184 -856 25220 4634 1932 568 END
START -7616 -704 25812 4828 2187 765 END
START -6828 -544 26308 5038 2397 865 END
START -6096 -476 26940 5386 2603 971 END
START -5528 -464 27544 5720 2760 973 END
START -5216 -416 28060 6190 2778 870 END
START -4864 -200 28632 6689 2707 760 END
START -4524 -32 29416 7274 2643 600 END
START -4500 184 29632 7915 2554 455 END
START -4228 432 30100 8582 2532 275 END
START -3952 604 30212 9223 2655 120 END
START -3832 788 30552 9926 2851 -25 END
START -3636 808 30676 10562 3141 -139 END
START -3488 880 30920 11249 3523 -288 END
START -3476 924 30984 11934 3970 -427 END
START -3520 908 31104 12653 4406 -510 END
START -3780 728 30948 13418 4860 -585 END
START -4152 748 31076 14197 5278 -551 END
START -4504 512 30836 14932 5639 -531 END
START -4752 448 30508 15708 5977 -366 END
START -5136 376 30372 16375 6266 -203 END
START -5612 280 29924 17055 6478 86 END
START -6092 256 29404 17637 6646 410 END
START -6456 164 29088 18167 6791 879 END
START -6772 56 28772 18699 6880 1344 END
START -6836 -36 28416 19253 6873 1856 END
START -6808 -280 28184 19795 6899 2399 END
START -6924 -256 27604 20332 6860 2962 END
START -6792 -356 27076 20813 6896 3463 END
START -6756 -404 26736 21325 6880 4046 END
START -6720 -392 26096 21773 6881 4592 END
START -6656 -236 25988 22152 6798 5116 END
START -6480 -308 25520 22507 6742 5623 END
START -6304 -296 25288 22890 6653 6115 END
START -6064 -300 24744 23300 6637 6575 END
START -5976 -436 24348 23674 6611 6979 END
START -5884 -504 24220 24082 6515 7381 END
START -5692 -612 23444 24511 6510 7764 END
START -5540 -696 22960 24925 6498 8127 END
START -5432 -804 22292 25337 6475 8475 END
START -5268 -896 21560 25713 6488 8859 END
START -5312 -1092 21004 26062 6418 9149 END
START -5344 -1224 20464 26373 6283 9491 END
START -5536 -1160 19628 26617 6157 9802 END
START -5384 -1156 18724 26864 6069 10158 END
START -5488 -1172 17680 27096 6023 10448 END
START -5688 -1308 16988 27328 6076 10819 END
START -5636 -1320 15920 27489 6177 11174 END
START -5740 -1180 14924 27629 6323 11533 END
START -5668 -1240 13720 27739 6569 11864 END
START -5708 -1244 12540 27770 6852 12187 END
START -5576 -1312 11208 27685 7183 12786 END
START -5616 -1316 9856 27467 7612 12857 END
START -5832 -1432 8324 27205 8128 13250 END
START -6012 -1268 7280 26798 8545 13583 END
START -6456 -1216 6260 26236 8850 14039 END
START -6996 -1184 5088 25634 8946 14533 END
START -7536 -1328 4272 25006 9032 15123 END
START -7928 -1380 3292 24337 8984 15770 END
START -8160 -1464 2412 23661 8846 16514 END
START -8692 -1552 1788 23058 8609 17307 END
START -8860 -1836 1096 22422 8169 18134 END
START -9120 -2108 408 21824 7552 19020 END
START -9108 -2128 -512 21301 6874 19800 END
START -9088 -2056 -1404 20707 6149 20572 END
START -8924 -2044 -2276 20041 5427 21310 END
START -8792 -2092 -3496 19319 4780 22035 END
START -8536 -2036 -4608 18540 4247 22746 END
START -8452 -2024 -5688 17598 3762 23447 END
START -8264 -2224 -6664 16594 3424 24107 END
START -8060 -2256 -7604 15484 3239 24798 END
START -8020 -2392 -8708 14294 3118 25540 END
START -8084 -2356 -9212 13035 3084 26260 END
START -7996 -2368 -9856 11726 3117 26984 END
START -7868 -2364 -10560 10385 3197 27724 END
START -7648 -2168 -11152 8940 3335 28523 END
START -7588 -2236 -11348 7521 3570 29278 END
START -7300 -2288 -11464 6140 3847 30085 END
START -7156 -2400 -11672 4653 4216 30903 END
START -7056 -2564 -11424 3155 4618 31766 END
START -6472 -2740 -11328 1778 5104 32652 END
START -6324 -3020 -10916 427 5651 32767 END
START -5820 -3192 -10556 -846 6199 32767 END
START -5528 -3616 -10020 -2075 6716 32767 END
START -5148 -4028 -9680 -3187 7158 32767 END
START -4648 -4268 -9272 -4235 7490 32767 END
START -4088 -4800 -8572 -5207 7797 32767 END
START -3640 -5100 -8148 -6135 8074 32767 END
START -2836 -5420 -7848 -6978 8334 32767 END
START -2440 -5828 -7472 -7824 8503 32767 END
START -1844 -6424 -7336 -8652 8619 32767 END
START -1236 -6796 -6912 -9450 8718 32767 END
START -188 -7088 -6696 -10209 8768 32767 END
START 952 -7600 -6608 -11014 9039 32767 END
START 2128 -7820 -6072 -11745 9266 32767 END
START 3296 -8080 -5468 -12483 9437 32767 END
START 4524 -8200 -5020 -13190 9587 32767 END
START 6036 -8288 -4120 -13945 9676 32767 END
START 8072 -8376 -3528 -14555 9789 32767 END
START 10260 -8244 -2956 -14846 9938 32767 END
START 12776 -7880 -2316 -15484 10144 32767 END
START 15096 -7656 -1356 -15835 10339 32767 END
START 17228 -7376 -884 -16202 10587 32767 END
START 18888 -7004 -40 -16479 10649 32767 END
START 20012 -6652 556 -16711 10610 32767 END
START 20884 -6296 1060 -16795 10380 32767 END
START 21512 -6052 1012 -16844 10057 32767 END
START 21652 -5616 1304 -16869 9540 31341 END
START 21492 -5164 1280 -17032 8757 29606 END
START 21040 -4760 984 -17179 7879 28031 END
START 20616 -4392 932 -17459 6922 26607 END
START 20460 -3992 348 -17804 6105 25323 END
START 20396 -3936 152 -18196 5444 24122 END
START 20248 -3924 -252 -18689 4922 23047 END
START 20160 -3920 -356 -19283 4375 22007 END
START 19784 -3772 -716 -20049 3871 21086 END
START 19464 -3580 -660 -20940 3407 20228 END
START 19220 -3388 -328 -21969 3022 19497 END
START 19124 -3376 152 -23078 2940 18880 END
START 19364 -3592 776 -24211 3062 18357 END
START 19740 -3676 1632 -25362 3533 17860 END
START 19956 -3604 2772 -26395 4333 17449 END
START 20384 -3968 3928 -27302 5349 17088 END
START 20596 -4108 5744 -28020 6445 16718 END
START 20944 -4288 7124 -28580 7582 16321 END
START 21452 -4552 8580 -28894 8857 15863 END
START 22496 -4692 9916 -29062 10162 15418 END
START 23332 -4796 11728 -29080 11438 14826 END
START 24756 -4696 12568 -29008 12856 14115 END
START 25688 -4464 14136 -28820 13944 13145 END
START 26492 -4380 15096 -28559 15293 12235 END
START 27100 -4376 16604 -28152 16195 10885 END
START 27396 -4408 17488 -27589 16816 9563 END
START 27656 -4264 17784 -26976 17118 8220 END
START 27940 -3980 17896 -26395 17319 6859 END
START 28128 -3692 18064 -25864 17387 5402 END
START 28320 -3556 18008 -25508 17390 3885 END
START 28524 -3464 17968 -25279 17431 2333 END
START 28372 -3308 17976 -25182 17376 843 END
START 28244 -3288 18396 -25088 17299 -670 END
START 27852 -3152 18948 -25037 17142 -2069 END
START 27472 -3356 19012 -24965 17038 -3526 END
START 26720 -3332 19912 -24809 16714 -4867 END
START 26240 -3540 20188 -24639 16520 -6236 END
START 25740 -3596 20880 -24351 16262 -7475 END
START 25032 -3692 21248 -24060 16001 -8652 END
START 24356 -3696 21460 -23746 15717 -9883 END
START 23608 -3648 21944 -23443 15473 -10969 END
START 22860 -3620 22104 -23147 15220 -11967 END
START 22260 -3900 22232 -22828 15080 -12886 END
START 21556 -4200 22348 -22516 15021 -13703 END
START 20424 -4372 22644 -22210 15028 -14429 END
START 19792 -4476 22744 -21885 15065 -15174 END
START 19060 -4696 22844 -21655 15102 -15824 END
START 18028 -4848 23168 -21540 15102 -16477 END
START 17332 -5044 23452 -21459 15100 -17119 END
START 16912 -5100 24000 -21392 15170 -17766 END
START 16500 -5252 24324 -21354 15330 -18434 END
START 16100 -5516 25192 -21267 15537 -19111 END
START 15816 -5664 25784 -21054 15796 -19799 END
START 15652 -5844 26480 -20773 16089 -20627 END
START 15476 -6088 27192 -20426 16324 -21493 END
START 15652 -6296 27712 -20040 16574 -22509 END
START 15372 -6408 28324 -19632 16748 -23609 END
START 15192 -6476 28940 -19252 16840 -24906 END
START 14492 -6712 29908 -18816 16798 -26179 END
START 13684 -7356 30416 -18392 16478 -27554 END
START 12820 -7692 31076 -17949 15982 -28907 END
START 11788 -8128 31716 -17405 15294 -30258 END
START 10664 -8228 32548 -16864 14321 -31517 END
START 9748 -8564 32767 -16266 13368 -32768 END
START 8348 -8748 32767 -15592 12130 -32768 END
START 7336 -9148 32767 -14930 10891 -32768 END
START 5768 -9392 32767 -14093 9686 -32768 END
START 4076 -9716 32767 -12979 8474 -32768 END
START 2556 -9856 32767 -11845 7332 -32768 END
START 1440 -9800 32767 -10714 6396 -32768 END
START 120 -9948 32767 -9482 5638 -32768 END
START -1132 -10228 32767 -8323 5156 -32768 END
START -2432 -10268 32767 -7071 4779 -32768 END
START -3476 -10064 32767 -5831 4550 -32768 END
START -4560 -9976 32767 -4745 4512 -32768 END
START -5176 -10064 32767 -3671 4749 -32768 END
START -6096 -9808 32767 -2579 5121 -32768 END
START -6652 -9716 32767 -1720 5501 -32768 END
START -7296 -9776 32696 -840 6053 -32768 END
START -7448 -9740 31532 -131 6584 -32768 END
START -8220 -9556 30832 565 7079 -32768 END
START -8384 -9608 29580 1070 7526 -32768 END
START -8956 -9308 28816 1646 7844 -32768 END
START -9260 -9252 27760 2081 8121 -32768 END
START -9596 -9420 26772 2499 8281 -32768 END
START -9904 -9404 25796 2865 8275 -32768 END
START -10316 -9480 24880 3129 8127 -32768 END
START -11028 -9680 24228 3426 7673 -32768 END
START -11560 -9816 23636 3606 6883 -32768 END
START -12632 -10048 23168 3893 5751 -32768 END
START -13372 -10016 22416 4131 4283 -32768 END
START -14384 -9976 21636 4434 2502 -32768 END
START -14816 -9784 20964 4607 765 -32768 END
START -15024 -9712 20232 4716 -745 -32768 END
START -15296 -9372 19480 4650 -2068 -32768 END
START -15960 -9348 19196 4505 -3115 -32768 END
START -16436 -9292 18980 4273 -3896 -32768 END
START -17204 -9488 18848 4100 -4475 -32768 END
START -18196 -9388 18932 3969 -4782 -32211 END
START -19392 -9108 19376 3898 -4967 -31399 END
START -20548 -9032 19448 3942 -4963 -30413 END
START -21980 -8796 19680 4112 -4911 -29247 END
START -23336 -8704 19832 4343 -4989 -27831 END
START -24776 -8652 19912 4620 -4968 -26264 END
START -26056 -8308 20052 4948 -5152 -24461 END
START -27100 -8100 19688 5242 -5048 -22524 END
START -27680 -7564 19384 5512 -5227 -20482 END
START -27436 -7236 18472 5726 -5254 -18412 END