START 25008 10904 -2748 3260 3582 8660 END
START 17580 3672 3780 2301 1531 5334 END
START 16100 3784 4516 -1982 -1911 2995 END
START 18944 3600 9868 -5112 -2104 -1456 END
START 22552 2936 12344 -5162 -1242 -7338 END
START 23828 2148 11528 -4842 -1498 -12204 END
START 24040 1020 11048 -6438 -2372 -16882 END
START 24148 600 11616 -6822 -2767 -20250 END
START 23904 300 13248 -7616 -3306 -22625 END
START 25292 960 13252 -8720 -1655 -25602 END
START 22024 268 14276 -9997 2295 -29265 END
START 16340 -1056 15056 -10075 3484 -31934 END
START 9772 -1968 16120 -9467 1100 -32768 END
START 2476 -2744 18060 -7907 -3863 -32768 END
START -7268 -3804 18820 -5816 -11023 -32768 END
START -14896 -4044 17444 -5921 -12742 -32373 END
START -20472 -4440 18244 -8837 -6453 -26706 END
START -26096 -5080 22176 -9361 -2415 -20808 END
START -28980 -4260 24556 -7055 -3299 -15637 END
START -27980 -2988 24448 -4593 -5955 -9458 END
START -23520 -360 25508 -4036 -5341 -3755 END
START -16440 2280 28252 -3539 -1438 213 END
START -10656 5188 29620 -1500 1798 1941 END
START -4028 8456 30604 1202 2037 769 END
START -1740 8980 31576 4809 1672 -1979 END
START -2168 8476 31392 9433 1771 -3438 END
START -2292 7328 29056 12475 3445 -4285 END
START -4720 5244 27092 15175 4988 -4391 END
START -6584 3740 24520 17504 4926 -4015 END
START -9168 1364 22904 20120 5358 -2833 END
START -10540 -172 20024 22482 5420 -47 END
START -10488 -1084 16452 23199 6054 2700 END
START -11088 -1904 13276 23335 6235 6824 END
START -10520 -2188 9992 22237 6778 11354 END
START -10080 -2452 6768 20700 6469 15853 END
START -9292 -2308 4584 18663 4998 20207 END
START -7216 -2700 3336 16838 4065 23619 END
START -5248 -3432 1832 15287 3846 26741 END
START -3844 -3740 -288 13021 3377 29601 END
START -2564 -4936 -2208 10518 2758 32433 END
START -3072 -5652 -556 9694 1240 32767 END
START -1580 -5368 -4976 7497 -2744 32767 END
START 2136 -6752 -3904 2918 -8866 32767 END
START 9008 -8196 -8344 -103 -9080 32767 END
START 16320 -8232 -6732 -7594 -3512 32767 END
START 16704 -6460 -4776 -13742 6341 32767 END
START 17592 -7892 -5036 -19260 11619 32767 END
START 18192 -8512 -3344 -24406 13729 32767 END
START 22676 -8228 -500 -27730 11635 29905 END
START 27132 -7708 1564 -31315 9778 24178 END
START 32767 -6408 5884 -32768 11804 15726 END
START 32767 -6036 8608 -32768 13395 4111 END
START 32767 -5652 12944 -32768 14303 -5992 END
START 32767 -6620 21948 -32768 13657 -15146 END
START 32767 -6000 26900 -30560 14889 -25288 END
START 32767 -6676 27324 -27004 18334 -32768 END
START 30780 -6940 27572 -25492 22716 -32768 END
START 22628 -8528 29444 -23253 26769 -32768 END
START 6800 -12536 32767 -17586 21818 -32768 END
START -12700 -16692 32767 -5598 10362 -32768 END