START 24916 15876 7248 -3881 2139 3841 END
START 24892 5536 5204 -5118 1587 1266 END
START 22880 5964 11036 -6905 838 -1650 END
START 17716 5348 18980 -7519 2322 -6342 END
START 19664 4180 20300 -6231 -324 -11782 END
START 22420 3220 18528 -4934 -2388 -16718 END
START 24276 2628 18224 -4864 -3514 -20878 END
START 26052 1492 17160 -5454 -709 -24887 END
START 26344 -236 16808 -6443 4506 -29246 END
START 23104 -3088 15280 -7729 8692 -32768 END
START 16500 -7640 17872 -6830 6186 -32768 END
START 7384 -10188 20344 -2567 -1605 -32768 END
START -1480 -11952 20244 1042 -7925 -32768 END
START -7920 -12824 17476 2103 -10350 -32768 END
START -17472 -13344 14076 -325 -6581 -32768 END
START -25352 -13528 14256 -4243 -1487 -30809 END
START -28008 -12864 16724 -6434 -1841 -21450 END
START -25652 -12608 21940 -4878 -3433 -14696 END
START -23984 -11024 23440 -537 -7190 -10227 END
START -20056 -7660 22080 2228 -7897 -7104 END
START -18444 -3904 19768 1740 -6019 -3633 END
START -13868 -584 21216 -44 -2919 -598 END
START -10872 1740 24548 -1170 1585 954 END
START -7380 3080 30252 -679 4166 1448 END
START -4444 3104 32767 2192 4816 -475 END
START -5240 1672 32767 7404 3513 -3145 END
START -7924 -476 32767 14496 1817 -4460 END
START -9656 -2304 32767 21325 -760 -4191 END
START -9688 -3632 32767 25935 663 -3178 END
START -10784 -4160 29008 28072 3747 -1250 END
START -11372 -5088 25416 28987 6414 1051 END
START -12420 -6404 23376 29889 7242 3245 END
START -12700 -7380 21064 31720 7109 5633 END
START -13004 -8332 17724 32767 7052 8394 END
START -12068 -8572 12616 32767 7129 11646 END
START -10684 -8304 7824 32669 7557 14713 END
START -9892 -7568 3856 30053 8891 17774 END
START -8732 -6804 640 26704 10466 20611 END
START -8176 -6408 -2284 22745 11425 23251 END
START -7820 -6380 -3884 18649 10273 25704 END
START -6696 -6052 -5168 14454 9155 28579 END
START -5384 -6152 -5892 10107 10075 31263 END
START -3992 -6468 -6460 5430 11647 32767 END
START -2016 -6892 -6360 1120 13320 32767 END
START 1656 -6716 -7024 -3236 14670 32767 END
START 6164 -6064 -8668 -8980 16233 32767 END
START 9964 -5824 -9020 -15383 15784 32767 END
START 14868 -5444 -4380 -20510 14250 32697 END
START 15748 -5436 -1508 -21634 11400 27203 END
START 16648 -5504 -744 -23004 5822 24684 END
START 19744 -5248 -144 -24751 2341 23167 END
START 25584 -4676 1584 -27652 1083 21393 END
START 32767 -3076 5104 -29677 3133 16011 END
START 32767 -808 6792 -31889 10070 4958 END
START 32767 -540 8576 -32768 14996 -7635 END
START 32767 -2668 11224 -32768 17919 -18459 END
START 32767 -5104 17604 -32768 18077 -27372 END
START 32676 -5528 25028 -32768 17541 -32768 END
START 26144 -8864 29512 -32603 12798 -32768 END
START 15976 -13660 32767 -28757 5168 -32768 END
START 2004 -17676 32767 -18503 -3174 -32768 END
START -7004 -18680 32767 -7347 -6717 -32768 END
START -13020 -17220 32767 -2141 -4950 -32768 END
START -13244 -14792 32767 -1179 912 -29485 END