START 2084 5736 1640 3635 9198 24508 END
START 6480 1512 1140 2273 4860 26723 END
START 564 -832 10128 1165 2173 29273 END
START 13140 576 9684 855 3701 28112 END
START 22588 1900 8292 156 6029 22332 END
START 22724 4204 9544 -834 6988 13934 END
START 18172 3500 8456 -2554 5674 6532 END
START 16936 2056 8624 -3358 -357 3406 END
START 19496 2232 11104 -3568 -4691 2063 END
START 27060 3108 12332 -3542 -3936 -1512 END
START 29548 3520 12160 -4224 1566 -7855 END
START 28372 2992 10816 -5468 4582 -14351 END
START 26384 1668 10772 -7320 5722 -20259 END
START 22916 140 12924 -7510 4101 -25021 END
START 21008 -996 14084 -7197 698 -29342 END
START 19084 -2476 16312 -6470 -4198 -32768 END
START 19260 -3220 17204 -5555 -7889 -32768 END
START 19556 -4516 18184 -5620 -9098 -32768 END
START 19324 -6304 18324 -6740 -7115 -32768 END
START 17760 -8036 19272 -8136 -3712 -32768 END
START 13620 -11104 19788 -8525 324 -32768 END
START 5856 -13992 22648 -7272 -2869 -32768 END
START -236 -16356 27176 -4120 -7487 -32768 END
START -10136 -17904 29676 348 -12281 -32768 END
START -21228 -18012 27572 3850 -11455 -32768 END
START -32768 -17100 23116 4335 -6899 -32768 END
START -32768 -15020 18688 2811 -4772 -29664 END
START -32768 -12544 16920 -58 -5211 -16989 END
START -32036 -9752 20348 -604 -3941 -8450 END
START -27100 -7096 21048 679 -1033 -4901 END
START -23744 -4928 20340 3135 -2167 -2439 END
START -20728 -2068 18360 4745 -3430 -726 END
START -17544 1376 16400 4271 -2532 1505 END
START -14920 3416 16304 2993 594 3276 END
START -12836 4576 17272 1826 3640 4264 END
START -10900 5068 19568 1836 5058 4461 END
START -9080 5160 22380 3023 5556 2948 END
START -9544 4532 24768 5122 4773 1551 END
START -11400 4192 25944 7615 4576 1258 END
START -11844 3632 25660 9648 6553 2056 END
START -12500 3276 25728 11257 9171 3483 END
START -11056 2564 25340 13007 11768 4722 END
START -11588 1640 23964 15268 12623 5151 END
START -12792 44 22524 18085 10102 5584 END
START -13716 -1152 20056 20953 6968 6642 END
START -14136 -2336 16732 23032 5408 8494 END
START -16472 -4040 13472 24552 4347 12044 END
START -16596 -5488 9820 25371 3614 17000 END
START -15920 -6300 5548 24210 4492 22044 END
START -14684 -7360 2720 22176 6144 27694 END
START -12976 -7648 -56 18990 8697 32767 END
START -11260 -8464 -2508 14951 11096 32767 END
START -9772 -9324 -5132 9993 12408 32767 END
START -7928 -11028 -6660 5439 11975 32767 END
START -5200 -11912 -9408 461 11822 32767 END
START -1880 -13000 -11776 -6926 8727 32767 END
START 2660 -14036 -9928 -13737 7650 32767 END
START 8292 -13440 -5240 -18565 9203 32767 END
START 14820 -11376 -3292 -20297 12409 32767 END
START 16168 -11132 -4140 -23413 14387 32767 END
START 16392 -12112 -3388 -26950 12595 32767 END
START 19220 -13260 -780 -30110 7813 32767 END
START 29164 -13324 4068 -32397 4725 29389 END
START 32767 -11664 9200 -32569 6572 21112 END
START 32767 -10744 10540 -32768 14523 9880 END
START 32767 -10912 12868 -32768 24028 -2119 END
START 32767 -12704 15860 -32768 32541 -14626 END
START 32767 -15700 18988 -32768 32767 -29768 END
START 31696 -20580 21824 -32319 32767 -32768 END
START 23176 -23616 25036 -30658 29428 -32768 END
START 20508 -26924 31160 -26779 16574 -32768 END
START 19888 -29272 32620 -22236 14510 -32768 END
START 15104 -32768 28728 -20884 22322 -32768 END
START 3772 -32768 28788 -19798 28748 -32768 END
START -14176 -32768 32767 -11007 19558 -32768 END
START -21080 -32768 32767 -1644 9856 -32768 END
START -26892 -29644 32767 4793 8474 -32768 END