START 11220 3044 6900 -2335 5969 11804 END
START 16348 -3228 -11332 -595 5920 11671 END
START 8392 3644 6920 -3023 4789 11250 END
START 12060 3096 4620 -2395 3282 11061 END
START 8764 1840 7824 -2917 1890 10868 END
START 11748 2300 5136 -3301 603 10644 END
START 11744 1776 6024 -3649 118 10435 END
START 12940 1836 6304 -3960 -402 10179 END
START 14768 1972 6160 -4217 -512 9900 END
START 15472 1936 7616 -4469 -752 9532 END
START 17160 2024 8012 -4670 -900 8946 END
START 18576 1796 7712 -4773 -727 8194 END
START 19408 1728 8292 -4790 -610 7241 END
START 20184 1728 9064 -4837 -464 6097 END
START 21052 1752 9532 -4803 -381 4944 END
START 21664 1684 9672 -4742 -232 3669 END
START 21688 1584 9772 -4676 -8 2501 END
START 21580 1396 9856 -4586 166 1424 END
START 21228 1436 10084 -4498 232 444 END
START 20780 1432 10076 -4444 319 -412 END
START 20444 1508 9808 -4449 358 -1177 END
START 20108 1636 9724 -4512 278 -1842 END
START 19856 1744 9816 -4632 244 -2493 END
START 19748 1676 10056 -4842 125 -3081 END
START 19944 1632 9992 -5050 60 -3633 END
START 20224 1628 10032 -5311 136 -4200 END
START 20648 1504 10256 -5505 329 -4812 END
START 21256 1364 10480 -5667 631 -5485 END
START 21808 1388 10872 -5764 948 -6164 END
START 22232 1436 11204 -5847 1312 -6963 END
START 22556 1080 11060 -5864 1593 -7836 END
START 23240 852 10864 -5966 1958 -8758 END
START 23620 808 10648 -6099 2266 -9752 END
START 24140 1048 10688 -6366 2627 -10752 END
START 24516 1072 10836 -6723 2854 -11894 END
START 24884 1080 11192 -7051 3102 -13040 END
START 25088 908 11400 -7386 3334 -14325 END
START 25088 612 11888 -7620 3494 -15601 END
START 24872 352 12596 -7797 3577 -16833 END
START 24436 124 13048 -7793 3475 -18020 END
START 23792 28 13436 -7757 3303 -19130 END
START 23052 -204 13772 -7561 3064 -20121 END
START 22360 -204 13716 -7442 2683 -21153 END
START 21604 -312 13632 -7331 2319 -22088 END
START 20820 -292 13856 -7240 1836 -22962 END
START 20128 -292 14024 -7216 1349 -23816 END
START 19480 -380 13920 -7155 889 -24609 END
START 19336 -360 13800 -7097 507 -25381 END
START 19388 -324 13720 -7077 248 -26230 END
START 19888 -236 13476 -7064 152 -27144 END
START 20332 -248 13216 -7024 221 -28218 END
START 20744 -296 12660 -7044 335 -29409 END
START 20800 -284 12224 -7142 520 -30623 END
START 20732 -344 11812 -7272 807 -31928 END
START 20092 -364 11496 -7468 986 -32768 END
START 19340 -568 11236 -7697 1154 -32768 END
START 18228 -736 11000 -7929 1186 -32768 END
START 17004 -1092 10920 -8145 1034 -32768 END
START 15112 -1472 10444 -8361 744 -32768 END
START 13600 -1484 10340 -8561 405 -32768 END
START 11788 -1560 10152 -8837 105 -32768 END
START 10296 -1532 9860 -9188 -142 -32768 END
START 8696 -1680 9796 -9543 -406 -32768 END
START 7300 -1672 10044 -9935 -619 -32768 END
START 6296 -1552 10432 -10328 -749 -32768 END
START 5328 -1524 10536 -10730 -722 -32768 END
START 4320 -1480 11116 -11004 -622 -32768 END
START 3464 -1724 11488 -11255 -540 -32768 END
START 2492 -2184 12204 -11422 -442 -32768 END
START 1304 -2376 12748 -11561 -429 -32768 END
START -44 -2468 12980 -11674 -443 -32768 END
START -1340 -2160 13392 -11788 -437 -32768 END
START -2448 -1976 13708 -11845 -464 -32768 END
START -3424 -1840 13980 -11994 -431 -32768 END
START -4436 -2068 14348 -12167 -424 -32768 END
START -5480 -2288 14904 -12320 -466 -32768 END
START -6616 -2452 15732 -12507 -675 -32768 END
START -7616 -2660 16152 -12599 -911 -32768 END
START -8656 -2784 16892 -12638 -1185 -32768 END
START -9644 -2848 17864 -12652 -1430 -32768 END
START -10448 -2980 18496 -12552 -1588 -32768 END
START -11040 -3256 19152 -12375 -1592 -32768 END
START -11816 -3316 20060 -12124 -1577 -32592 END
START -12888 -3500 21016 -11858 -1524 -31677 END
START -13584 -3476 21488 -11539 -1497 -30777 END
START -14184 -3388 22068 -11122 -1384 -29825 END
START -14780 -3536 22776 -10809 -1263 -28829 END
START -15332 -3596 23280 -10390 -1096 -27804 END
START -15724 -3636 23868 -9926 -952 -26709 END
START -16188 -3688 24348 -9408 -947 -25683 END
START -16572 -3748 25040 -8838 -973 -24696 END
START -16820 -3712 25272 -8248 -965 -23617 END
START -17156 -3632 25260 -7682 -938 -22645 END
START -17224 -3712 25288 -7124 -886 -21672 END
START -17644 -3680 25640 -6599 -881 -20647 END
START -17804 -3648 25748 -6150 -823 -19593 END
START -17812 -3616 25860 -5722 -793 -18582 END
START -18104 -3524 26256 -5315 -756 -17556 END
START -18264 -3516 26488 -4823 -760 -16532 END
START -18316 -3508 27024 -4340 -823 -15546 END
START -18572 -3516 27136 -3722 -922 -14540 END
START -18804 -3560 27696 -3093 -1131 -13551 END
START -19364 -3400 27780 -2328 -1537 -12472 END
START -19836 -3040 27844 -1566 -1984 -11360 END
START -20164 -2640 27640 -903 -2431 -10215 END
START -20340 -2272 27312 -271 -2819 -8979 END
START -19960 -1840 26800 232 -3041 -7752 END
START -19176 -1556 26520 591 -2953 -6528 END
START -18272 -1496 26340 940 -2666 -5367 END
START -17060 -1284 26524 1246 -2266 -4329 END
START -16072 -1276 26660 1554 -1807 -3459 END
START -14912 -1172 26768 1896 -1372 -2657 END
START -13792 -924 26852 2278 -933 -2077 END
START -12548 -736 27056 2709 -566 -1592 END
START -11288 -680 26932 3101 -244 -1263 END
START -9864 -508 26940 3498 99 -1076 END
START -8372 -400 26632 3821 498 -1059 END
START -7004 -68 26672 4061 894 -1159 END
START -5940 68 26648 4332 1203 -1390 END
START -5192 168 26956 4487 1384 -1730 END
START -4768 292 26860 4747 1488 -2121 END
START -4700 604 27432 4972 1407 -2543 END
START -4788 540 27768 5325 1270 -2964 END
START -5008 604 28020 5701 1084 -3345 END
START -5272 840 28236 6158 884 -3657 END
START -5732 960 28412 6562 770 -3859 END
START -6120 1200 28872 7014 824 -3988 END
START -6696 1264 29104 7453 1008 -3960 END
START -7308 1344 29248 8007 1320 -3847 END
START -7904 1500 29492 8519 1782 -3573 END
START -8220 1504 29888 9099 2271 -3235 END
START -8640 1484 29936 9745 2831 -2830 END
START -9052 1488 30176 10346 3426 -2306 END
START -9504 1532 30372 11093 4002 -1732 END
START -9752 1592 30512 11840 4576 -1053 END
START -9796 1620 30344 12533 5110 -299 END
START -9800 1632 30328 13333 5662 512 END
START -9468 1576 30436 14122 6143 1296 END
START -8984 1492 30524 14919 6586 2113 END
START -8716 1360 30388 15783 7009 2897 END
START -8260 1204 30212 16614 7278 3648 END
START -7616 1160 29988 17501 7528 4345 END
START -7020 1004 29468 18374 7665 4948 END
START -6240 956 29400 19294 7828 5529 END
START -5464 716 29276 20168 7910 5960 END
START -4712 508 28912 21069 7916 6342 END
START -4032 516 28388 21954 7789 6620 END
START -3620 408 27844 22775 7619 6812 END
START -3384 276 27408 23669 7414 6922 END
START -3024 324 26908 24494 7042 7014 END
START -3056 296 26444 25298 6467 7074 END
START -2920 212 26156 26050 5837 7098 END
START -2628 172 25584 26788 5126 7136 END
START -1916 -164 24772 27522 4535 7131 END
START -1372 -324 24320 28273 4121 7108 END
START -736 -620 23416 29009 3852 7051 END
START -460 -772 22796 29773 3593 6891 END
START -596 -944 22224 30507 3289 6743 END
START -576 -1112 21544 31257 2883 6590 END
START -516 -1352 21004 31875 2459 6489 END
START -428 -1648 20252 32594 1961 6378 END
START -372 -2008 19596 32767 1501 6324 END
START -96 -2328 19048 32767 1044 6222 END
START -252 -2588 18224 32767 583 6131 END
START -348 -2960 17472 32767 83 6029 END
START -672 -3048 16884 32767 -523 6005 END
START -1112 -3292 16420 32767 -1229 5969 END
START -1560 -3208 15508 32767 -2046 5984 END
START -1984 -3344 14876 32767 -3047 5980 END
START -2672 -3408 14116 32767 -4169 6058 END
START -3256 -3648 13360 32767 -5520 6125 END
START -3948 -3940 12724 32767 -7020 6278 END
START -4412 -4104 11996 32767 -8628 6413 END
START -5008 -4132 11376 32767 -10251 6683 END
START -5508 -4276 10320 32767 -11887 6948 END
START -5824 -4568 9204 32767 -13275 7329 END
START -6116 -4788 7688 32767 -14599 7759 END
START -6240 -4856 5824 32767 -15523 8166 END
START -6332 -4856 3916 32767 -16125 8559 END
START -6324 -4848 1940 32767 -16502 9022 END
START -6532 -4820 -224 32767 -16469 9517 END
START -6660 -4772 -2432 32767 -16191 10034 END
START -6992 -4772 -4436 32767 -15552 10716 END
START -7336 -4512 -6368 32767 -14614 11431 END
START -7836 -4200 -8268 32767 -13467 12287 END
START -8172 -3492 -10040 32767 -11966 13150 END
START -8388 -2856 -11988 32767 -10145 14197 END
START -8512 -2028 -14192 32767 -7832 15331 END
START -8404 -1560 -15980 32767 -5405 16413 END
START -8460 -1164 -17668 32767 -2616 17605 END
START -8384 -624 -18872 32767 220 18740 END
START -8508 -88 -20232 30833 3063 20015 END
START -8580 336 -21228 28212 5949 21267 END
START -8800 704 -21876 25455 8654 22629 END
START -9036 804 -21956 22623 11207 23997 END
START -9484 1124 -22136 19583 13758 25495 END
START -9840 1428 -21976 16729 15474 26992 END
START -10188 1688 -21608 13784 17221 28560 END
START -10336 1716 -21100 10984 18495 30144 END
START -10288 1600 -20348 8283 19475 31718 END
START -10084 1216 -19656 5697 20110 32767 END
START -9448 692 -18836 3329 20454 32767 END
START -8784 200 -17616 1029 20542 32767 END
START -8296 -120 -16360 -1097 20532 32767 END
START -7460 -452 -14856 -3050 20225 32767 END
START -6348 -996 -13328 -4907 19829 32767 END
START -5268 -1404 -11804 -6483 19280 32767 END
START -4072 -1976 -10616 -7973 18722 32767 END
START -2488 -2416 -9280 -9298 18028 32767 END
START -984 -2732 -7892 -10556 17317 32767 END
START 860 -2976 -6400 -11736 16556 32767 END
START 2592 -3208 -4436 -12693 15749 32767 END
START 4404 -3344 -2556 -13522 14785 32767 END
START 6524 -3284 -512 -14221 13735 32767 END
START 8848 -3020 772 -14474 12840 32767 END
START 11604 -2980 1900 -14634 12036 32767 END
START 14100 -3264 2512 -14430 11514 32767 END
START 15860 -3024 2820 -13971 11183 32767 END
START 17108 -2124 2620 -13710 10636 32767 END
START 18028 -1272 2332 -13611 10112 32767 END
START 19252 -640 1072 -13712 9892 32767 END
START 19988 -252 -140 -14133 9944 32767 END
START 20760 12 -1664 -14799 10327 32767 END
START 21468 128 -3100 -15562 11004 32767 END
START 22396 532 -4376 -16900 11931 31643 END
START 23560 804 -5332 -18534 13159 30277 END
START 24700 1240 -5608 -20442 13939 28767 END
START 25572 1632 -5784 -22531 15234 27037 END
START 25820 1464 -5500 -24690 16302 25103 END
START 25484 1160 -4332 -26530 17230 23140 END
START 25216 924 -4068 -28101 18022 21315 END
START 24100 688 -3188 -29459 18723 19527 END
START 23052 384 -2844 -30637 19376 17973 END
START 21828 208 -2396 -31750 19792 16610 END
START 20464 168 -2280 -32768 20252 15534 END
START 19108 -96 -1936 -32768 20507 14661 END
START 17924 -716 -1452 -32768 20692 13968 END
START 16808 -1228 -1188 -32768 20808 13351 END
START 15576 -1800 -244 -32768 20784 13056 END
START 14624 -2492 472 -32768 20802 13109 END
START 14312 -2852 1296 -32768 20843 13267 END
START 14440 -2616 2708 -32768 20907 13352 END
START 15336 -2796 3868 -32768 21023 13359 END
START 16176 -3292 5512 -32768 21206 13350 END
START 17232 -3912 7036 -32768 21501 12986 END
START 18296 -4712 8188 -32768 21895 12651 END
START 18912 -4972 10004 -32768 22253 11989 END
START 19460 -5056 11876 -32768 22524 11199 END
START 20284 -5184 13556 -32768 22642 10413 END
START 21128 -5196 15572 -32768 22758 9590 END
START 22416 -5028 16972 -32768 22811 8650 END
START 23580 -4508 18564 -32768 22883 7483 END
START 24604 -4128 20368 -32768 22875 6081 END
START 25320 -3632 21244 -32768 22725 4384 END
START 25644 -3400 21936 -32768 22498 2646 END
START 25868 -3172 22464 -32768 22138 726 END
START 25840 -3052 22568 -32768 21659 -1188 END
START 25584 -2988 22568 -32419 21095 -2972 END
START 25232 -2968 22396 -31313 20401 -4724 END
START 24844 -3016 22052 -30388 19651 -6341 END
START 24536 -3128 21368 -29536 18878 -7854 END
START 24332 -3244 20936 -28882 18118 -9260 END
START 24516 -3380 20516 -28438 17476 -10513 END
START 24720 -3596 19740 -28150 16909 -11989 END
START 25008 -3624 19552 -28076 16531 -13436 END
START 25240 -3784 19464 -28140 16301 -14989 END
START 25040 -3880 19808 -28260 16184 -16574 END
START 24448 -3984 20260 -28390 16065 -18162 END
START 23512 -4056 21000 -28485 15894 -19600 END
START 22680 -4524 21624 -28443 15687 -20967 END
START 21276 -5112 22628 -28308 15488 -22215 END
START 20228 -5232 23108 -28059 15321 -23363 END
START 19528 -5000 23800 -27745 15255 -24375 END
START 19100 -4752 24364 -27472 15392 -25294 END
START 18884 -4512 24972 -27281 15778 -26271 END
START 18752 -4252 25744 -27032 16325 -27311 END
START 18724 -4440 26652 -26736 16967 -28481 END
START 18612 -4452 28180 -26301 17658 -29695 END
START 18264 -4680 29304 -25741 18273 -30989 END
START 17880 -4868 30524 -24991 18711 -32358 END
START 17480 -5204 31452 -23991 18905 -32768 END
START 17036 -5528 32168 -22949 18826 -32768 END
START 16704 -5632 32656 -21789 18466 -32768 END
START 16624 -5916 32767 -20764 17926 -32768 END
START 16436 -6508 32767 -19725 17289 -32768 END
START 15792 -6992 32767 -18817 16425 -32768 END
START 14932 -7404 32767 -17931 15327 -32768 END
START 13708 -7792 32767 -17127 14008 -32768 END
START 12268 -8160 32767 -16295 12595 -32768 END
START 10768 -8644 32767 -15451 10966 -32768 END
START 9300 -9056 32767 -14710 9449 -32768 END
START 7776 -9616 32767 -13702 8125 -32768 END
START 6340 -9792 32767 -12878 7153 -32768 END
START 4616 -10384 32767 -11998 6446 -32768 END
START 2052 -10944 32767 -11077 5940 -32768 END
START -40 -11128 32767 -10258 5638 -32768 END
START -1932 -11040 32767 -9369 5578 -32768 END
START -3648 -11536 32767 -8586 5722 -32768 END
START -5532 -11900 32767 -7686 5931 -32768 END
START -7584 -12200 32767 -6751 6158 -32768 END
START -9528 -12596 32767 -5807 6352 -32768 END
START -11756 -12880 32767 -4735 6397 -32768 END
START -13920 -12836 32767 -3678 6202 -32768 END
START -16116 -12660 32767 -2656 5811 -32768 END
START -18460 -12112 32767 -1581 5213 -32768 END
START -20900 -11140 32767 -586 4629 -32768 END
START -22128 -10620 32416 322 4053 -32768 END
START -23204 -10240 32096 1166 3589 -32768 END
START -23940 -10000 31532 1892 3250 -32768 END
START -24920 -9860 31148 2611 2919 -32768 END
START -25948 -9864 30876 3293 2580 -32768 END
START -26980 -9740 30304 3962 2188 -32768 END
START -27812 -9684 30144 4716 1641 -30861 END
START -28420 -9476 29564 5437 1134 -28673 END
START -28928 -9172 29284 6208 444 -26368 END
START -29364 -9164 28852 6904 -317 -24158 END
START -29612 -8788 28472 7562 -1146 -21972 END
START -29656 -8584 28160 8237 -2176 -19744 END
START -29556 -8292 27552 8859 -3105 -17546 END
START -29440 -7964 26940 9405 -3927 -15470 END
START -28632 -7704 26320 9969 -4573 -13373 END
START -27564 -7764 25396 10437 -4897 -11357 END
START -26404 -7568 24452 10916 -5077 -9465 END
START -25344 -7456 23876 11284 -5028 -7703 END