START 9464 4708 7408 -715 -3603 12119 END
START 14116 -1168 -8612 564 -2198 11933 END
START 10424 5048 7552 -2463 -1360 11488 END
START 13228 4700 6948 -1869 -640 11053 END
START 10284 3720 10212 -2867 -254 10487 END
START 12896 4700 8536 -3329 -287 9853 END
START 12008 4328 10268 -3775 223 9284 END
START 13184 4160 10204 -4056 578 8660 END
START 13940 3784 10676 -4181 1172 8120 END
START 13940 3404 11876 -4180 1545 7546 END
START 14896 3376 12040 -4188 1895 6940 END
START 15484 3364 12528 -4162 2151 6231 END
START 16132 3400 13056 -4146 2396 5468 END
START 17308 3476 12968 -4142 2606 4650 END
START 18512 3196 13160 -4164 2882 3692 END
START 19048 2880 13608 -4210 3199 2631 END
START 19556 2980 13760 -4208 3269 1488 END
START 19480 2992 14268 -4227 3108 223 END
START 19356 3120 14840 -4231 2727 -976 END
START 19140 3096 15092 -4218 2299 -2218 END
START 18848 3136 15340 -4142 1802 -3386 END
START 18292 2812 15816 -4083 1238 -4457 END
START 17640 2884 16292 -3995 641 -5406 END
START 16992 2928 16560 -3853 15 -6246 END
START 16484 2772 16856 -3654 -552 -6926 END
START 15936 2852 16988 -3391 -1102 -7544 END
START 15480 2648 17276 -3103 -1739 -7986 END
START 15136 2640 17536 -2719 -2337 -8466 END
START 15088 2652 17460 -2401 -2848 -8836 END
START 15096 2752 17284 -2086 -3229 -9177 END
START 15432 2968 17128 -1886 -3492 -9558 END
START 15360 3132 17272 -1701 -3621 -10022 END
START 15456 3312 16812 -1594 -3642 -10518 END
START 15580 3320 16888 -1443 -3548 -11026 END
START 15684 3240 16372 -1323 -3333 -11541 END
START 15584 3280 16148 -1185 -2986 -12026 END
START 15520 3224 15728 -1076 -2540 -12525 END
START 15424 3272 14980 -1010 -2121 -13014 END
START 15284 3340 14756 -1032 -1626 -13497 END
START 15072 3536 14104 -1188 -1231 -13985 END
START 15044 3576 13848 -1451 -764 -14500 END
START 15120 3664 13492 -1720 -353 -14999 END
START 15184 3720 13244 -2063 -15 -15583 END
START 15132 3596 13096 -2384 214 -16256 END
START 14964 3592 13076 -2667 301 -16945 END
START 14968 3584 13148 -2913 287 -17743 END
START 14804 3492 13028 -3140 197 -18533 END
START 14532 3408 12948 -3409 97 -19428 END
START 14188 3324 12980 -3668 -36 -20291 END
START 13652 3352 13224 -3928 -195 -21168 END
START 13132 3176 13456 -4159 -449 -22011 END
START 12528 3056 13916 -4363 -713 -22787 END
START 11684 2912 14024 -4473 -976 -23535 END
START 10852 2700 14636 -4487 -1393 -24268 END
START 9796 2480 15072 -4413 -1929 -24875 END
START 8824 2288 15644 -4287 -2577 -25453 END
START 7776 2224 15884 -4173 -3280 -25965 END
START 6880 2216 16368 -4005 -4049 -26408 END
START 5720 2272 16444 -3824 -4690 -26813 END
START 4652 2340 16596 -3654 -5224 -27141 END
START 3676 2244 16852 -3506 -5697 -27340 END
START 2960 2256 16912 -3293 -6045 -27467 END
START 2092 2184 16812 -3135 -6267 -27517 END
START 1448 2188 16764 -2933 -6338 -27486 END
START 884 2124 16476 -2832 -6369 -27369 END
START 540 2000 16156 -2732 -6116 -27315 END
START 156 1996 15968 -2646 -5768 -27170 END
START 80 2100 15672 -2623 -5247 -27088 END
START -40 1984 15264 -2673 -4690 -27040 END
START -512 1884 15072 -2822 -4082 -27056 END
START -1164 1948 14876 -2995 -3579 -27080 END
START -1956 1888 14536 -3231 -3251 -27075 END
START -2876 1720 14668 -3478 -2981 -26997 END
START -3544 1528 14488 -3783 -2873 -26867 END
START -4440 1400 14392 -4038 -2855 -26719 END
START -5252 1240 14692 -4321 -2877 -26449 END
START -6088 1104 14536 -4603 -2933 -26142 END
START -6648 1044 14772 -4858 -2948 -25755 END
START -7444 900 14832 -5194 -2890 -25341 END
START -7972 900 14964 -5393 -2821 -24917 END
START -8700 808 15336 -5638 -2641 -24452 END
START -9260 764 15796 -5923 -2547 -23984 END
START -9832 672 16128 -6174 -2353 -23486 END
START -10268 564 16716 -6294 -2109 -22936 END
START -11000 432 17444 -6442 -1869 -22417 END
START -11540 204 17892 -6449 -1617 -21776 END
START -12052 8 18604 -6411 -1419 -21111 END
START -12604 -268 19460 -6198 -1282 -20461 END
START -13288 -328 19988 -5913 -1229 -19745 END
START -13964 -392 20544 -5561 -1324 -18970 END
START -14512 -312 21012 -5166 -1451 -18185 END
START -15072 -220 21656 -4673 -1633 -17321 END
START -15208 -152 21756 -4207 -1812 -16459 END
START -15044 -128 21972 -3697 -1896 -15588 END
START -14844 40 22108 -3208 -1967 -14839 END
START -14776 -200 22348 -2748 -1959 -14061 END
START -14480 -228 22252 -2275 -1998 -13347 END
START -14544 -192 22468 -1721 -2042 -12676 END
START -14488 -156 22520 -1237 -2100 -12007 END
START -14568 -76 22352 -674 -2119 -11366 END
START -14680 24 22268 -120 -2217 -10684 END
START -14520 92 22212 381 -2321 -9967 END
START -14444 268 21656 843 -2386 -9276 END
START -14040 472 21184 1226 -2453 -8608 END
START -13716 704 20892 1538 -2449 -7967 END
START -13308 764 20488 1781 -2468 -7383 END
START -12720 848 20352 1982 -2392 -6780 END
START -12320 852 20060 2151 -2301 -6272 END
START -11912 1100 19792 2239 -2103 -5781 END
START -11564 1208 19768 2328 -1921 -5352 END
START -11472 1312 19840 2441 -1780 -4873 END
START -11352 1384 19728 2528 -1605 -4431 END
START -11436 1560 19632 2658 -1520 -3945 END
START -11624 1932 19904 2805 -1497 -3420 END
START -11772 1944 19860 2962 -1556 -2871 END
START -11652 2184 19860 3115 -1585 -2294 END
START -11224 2344 19940 3308 -1669 -1662 END
START -11000 2548 19724 3429 -1634 -1112 END
START -10400 2768 19676 3536 -1658 -610 END
START -9856 3128 19668 3659 -1656 -171 END
START -9384 3352 19808 3714 -1580 264 END
START -8884 3684 19720 3773 -1459 656 END
START -8424 3872 19636 3802 -1308 997 END
START -7776 4168 19580 3821 -1047 1330 END
START -7272 4228 19756 3886 -813 1627 END
START -6832 4532 20048 3910 -543 1957 END
START -6580 4804 20256 3940 -302 2206 END
START -6144 5036 20544 3942 -33 2456 END
START -5768 5388 20748 3984 294 2768 END
START -5320 5652 21012 3984 640 3005 END
START -4860 5744 21296 4021 1024 3178 END
START -4244 5948 21888 4031 1467 3325 END
START -3780 6120 22188 4102 1918 3354 END
START -3332 6168 22604 4222 2334 3338 END
START -2876 6288 22968 4355 2768 3244 END
START -2396 6380 23316 4534 3173 3117 END
START -2280 6380 23664 4775 3585 2958 END
START -2120 6348 24072 5042 3908 2759 END
START -2092 6268 24616 5338 4143 2532 END
START -2236 6108 25104 5664 4326 2318 END
START -2368 6044 25380 6048 4433 2066 END
START -2496 5836 25656 6428 4419 1849 END
START -2672 5668 25904 6894 4374 1636 END
START -2920 5488 26424 7391 4265 1445 END
START -3152 5152 26580 7962 4109 1276 END
START -3324 5060 26812 8592 3897 1082 END
START -3604 4828 26864 9246 3741 952 END
START -3664 4700 26880 9970 3485 795 END
START -4028 4452 27020 10719 3239 686 END
START -4324 4276 26932 11369 2932 566 END
START -4660 4096 26796 12217 2594 494 END
START -5024 3948 26732 12954 2160 505 END
START -5480 3716 26516 13775 1756 514 END
START -5860 3632 26392 14604 1286 598 END
START -6128 3432 25940 15381 852 689 END
START -6484 3396 25504 16171 420 805 END
START -6716 3184 25104 16907 4 945 END
START -6876 2928 24748 17665 -361 1119 END
START -6956 2916 24160 18378 -756 1299 END
START -7148 2752 23736 19082 -1073 1475 END
START -7240 2548 23172 19721 -1363 1675 END
START -7296 2356 22508 20417 -1608 1914 END
START -7460 2256 21880 21010 -1769 2167 END
START -7672 2212 21052 21558 -1830 2418 END
START -7756 2168 20196 22029 -1866 2759 END
START -7772 2124 19696 22403 -1820 3075 END
START -8032 2204 18740 22808 -1755 3448 END
START -8008 2324 17992 23068 -1649 3832 END
START -7880 2124 17352 23268 -1542 4226 END
START -7824 1996 16400 23436 -1347 4605 END
START -7788 1928 15680 23528 -1093 5012 END
START -7660 1816 15052 23596 -760 5399 END
START -7552 1888 14208 23639 -394 5790 END
START -7600 1928 13524 23664 49 6208 END
START -7432 2032 12784 23588 533 6562 END
START -7348 2032 11776 23486 1084 6997 END
START -7292 1960 11064 23284 1656 7425 END
START -7228 1876 10392 23017 2182 7886 END
START -7264 1884 9556 22699 2749 8301 END
START -7436 1944 8888 22369 3209 8758 END
START -7428 1956 8396 21967 3677 9201 END
START -7348 1940 8000 21542 4141 9668 END
START -7404 1864 7288 21110 4544 10140 END
START -7432 1988 6812 20685 4950 10640 END
START -7400 2032 6344 20280 5414 11138 END
START -7384 1976 5568 19853 5920 11606 END
START -7424 1704 5248 19406 6384 12160 END
START -7396 1692 4688 18892 6873 12482 END
START -7392 1936 4268 18393 7370 13007 END
START -7512 2068 3896 17845 7853 13746 END
START -7740 1888 3492 17314 8278 14344 END
START -7800 1992 3240 16768 8656 14941 END
START -7920 1796 2856 16283 8913 15578 END
START -8008 1712 2628 15833 9069 16228 END
START -8188 1608 2224 15468 8951 16883 END
START -8052 1504 1448 15088 8723 17542 END
START -7832 1620 432 14665 8377 18157 END
START -7408 1768 -480 14088 7960 18705 END
START -7168 1620 -1608 13447 7544 19217 END
START -6756 1668 -2456 12692 7021 19678 END
START -6508 1744 -3316 11780 6545 20160 END
START -6104 1988 -4196 10779 6141 20622 END
START -5952 1984 -4836 9660 5790 21073 END
START -5612 2108 -5324 8508 5552 21547 END
START -5360 2152 -5724 7382 5418 22015 END
START -5156 1948 -5852 6218 5273 22551 END
START -5192 1600 -6012 5111 5129 23135 END
START -5200 1492 -6060 4097 4824 23709 END
START -5136 1396 -6156 3226 4539 24345 END
START -5160 1316 -6216 2303 4162 24972 END
START -4896 1256 -6484 1383 3805 25591 END
START -4824 1208 -6516 484 3510 26201 END
START -4688 1156 -6604 -493 3382 26778 END
START -4296 992 -6516 -1479 3366 27407 END
START -4024 892 -6688 -2491 3449 27975 END
START -3652 688 -6724 -3452 3713 28588 END
START -2936 488 -6688 -4414 4099 29155 END
START -2380 312 -6448 -5423 4680 29711 END
START -1768 -68 -6428 -6358 5345 30187 END
START -1176 -276 -6048 -7417 6064 30625 END
START -504 -544 -5428 -8375 6804 30965 END
START -228 -732 -5280 -9255 7569 31271 END
START 248 -816 -4464 -10094 8354 31541 END
START 608 -1032 -4016 -10877 9112 31731 END
START 1076 -1240 -3408 -11507 9676 31950 END
START 1536 -1476 -2948 -12185 10204 32210 END
START 1724 -1612 -2464 -12680 10553 32400 END
START 2136 -1656 -1984 -13173 10804 32638 END
START 2564 -1796 -1576 -13596 10986 32767 END
START 3092 -2048 -1540 -14037 11017 32767 END
START 3844 -2012 -1356 -14288 11060 32767 END
START 4792 -1940 -868 -14809 11124 32767 END
START 6036 -1732 -1004 -15411 11187 32767 END
START 7300 -1564 -764 -15861 11267 32767 END
START 8852 -1460 -512 -16386 11374 32767 END
START 10248 -1500 -52 -16909 11544 32480 END
START 11524 -1576 208 -17426 11619 31788 END
START 12612 -1440 600 -17893 11621 30955 END
START 13428 -1360 964 -18341 11510 29933 END
START 13932 -1160 1612 -18807 11285 28838 END
START 14616 -936 1612 -19216 10972 27699 END
START 14948 -892 2304 -19668 10533 26565 END
START 15496 -660 2268 -20031 10121 25476 END
START 15832 -600 2696 -20507 9668 24452 END
START 16480 -444 2876 -20909 9411 23484 END
START 17088 -304 3456 -21377 9073 22557 END
START 17692 -260 4024 -21869 8811 21644 END
START 18500 -156 4564 -22386 8623 20701 END
START 19344 4 5060 -22863 8497 19705 END
START 19964 -56 5788 -23343 8419 18737 END
START 20436 -124 6668 -23860 8283 17676 END
START 20900 -236 7560 -24302 8136 16560 END
START 21040 -188 8672 -24689 7894 15536 END
START 21164 -320 9472 -24999 7657 14535 END
START 21052 -292 10680 -25245 7380 13582 END
START 20872 -396 11648 -25375 7065 12845 END
START 20632 -404 12660 -25389 6830 11865 END
START 20584 -284 13236 -25306 6643 11197 END
START 20652 -448 13980 -25164 6616 10504 END
START 20652 -568 14508 -24975 6747 9853 END
START 20940 -616 14968 -24901 6886 9229 END
START 21544 -640 15124 -24861 7322 8587 END
START 22340 -544 15832 -25011 7834 7842 END
START 23320 -340 16348 -25262 8501 7117 END
START 24144 -316 17336 -25577 9346 6270 END
START 25152 -252 18440 -25842 10168 5298 END
START 26156 -424 19572 -26008 11019 4268 END
START 27528 -528 21700 -25982 11803 3000 END
START 28512 -740 23104 -25754 12541 1652 END
START 29140 -944 24472 -25263 13177 67 END
START 29460 -980 25640 -24562 13314 -1568 END
START 29616 -1140 26400 -23745 13270 -3248 END
START 29552 -1168 27132 -22849 13247 -5074 END
START 29108 -1128 27440 -21912 13023 -6838 END
START 28460 -1064 27572 -21063 13049 -8533 END
START 27772 -976 27520 -20269 12421 -10210 END
START 27056 -856 27316 -19523 11988 -11783 END
START 26152 -980 26972 -18885 11513 -13238 END
START 25492 -836 26580 -18316 11050 -14518 END
START 24596 -1028 26172 -17774 10558 -15744 END
START 23588 -1200 25456 -17244 10037 -16902 END
START 22752 -1220 24752 -16846 9517 -18013 END
START 21880 -1316 24208 -16502 8942 -19102 END
START 21304 -1384 23320 -16309 8429 -20150 END
START 21048 -1180 22716 -16269 8131 -21215 END
START 21172 -1020 21708 -16433 7999 -22333 END
START 21412 -1228 21128 -16674 8170 -23467 END
START 21768 -1408 20788 -16945 8584 -24731 END
START 21880 -1652 20840 -17285 9173 -26111 END
START 21908 -1992 21012 -17534 9851 -27517 END
START 21468 -2808 21480 -17672 10526 -28956 END
START 20580 -3408 21792 -17620 11174 -30370 END
START 19448 -3840 22088 -17428 11675 -31764 END
START 18136 -4252 22176 -17103 11984 -32768 END
START 16652 -4692 22272 -16741 12186 -32768 END
START 15264 -4992 22232 -16357 12228 -32768 END
START 13852 -5292 22296 -16044 12127 -32768 END
START 12280 -5400 22452 -15678 11891 -32768 END
START 11208 -5484 22444 -15363 11535 -32768 END
START 10152 -5548 22832 -15069 11115 -32768 END
START 9172 -5644 22716 -14436 10489 -32768 END
START 8220 -5856 23188 -14046 9708 -32768 END
START 7324 -5980 22868 -13387 8780 -32768 END
START 6360 -6052 22940 -12877 7757 -32768 END
START 5692 -6112 22780 -12400 6805 -32768 END
START 5172 -6136 22448 -11974 5913 -32768 END
START 4776 -6308 22368 -11667 5163 -32768 END
START 4344 -6292 22192 -11411 4507 -32768 END
START 3972 -6596 22160 -11174 3967 -32768 END
START 3628 -6840 22548 -10946 3342 -32768 END
START 3484 -7200 23124 -10667 2657 -32768 END
START 3372 -7576 23160 -10387 2059 -32768 END
START 3460 -7796 23364 -10112 1599 -32768 END
START 3580 -8036 23600 -9744 1293 -32768 END
START 3172 -8404 23704 -9402 1092 -32768 END
START 2448 -8660 24016 -8915 908 -32768 END
START 1640 -8992 23824 -8497 660 -32768 END
START 368 -9120 23896 -8014 447 -32768 END
START -1104 -9200 23484 -7616 222 -32768 END
START -2836 -9184 23472 -7287 -104 -32768 END
START -4604 -9136 23284 -6992 -402 -32768 END
START -6528 -9108 23128 -6819 -775 -32768 END
START -8276 -9064 22944 -6640 -1116 -32768 END
START -10052 -8896 22896 -6562 -1441 -32768 END
START -11480 -8816 22964 -6416 -1750 -32768 END
START -12876 -8664 22988 -6278 -1945 -32768 END
START -14024 -8792 23112 -6196 -2022 -32768 END
START -15212 -9008 23292 -6052 -2057 -32768 END
START -16212 -9104 23572 -5853 -2031 -32768 END
START -17248 -9312 23972 -5620 -2024 -32768 END
START -18264 -9496 24328 -5321 -1907 -32768 END
START -19228 -9632 24600 -4947 -1862 -32768 END
START -20564 -9736 24736 -4580 -1772 -32768 END
START -21572 -9636 25224 -4113 -1700 -32037 END
START -22532 -9660 25304 -3625 -1704 -30259 END
START -23224 -9420 25572 -3179 -1716 -28535 END
START -23668 -9620 25872 -2613 -1692 -26603 END
START -24416 -9760 25936 -2070 -1631 -24651 END
START -24972 -9780 26156 -1466 -1578 -22584 END
START -25620 -9576 26588 -848 -1637 -20572 END
START -25848 -9432 26660 -91 -1720 -18442 END
START -25932 -9172 26808 665 -1822 -16437 END
START -25980 -9000 26860 1506 -2026 -14465 END
START -25472 -8948 26896 2326 -2246 -12499 END
START -25164 -9016 26660 3161 -2518 -10755 END
START -24340 -8816 26452 3983 -2777 -9031 END
START -23804 -8684 26012 4749 -2959 -7437 END
START -23280 -8548 25364 5501 -3202 -5854 END
START -22840 -8488 25136 6091 -3497 -4395 END
START -22196 -8416 24500 6707 -3792 -2948 END
START -21512 -8368 23892 7164 -4096 -1605 END
START -20700 -8164 23088 7591 -4304 -253 END
START -20016 -7876 22664 7895 -4463 1013 END
START -19308 -7736 22172 8082 -4590 2159 END
START -18620 -7492 22032 8241 -4660 3264 END
START -17580 -7472 21568 8354 -4822 4279 END
START -16832 -7540 21756 8446 -4996 5235 END
START -15852 -7452 21528 8643 -5213 6179 END
START -14964 -7232 21604 8848 -5321 7019 END
START -13744 -6888 21452 9097 -5376 7758 END
START -12480 -6656 21232 9330 -5388 8421 END
START -11460 -6044 21188 9549 -5498 8974 END