START 5216 2184 2084 -3566 8560 25455 END
START 12036 -4084 -17512 -2096 10156 25621 END
START 3888 3452 648 -4974 10573 25383 END
START 8272 3428 -1176 -4978 10676 25248 END
START 4940 2304 2044 -6181 10560 25072 END
START 8992 3340 -920 -7408 10348 24779 END
START 9628 2576 900 -8633 10871 24457 END
START 12160 2208 1224 -9667 11226 23863 END
START 14752 1768 2884 -10497 11562 23070 END
START 16128 1496 5072 -11063 11749 22037 END
START 18248 1872 6448 -11228 11652 20663 END
START 19928 1864 7704 -11060 11490 19081 END
START 20896 1920 9476 -10550 11082 17170 END
START 21820 1976 10280 -9908 10313 15208 END
START 22200 2128 11136 -9099 9230 13202 END
START 22172 2384 11772 -8340 7967 11215 END
START 22256 2952 12072 -7655 6398 9319 END
START 22604 3172 12072 -7126 4800 7540 END
START 23060 3108 12344 -6652 3214 5774 END
START 23652 3060 12308 -6299 1651 4103 END
START 24224 2924 12112 -6004 173 2403 END
START 24676 2704 11764 -5796 -1102 728 END
START 25076 2620 11760 -5699 -2237 -880 END
START 25300 2536 11516 -5699 -3220 -2531 END
START 25664 2448 11424 -5825 -3955 -4149 END
START 25628 2120 11372 -5975 -4482 -5708 END
START 25684 2084 11528 -6234 -4765 -7177 END
START 25496 2120 11856 -6496 -4840 -8538 END
START 25220 2088 12084 -6687 -4757 -9827 END
START 24712 1940 12824 -6885 -4690 -10994 END
START 23988 1812 13412 -6918 -4632 -12056 END
START 23072 1676 13884 -6874 -4547 -13066 END
START 22672 1572 14268 -6804 -4417 -13936 END
START 22468 1432 14672 -6641 -4138 -14749 END
START 22548 1456 14580 -6495 -3632 -15489 END
START 22704 1524 14820 -6388 -2997 -16315 END
START 23044 1804 15052 -6276 -2238 -17140 END
START 23252 1720 15384 -6179 -1444 -18118 END
START 23940 1684 15396 -6030 -654 -19155 END
START 24588 1496 15632 -5827 141 -20342 END
START 25208 1396 15572 -5596 882 -21607 END
START 25648 1460 15488 -5330 1487 -23066 END
START 25864 1360 15196 -5134 1961 -24717 END
START 25708 1408 14984 -5031 2175 -26454 END
START 24892 1180 14576 -4949 2130 -28231 END
START 23864 1012 14456 -4916 1728 -29985 END
START 22640 872 14084 -4927 1029 -31602 END
START 21428 548 13776 -5030 91 -32768 END
START 20356 440 13368 -5191 -869 -32768 END
START 19312 240 13272 -5388 -1958 -32768 END
START 18148 -212 13148 -5667 -3113 -32768 END
START 16840 -524 13408 -5935 -4305 -32768 END
START 15052 -820 14128 -6161 -5456 -32768 END
START 13016 -720 14988 -6285 -6591 -32768 END
START 11144 -520 15872 -6355 -7657 -32768 END
START 9120 -280 16856 -6179 -8643 -32768 END
START 7508 -232 17292 -5906 -9384 -32768 END
START 5768 -264 17920 -5457 -9859 -32768 END
START 4492 -328 17992 -4991 -10048 -32768 END
START 3236 -476 18204 -4442 -10111 -32768 END
START 1812 -712 18192 -3888 -9898 -32768 END
START 416 -876 17848 -3414 -9599 -32768 END
START -1192 -692 17264 -2996 -9133 -32768 END
START -2940 -800 16808 -2655 -8614 -32768 END
START -4712 -732 15952 -2459 -8016 -32768 END
START -6092 -528 14996 -2415 -7400 -32768 END
START -7240 -176 14160 -2547 -6647 -32768 END
START -7680 320 13504 -2864 -5665 -32768 END
START -7996 304 12564 -3259 -4699 -32768 END
START -8056 280 12064 -3844 -3646 -32768 END
START -8212 440 11640 -4489 -2640 -32768 END
START -8624 468 11740 -5258 -1802 -32016 END
START -8928 432 11852 -6012 -1059 -31208 END
START -9556 80 12396 -6761 -463 -30492 END
START -10260 108 12836 -7445 21 -29698 END
START -11064 60 13516 -7970 342 -28911 END
START -11840 16 14076 -8450 689 -28013 END
START -12748 104 14572 -8698 1011 -27084 END
START -13236 100 15224 -8965 1269 -26064 END
START -13880 112 15768 -9148 1426 -25097 END
START -14496 192 16280 -9351 1510 -24096 END
START -14812 224 17212 -9527 1490 -23127 END
START -15112 184 17892 -9611 1318 -22193 END
START -15516 260 18672 -9633 1159 -21229 END
START -15740 116 19608 -9540 859 -20264 END
START -15684 8 20432 -9266 503 -19282 END
START -15296 -164 21288 -8930 198 -18361 END
START -14428 -336 22044 -8388 -95 -17493 END
START -13532 -312 22404 -7751 -308 -16797 END
START -12808 -236 22548 -7115 -535 -16250 END
START -12224 -104 22788 -6435 -817 -15847 END
START -12092 36 22732 -5821 -1149 -15512 END
START -11940 156 22740 -5229 -1591 -15178 END
START -12000 360 22588 -4687 -2041 -14808 END
START -11904 540 22268 -4186 -2532 -14422 END
START -11932 412 22228 -3791 -2913 -14017 END
START -11880 688 22132 -3437 -3212 -13489 END
START -11768 700 22088 -3070 -3534 -12955 END
START -11864 860 21980 -2750 -3782 -12368 END
START -11724 980 21916 -2375 -4074 -11744 END
START -11600 1260 21904 -1948 -4361 -11129 END
START -11088 1488 21568 -1545 -4528 -10544 END
START -10448 1984 21384 -1186 -4587 -9973 END
START -10032 2300 21240 -922 -4673 -9531 END
START -9504 2708 21012 -766 -4599 -9141 END
START -9348 2952 20856 -663 -4492 -8763 END
START -8868 3284 20796 -636 -4322 -8349 END
START -8696 3476 20824 -649 -4144 -7944 END
START -8264 3748 20872 -669 -3880 -7544 END
START -7700 4224 20976 -670 -3596 -7177 END
START -7256 4440 21056 -676 -3287 -6834 END
START -6516 4580 21180 -687 -2854 -6590 END
START -6164 4708 21232 -699 -2408 -6425 END
START -5616 4872 21528 -744 -2046 -6340 END
START -5340 4740 21856 -760 -1605 -6327 END
START -5168 4972 22088 -836 -1196 -6259 END
START -5316 5068 22564 -879 -740 -6234 END
START -5260 4984 23052 -915 -344 -6151 END
START -5420 4804 23700 -859 86 -6099 END
START -5596 4648 24596 -759 441 -5974 END
START -5728 4512 25596 -595 738 -5880 END
START -5864 4300 26560 -326 1010 -5729 END
START -5868 4052 27120 31 1236 -5607 END
START -5596 3672 27884 572 1443 -5526 END
START -5552 3176 29008 1139 1685 -5460 END
START -5636 2708 29788 1779 1887 -5472 END
START -5620 2276 30452 2435 2053 -5475 END
START -5780 2080 31228 3165 2248 -5474 END
START -5948 1772 31760 3931 2489 -5481 END
START -6268 1452 32012 4725 2782 -5483 END
START -6500 1204 32540 5445 3079 -5448 END
START -6700 624 32767 6231 3489 -5367 END
START -7108 260 32767 7055 3846 -5289 END
START -7300 0 32767 7831 4257 -5188 END
START -7832 -404 32767 8693 4750 -5099 END
START -8268 -584 32767 9555 5195 -4955 END
START -9040 -900 32767 10616 5570 -4740 END
START -9712 -1264 32767 11806 5908 -4422 END
START -10424 -1640 32767 13086 6137 -4010 END
START -11184 -1868 32767 14447 6218 -3527 END
START -12020 -2180 32767 15950 6148 -2964 END
START -12668 -2336 32767 17472 5954 -2288 END
START -12868 -2416 32767 19063 5591 -1569 END
START -13196 -2580 32767 20576 5121 -853 END
START -13420 -2852 32767 22074 4562 -185 END
START -13364 -2944 32767 23502 4010 508 END
START -13356 -2972 32572 24872 3392 1178 END
START -13288 -3124 31516 26231 2712 1866 END
START -13028 -3312 30256 27424 2135 2501 END
START -12572 -3212 29060 28556 1623 3103 END
START -12280 -3340 27820 29598 1273 3750 END
START -11956 -3456 26388 30561 1046 4278 END
START -11588 -3504 25104 31438 889 4854 END
START -11480 -3588 24192 32249 843 5423 END
START -11236 -3432 22852 32767 808 5984 END
START -11180 -3428 21680 32767 817 6554 END
START -11208 -3496 20512 32767 739 7130 END
START -11204 -3348 19052 32767 759 7743 END
START -11236 -3048 17872 32767 667 8363 END
START -11300 -2824 16256 32767 684 9068 END
START -11348 -2544 14980 32767 698 9825 END
START -11260 -2300 13628 32767 763 10604 END
START -11120 -2000 12312 32767 901 11463 END
START -10876 -1656 10840 32767 1042 12460 END
START -10488 -1556 9464 32767 1301 13213 END
START -10028 -1228 8168 32767 1636 13948 END
START -9292 -840 6356 32767 2050 14754 END
START -8988 -620 5264 32767 2609 15523 END
START -8132 -344 3720 32767 3299 16219 END
START -7396 -176 2196 32767 4137 16896 END
START -6660 328 892 32767 5118 17561 END
START -5988 608 -340 32551 6146 18125 END
START -5300 840 -1540 31510 7256 18735 END
START -4704 1192 -2460 30416 8315 19242 END
START -4336 1316 -2984 29178 9334 19820 END
START -4224 1424 -3580 27964 10237 20391 END
START -3920 1696 -3940 26778 11020 20969 END
START -3760 1972 -4492 25623 11741 21541 END
START -3296 2108 -4848 24492 12367 22106 END
START -2624 2176 -5452 23414 13023 22591 END
START -2000 2320 -6092 22357 13056 23004 END
START -1396 2476 -6520 21297 13262 23321 END
START -876 2596 -6988 20132 13254 23548 END
START -792 2780 -7524 18967 13067 23749 END
START -1032 2708 -8028 17810 13010 23950 END
START -1132 2692 -8460 16701 12157 24189 END
START -1556 2716 -9260 15528 11229 24508 END
START -1964 2536 -10068 14427 10049 24950 END
START -2532 2396 -11292 13309 8532 25496 END
START -2648 2280 -12392 12149 6945 26103 END
START -2668 2608 -13772 10899 5453 26739 END
START -2192 2852 -14784 9246 3948 27291 END
START -1832 2968 -15948 7540 2767 27726 END
START -1688 2832 -16880 5723 1685 28091 END
START -1628 2668 -17604 3829 696 28514 END
START -1592 2328 -18284 1880 -99 28934 END
START -1600 2208 -18836 -53 -605 29392 END
START -1420 2060 -19568 -1989 -691 29827 END
START -1304 1848 -19428 -4116 -685 30271 END
START -1176 1600 -19408 -6241 -219 30765 END
START -808 1504 -19320 -8379 483 31254 END
START -1176 996 -18672 -10480 1441 31821 END
START -1308 632 -18096 -12473 2594 32440 END
START -1352 -52 -17272 -14421 3907 32767 END
START -1744 -376 -16232 -15976 5211 32767 END
START -2048 -592 -15384 -17650 6445 32767 END
START -2116 -1076 -14232 -19240 7589 32767 END
START -2460 -1792 -13308 -20589 8626 32767 END
START -2708 -2572 -12464 -21840 9499 32767 END
START -3036 -3232 -11440 -22862 10066 32767 END
START -2948 -3932 -10588 -23843 10546 32767 END
START -2552 -4380 -9888 -24838 10902 32767 END
START -1960 -4832 -8900 -25867 11250 32767 END
START -920 -5388 -7856 -26783 11565 32767 END
START 200 -5760 -6552 -27649 11862 32767 END
START 1792 -6416 -5136 -28410 11993 32767 END
START 4580 -7720 -4044 -28911 12424 32767 END
START 6600 -8296 -2408 -29058 12588 32767 END
START 9880 -8240 -604 -29119 12624 32767 END
START 12740 -7772 772 -29208 12425 32767 END
START 16348 -7132 1368 -29126 12327 32767 END
START 19764 -6820 2060 -29174 12420 32767 END
START 22820 -6288 2668 -29126 12487 32767 END
START 25400 -5896 3644 -29101 12672 32767 END
START 27280 -5900 4024 -29032 12839 32767 END
START 28704 -5628 4412 -28991 12937 32767 END
START 29604 -4668 4896 -28827 12232 31618 END
START 30436 -3288 4928 -28899 11856 28938 END
START 31048 -2512 4664 -29084 11544 26243 END
START 31040 -2564 4592 -29423 11491 23629 END
START 29840 -2384 5084 -29775 10957 21280 END
START 29124 -2332 5148 -30167 10520 19210 END
START 28392 -2692 5000 -30671 10142 17268 END
START 27952 -2860 5492 -31215 9841 15620 END
START 27176 -2956 5808 -31746 9512 14173 END
START 26360 -3012 6484 -32272 9157 12923 END
START 25696 -3032 7208 -32768 8897 12092 END
START 25220 -3072 8100 -32768 8657 11061 END
START 24840 -3208 9144 -32768 8486 10203 END
START 24608 -3360 10556 -32768 8468 9424 END
START 24996 -3620 12440 -32768 8701 8611 END
START 25724 -3768 14484 -32768 9186 7841 END
START 26744 -3844 16456 -32768 9900 7002 END
START 27640 -4088 18760 -32768 10882 6068 END
START 28712 -4340 20492 -32768 12050 5043 END
START 29936 -4436 22664 -32768 13393 3828 END
START 31088 -4276 23968 -32604 14510 2405 END
START 32248 -3876 25368 -31505 15759 806 END
START 32767 -3592 26936 -30294 16838 -1022 END
START 32767 -3616 27176 -29080 17751 -3034 END
START 32767 -3468 27064 -27897 18470 -5119 END
START 32767 -3420 26460 -26871 19164 -7543 END
START 32767 -3388 25588 -26101 19795 -10124 END
START 32767 -3484 24944 -25603 20254 -12859 END
START 32767 -3808 24596 -25238 20515 -15642 END
START 32767 -3944 24248 -24934 20382 -18511 END
START 32767 -4460 24300 -24695 19894 -20987 END
START 31976 -4864 24528 -24362 19015 -23458 END
START 30544 -5324 24688 -24071 17941 -25723 END
START 29236 -5556 25104 -23712 16612 -27879 END
START 27980 -6120 25704 -23308 15121 -30042 END
START 26916 -6740 25864 -22804 13721 -32021 END
START 26048 -7268 25960 -22191 12533 -32768 END
START 25356 -7636 25964 -21660 11481 -32768 END
START 24308 -7900 25892 -21165 10866 -32768 END
START 23056 -8172 26008 -20781 10663 -32768 END
START 21476 -8568 26280 -20304 10645 -32768 END
START 19424 -9180 26524 -19749 10789 -32768 END
START 17424 -9776 26556 -19128 10945 -32768 END
START 15292 -10172 26816 -18393 11145 -32768 END
START 13332 -10380 26776 -17580 11326 -32768 END
START 10876 -10388 26416 -16710 11303 -32768 END
START 9204 -10212 26344 -15871 11088 -32768 END
START 7912 -10004 25968 -15074 10665 -32768 END
START 7012 -9816 25244 -14661 10156 -32768 END
START 6292 -9476 24668 -14321 9715 -32768 END
START 5816 -9316 24164 -13893 9384 -32768 END
START 5352 -9152 24048 -13791 9151 -32768 END
START 4820 -9188 23660 -13764 9167 -32768 END
START 4504 -9264 23720 -13889 9310 -32768 END
START 4108 -9320 23840 -13810 9601 -32768 END
START 3524 -9868 24432 -13860 9821 -32768 END
START 2536 -10400 25316 -13699 9897 -32768 END
START 1636 -10904 26072 -13486 9823 -32768 END
START 528 -11456 26888 -13130 9576 -32768 END
START -792 -11944 27572 -12708 9172 -32768 END
START -2460 -12168 28288 -12032 8454 -32768 END
START -4172 -12512 28832 -11290 7587 -32768 END
START -6040 -12688 29008 -10431 6531 -32768 END
START -7740 -12688 28772 -9709 5528 -32768 END
START -9520 -12680 28460 -8924 4451 -32768 END
START -11316 -12548 28268 -8304 3460 -32768 END
START -12968 -12224 27856 -7824 2609 -32768 END
START -15180 -12068 27524 -7467 1934 -32768 END
START -16640 -12396 27332 -7132 1418 -32768 END
START -18180 -12572 27268 -6875 1073 -32768 END
START -19936 -12732 27480 -6548 850 -32768 END
START -21976 -12656 27816 -6155 542 -32768 END
START -23868 -12512 28236 -5656 177 -32768 END
START -25380 -11932 28544 -5003 -220 -32768 END
START -26248 -11212 28488 -4235 -603 -32768 END
START -27308 -11192 28592 -3460 -945 -32768 END
START -28044 -11496 28372 -2722 -1012 -32095 END
START -29364 -11572 28800 -1974 -1466 -29769 END
START -30228 -11448 28776 -1195 -1904 -27333 END
START -30692 -11108 28896 -399 -2486 -24827 END
START -31020 -10796 28896 432 -3145 -22246 END
START -30952 -10264 29140 1207 -3664 -19790 END
START -30648 -10020 29008 1977 -4038 -17201 END
START -30216 -9792 29056 2756 -4386 -14794 END
START -29604 -9880 29004 3630 -4575 -12471 END
START -29048 -9764 29072 4512 -4734 -10334 END
START -28088 -9840 28528 5485 -4726 -8242 END
START -27596 -9544 28084 6445 -4748 -6314 END
START -26992 -9364 27132 7274 -4855 -4421 END
START -26304 -9092 25812 8038 -4985 -2454 END
START -25588 -8884 24672 8581 -5079 -624 END
START -24816 -8596 23428 8932 -5146 1182 END
START -23740 -8324 22600 9080 -5176 2965 END
START -22516 -8016 21784 9103 -5171 4582 END