START 760 6188 15524 2780 -196 5672 END
START 4820 176 -2120 4526 1022 5735 END
START -788 6892 13872 2073 -306 5217 END
START 2288 6968 13184 2970 683 5246 END
START 2412 6308 11436 2475 -661 5037 END
START -1600 5768 15880 2176 -428 4934 END
START 1980 6272 11556 1755 -973 4718 END
START -248 5728 14448 1553 -596 4659 END
START 1532 6076 12452 1275 -854 4446 END
START 508 5956 13860 1044 -720 4447 END
START 768 5844 13808 876 -1018 4314 END
START 1104 5880 13448 703 -860 4307 END
START 700 5556 14672 654 -956 4223 END
START 616 5608 14940 647 -841 4231 END
START 1704 5816 14120 608 -842 4162 END
START 1416 5696 15280 651 -635 4080 END
START 2396 5892 14324 674 -428 4001 END
START 2608 5832 14796 662 -128 3811 END
START 2896 5928 14768 660 33 3580 END
START 2852 6100 15220 586 175 3346 END
START 2872 6180 15304 583 127 3083 END
START 2552 6128 15816 565 3 2882 END
START 2732 6104 16076 636 -159 2704 END
START 3156 6088 16284 742 -313 2515 END
START 3352 5984 16300 854 -427 2375 END
START 3740 5976 16368 961 -468 2214 END
START 4180 6044 16528 1096 -543 2142 END
START 4512 6260 16600 1169 -625 1991 END
START 5072 6352 16644 1184 -670 1844 END
START 5612 6340 16856 1275 -667 1676 END
START 6224 6164 16956 1266 -681 1466 END
START 6872 6164 16756 1324 -604 1294 END
START 7308 5964 17008 1369 -534 1082 END
START 7604 5860 16920 1439 -455 909 END
START 8288 5712 16768 1534 -344 735 END
START 8604 5744 16604 1715 -188 617 END
START 9004 5596 16112 1815 -50 526 END
START 9304 5580 15612 1914 -54 411 END
START 9748 5568 15088 1951 -125 282 END
START 10228 5400 14328 1884 -287 99 END
START 11192 5376 13788 1783 -482 -175 END
START 12064 5408 13456 1547 -774 -566 END
START 12980 5684 13112 1258 -1035 -1002 END
START 13820 5836 12724 875 -1187 -1592 END
START 14604 5856 12412 442 -1306 -2274 END
START 15360 5924 12464 -11 -1451 -3005 END
START 15924 5900 12324 -464 -1529 -3850 END
START 16548 5676 12336 -895 -1628 -4802 END
START 16812 5468 12584 -1234 -1731 -5750 END
START 16904 5204 12604 -1519 -1843 -6799 END
START 17136 4800 12652 -1744 -1957 -7776 END
START 16948 4372 12924 -1863 -2121 -8714 END
START 16596 4028 12968 -1946 -2337 -9590 END
START 16176 3772 12908 -2081 -2609 -10293 END
START 15848 3452 12956 -2184 -2897 -10954 END
START 15532 3152 13164 -2295 -3172 -11412 END
START 15156 2880 13340 -2422 -3492 -11844 END
START 14928 2612 13668 -2433 -3874 -12169 END
START 14720 2276 13592 -2464 -4335 -12513 END
START 14724 1820 13684 -2355 -4885 -12892 END
START 14844 1472 13420 -2300 -5434 -13268 END
START 15132 1192 13468 -2227 -6003 -13712 END
START 15796 1160 12836 -2259 -6387 -14177 END
START 16136 964 12820 -2390 -6730 -14714 END
START 16572 860 12604 -2585 -7007 -15321 END
START 16788 840 12484 -2820 -7215 -15957 END
START 16976 696 12468 -3091 -7289 -16619 END
START 16972 352 12496 -3311 -7353 -17249 END
START 16720 176 12460 -3524 -7445 -17862 END
START 16056 172 12636 -3667 -7599 -18448 END
START 15620 124 12492 -3824 -7762 -18931 END
START 15212 324 12180 -3980 -7873 -19434 END
START 14712 556 11908 -4216 -7888 -19868 END
START 14424 824 11792 -4474 -7811 -20297 END
START 14040 1028 11736 -4741 -7723 -20733 END
START 13900 1300 11728 -5118 -7656 -21164 END
START 13624 1548 11804 -5456 -7570 -21637 END
START 13760 1680 11736 -5854 -7555 -22186 END
START 14024 1812 11876 -6322 -7520 -22870 END
START 14080 1884 11776 -6756 -7442 -23538 END
START 14248 2136 12172 -7188 -7413 -24397 END
START 14424 2080 12272 -7604 -7381 -25310 END
START 14460 1908 13040 -7931 -7440 -26368 END
START 14304 2028 13148 -8271 -7527 -27429 END
START 13768 1908 13728 -8516 -7635 -28600 END
START 13144 1540 14624 -8652 -7863 -29759 END
START 12416 1164 15544 -8661 -8267 -31012 END
START 11340 788 16004 -8586 -8730 -32177 END
START 9996 444 16824 -8429 -9382 -32768 END
START 8592 176 17344 -8233 -10128 -32768 END
START 6944 -76 17960 -8022 -11049 -32768 END
START 5448 -312 18260 -7847 -11856 -32768 END
START 4148 -368 18596 -7695 -12765 -32768 END
START 2972 -480 19176 -7640 -13468 -32768 END
START 1956 -456 19320 -7579 -13912 -32768 END
START 848 -1424 20144 -7542 -14338 -32768 END
START -328 -2036 20748 -7490 -14589 -32768 END
START -2040 -2640 21780 -7271 -14784 -32768 END
START -3172 -2884 22212 -7008 -14673 -32768 END
START -4224 -3036 22372 -6819 -14280 -32768 END
START -5116 -3184 22284 -6529 -13459 -32768 END
START -6268 -3848 22392 -6362 -12385 -32768 END
START -7392 -3956 22656 -6097 -11204 -32768 END
START -8788 -4264 22888 -5859 -10004 -32768 END
START -10168 -4540 23012 -5607 -8895 -32768 END
START -11712 -4760 23596 -5250 -7926 -32768 END
START -13344 -4860 23860 -4890 -7206 -32768 END
START -14836 -4868 24128 -4504 -6707 -32768 END
START -16376 -4908 24396 -4133 -6441 -32768 END
START -17668 -4480 24328 -3708 -6356 -32290 END
START -18660 -4800 24416 -3335 -6329 -31118 END
START -19688 -4640 24996 -2949 -6667 -29872 END
START -20228 -5072 24512 -2434 -6784 -28571 END
START -21096 -4832 25240 -1931 -7289 -27259 END
START -21236 -4308 25272 -1289 -7444 -25805 END
START -20972 -4196 25060 -682 -7538 -24403 END
START -20644 -3880 24840 -162 -7452 -23086 END
START -20148 -3580 24404 311 -7259 -21829 END
START -19512 -3244 24276 713 -6990 -20723 END
START -19296 -3356 24164 1025 -6748 -19682 END
START -19144 -3232 23976 1454 -6572 -18661 END
START -19080 -3196 23908 1868 -6617 -17767 END
START -18832 -2720 23556 2343 -6656 -16840 END
START -18388 -2100 23108 2748 -6669 -15915 END
START -18196 -2108 22688 3138 -6652 -15155 END
START -17720 -1688 22148 3496 -6627 -14424 END
START -17432 -1508 22012 3708 -6597 -13803 END
START -16928 -1052 21780 3946 -6572 -13145 END
START -16280 -480 21328 4129 -6475 -12564 END
START -15524 -180 20968 4352 -6274 -12010 END
START -14624 -104 20884 4466 -6033 -11591 END
START -13668 120 20740 4608 -5823 -11297 END
START -12948 628 20348 4734 -5552 -11104 END
START -12156 1200 20108 4747 -5359 -10978 END
START -11408 1516 20044 4703 -5167 -10935 END
START -10736 1616 19828 4638 -5055 -10957 END
START -10292 2028 19824 4485 -4935 -11064 END
START -9676 2384 19776 4396 -4881 -11183 END
START -8960 2588 19724 4216 -4782 -11337 END
START -8072 2648 19572 4062 -4601 -11606 END
START -7200 2972 19596 3868 -4381 -11931 END
START -6440 3056 19588 3691 -4035 -12298 END
START -6448 3308 19912 3464 -3845 -12716 END
START -6276 3636 20208 3276 -3457 -13133 END
START -6260 3752 20676 3067 -3115 -13489 END
START -6620 4040 21004 2864 -2754 -13827 END
START -6804 4096 21568 2738 -2331 -14095 END
START -7092 4000 21976 2584 -1937 -14338 END
START -7480 4024 22688 2519 -1499 -14472 END
START -8104 3928 23228 2479 -1148 -14461 END
START -8916 4072 24312 2475 -826 -14335 END
START -9268 4016 25040 2530 -522 -14122 END
START -9628 4228 25800 2681 -227 -13725 END
START -9900 4236 26732 2872 235 -13341 END
START -10420 4256 27912 3074 541 -12827 END
START -10512 4184 28288 3452 1020 -12319 END
START -10536 3980 29340 3904 1474 -11769 END
START -10468 3964 30340 4495 1992 -11198 END
START -10316 3896 31028 5158 2560 -10664 END
START -9728 3656 31632 5866 3263 -10173 END
START -8796 3380 31960 6619 3995 -9769 END
START -7504 3040 32252 7433 4961 -9409 END
START -6228 2608 32364 8159 5938 -9266 END
START -5420 2392 32767 8927 6902 -9310 END
START -4840 2364 32767 9679 7711 -9498 END
START -4768 2232 32767 10443 8255 -9788 END
START -4876 1984 32767 11268 8638 -10149 END
START -5464 1560 32767 12177 8796 -10499 END
START -5972 1392 32767 13127 8654 -10790 END
START -6632 1160 32767 14161 8350 -10979 END
START -7276 804 32767 15207 7900 -11107 END
START -7828 484 32767 16292 7370 -11126 END
START -8464 192 32767 17423 6764 -11072 END
START -8888 -24 32767 18572 6167 -10915 END
START -9388 -232 32767 19772 5619 -10757 END
START -10036 -380 32767 20957 5171 -10513 END
START -10732 -360 32516 22181 4723 -10209 END
START -11096 -352 31784 23305 4449 -9802 END
START -11576 -276 31060 24370 4304 -9275 END
START -11816 -416 30280 25365 4409 -8687 END
START -12136 -428 29220 26296 4645 -7997 END
START -12512 -460 28496 27122 5037 -7226 END
START -12708 -460 27504 27873 5496 -6410 END
START -12956 -456 26528 28578 5947 -5533 END
START -12904 -448 25548 29160 6480 -4625 END
START -13040 -392 24576 29707 6882 -3735 END
START -13140 -472 23512 30141 7253 -2839 END
START -13088 -684 22764 30586 7568 -1953 END
START -13028 -772 21560 30928 7888 -1065 END
START -12884 -836 20556 31220 8238 -159 END
START -12752 -928 19524 31442 8551 730 END
START -12496 -936 18600 31602 8900 1629 END
START -12364 -968 17760 31672 9258 2508 END
START -12204 -900 16628 31672 9685 3410 END
START -11904 -792 15684 31639 10148 4302 END
START -11752 -808 14768 31567 10650 5154 END
START -11476 -856 13964 31440 11214 6041 END
START -11228 -856 13184 31245 11783 6832 END
START -11056 -920 12132 31065 12290 7675 END
START -10848 -944 11428 30806 12717 8447 END
START -10644 -944 10516 30503 13347 9142 END
START -10196 -968 9884 30137 13316 9849 END
START -9904 -948 8984 29740 13891 10501 END
START -9740 -852 8172 29290 14084 11110 END
START -9412 -936 7136 28844 14494 11685 END
START -9080 -932 6332 28303 14869 12277 END
START -8956 -940 5420 27775 15271 12941 END
START -8876 -1124 4532 27162 15695 13387 END
START -8768 -1060 3636 26474 16158 13974 END
START -8676 -1004 2688 25746 16598 14566 END
START -8632 -836 1188 24882 17154 15178 END
START -8888 -856 412 23980 17620 15823 END
START -8888 -488 -192 23089 17980 16428 END
START -8984 -340 -1176 22099 18324 17030 END
START -8960 -436 -2164 21127 18503 17705 END
START -9176 -448 -2844 20065 18562 18343 END
START -8844 -220 -3948 19069 18510 19003 END
START -9208 -780 -5280 17918 18617 19704 END
START -8912 -480 -6148 16879 18167 20395 END
START -9336 -588 -6160 15733 17463 21088 END
START -9056 -940 -7964 14558 16336 21718 END
START -7776 -704 -10860 12809 17204 22202 END
START -8712 -496 -10064 11030 17563 22715 END
START -9764 -364 -9536 9283 17320 23602 END
START -9852 -392 -10132 7912 16780 24526 END
START -9120 -392 -10948 6381 16546 25508 END
START -8992 -648 -11372 4839 16744 26471 END
START -8864 -704 -11144 3478 16676 27461 END
START -8732 -432 -11144 1804 17448 28298 END
START -8612 -540 -10456 261 17083 29120 END
START -7772 -632 -11088 -1320 17587 29870 END
START -7504 -796 -10220 -2737 17825 30712 END
START -6864 -1192 -10048 -3976 17973 31526 END
START -5684 -1600 -9632 -5152 18070 32365 END
START -4500 -1796 -9620 -6242 18293 32767 END
START -3048 -1712 -9272 -7359 18557 32767 END
START -1856 -1784 -8796 -8307 18768 32767 END
START -608 -1632 -8552 -9312 19065 32767 END
START 428 -2028 -8160 -10169 19279 32767 END
START 1284 -1952 -7892 -11013 19487 32767 END
START 1904 -1860 -7452 -11858 19532 32767 END
START 2380 -1820 -7424 -12620 19462 32767 END
START 3088 -1600 -7300 -13399 19299 32767 END
START 3504 -1436 -6924 -14216 19001 32767 END
START 3780 -1588 -6700 -14571 18607 32767 END
START 3988 -1636 -6296 -15402 18024 32544 END
START 4204 -1900 -5804 -15844 17274 32204 END
START 4728 -1912 -5888 -16224 16405 31890 END
START 5492 -1908 -5784 -16609 15488 31594 END
START 6392 -1868 -5956 -16963 14759 31287 END
START 7484 -1684 -6100 -17375 14123 30929 END
START 8348 -1572 -6300 -17787 13629 30518 END
START 9212 -1332 -6388 -18288 13088 29988 END
START 9972 -1264 -6436 -18911 13042 29415 END
START 10648 -1224 -6392 -19548 12650 28712 END
START 10952 -1184 -6252 -20220 12423 27943 END
START 10912 -1180 -6112 -20944 12185 27255 END
START 10760 -1228 -5932 -21595 11992 26491 END
START 10392 -1244 -5792 -22253 11685 25864 END
START 10136 -1308 -5560 -22910 11383 25368 END
START 9968 -1312 -5464 -23457 11065 25023 END
START 10152 -1172 -5132 -24120 10751 24709 END
START 10328 -1068 -5032 -24861 10552 24447 END
START 10352 -1120 -4412 -25571 10310 24202 END
START 10376 -1168 -3748 -26339 10043 24027 END
START 10504 -1412 -2916 -27037 9759 23862 END
START 10724 -1460 -2272 -27712 9752 23724 END
START 10596 -1096 -1280 -28262 9572 23686 END
START 10788 -1216 -852 -28822 9538 23632 END
START 11032 -1336 24 -29290 9538 23702 END
START 11572 -1396 804 -29669 9614 23723 END
START 12404 -1456 1420 -30114 9782 23795 END
START 13208 -1564 2372 -30483 10058 23852 END
START 14200 -1784 3136 -30854 10409 23826 END
START 14996 -2008 3900 -31240 10816 23705 END
START 15796 -2180 4844 -31540 11220 23488 END
START 16872 -2460 5800 -31823 11605 23193 END
START 18988 -2512 6692 -32161 12201 22801 END
START 21176 -2652 7364 -32513 13053 22284 END
START 23260 -2564 8264 -32768 14385 21505 END
START 25132 -2664 9180 -32768 15612 20492 END
START 26716 -2464 10516 -32768 16834 19087 END
START 27896 -2364 12120 -32768 17655 17398 END
START 29140 -2456 13204 -32768 18465 15517 END
START 29664 -2524 14992 -32768 18798 13453 END
START 30084 -2604 16272 -32768 19080 11397 END
START 29976 -2392 17676 -32768 19027 9327 END
START 29624 -2444 19560 -32768 18810 7177 END
START 29120 -2348 20908 -32768 18304 5130 END
START 28304 -2432 22288 -32768 17567 3170 END
START 27608 -2600 23260 -32768 16721 1427 END
START 27172 -2716 24012 -32690 15794 -256 END
START 26424 -2804 25072 -32050 14831 -1812 END
START 25872 -2796 25992 -31484 13896 -3211 END
START 25208 -2900 26768 -30855 12748 -4569 END
START 25088 -2980 27276 -30171 12211 -5827 END
START 24816 -3028 28188 -29450 11471 -7109 END
START 24588 -3232 28676 -28649 10984 -8265 END
START 24704 -3432 29284 -27892 10731 -9486 END
START 24704 -3512 29504 -27058 10757 -10719 END
START 24532 -3660 29728 -26243 10954 -11960 END
START 23948 -3520 30500 -25414 11142 -13170 END
START 23596 -3512 30876 -24620 11368 -14271 END
START 23180 -3612 31216 -23721 11670 -15449 END
START 22932 -3760 31644 -22750 11958 -16516 END
START 22956 -3968 31876 -21762 12231 -17501 END
START 23120 -4188 32388 -20674 12548 -18646 END
START 23148 -4536 32616 -19595 12651 -19807 END
START 23656 -4908 32680 -18409 12689 -21081 END
START 23972 -5176 32767 -17272 12666 -22508 END
START 24048 -5312 32767 -16070 12456 -24023 END
START 23844 -5512 32612 -14744 12161 -25678 END
START 23488 -5752 32392 -13812 11657 -27399 END
START 22996 -6072 31864 -12633 11120 -29100 END
START 22284 -6108 31232 -11652 10469 -30765 END
START 21460 -6268 30668 -10737 9762 -32470 END
START 20420 -6464 30132 -10000 8973 -32768 END
START 19116 -6624 29668 -9252 8130 -32768 END
START 17488 -7136 29080 -8631 7106 -32768 END
START 15700 -7284 28436 -7926 6001 -32768 END
START 14084 -7196 27744 -7326 4895 -32768 END
START 12632 -7080 26992 -6871 3861 -32768 END
START 11156 -6524 26328 -6554 2852 -32768 END
START 9856 -6396 25492 -6418 2015 -32768 END
START 8600 -6192 25252 -6345 1264 -32768 END
START 7464 -6108 24944 -6417 713 -32768 END
START 6348 -6152 24752 -6501 291 -32768 END
START 5292 -6368 24836 -6579 78 -32768 END
START 4200 -6540 24752 -6609 23 -32768 END
START 3236 -6624 24736 -6577 65 -32768 END
START 2548 -6824 25120 -6522 234 -32768 END
START 1864 -6996 25380 -6381 507 -32768 END
START 1268 -7420 25512 -6144 819 -32768 END
START 776 -8020 25420 -5874 1229 -32768 END
START 284 -8496 25796 -5556 1567 -32768 END
START -132 -8692 25960 -5310 2014 -32768 END
START -188 -8924 25880 -5041 2431 -32768 END
START -568 -9148 26420 -4754 2839 -32768 END
START -1552 -9236 26720 -4486 3139 -32768 END
START -2720 -9364 27236 -4159 3202 -32768 END
START -4076 -9456 27408 -3786 3079 -32768 END
START -5688 -9448 27796 -3310 2627 -32768 END
START -7348 -9664 28180 -2772 1926 -32768 END
START -9080 -9724 28460 -2148 1003 -32768 END
START -10760 -9832 28444 -1517 7 -32768 END
START -12384 -10020 29024 -826 -1205 -32768 END
START -14052 -9796 29156 -235 -2450 -32768 END
START -15368 -9928 29664 472 -3766 -32768 END
START -16816 -9756 30000 1111 -4758 -32768 END
START -18192 -9920 30576 1801 -5734 -32768 END
START -19884 -10072 31000 2685 -6338 -32768 END
START -21404 -10600 31168 3688 -6764 -32768 END
START -23036 -10944 31428 4815 -7056 -32768 END
START -24620 -11364 31440 6020 -7185 -32768 END
START -26456 -11580 31392 7309 -7463 -32768 END
START -27992 -11608 31296 8645 -7628 -32768 END
START -29552 -11808 30648 9844 -8001 -32768 END
START -30816 -11988 29664 11007 -8222 -32764 END
START -32256 -12060 28424 12008 -8389 -30867 END
START -32768 -12228 27112 12799 -8438 -28878 END
START -32768 -12108 25844 13407 -8450 -26789 END
START -32768 -11960 24688 13737 -8458 -24481 END
START -32768 -11536 23272 13909 -8422 -22206 END
START -32768 -11076 21988 13879 -8312 -19838 END
START -32768 -10700 21092 13612 -8169 -17489 END
START -32768 -10152 19768 13262 -7891 -15167 END
START -32768 -9628 18784 12710 -7545 -12809 END
START -32768 -9116 18076 12122 -7119 -10573 END
START -32768 -8780 17536 11479 -6709 -8424 END
START -32768 -8364 17168 10845 -6338 -6398 END
START -32768 -8236 16604 10265 -6056 -4316 END
START -32768 -7920 16364 9764 -5832 -2371 END
START -31944 -7636 16056 9272 -5616 -552 END
START -31060 -7204 15636 8880 -5404 1180 END
START -29980 -6820 15412 8407 -5157 2852 END
START -28952 -6384 15240 7899 -4952 4399 END
START -27916 -6152 15176 7470 -4735 5836 END
START -26648 -5860 14824 7035 -4494 7161 END
START -25480 -5496 14916 6572 -4303 8391 END
START -24396 -5352 15092 6185 -4138 9612 END
START -23172 -5028 15068 5790 -4045 10739 END
START -22076 -4776 15252 5532 -4003 11776 END
START -20600 -4504 15400 5319 -3959 12781 END
START -18496 -4220 15456 5166 -3850 13534 END
START -16720 -3992 15600 5061 -3737 14245 END
START -14860 -3764 15700 5044 -3556 14793 END
START -12964 -3500 15864 4983 -3306 15152 END
START -11068 -3232 15928 4984 -3027 15322 END
START -9184 -3012 15964 5026 -2697 15307 END
START -7600 -2556 16008 5024 -2299 15129 END
START -6356 -2212 15704 5093 -1888 14846 END
START -5272 -1680 15776 5164 -1624 14476 END
START -4300 -1240 15500 5246 -1502 14088 END
START -3472 -940 15688 5295 -1525 13622 END
START -2532 -636 15260 5370 -1655 13196 END
START -1764 -208 15084 5395 -1789 12487 END
START -1008 16 15048 5409 -1846 12279 END
START -344 276 14964 5449 -1855 11534 END
START 148 512 14700 5434 -1889 11022 END
START 436 816 14608 5547 -1873 10451 END