START 24508 -8816 15116 -431 -31177 23465 END
START 27568 -12676 11628 2243 -32768 24417 END
START 27968 -13040 15404 4381 -32768 24009 END
START 32767 -11824 17652 4877 -32768 20108 END
START 32767 -10688 16188 5355 -30163 11874 END
START 32767 -12360 16332 6508 -22896 3782 END
START 32767 -12884 16172 7718 -19589 -1988 END
START 32767 -14224 17236 9271 -16665 -8101 END
START 32767 -14912 18216 10820 -14245 -14514 END
START 32767 -14760 19424 13392 -11840 -21676 END
START 32767 -16760 17912 16002 -9718 -28490 END
START 32767 -17484 15508 16644 -2586 -32768 END
START 30184 -18504 13808 17451 3742 -32768 END
START 24560 -18740 10884 18852 5309 -32768 END
START 22620 -17960 7964 19909 4121 -32768 END
START 22356 -16872 5540 20613 3474 -32768 END
START 21408 -17020 3208 21127 3393 -32768 END
START 20236 -17512 -984 20306 5667 -32768 END
START 18516 -19912 -6908 16498 11230 -32768 END
START 12844 -18008 -7972 11922 15454 -32768 END
START 12420 -15272 -8360 7969 19257 -32768 END
START 13092 -14108 -6512 6112 21494 -32768 END
START 14372 -12956 -8116 4181 25007 -32768 END
START 10216 -13624 -8848 1686 26673 -32768 END
START 5924 -14348 -8260 991 23802 -32768 END
START -2044 -13344 -7416 1281 19172 -32768 END
START -6596 -9292 -2888 707 12002 -32768 END
START -9696 -7948 -5344 -3061 8001 -32768 END
START -11900 -5076 -3276 -6319 6814 -32768 END
START -16624 -5900 948 -10365 8758 -32768 END
START -31184 -8064 9288 -9225 1961 -32768 END
START -32768 -8568 15768 -3603 -9538 -29474 END
START -32768 -7092 17264 2889 -12674 -12951 END
START -32768 -4996 14284 3579 -5736 -1245 END
START -31488 -3872 12352 2053 1521 4864 END
START -31576 -3220 11432 1310 3855 9666 END
START -31116 -2556 10708 2070 2261 14897 END
START -29888 -2360 9668 3731 -271 21331 END
START -27536 -2484 8080 5632 -2518 28182 END
START -23332 -2464 5144 6729 -4004 32767 END
START -17612 -2900 2172 5506 -3287 32767 END
START -13044 -3804 -316 3024 -1795 32767 END
START -8544 -6532 -2040 498 -1106 32767 END
START -6184 -7308 -4756 -2626 -2087 32767 END
START -1136 -8532 -7032 -7360 -4159 32767 END
START 6816 -9188 -6964 -12190 -5755 32767 END
START 15068 -9112 -2532 -15433 -7865 32767 END
START 26868 -6156 932 -13878 -9408 32767 END
START 32767 -2928 -660 -13226 -9631 32767 END
START 32767 -768 -176 -14969 -10681 28949 END
START 32767 136 2152 -16936 -7950 22162 END
START 32767 1556 5484 -17837 -4527 17353 END
START 32767 5540 6820 -18433 867 9013 END
START 32767 8580 7432 -19352 4905 -2966 END
START 32767 9324 8000 -19979 3887 -17106 END
START 32767 7636 9212 -20554 -1278 -28976 END
START 32767 5156 11548 -22535 -959 -32768 END
START 32767 2776 13536 -26385 10507 -32768 END
START 27932 -488 15096 -29594 23460 -32768 END
START 20484 -3796 16480 -28657 23685 -32768 END
START 14860 -7432 20136 -23528 10100 -32768 END
START 14432 -9508 21060 -16792 -2162 -32768 END
START 9092 -12988 18336 -15491 369 -32768 END
START -3728 -16960 18072 -18673 8034 -32768 END
START -19100 -20456 26360 -14924 8590 -32768 END
START -24380 -17268 26988 -7744 3813 -32768 END