START 19252 -9632 29756 -5918 -9429 6221 END
START 15424 -16336 28456 -3562 -10404 6665 END
START 7532 -18572 32767 -270 -12741 8117 END
START 12892 -17984 32767 4631 -12514 8859 END
START 12940 -17688 32767 10044 -12945 7273 END
START 13456 -17792 32767 15176 -16374 4788 END
START 16320 -18356 32767 20667 -14815 1891 END
START 15960 -20272 32767 25321 -11417 -43 END
START 13168 -22812 32767 30925 -10553 -1853 END
START 9996 -24764 32767 32767 -12244 -3159 END
START 9696 -25228 32767 32767 -14229 -4428 END
START 9456 -25044 27796 32767 -12204 -5391 END
START 13028 -24148 23688 32767 -8030 -6940 END
START 13072 -23336 18968 32767 -5621 -10363 END
START 13936 -21232 11464 32767 -5856 -13417 END
START 16444 -19384 5096 32767 -6403 -17514 END
START 17584 -17280 1184 32767 -7959 -21925 END
START 17612 -16032 -896 32767 -6810 -27039 END
START 19324 -15108 -4128 32767 -1046 -32190 END
START 15664 -15468 -6088 32767 7772 -32768 END
START 13788 -14800 -9716 32767 13011 -32768 END
START 13728 -12060 -16356 29607 15414 -32768 END
START 12292 -9304 -20348 20952 12306 -32768 END
START 9900 -8584 -15116 15008 6855 -32768 END
START 6936 -7444 -12488 11691 4032 -32768 END
START -164 -7268 -11860 8121 4980 -32768 END
START -6460 -5752 -12100 3045 6843 -32768 END
START -13780 -5372 -8444 -4720 7182 -32768 END
START -24136 -6808 -676 -9377 3323 -32768 END
START -32768 -8920 8212 -9166 644 -32768 END
START -32768 -9252 15748 -6737 2591 -29189 END
START -32768 -10712 19384 -1829 4670 -14731 END
START -32768 -10752 17476 3435 3452 -305 END
START -32768 -9592 13648 6762 1001 11398 END
START -32768 -7572 9380 8228 342 20272 END
START -31736 -5756 6108 8050 727 26976 END
START -28060 -5000 2848 7455 887 32767 END
START -24392 -4680 244 6432 -77 32767 END
START -19972 -5024 -1924 4932 -1038 32767 END
START -14508 -6716 -4496 2434 -2943 32767 END
START -5908 -6780 -8700 -1275 -6506 32767 END
START 344 -7836 -10384 -6849 -7968 32767 END
START 6288 -7760 -8428 -12389 -7863 32767 END
START 14008 -7672 -2736 -14768 -8130 32767 END
START 22764 -4728 -972 -15008 -7300 32767 END
START 30864 -1740 -40 -15883 -9038 32767 END
START 32767 1872 1784 -16732 -11533 32767 END
START 32767 5624 5360 -16554 -14361 23691 END
START 32767 10880 7468 -16069 -12225 9775 END
START 32767 12268 9576 -15557 -7391 -3797 END
START 32767 13244 7156 -15999 847 -15949 END
START 32767 10912 5640 -19021 10366 -28285 END
START 32767 5308 7896 -21083 17488 -32768 END
START 32767 1576 9684 -21023 18296 -32768 END
START 25640 -3212 10436 -21621 17755 -32768 END
START 17488 -8032 12068 -21853 15990 -32768 END
START 7716 -14936 14104 -19098 11575 -32768 END
START -696 -17288 20636 -17498 5930 -32768 END
START -11364 -19232 23492 -12978 5345 -32768 END
START -23364 -19584 22612 -10056 4240 -32768 END
START -30340 -16976 22816 -7744 2868 -32768 END
START -32104 -17176 23572 -6456 3047 -29351 END
START -32768 -17252 25248 -3475 1860 -20028 END
START -32768 -15912 24488 1452 -2263 -10917 END