START 5944 520 17928 -6448 1649 5081 END
START 8928 -5016 4188 -5154 2766 5228 END
START 6696 2356 17448 -7755 2748 5280 END
START 8280 -140 16368 -6929 3619 5295 END
START 5528 -380 18368 -7847 3031 5182 END
START 7100 200 16200 -8422 2897 5106 END
START 4700 -340 18936 -9177 2011 4975 END
START 6372 -136 18344 -9962 1020 4798 END
START 6020 -412 20020 -10736 -119 4508 END
START 6848 -816 20384 -11527 -895 4156 END
START 7280 -872 21208 -12061 -1269 3799 END
START 7260 -1164 22196 -12452 -1539 3472 END
START 6964 -1864 24780 -12537 -1770 3223 END
START 6364 -2416 26876 -12425 -2165 3027 END
START 6144 -3012 28260 -12011 -2514 2877 END
START 5920 -3216 29444 -11351 -2920 2723 END
START 5220 -3248 30908 -10531 -3311 2652 END
START 4696 -3420 31888 -9675 -3864 2629 END
START 4508 -3564 32767 -8815 -4401 2656 END
START 4176 -3824 32767 -7988 -4907 2731 END
START 3956 -4088 32767 -7105 -5496 2829 END
START 3696 -4500 32767 -6117 -6118 3018 END
START 3628 -4788 32767 -5166 -6842 3155 END
START 3576 -4988 32767 -4132 -7537 3313 END
START 3732 -5208 32767 -2991 -8208 3521 END
START 4124 -5380 32767 -1846 -8799 3659 END
START 5028 -5512 32767 -767 -9254 3799 END
START 5704 -5784 32767 246 -9543 3822 END
START 6660 -6132 32767 1133 -9704 3853 END
START 7360 -6308 32767 1896 -9776 3808 END
START 8372 -6528 32767 2571 -9746 3669 END
START 9388 -6948 32767 3226 -9655 3501 END
START 9956 -7152 32767 3837 -9497 3231 END
START 10808 -7364 32767 4580 -9324 2898 END
START 11344 -7572 32767 5351 -9033 2513 END
START 11708 -7884 32767 6216 -8703 2109 END
START 12216 -8108 32767 7189 -8367 1675 END
START 12440 -8376 32767 8223 -8000 1172 END
START 12564 -8420 32767 9405 -7642 686 END
START 12948 -8420 32767 10583 -7331 117 END
START 13140 -8828 32767 11804 -7020 -442 END
START 13124 -9016 32767 13096 -6848 -1094 END
START 12916 -9224 32767 14462 -6817 -1779 END
START 12444 -9464 32767 15886 -6878 -2393 END
START 11932 -9528 32767 17373 -7080 -2984 END
START 11280 -9588 32767 18801 -7488 -3428 END
START 10620 -9876 32767 20271 -7885 -3870 END
START 10048 -10040 32767 21717 -8343 -4198 END
START 9860 -10068 32767 23052 -8940 -4501 END
START 9536 -10088 32767 24281 -9536 -4666 END
START 9684 -9996 32767 25325 -10103 -4914 END
START 9964 -10032 32767 26235 -10552 -5125 END
START 10292 -10124 32767 27085 -10826 -5403 END
START 10936 -10008 31924 27853 -10921 -5692 END
START 11776 -10084 30724 28631 -10859 -6030 END
START 12616 -10100 30000 29340 -10627 -6511 END
START 13080 -10184 28928 30022 -10335 -7013 END
START 13664 -10156 27588 30749 -10017 -7644 END
START 13824 -10272 26544 31441 -9697 -8252 END
START 14012 -10200 25608 32144 -9491 -8915 END
START 13772 -10328 24672 32730 -9377 -9531 END
START 13808 -10444 23472 32767 -9266 -10208 END
START 13624 -10284 22292 32767 -9106 -10880 END
START 13488 -10060 21288 32767 -8944 -11474 END
START 13436 -10264 20080 32767 -8683 -12074 END
START 13688 -10168 18680 32767 -8335 -12590 END
START 13720 -10156 17868 32767 -7910 -13097 END
START 13956 -10224 17120 32767 -7464 -13522 END
START 14244 -10152 16228 32767 -6920 -14003 END
START 14540 -9944 15132 32767 -6215 -14483 END
START 14984 -10036 14168 32767 -5473 -15050 END
START 15028 -10124 13252 32767 -4713 -15633 END
START 14944 -10132 12412 32767 -4122 -16173 END
START 14724 -10428 10764 32767 -3691 -16695 END
START 14504 -10532 9328 32767 -3453 -17120 END
START 14500 -10600 7688 32767 -3254 -17537 END
START 14652 -10532 5896 32767 -3226 -17917 END
START 15012 -10336 4752 32767 -3149 -18450 END
START 15292 -10104 3252 32767 -3241 -19056 END
START 15600 -9808 2136 32767 -3293 -19716 END
START 15908 -9868 908 32767 -3437 -20433 END
START 16092 -10016 32 32767 -3589 -21239 END
START 15972 -10212 -712 32767 -3879 -22001 END
START 15980 -10224 -1484 32767 -4265 -22888 END
START 15696 -9996 -2140 32331 -4652 -23682 END
START 15248 -9728 -2940 31477 -5062 -24552 END
START 14796 -9544 -3352 30644 -5472 -25445 END
START 14288 -9292 -4268 29803 -5858 -26291 END
START 13896 -8884 -4724 28885 -6197 -27128 END
START 13484 -8788 -5352 27806 -6349 -27963 END
START 12976 -8520 -5864 26758 -6382 -28707 END
START 12396 -8400 -6224 25574 -6195 -29421 END
START 11824 -8092 -6084 24447 -6013 -30071 END
START 11344 -7972 -5808 23330 -5808 -30655 END
START 10800 -7924 -5784 22322 -5592 -31169 END
START 10096 -7948 -5552 21459 -5326 -31699 END
START 9780 -7944 -5344 20712 -4886 -32200 END
START 9692 -7828 -5688 20045 -4210 -32667 END
START 9884 -7608 -5960 19409 -3229 -32768 END
START 10268 -7472 -6440 18676 -2091 -32768 END
START 10472 -7060 -7036 17862 -848 -32768 END
START 10196 -6876 -7408 16979 316 -32768 END
START 9468 -6776 -7484 16066 1353 -32768 END
START 8692 -6728 -7268 15116 2116 -32768 END
START 7576 -6520 -7268 14152 2681 -32768 END
START 6292 -6244 -6944 13304 3055 -32768 END
START 5120 -5824 -6624 12554 3276 -32768 END
START 3812 -5468 -6304 11927 3353 -32768 END
START 2608 -5112 -6008 11386 3258 -32768 END
START 1484 -4676 -5676 10904 3061 -32768 END
START 416 -4108 -5600 10544 2666 -32768 END
START -644 -3552 -5244 10238 2196 -32768 END
START -1660 -3080 -5364 9860 1557 -32768 END
START -2448 -2496 -5448 9437 814 -32768 END
START -3208 -2232 -5320 8999 -79 -32768 END
START -3860 -1696 -5444 8502 -966 -32768 END
START -4588 -1552 -5380 7970 -1933 -32768 END
START -5824 -848 -5296 7357 -3076 -32768 END
START -6396 -576 -5252 6718 -4177 -32768 END
START -7396 40 -5252 5940 -5332 -32768 END
START -7812 644 -5308 5121 -6272 -32768 END
START -8340 1396 -5504 4254 -6919 -32768 END
START -8504 1960 -5524 3225 -7225 -32254 END
START -8812 2464 -5216 2134 -7288 -31661 END
START -8744 3036 -4964 980 -7050 -31089 END
START -8772 3440 -4736 -252 -6562 -30537 END
START -8952 3672 -4380 -1479 -5889 -30014 END
START -9320 3856 -3864 -2759 -5051 -29594 END
START -9872 4072 -3100 -3948 -4175 -29087 END
START -10488 4104 -2204 -5064 -3333 -28651 END
START -11168 4060 -1348 -6150 -2543 -28187 END
START -12036 4028 -144 -7115 -1810 -27734 END
START -13020 4116 900 -8021 -1189 -27175 END
START -14052 4280 1960 -8697 -687 -26657 END
START -15076 4368 2712 -9374 -230 -26029 END
START -16556 4072 4032 -9997 326 -25261 END
START -18012 3984 5084 -10624 772 -24332 END
START -19544 3744 6124 -11093 1148 -23265 END
START -20740 3476 7368 -11500 1524 -22049 END
START -21724 3576 8668 -11712 1736 -20738 END
START -23076 3216 10144 -11805 2069 -19307 END
START -25216 3148 12836 -11782 1977 -17693 END
START -26284 3104 14832 -11622 1490 -15978 END
START -26500 3000 16740 -11398 678 -14286 END
START -26396 2776 17584 -10988 340 -12801 END
START -26976 1904 19360 -10186 216 -11271 END
START -28000 1088 21040 -9243 -31 -9598 END
START -29184 732 23056 -8142 -820 -7829 END
START -30072 532 24100 -6934 -1482 -6001 END
START -30932 476 24732 -5606 -1996 -3977 END
START -31988 520 25528 -4223 -2231 -1844 END
START -32588 856 26580 -2731 -2799 635 END
START -32240 908 27288 -1314 -3688 2967 END
START -31916 528 26740 228 -3952 5142 END
START -31632 372 26984 1692 -4211 7280 END
START -31176 152 27244 3320 -4723 9488 END
START -30416 -60 26988 4931 -5222 11616 END
START -29216 -228 26404 6410 -5734 13654 END
START -27976 -436 25668 7897 -6242 15635 END
START -26620 -380 24616 9191 -6679 17463 END
START -25096 -436 23244 10408 -7091 19151 END
START -23392 -396 22152 11481 -7300 20813 END
START -21964 -252 20848 12342 -7441 22241 END
START -20536 -312 19868 13007 -7567 23651 END
START -18948 -372 18796 13520 -7657 24811 END
START -17448 -456 17832 13930 -7659 25949 END
START -15964 -488 17008 14176 -7538 26895 END
START -14796 -256 16040 14376 -7290 27841 END
START -13456 -260 15068 14500 -6811 28654 END
START -12644 168 14096 14551 -6275 29493 END
START -11512 376 13204 14555 -5519 30258 END
START -10656 640 12476 14487 -4823 30977 END
START -9804 820 11420 14333 -4030 31683 END
START -9052 748 10620 14090 -3404 32326 END
START -8316 712 9972 13786 -2789 32767 END
START -7804 476 9272 13383 -2359 32767 END
START -7220 380 8676 12959 -2018 32767 END
START -6900 476 8272 12509 -1824 32767 END
START -6396 524 7976 12123 -1690 32767 END
START -5600 628 7344 11803 -1549 32767 END
START -4760 524 6720 11503 -1366 32767 END
START -3604 448 5732 11207 -1078 32767 END
START -2264 264 4964 10800 -777 32767 END
START -852 116 4232 10411 -428 32767 END
START 628 196 3132 9885 -57 32767 END
START 1996 212 2176 9253 404 32767 END
START 3232 348 1492 8505 751 32767 END
START 3964 488 840 7621 1041 32767 END
START 5100 464 0 6740 1188 32767 END
START 6424 864 -1052 5830 1193 32767 END
START 7860 1008 -1964 4732 1208 32767 END
START 9008 1420 -2876 3624 1277 32767 END
START 10328 2024 -3780 2291 1426 32767 END
START 11392 2476 -4628 802 1706 32767 END
START 12528 2920 -5256 -733 2090 32767 END
START 13472 3380 -5544 -2336 2576 32767 END
START 14484 3704 -5472 -3962 3086 32767 END
START 15632 3908 -5324 -5452 3646 32767 END
START 16672 4040 -4896 -6914 4240 32418 END
START 18380 4352 -4540 -8174 4727 31501 END
START 20020 4756 -3784 -9464 5315 30416 END
START 21484 5104 -3280 -10456 5862 28951 END
START 22876 5460 -2412 -11352 6397 27338 END
START 23464 5592 -1724 -11975 6739 25528 END
START 23144 5720 -720 -12527 6774 23624 END
START 22060 5684 -120 -12717 6461 21904 END
START 20948 6048 268 -12824 5749 20507 END
START 20000 6404 272 -12931 4863 19376 END
START 19104 6848 -128 -13129 3994 18465 END
START 18384 7452 -616 -13448 3234 17764 END
START 17996 7632 -720 -13885 2558 17232 END
START 17752 7780 -928 -14525 1905 16851 END
START 17556 7844 -884 -15019 1350 16468 END
START 17808 7960 -392 -15654 881 16088 END
START 17908 7920 -64 -16230 631 15723 END
START 18072 7920 632 -16656 434 15368 END
START 18408 7808 908 -17016 384 15028 END
START 18800 7864 1384 -17319 519 14711 END
START 19416 8032 1608 -17576 858 14416 END
START 20196 7992 1944 -17969 1376 14070 END
START 20872 7956 2280 -18341 1971 13673 END
START 21464 7972 2772 -18766 2627 13204 END
START 21796 7980 3336 -19170 3281 12609 END
START 22112 7880 4228 -19591 3867 12302 END
START 22128 7672 4728 -19866 4285 11721 END
START 22520 7508 5344 -20107 4662 11258 END
START 22928 7408 5828 -20243 5029 10756 END
START 23784 7508 6444 -20515 5498 10245 END
START 25088 7604 7152 -20690 5910 9624 END
START 26676 7644 8016 -20927 6454 8914 END
START 28352 7824 9100 -21165 6921 7949 END
START 30252 7924 9880 -21282 7452 6689 END
START 31656 7784 11080 -21396 7762 5224 END
START 32767 7820 11756 -21375 8147 3529 END
START 32767 7996 12692 -21197 8382 1664 END
START 32767 7808 13312 -21040 8606 -375 END
START 32767 7796 13716 -20834 8729 -2407 END
START 32767 7708 14152 -20628 8768 -4447 END
START 32767 7716 13576 -20573 9042 -6399 END
START 32767 7672 14744 -20521 9109 -8397 END
START 32767 7684 13920 -20669 9332 -10200 END
START 32767 7704 14708 -20934 9705 -12014 END
START 32767 7528 15192 -21215 10010 -13774 END
START 32767 7076 15992 -21517 10261 -15629 END
START 32744 6760 16496 -21814 10475 -17369 END
START 32084 6504 16844 -22029 10694 -19015 END
START 31408 6240 17788 -22230 10978 -20606 END
START 30832 6000 18300 -22356 11249 -22169 END
START 30480 5692 18604 -22422 11648 -23750 END
START 29744 5192 19312 -22420 12133 -25298 END
START 29068 4912 19960 -22360 12487 -26819 END
START 28128 4292 20412 -22245 12805 -28450 END
START 27428 3984 20800 -22113 13366 -30034 END
START 26428 3680 21268 -21918 13812 -31604 END
START 25072 3316 21404 -21721 14133 -32768 END
START 23788 2764 21628 -21419 14446 -32768 END
START 22520 2256 21916 -21175 14535 -32768 END
START 21340 1820 22124 -20803 14544 -32768 END
START 20052 1168 22196 -20414 14553 -32768 END
START 18464 352 21828 -19979 14585 -32768 END
START 17136 -164 21528 -19572 14631 -32768 END
START 15680 -656 21340 -19214 14620 -32768 END
START 14172 -1392 21084 -18898 14522 -32768 END
START 12616 -1968 20692 -18675 14313 -32768 END
START 11056 -2732 20212 -18523 14037 -32768 END
START 9840 -3452 19936 -18376 13656 -32768 END
START 8440 -4276 19840 -18278 13358 -32768 END
START 6916 -5160 19760 -18185 13016 -32768 END
START 4444 -6096 20308 -18154 12972 -32768 END
START 2580 -6856 20940 -18017 12121 -32768 END
START 444 -7492 21396 -17784 11478 -32768 END
START -1720 -8240 22344 -17513 10741 -32768 END
START -3900 -8724 23040 -17034 9995 -32768 END
START -6168 -9168 23844 -16454 9197 -32768 END
START -8376 -9408 24636 -15705 8418 -32768 END
START -10480 -9692 25320 -14622 7609 -32768 END
START -12336 -9760 25644 -14118 6723 -32768 END
START -14088 -10160 25816 -12935 5945 -32768 END
START -15820 -10276 26328 -11893 5169 -32768 END
START -17244 -10496 26472 -10866 4473 -32768 END
START -18372 -10708 26592 -9826 3901 -32768 END
START -19740 -10756 26680 -8812 3307 -32768 END
START -20648 -10492 26744 -7784 2733 -32768 END
START -21304 -10124 26724 -6753 2186 -32297 END
START -22012 -10532 26164 -5823 1971 -30531 END
START -23168 -11072 26496 -4994 1729 -28624 END
START -24604 -11112 26628 -4080 1336 -26562 END
START -26188 -10252 26964 -2982 572 -24298 END
START -26428 -9844 26424 -1878 77 -22057 END
START -26708 -9424 26316 -843 -364 -19804 END
START -26580 -9152 25980 183 -655 -17544 END
START -26392 -8988 25464 1195 -816 -15388 END
START -26088 -8740 24796 2129 -887 -13221 END
START -25792 -8524 24212 2950 -997 -11262 END
START -25108 -8208 23500 3626 -1097 -9393 END
START -24468 -8020 23076 4163 -1209 -7617 END
START -23816 -7756 22276 4666 -1353 -5902 END
START -23184 -7528 21636 5039 -1446 -4302 END
START -22480 -7296 20736 5337 -1555 -2761 END
START -21756 -6952 20292 5584 -1660 -1203 END
START -20996 -6632 19784 5786 -1677 206 END