START 3400 -2164 22872 -3929 -696 1528 END
START 8256 -8416 7932 -2332 693 1871 END
START 2412 -2676 23668 -3836 182 1655 END
START 5848 -2784 19212 -2698 1251 1673 END
START 960 -3284 24900 -3116 279 1603 END
START 4452 -2536 20500 -2752 31 1653 END
START 2556 -2704 23160 -2811 -669 1508 END
START 4216 -3008 21232 -2535 -763 1502 END
START 4160 -2996 21304 -2353 -1215 1338 END
START 3828 -3196 21296 -2067 -1725 1204 END
START 3300 -3284 22112 -1774 -2501 1059 END
START 4212 -3112 21212 -1523 -3361 816 END
START 3632 -3256 21732 -1272 -4066 627 END
START 4128 -3264 21308 -1097 -4847 475 END
START 4148 -3252 21320 -874 -5484 273 END
START 4116 -3080 21596 -710 -5970 114 END
START 4220 -2948 21284 -538 -6379 -122 END
START 4244 -2888 21244 -397 -6601 -270 END
START 4088 -2948 21536 -213 -6848 -508 END
START 3944 -3104 21480 -62 -6934 -638 END
START 3440 -3408 21836 46 -7097 -756 END
START 3268 -3316 22204 177 -7279 -786 END
START 2848 -3336 22444 297 -7430 -739 END
START 2700 -3308 22700 451 -7586 -585 END
START 2404 -3344 23136 564 -7598 -387 END
START 2536 -3352 23596 731 -7523 -93 END
START 2736 -3324 24196 818 -7328 220 END
START 3028 -3372 24772 931 -7046 562 END
START 3684 -3304 25480 1073 -6575 904 END
START 4336 -3224 26136 1196 -5989 1252 END
START 5036 -3296 26488 1367 -5180 1549 END
START 5632 -3336 27084 1593 -4382 1790 END
START 5856 -3204 27868 1801 -3650 2060 END
START 6232 -3148 28592 2043 -3153 2306 END
START 6452 -3204 29036 2307 -2663 2416 END
START 6724 -3232 29604 2551 -2314 2555 END
START 7076 -3296 30468 2865 -2057 2561 END
START 7572 -3324 31196 3183 -1820 2565 END
START 7856 -3528 31976 3583 -1774 2433 END
START 8300 -3492 32767 3952 -1635 2276 END
START 8900 -3600 32767 4438 -1569 2062 END
START 9312 -3804 32767 4963 -1505 1807 END
START 10044 -4164 32767 5613 -1389 1502 END
START 10480 -4404 32767 6383 -1211 1151 END
START 10628 -4768 32767 7310 -1140 791 END
START 11052 -5060 32767 8388 -1090 341 END
START 11152 -5244 32767 9576 -1161 -132 END
START 11040 -5548 32767 10940 -1308 -599 END
START 10724 -5892 32767 12339 -1710 -1113 END
START 10324 -5856 32767 13864 -2172 -1583 END
START 9948 -5992 32767 15309 -2765 -1946 END
START 9416 -6100 32767 16723 -3491 -2308 END
START 8952 -6124 32767 18172 -4366 -2563 END
START 8492 -6328 32767 19522 -5343 -2795 END
START 8264 -6608 32767 20876 -6330 -3008 END
START 8124 -6652 32767 22204 -7336 -3287 END
START 8056 -6888 32767 23559 -8247 -3457 END
START 8092 -6984 32767 24889 -9057 -3735 END
START 8160 -7228 32767 26233 -9744 -3969 END
START 8100 -7636 32767 27571 -10244 -4225 END
START 8016 -7632 32767 28970 -10610 -4472 END
START 7980 -7864 32767 30357 -10900 -4718 END
START 7788 -8096 32767 31702 -11030 -4920 END
START 7740 -8228 32767 32767 -11115 -5134 END
START 7296 -8520 32767 32767 -11141 -5253 END
START 7068 -8816 32767 32767 -11202 -5375 END
START 6876 -8940 32767 32767 -11206 -5458 END
START 6728 -9144 32767 32767 -11259 -5502 END
START 6676 -9456 31980 32767 -11206 -5568 END
START 6740 -9552 30412 32767 -10966 -5609 END
START 6936 -9592 28980 32767 -10563 -5659 END
START 7284 -9644 27284 32767 -9949 -5739 END
START 7672 -9612 25736 32767 -9232 -5790 END
START 8008 -9628 24232 32767 -8420 -5966 END
START 8480 -9532 22928 32767 -7542 -6161 END
START 9068 -9380 21428 32767 -6622 -6351 END
START 9856 -9240 20208 32767 -5690 -6599 END
START 10436 -9036 18984 32767 -4719 -7016 END
START 11148 -8776 18120 32767 -3805 -7570 END
START 11416 -8668 17084 32767 -3054 -8235 END
START 11476 -8456 16240 32767 -2460 -8982 END
START 11352 -7764 15200 32767 -1954 -9813 END
START 10948 -7708 14080 32767 -1774 -10735 END
START 10368 -7604 13484 32767 -1875 -11607 END
START 9844 -7368 12608 32767 -2072 -12417 END
START 9612 -7216 11736 32767 -2384 -13086 END
START 9272 -6988 11116 32767 -2738 -13747 END
START 9132 -6940 10428 32767 -3090 -14254 END
START 9044 -6916 9520 32767 -3363 -14869 END
START 8708 -7020 8828 32767 -3698 -15337 END
START 8456 -6932 8340 32767 -4033 -15855 END
START 8300 -6884 7492 32767 -4470 -16372 END
START 8144 -6688 6756 32767 -4757 -16888 END
START 8232 -6324 5724 32767 -4942 -17423 END
START 8332 -6016 4988 32767 -5042 -17944 END
START 8468 -5856 4280 32767 -5118 -18515 END
START 8344 -5628 3480 32767 -5104 -19076 END
START 8104 -5540 2548 32767 -5191 -19638 END
START 7972 -5340 1720 32767 -5136 -20279 END
START 7720 -4920 656 32767 -5058 -20826 END
START 7412 -4488 -268 32767 -4873 -21373 END
START 7156 -4252 -1292 32767 -4593 -21883 END
START 7020 -4088 -2216 32767 -4210 -22284 END
START 7032 -3952 -3020 32767 -3724 -22668 END
START 7312 -3572 -3908 32767 -3151 -22971 END
START 7632 -3116 -4720 31715 -2375 -23337 END
START 8148 -2888 -5468 30511 -1652 -23759 END
START 8476 -2748 -5936 29255 -912 -24219 END
START 8840 -2700 -6176 27964 -220 -24761 END
START 9176 -2740 -6452 26742 463 -25397 END
START 9792 -2448 -6596 25534 1044 -26032 END
START 10176 -2136 -6776 24351 1504 -26792 END
START 10216 -1976 -6832 23230 1861 -27642 END
START 9516 -1700 -7036 22071 2093 -28539 END
START 8792 -1424 -7008 21020 2211 -29302 END
START 7696 -1256 -7484 19957 2343 -29930 END
START 6656 -816 -7528 18927 2495 -30354 END
START 5828 -576 -7640 17812 2613 -30575 END
START 4948 -360 -7824 16652 2777 -30550 END
START 3908 -200 -8052 15468 2949 -30405 END
START 3264 -88 -8132 14286 3155 -30123 END
START 2052 188 -7880 13141 3357 -29723 END
START 620 440 -7648 12043 3373 -29139 END
START -764 864 -7436 11024 3303 -28418 END
START -2076 1192 -7124 10120 3017 -27576 END
START -2736 1468 -6792 9191 2651 -26640 END
START -3232 1756 -6668 8350 2298 -25670 END
START -3000 2104 -6640 7493 1921 -24789 END
START -3088 2368 -6380 6716 1570 -23963 END
START -3244 2672 -6088 5925 1086 -23218 END
START -3492 3208 -5544 5233 503 -22448 END
START -3176 3524 -5328 4568 -90 -21728 END
START -2480 3788 -5080 3912 -724 -21070 END
START -1344 4088 -5172 3251 -1218 -20534 END
START -220 4204 -5064 2507 -1626 -20242 END
START 792 4332 -5056 1762 -1869 -20155 END
START 1368 4560 -4892 1100 -2002 -20224 END
START 1476 4936 -4880 322 -1933 -20370 END
START 1220 5212 -4840 -362 -1881 -20512 END
START 828 5560 -4552 -1097 -1767 -20586 END
START 344 5992 -4444 -1835 -1612 -20597 END
START 108 6336 -4464 -2607 -1299 -20531 END
START -144 6720 -4304 -3383 -904 -20469 END
START -712 6956 -4196 -4202 -471 -20403 END
START -1328 7176 -3580 -4968 -88 -20327 END
START -1708 7412 -3364 -5659 203 -20221 END
START -2472 7640 -2848 -6351 546 -20139 END
START -3528 7968 -2052 -6932 677 -19944 END
START -4516 8340 -1284 -7382 731 -19716 END
START -5236 8632 -600 -7742 656 -19420 END
START -6156 8888 244 -7973 544 -19102 END
START -6876 8904 900 -8145 308 -18768 END
START -7468 9016 1432 -8171 8 -18435 END
START -8156 9124 2076 -8189 -347 -18096 END
START -8696 9240 2760 -8182 -742 -17758 END
START -9412 9308 2976 -8183 -1169 -17416 END
START -10024 9368 3780 -8178 -1670 -17049 END
START -10768 9448 4332 -8220 -2214 -16633 END
START -11704 9564 5452 -8264 -2820 -16207 END
START -12504 9760 6032 -8274 -3414 -15695 END
START -13236 9636 6860 -8249 -4074 -15134 END
START -14064 9504 7836 -8189 -4665 -14463 END
START -14880 9476 8532 -7943 -5167 -13762 END
START -15612 9492 9276 -7687 -5630 -12944 END
START -16384 9524 10116 -7369 -5984 -12128 END
START -17012 9328 10512 -6924 -6251 -11230 END
START -17720 9144 11144 -6519 -6410 -10335 END
START -18612 9124 11464 -6036 -6451 -9328 END
START -19160 9048 11596 -5680 -6282 -8304 END
START -19820 9024 11608 -5369 -5920 -7198 END
START -20380 9028 11472 -5060 -5375 -6029 END
START -20868 9076 11688 -4873 -4653 -4697 END
START -21176 8872 11848 -4804 -4037 -3380 END
START -21604 8760 12092 -4771 -3388 -2080 END
START -21568 8760 12344 -4760 -2785 -822 END
START -21412 8456 12432 -4822 -2215 449 END
START -21096 8388 12780 -4875 -1564 1591 END
START -20568 8072 13124 -4921 -995 2708 END
START -19828 7964 13656 -4991 -323 3722 END
START -19244 7768 13888 -5033 333 4687 END
START -18584 7440 14424 -5070 968 5552 END
START -18120 7236 14976 -5097 1462 6340 END
START -17432 7168 15564 -5026 2064 7056 END
START -16880 7044 15912 -4898 2624 7707 END
START -16424 6776 16460 -4743 3174 8386 END
START -15928 6764 16816 -4502 3580 8970 END
START -15616 6672 17276 -4248 3896 9550 END
START -15368 6600 17656 -3936 4078 10061 END
START -15052 6392 17888 -3564 4106 10595 END
START -14556 6404 17928 -3244 4048 11043 END
START -14436 6436 18152 -2802 3908 11489 END
START -14212 6424 18244 -2342 3591 11968 END
START -13968 6452 18012 -1859 3294 12388 END
START -13976 6420 17968 -1356 2875 12898 END
START -13748 6420 17924 -836 2454 13298 END
START -13540 6400 17884 -259 1947 13862 END
START -13452 6368 17388 334 1402 14380 END
START -13408 6524 17260 934 857 14905 END
START -13224 6528 16760 1503 287 15472 END
START -13268 6500 16528 2116 -288 16047 END
START -13072 6608 15788 2692 -895 16599 END
START -12976 6608 15240 3220 -1435 17190 END
START -12948 6644 14516 3747 -2006 17902 END
START -12944 6424 14084 4164 -2459 18613 END
START -12804 6452 13360 4556 -2869 19329 END
START -12944 6380 12844 4928 -3266 20214 END
START -12920 6336 12180 5273 -3613 21033 END
START -12864 6224 11808 5617 -3915 21930 END
START -12792 6208 10840 5921 -4147 22859 END
START -12688 6120 10264 6204 -4321 23825 END
START -12408 6008 9516 6377 -4357 24841 END
START -12140 5816 8616 6505 -4162 25969 END
START -11724 5672 7744 6548 -3860 27053 END
START -11304 5484 6844 6463 -3360 28171 END
START -10716 5384 6096 6310 -2734 29408 END
START -10412 5284 5152 6005 -1969 30526 END
START -9768 5068 4512 5658 -1259 31685 END
START -9344 4812 4220 5232 -530 32757 END
START -8656 4540 3612 4718 238 32767 END
START -7748 4140 3132 4129 1009 32767 END
START -6700 3788 2548 3557 1901 32767 END
START -5700 3472 2076 2942 2774 32767 END
START -4436 3136 1516 2222 3642 32767 END
START -3312 2744 1248 1468 4366 32767 END
START -1816 2412 952 769 4889 32767 END
START -864 2100 876 2 5273 32767 END
START 760 1864 416 -681 5505 32767 END
START 2416 1600 120 -1454 5777 32767 END
START 4240 1436 -296 -2236 5935 32767 END
START 5836 1360 -676 -3074 6053 32767 END
START 7608 1308 -824 -3910 6135 32767 END
START 9000 1428 -1092 -4776 6094 32767 END
START 10300 1640 -1272 -5711 6111 32767 END
START 11440 1816 -1196 -6688 6101 32767 END
START 12464 2048 -996 -7600 6134 32767 END
START 13336 1964 -896 -8495 6144 32767 END
START 14000 1984 -740 -9296 6079 32767 END
START 14252 2020 -924 -10017 5944 32108 END
START 14608 2384 -896 -10746 5630 30963 END
START 14768 2764 -940 -11467 5230 29890 END
START 14924 3168 -948 -12297 4772 28617 END
START 14868 3348 -636 -13113 4246 27460 END
START 14620 3280 -192 -13872 3773 26321 END
START 14236 3196 376 -14467 3309 25290 END
START 13940 3108 872 -15059 2964 24475 END
START 13464 3180 1372 -15764 2834 23783 END
START 13300 3384 2016 -16269 2787 23279 END
START 13660 3592 2260 -16695 2918 22912 END
START 14144 3508 2624 -17104 3320 22526 END
START 14492 3484 2568 -17579 3830 22212 END
START 15068 3584 2856 -18050 4504 21766 END
START 15544 3472 3232 -18595 5141 21300 END
START 15952 3476 3524 -19187 5822 20776 END
START 16144 3452 3816 -19795 6453 20295 END
START 16308 3248 4044 -20309 6982 19853 END
START 16228 2956 4640 -20874 7472 19455 END
START 16484 2652 4928 -21204 7724 19147 END
START 17064 2708 5124 -21528 8011 18800 END
START 18000 2560 5288 -21893 8357 18499 END
START 19272 2564 5656 -22293 8603 17985 END
START 20664 2748 5912 -22688 8834 17342 END
START 22212 3060 6240 -23204 9068 16491 END
START 23916 3368 6804 -23691 9125 15379 END
START 25632 3828 7620 -24258 9159 13956 END
START 27128 4068 8672 -24723 9122 12554 END
START 28864 4224 9420 -25059 9014 10559 END
START 30212 3876 10836 -25268 8688 8587 END
START 31292 3664 12140 -25240 8335 6350 END
START 32168 3552 12924 -25054 7918 4083 END
START 32488 3416 14224 -24747 7252 1664 END
START 32496 3432 14872 -24278 6593 -778 END
START 32064 3756 15532 -23814 5887 -3206 END
START 30860 4168 16600 -23292 5097 -5632 END
START 29356 4264 16896 -22745 4373 -7738 END
START 27912 4176 17276 -22188 3725 -9666 END
START 26164 4136 17480 -21614 3225 -11209 END
START 24760 4048 17656 -21111 2885 -12495 END
START 23364 4064 17652 -20645 2603 -13577 END
START 21968 3972 17700 -20231 2428 -14382 END
START 20796 4016 17512 -19908 2304 -15092 END
START 19972 4292 17272 -19694 2313 -15650 END
START 19236 4524 17132 -19527 2415 -16090 END
START 18836 4472 16916 -19542 2655 -16553 END
START 18664 4480 16924 -19566 3043 -16960 END
START 18372 4280 17388 -19650 3555 -17374 END
START 18236 4124 17572 -19688 4132 -17769 END
START 18500 4124 17896 -19721 4753 -18237 END
START 18848 4152 18276 -19804 5376 -18785 END
START 19332 4008 18604 -19808 6042 -19421 END
START 19900 4036 18860 -19788 6608 -20230 END
START 20256 3880 19372 -19738 7102 -21276 END
START 20484 3688 20016 -19672 7429 -22426 END
START 20240 3316 20624 -19511 7481 -23793 END
START 19740 2896 21372 -19373 7345 -25189 END
START 18728 2624 22160 -19141 6878 -26606 END
START 17432 2380 22764 -18796 6330 -27891 END
START 16132 2200 23540 -18354 5595 -29080 END
START 14688 1812 23928 -17869 4872 -30137 END
START 12804 1300 24720 -17287 4128 -31109 END
START 11168 756 25024 -16766 3545 -31841 END
START 9532 592 25624 -16143 2989 -32514 END
START 7768 120 26184 -15565 2537 -32768 END
START 6060 -116 26512 -14831 2141 -32768 END
START 4388 -436 27004 -14263 1784 -32768 END
START 2900 -568 27340 -13738 1528 -32768 END
START 1640 -736 27356 -13086 1369 -32768 END
START 456 -1132 27468 -12421 1317 -32768 END
START -656 -1876 27716 -11821 1288 -32507 END
START -1712 -1872 27308 -11180 1460 -32151 END
START -3680 -888 27872 -10472 1788 -31524 END
START -4816 -688 27532 -9899 2126 -30732 END
START -6080 -792 27808 -9265 2413 -29800 END
START -7240 -1172 27948 -8675 2619 -28816 END
START -8348 -1592 27912 -8136 2788 -27799 END
START -9280 -1716 28176 -7534 2878 -26644 END
START -10432 -1604 28308 -6878 2848 -25498 END
START -11624 -1448 28724 -6124 2674 -24205 END
START -12272 -1272 28732 -5365 2339 -22878 END
START -12828 -1068 28912 -4491 1952 -21527 END
START -13024 -924 28644 -3660 1530 -20216 END
START -13292 -728 28620 -2790 1153 -18872 END
START -13072 -644 28380 -2002 891 -17657 END
START -12956 -388 28032 -1223 659 -16459 END
START -12644 -432 27648 -545 558 -15331 END
START -12496 -340 27308 140 456 -14300 END
START -12368 -304 26972 749 302 -13268 END
START -12420 -236 26496 1372 95 -12297 END
START -12216 -180 26092 1969 -108 -11315 END
START -12052 -12 25404 2515 -256 -10378 END
START -11876 44 24656 3014 -418 -9468 END
START -11560 200 24000 3400 -488 -8626 END
START -11312 372 23244 3738 -540 -7786 END
START -10848 392 22536 4032 -530 -6970 END
START -10152 448 21864 4152 -470 -6219 END
START -9456 492 21144 4250 -335 -5502 END
START -8896 604 20304 4305 -123 -4951 END
START -8108 776 19684 4258 101 -4400 END
START -7656 888 19408 4209 392 -3955 END
START -6960 1060 19204 4157 662 -3610 END
START -6512 1080 18960 4070 888 -3292 END
START -6056 1120 18576 4022 1051 -3041 END
START -5664 1312 18316 3998 1198 -2791 END
START -5444 1460 18252 3977 1176 -2570 END
START -5476 1572 18072 4001 1071 -2352 END
START -5244 1648 18196 4074 789 -2150 END
START -5220 1712 18184 4207 332 -1962 END
START -5084 1808 18224 4307 -138 -1749 END
START -4588 900 19152 4305 -1518 -1660 END
START -4160 1996 17504 4672 -1518 -1552 END
START -4232 2924 17160 4813 -1670 -1370 END
START -4092 4064 16184 5098 -1224 -1026 END