START 7232 924 22336 -10216 920 6812 END
START 12264 -4280 7384 -8324 2833 7128 END
START 6544 64 19372 -10286 3008 6891 END
START 9360 1824 20480 -9579 4154 6716 END
START 6352 604 22392 -10150 4325 6494 END
START 6608 656 22696 -10534 5091 6287 END
START 8188 248 20788 -10888 5506 5982 END
START 7740 -336 21940 -11054 5901 5765 END
START 6436 -844 23536 -11134 5753 5474 END
START 6492 -808 23328 -11118 5177 5250 END
START 4712 -800 25708 -11039 4270 5087 END
START 4672 -668 25608 -10906 2713 4900 END
START 3492 -1312 27428 -10715 1291 4821 END
START 3028 -1588 28236 -10419 -646 4789 END
START 2376 -1968 29640 -10007 -2516 4912 END
START 2084 -2156 30888 -9521 -4436 5156 END
START 1952 -2584 32080 -8820 -6155 5493 END
START 1816 -3060 32767 -8150 -7746 5930 END
START 2176 -3416 32767 -7357 -9121 6355 END
START 2504 -3948 32767 -6509 -10221 6844 END
START 3128 -4504 32767 -5558 -10968 7358 END
START 3656 -5032 32767 -4631 -11446 7864 END
START 4404 -5248 32767 -3705 -11655 8374 END
START 5116 -5604 32767 -2741 -11478 8881 END
START 5872 -5940 32767 -1720 -11153 9350 END
START 6808 -6348 32767 -629 -10710 9801 END
START 7292 -6936 32767 453 -10403 10199 END
START 8156 -7216 32767 1607 -10236 10565 END
START 8888 -7388 32767 2793 -10237 10824 END
START 10428 -7328 32767 3890 -10305 10915 END
START 11928 -7368 32767 5010 -10477 10796 END
START 13804 -7344 32767 6132 -10656 10452 END
START 16188 -7520 32767 7298 -10808 9841 END
START 18048 -7504 32767 8490 -10956 9006 END
START 19736 -7780 32767 9737 -11096 7931 END
START 20936 -7548 32767 10969 -11351 6709 END
START 21840 -7468 32767 12177 -11670 5314 END
START 22656 -7280 32767 13332 -11974 3827 END
START 22916 -7172 32767 14450 -12304 2238 END
START 22848 -7180 32767 15517 -12711 639 END
START 22432 -7064 32767 16488 -13158 -898 END
START 21928 -7036 32767 17444 -13666 -2314 END
START 21268 -6948 32767 18442 -14106 -3737 END
START 20676 -6856 32767 19513 -14460 -5046 END
START 20100 -6776 32767 20649 -14704 -6232 END
START 19264 -6944 32767 21825 -14776 -7285 END
START 18368 -7340 32767 23055 -14869 -8324 END
START 17520 -7364 32340 24175 -14880 -9204 END
START 16600 -7464 31312 25253 -14969 -9968 END
START 15904 -7456 30248 26182 -15014 -10585 END
START 15208 -7584 29172 27082 -14938 -11148 END
START 15044 -7680 28496 27898 -14719 -11657 END
START 14960 -7696 27760 28823 -14353 -12136 END
START 14856 -7964 27048 29762 -13889 -12632 END
START 14820 -8292 26072 30709 -13186 -13141 END
START 14996 -8536 25248 31734 -12313 -13601 END
START 14952 -8668 24108 32766 -11228 -14108 END
START 15076 -8820 23060 32767 -10053 -14575 END
START 15260 -8908 21852 32767 -8790 -15053 END
START 15300 -9088 20552 32767 -7558 -15574 END
START 15332 -9148 19044 32767 -6228 -16161 END
START 15312 -9192 17692 32767 -5011 -16720 END
START 15272 -9392 16452 32767 -3938 -17239 END
START 15228 -9480 15012 32767 -2975 -17793 END
START 15480 -9248 13896 32767 -2082 -18268 END
START 15828 -9128 13004 32767 -1369 -18784 END
START 16512 -9000 12128 32767 -856 -19372 END
START 17448 -9172 11408 32767 -453 -20045 END
START 18792 -9244 10780 32767 -170 -20979 END
START 20088 -9200 10176 32767 61 -22117 END
START 21316 -9004 9400 32767 244 -23570 END
START 22180 -8996 8912 32767 229 -25214 END
START 22524 -9104 7992 32767 21 -27141 END
START 22520 -9100 6904 32767 -407 -29102 END
START 22264 -9456 5704 32767 -973 -31060 END
START 21576 -9724 4588 32767 -1615 -32768 END
START 20716 -9828 3272 32767 -2386 -32768 END
START 19676 -9840 1708 32767 -3203 -32768 END
START 18336 -9848 464 32767 -4036 -32768 END
START 17152 -9732 -836 32767 -4924 -32768 END
START 16544 -9568 -2304 32767 -5750 -32768 END
START 15980 -9340 -3400 32767 -6496 -32768 END
START 15492 -9300 -4352 32767 -7214 -32768 END
START 14916 -9124 -5328 32762 -7772 -32768 END
START 14320 -8864 -5972 31390 -8254 -32768 END
START 13392 -8856 -6172 30010 -8458 -32768 END
START 12552 -8776 -6408 28657 -8593 -32768 END
START 11576 -8696 -6796 27423 -8494 -32768 END
START 10556 -8848 -7332 26370 -8313 -32768 END
START 9480 -8988 -8072 25335 -8003 -32768 END
START 8688 -8708 -8980 24332 -7714 -32768 END
START 7848 -8464 -9988 23265 -7453 -32768 END
START 6816 -8256 -11176 22107 -7318 -32768 END
START 5544 -7760 -12452 20730 -7312 -32768 END
START 4180 -7072 -13308 19058 -7477 -32768 END
START 2744 -6252 -14100 17234 -7794 -32768 END
START 1308 -5216 -14672 15145 -8149 -32768 END
START 308 -4468 -15400 12981 -8492 -32768 END
START -544 -4064 -15424 10771 -8804 -32768 END
START -1232 -3612 -15352 8517 -9071 -32768 END
START -1480 -3280 -15144 6425 -9272 -32768 END
START -1868 -2916 -14688 4319 -9397 -32768 END
START -2240 -2624 -14204 2371 -9387 -32768 END
START -2644 -2228 -13576 457 -9266 -32768 END
START -3340 -1764 -12912 -1233 -9029 -32768 END
START -4164 -1444 -12476 -2900 -8633 -32768 END
START -4892 -1084 -11784 -4348 -8077 -32768 END
START -5672 -848 -11396 -5790 -7400 -32768 END
START -6428 -392 -10940 -7139 -6591 -32768 END
START -7192 -40 -10184 -8431 -5716 -32768 END
START -7544 568 -9580 -9723 -4843 -32768 END
START -8124 920 -8932 -10912 -4075 -32768 END
START -8520 1292 -8064 -12092 -3422 -32768 END
START -8956 1324 -7336 -13172 -2926 -32768 END
START -9500 1444 -6164 -14257 -2550 -32768 END
START -10256 1608 -4968 -15062 -2259 -32153 END
START -11216 1820 -3780 -15997 -2104 -31299 END
START -11864 2440 -2336 -16694 -2062 -30337 END
START -12488 2976 -1124 -17286 -2024 -29334 END
START -12876 3268 -16 -17776 -1947 -28270 END
START -13204 3484 1052 -18130 -1880 -27226 END
START -13204 3456 1948 -18517 -1775 -26299 END
START -13008 3696 3600 -18887 -1674 -25384 END
START -12796 3736 4888 -19177 -1465 -24519 END
START -12428 3704 6192 -19560 -1156 -23842 END
START -11936 3412 7476 -19784 -777 -23170 END
START -11748 2840 8932 -20039 -306 -22664 END
START -11588 2260 10992 -20148 54 -22202 END
START -11952 1804 12772 -20097 285 -21776 END
START -12440 1448 14676 -19927 432 -21334 END
START -13052 952 16504 -19540 411 -20794 END
START -13648 844 18428 -19038 365 -20218 END
START -14332 408 20628 -18437 130 -19644 END
START -14892 -176 22508 -17659 -185 -18984 END
START -15432 -884 24404 -16714 -579 -18300 END
START -16344 -1360 26440 -15680 -1050 -17632 END
START -17332 -1912 28724 -14641 -1566 -16773 END
START -18448 -2348 30416 -12966 -2170 -15833 END
START -20176 -2948 32668 -11415 -2688 -14705 END
START -21540 -3520 32767 -9629 -3140 -13377 END
START -22800 -3812 32767 -7665 -3497 -11870 END
START -24132 -3964 32767 -5480 -3952 -10142 END
START -25344 -4012 32767 -3238 -4219 -8314 END
START -26144 -3928 32767 -755 -4323 -6266 END
START -27048 -3968 32767 1708 -4392 -4194 END
START -27756 -3936 32767 4241 -4538 -2021 END
START -28340 -3780 32767 6719 -4795 204 END
START -28828 -3584 32767 9167 -5009 2526 END
START -28892 -3304 32767 11457 -5228 4861 END
START -28692 -3072 32767 13703 -5369 7364 END
START -28080 -2844 32767 15673 -5384 9789 END
START -27280 -2768 32767 17485 -5242 12259 END
START -26216 -2792 31956 19143 -4822 14635 END
START -24880 -2492 30160 20630 -4123 17149 END
START -23548 -1964 28200 21834 -3309 19403 END
START -21404 -1256 25280 22861 -2213 21626 END
START -19728 -824 23408 23635 -1037 23678 END
START -18148 -564 21484 24166 181 25511 END
START -16764 -120 19632 24508 1300 27129 END
START -15388 864 17240 24750 2269 28651 END
START -14560 960 16192 24551 2828 30057 END
START -13600 524 15236 24570 2816 31441 END
START -12228 512 13540 24412 2673 32584 END
START -11028 376 11928 24223 2328 32767 END
START -10068 168 10656 24039 1759 32767 END
START -9100 364 8812 23844 1004 32767 END
START -8100 496 7284 23564 169 32767 END
START -7008 692 5536 23175 -623 32767 END
START -6132 828 4224 22692 -1384 32767 END
START -5016 1192 2556 22026 -2183 32767 END
START -3976 1472 948 21225 -2914 32767 END
START -3112 1532 -824 20249 -3509 32767 END
START -2432 1580 -2404 19177 -3995 32767 END
START -1540 1588 -3840 17999 -4290 32767 END
START -804 1924 -5428 16688 -4339 32767 END
START 84 2008 -6980 15262 -4186 32767 END
START 1200 2152 -8592 13748 -3659 32767 END
START 2200 1988 -9892 12050 -2889 32767 END
START 3024 1800 -11116 10190 -1843 32767 END
START 3492 1616 -11788 8232 -657 32767 END
START 3976 1400 -12352 6228 516 32767 END
START 4744 1420 -12836 4169 1624 32767 END
START 5968 1488 -13256 2082 2793 32767 END
START 7612 1676 -13656 -57 3979 32767 END
START 9704 1996 -13752 -2123 5146 32767 END
START 11848 2220 -13808 -4313 6498 32767 END
START 13632 2192 -13456 -6482 7861 32767 END
START 15056 2096 -12948 -8768 9365 32767 END
START 16148 2040 -11664 -10777 10612 32767 END
START 16860 2120 -10740 -12683 11780 32767 END
START 17268 2484 -9508 -14462 12673 32767 END
START 17992 2724 -8504 -15616 13535 32767 END
START 19188 2836 -7340 -16672 14231 32767 END
START 20744 2860 -6568 -17457 14803 32767 END
START 22800 3112 -5896 -18208 15297 32767 END
START 24924 3424 -5176 -19053 15821 32767 END
START 26684 4128 -3776 -19867 15977 32767 END
START 28636 4904 -1976 -20578 15940 32767 END
START 29380 5560 -588 -21231 15613 32767 END
START 29712 5968 996 -21533 14915 30515 END
START 29352 6396 2292 -21484 14065 28207 END
START 28524 6808 3332 -21122 12752 26021 END
START 27368 7340 3816 -20592 11656 24099 END
START 26192 7676 3904 -19980 10496 22492 END
START 25132 8052 3680 -19470 9268 21176 END
START 24544 8560 3592 -19062 8163 20086 END
START 24400 8768 3132 -18899 7166 19177 END
START 24412 8860 2768 -18870 6356 18329 END
START 24724 8920 2808 -18927 5540 17415 END
START 25104 8908 2956 -19020 4868 16570 END
START 26348 8800 2976 -19125 4336 15707 END
START 28228 8720 3020 -19308 4163 14738 END
START 30280 8844 3112 -19412 4372 13483 END
START 32316 8904 3208 -19605 4832 12065 END
START 32767 9092 3704 -19824 5410 10175 END
START 32767 9284 4380 -19958 6082 8239 END
START 32767 9348 5052 -20115 6789 6087 END
START 32767 9272 5392 -20273 7521 3757 END
START 32767 9240 6248 -20369 8222 1218 END
START 32767 9244 7120 -20383 8751 -1513 END
START 32767 9284 8064 -20309 8983 -4458 END
START 32767 9400 8576 -20157 9009 -7585 END
START 32767 9096 9184 -19902 8650 -10858 END
START 32767 8876 9588 -19652 8095 -14160 END
START 32767 8696 9884 -19538 7333 -17549 END
START 32767 8548 9768 -19466 6569 -20546 END
START 32767 8476 10016 -19487 5788 -23252 END
START 32767 8724 10160 -19683 4959 -25698 END
START 32767 8532 10884 -19887 4019 -27888 END
START 32767 7944 11128 -20138 3155 -29849 END
START 32767 7408 11216 -20297 2593 -31697 END
START 31732 6832 11980 -20340 2155 -32768 END
START 30680 6260 12552 -20297 1913 -32768 END
START 29596 5712 13100 -20223 1909 -32768 END
START 28324 5284 13408 -20125 2071 -32768 END
START 26848 4776 13628 -20008 2361 -32768 END
START 25376 4308 13544 -19913 2742 -32768 END
START 23664 3772 13400 -19847 3087 -32768 END
START 21848 3260 13340 -20007 3345 -32768 END
START 20672 2480 13300 -20222 3548 -32768 END
START 19592 1652 13516 -20557 3584 -32768 END
START 18448 568 14244 -20930 3473 -32768 END
START 17016 -208 15316 -21186 3082 -32768 END
START 16044 -848 16312 -21539 2580 -32768 END
START 14956 -1740 17188 -21683 2177 -32768 END
START 13840 -2620 18220 -21785 1888 -32768 END
START 12568 -3408 19192 -21805 1755 -32768 END
START 11020 -4440 20464 -21748 1655 -32768 END
START 9572 -5588 21032 -21627 1643 -32768 END
START 7728 -6584 22084 -21419 1725 -32768 END
START 5340 -7644 23176 -21171 1733 -32768 END
START 3148 -8460 24020 -20973 1691 -32768 END
START -116 -9536 25292 -20675 1575 -32768 END
START -2216 -10320 26256 -20348 1449 -32768 END
START -4368 -11120 27040 -19978 1336 -32768 END
START -6588 -11760 28244 -19465 1149 -32768 END
START -8988 -12372 29684 -18988 879 -32768 END
START -10940 -12844 30896 -18386 738 -32768 END
START -13152 -13072 31964 -17633 491 -32768 END
START -15436 -12976 32767 -16696 278 -32768 END
START -17632 -12624 32767 -15680 0 -32768 END
START -19468 -12856 32767 -14695 -289 -32768 END
START -20936 -12884 32767 -13097 -611 -32768 END
START -22400 -13556 32767 -11716 -520 -32768 END
START -23924 -13492 32767 -9898 -515 -31853 END
START -24972 -12776 32767 -8220 -392 -29191 END
START -26292 -12244 32767 -6404 -268 -26362 END
START -26656 -11852 32767 -4766 -206 -23555 END
START -27016 -11648 32767 -3115 -204 -20616 END
START -26868 -11120 32767 -1525 -272 -17753 END
START -26704 -10932 32767 -101 -392 -15038 END
START -26380 -10356 32767 1313 -484 -12356 END
START -26056 -9900 32767 2622 -671 -9859 END
START -25792 -9444 32767 3990 -955 -7426 END
START -25520 -9164 32767 5285 -1357 -5054 END
START -25224 -8808 32652 6685 -2008 -2584 END
START -24420 -8272 31688 7962 -2623 -305 END
START -23616 -7876 30420 9150 -3218 1902 END
START -22680 -7328 29012 10163 -3715 3953 END
START -21596 -6904 27440 11073 -4146 5819 END
START -19708 -6368 25752 11843 -4426 7672 END
START -18200 -6012 24252 12446 -4600 9282 END
START -16692 -5708 22960 12973 -4582 10719 END
START -15060 -5180 21768 13308 -4431 12124 END
START -13600 -4812 20616 13578 -4097 13212 END
START -12088 -4244 19516 13675 -3557 14216 END
START -10832 -3908 18512 13676 -3010 15079 END
START -9828 -3484 17764 13618 -2432 15871 END
START -8708 -3116 17088 13507 -1860 16560 END
START -7648 -2772 16352 13276 -1325 17133 END
START -6620 -2164 15664 13013 -697 17586 END
START -5868 -1676 14876 12732 -161 18074 END