START 10848 -1176 28352 -4132 -6970 524 END
START 11084 -5268 19460 -1993 -7159 971 END
START 13604 556 24328 -2949 -7520 1424 END
START 10316 -1712 29468 -1546 -8103 1784 END
START 11668 -2468 26696 -1105 -8248 2063 END
START 12412 -2388 26020 -614 -8661 2303 END
START 11236 -2680 26940 -73 -8524 2565 END
START 13084 -2472 24760 376 -8738 2843 END
START 12084 -3036 26488 799 -8477 3238 END
START 14236 -3280 24328 1144 -8355 3577 END
START 14264 -3768 24580 1325 -7651 3908 END
START 15896 -3948 23636 1332 -6905 4065 END
START 17068 -4092 23448 1116 -5870 4123 END
START 18172 -4136 23820 837 -4644 4039 END
START 19908 -4372 23628 486 -3360 3814 END
START 21132 -4716 24508 256 -1976 3443 END
START 21984 -5048 25132 95 -676 2933 END
START 22772 -5432 25872 83 475 2329 END
START 22884 -5560 26804 193 1376 1648 END
START 23184 -5748 27688 432 2039 969 END
START 23080 -5780 28384 764 2477 201 END
START 22932 -5824 29300 1101 2709 -572 END
START 23036 -5812 29840 1572 2684 -1377 END
START 22844 -6068 30420 2018 2575 -2205 END
START 22668 -6032 30940 2531 2296 -3091 END
START 22508 -6196 31472 2999 1952 -4004 END
START 22496 -6312 32008 3507 1514 -4926 END
START 21972 -6516 32664 4071 983 -5788 END
START 21460 -6788 32767 4641 451 -6632 END
START 20844 -7136 32767 5252 -90 -7313 END
START 20124 -7400 32767 5893 -693 -8008 END
START 19472 -7684 32767 6715 -1283 -8584 END
START 18804 -7900 32767 7623 -1883 -9089 END
START 18128 -8048 32767 8609 -2408 -9556 END
START 17512 -8048 32767 9694 -2928 -10012 END
START 17012 -7932 32767 10907 -3425 -10397 END
START 16392 -8132 32767 12145 -3839 -10744 END
START 15880 -8296 32767 13454 -4277 -11030 END
START 15444 -8276 32767 14744 -4653 -11274 END
START 14984 -8492 32767 16058 -4978 -11421 END
START 14544 -8480 32767 17334 -5237 -11500 END
START 14144 -8496 32767 18579 -5504 -11531 END
START 13964 -8424 32767 19662 -5662 -11561 END
START 14036 -8148 32767 20759 -5698 -11532 END
START 14316 -8064 32767 21772 -5593 -11556 END
START 14500 -8064 32767 22737 -5352 -11631 END
START 15128 -8088 32767 23711 -4920 -11744 END
START 15556 -8188 32767 24667 -4329 -11942 END
START 15796 -8256 32020 25654 -3549 -12152 END
START 15972 -8336 31104 26647 -2627 -12401 END
START 15960 -8300 30292 27608 -1659 -12655 END
START 16176 -8280 29100 28485 -681 -12825 END
START 16364 -8316 27936 29283 241 -12969 END
START 16508 -8140 26568 30036 1084 -13074 END
START 16720 -8168 25384 30628 1834 -13210 END
START 16720 -8156 24452 31235 2368 -13356 END
START 16820 -8168 23540 31809 2734 -13567 END
START 16748 -8044 22620 32354 2784 -13785 END
START 16676 -8052 21360 32767 2570 -14052 END
START 16736 -8088 20016 32767 2047 -14263 END
START 17000 -8196 18652 32767 1372 -14507 END
START 17084 -8460 17012 32767 450 -14714 END
START 17512 -8440 15168 32767 -530 -14943 END
START 18280 -8352 12960 32767 -1607 -15188 END
START 19280 -8296 10996 32767 -2509 -15629 END
START 20160 -8076 9188 32767 -3418 -16225 END
START 20192 -6932 7748 32767 -4554 -16958 END
START 21148 -6740 5548 32767 -5672 -18000 END
START 21464 -6764 3820 32562 -6747 -19174 END
START 21748 -6704 2316 31726 -7515 -20402 END
START 21636 -6664 1008 30865 -8035 -21739 END
START 21096 -6512 -108 30005 -8451 -22961 END
START 20632 -6204 -1428 29160 -8641 -24092 END
START 19844 -5968 -2464 28250 -8643 -25201 END
START 19052 -5960 -3768 27360 -8606 -26208 END
START 17984 -6056 -4712 26434 -8481 -27081 END
START 16992 -6060 -5640 25496 -8362 -27924 END
START 16148 -5884 -6428 24472 -8196 -28660 END
START 15056 -5784 -7280 23524 -8048 -29372 END
START 13924 -5572 -7944 22561 -7816 -30026 END
START 12804 -5444 -8772 21669 -7697 -30578 END
START 11424 -5220 -9816 20733 -7608 -31116 END
START 10368 -5064 -10708 19775 -7560 -31513 END
START 9552 -4732 -11608 18828 -7575 -31841 END
START 9032 -4460 -12756 17800 -7548 -32121 END
START 8568 -4116 -13704 16637 -7446 -32338 END
START 8444 -3828 -14228 15480 -7344 -32664 END
START 8144 -3528 -14904 14135 -7242 -32768 END
START 7932 -3152 -15544 12798 -7103 -32768 END
START 8184 -2900 -15900 11504 -6866 -32768 END
START 8252 -2740 -16400 10154 -6556 -32768 END
START 8520 -2620 -16672 8830 -6133 -32768 END
START 8620 -2504 -17052 7511 -5608 -32768 END
START 8660 -2400 -17236 6236 -5109 -32768 END
START 8680 -2460 -17268 4897 -4551 -32768 END
START 8968 -2304 -17904 3595 -3939 -32768 END
START 9008 -2176 -17752 2207 -3222 -32768 END
START 8424 -2128 -17816 749 -2656 -32768 END
START 7464 -2196 -17412 -671 -2260 -32768 END
START 6524 -2172 -17160 -2084 -2047 -32768 END
START 5200 -2152 -16876 -3563 -2038 -32768 END
START 4012 -2228 -16312 -4997 -1986 -32768 END
START 2396 -2396 -15752 -6413 -2187 -32768 END
START 876 -2336 -14768 -7831 -2508 -32768 END
START -772 -2296 -13836 -9171 -2903 -32768 END
START -1988 -2060 -12856 -10437 -3341 -32768 END
START -2888 -1888 -12348 -11744 -3595 -32768 END
START -3708 -1516 -11464 -13077 -3697 -32768 END
START -4584 -1508 -10384 -14459 -3612 -32768 END
START -5516 -1336 -9272 -15595 -3453 -32768 END
START -6372 -1140 -7932 -16884 -3233 -32768 END
START -7092 -840 -6680 -18096 -2745 -32768 END
START -7932 -556 -5372 -19224 -2126 -32768 END
START -8948 -392 -4204 -20260 -1296 -32768 END
START -9644 -404 -3264 -21195 -283 -32768 END
START -10524 -680 -2408 -22070 1016 -32768 END
START -11420 -1064 -1380 -22934 2486 -32768 END
START -12800 -1176 96 -23861 3937 -32768 END
START -14012 -1052 1156 -24843 5326 -32768 END
START -14924 -684 2292 -25891 6601 -32768 END
START -15872 -652 3812 -26962 7778 -31489 END
START -16736 -652 5816 -27992 8610 -30194 END
START -17416 -792 7888 -28922 9154 -28893 END
START -17836 -1076 10276 -29745 9467 -27604 END
START -18128 -1420 12780 -30328 9482 -26379 END
START -18688 -1828 15692 -30632 9267 -25203 END
START -18892 -2120 18364 -30696 9084 -24051 END
START -18924 -2672 20912 -30293 8797 -22942 END
START -18944 -3240 23456 -29574 8585 -21933 END
START -18884 -3720 25596 -28590 8480 -21000 END
START -19328 -4304 28904 -27274 8031 -20110 END
START -20056 -4608 31324 -25741 7684 -19256 END
START -20692 -4784 32767 -24108 7219 -18331 END
START -21328 -4848 32767 -22257 6610 -17339 END
START -21880 -5172 32767 -20318 5928 -16349 END
START -22440 -5576 32767 -18203 5193 -15228 END
START -22936 -5704 32767 -16038 4488 -14068 END
START -23660 -5892 32767 -13702 3670 -12734 END
START -24736 -6040 32767 -11423 2794 -11387 END
START -25544 -6024 32767 -8923 1836 -9862 END
START -25920 -6068 32767 -6399 822 -8273 END
START -26504 -6012 32767 -3880 -90 -6662 END
START -27076 -5948 32767 -1379 -1027 -5022 END
START -27480 -5700 32767 1101 -1893 -3318 END
START -27776 -5392 32767 3457 -2600 -1539 END
START -27928 -5200 32767 5696 -3149 270 END
START -28252 -4904 32767 7752 -3671 2133 END
START -28192 -4676 32767 9657 -4222 4107 END
START -28132 -4564 32767 11509 -4776 6140 END
START -27796 -4500 32767 13136 -5159 8169 END
START -27252 -4316 32767 14640 -5476 10147 END
START -26840 -4144 32652 16178 -5687 12259 END
START -26312 -3880 31324 17659 -5751 14211 END
START -25620 -3748 29900 18987 -5740 16276 END
START -25044 -3544 28412 20168 -5771 18164 END
START -24408 -3248 26892 21249 -5781 20118 END
START -23604 -3160 25540 22147 -5708 22020 END
START -22440 -2900 23552 22952 -5633 23860 END
START -21564 -2748 22212 23545 -5390 25688 END
START -20572 -2572 20620 24057 -5034 27469 END
START -19704 -2604 19560 24374 -4666 29201 END
START -18784 -2496 18148 24673 -4091 30897 END
START -17748 -2440 17036 24879 -3464 32648 END
START -16604 -2412 15892 25099 -2693 32767 END
START -15732 -2164 14948 25248 -1995 32767 END
START -14632 -2040 14056 25228 -1287 32767 END
START -13464 -2264 13208 25294 -577 32767 END
START -12032 -2464 11900 25240 109 32767 END
START -10536 -2712 10892 25170 701 32767 END
START -8604 -2980 9544 24999 1205 32767 END
START -7144 -2916 8328 24804 1717 32767 END
START -5700 -2956 7384 24530 2082 32767 END
START -4020 -2976 6360 24155 2416 32767 END
START -2660 -3084 5488 23693 2669 32767 END
START -1308 -3244 4524 23195 2886 32767 END
START -28 -3296 3864 22638 2967 32767 END
START 1112 -3404 2908 22158 3025 32767 END
START 3124 -3504 1740 21603 3000 32767 END
START 5644 -3360 -216 21032 3010 32767 END
START 8340 -2944 -1912 20227 3058 32767 END
START 10800 -2500 -3708 19264 3101 32767 END
START 13260 -1756 -5608 17986 3041 32767 END
START 15824 -1184 -7944 16414 2990 32767 END
START 16800 -1664 -9940 14664 2961 32767 END
START 17148 -1872 -11428 12782 2764 32767 END
START 17564 -784 -11868 10667 1920 32767 END
START 18756 1244 -13988 8523 1260 32767 END
START 21076 3476 -16780 6399 1856 32767 END
START 23100 5200 -19652 4208 3343 32767 END
START 25544 5560 -18856 1611 4744 32767 END
START 27816 5856 -17600 -1298 5524 32767 END
START 29612 5428 -16836 -4314 5720 32767 END
START 31440 4900 -16400 -7204 5835 32767 END
START 32392 4580 -15400 -10069 6017 30561 END
START 32767 4708 -13780 -12494 6053 27697 END
START 32312 4964 -12464 -14890 6174 24827 END
START 30064 5520 -11484 -16452 6545 22301 END
START 27360 6368 -10964 -17762 7162 20452 END
START 24792 7284 -9856 -18908 7871 19216 END
START 22608 7708 -8600 -19932 8452 18589 END
START 20968 7320 -7448 -20702 8966 18303 END
START 19864 7092 -6160 -21387 9640 18185 END
START 19552 6728 -3784 -22245 9415 18146 END
START 19624 6544 -2444 -22670 8968 18024 END
START 19876 6504 -1120 -22975 8666 17924 END
START 20680 6484 120 -23059 8324 17665 END
START 21584 6280 1560 -22840 7916 17265 END
START 22844 6292 2576 -22489 7557 16717 END
START 24072 6040 3512 -21993 7359 15967 END
START 25712 5960 3920 -21403 7229 15061 END
START 27256 6000 4004 -20877 7284 14021 END
START 28736 6156 3868 -20536 7587 12691 END
START 30152 6276 4012 -20344 7923 11341 END
START 31428 6516 4212 -20419 8300 9727 END
START 32767 6696 4100 -20497 8727 8013 END
START 32767 6732 4480 -20726 9104 6045 END
START 32767 6820 4792 -20883 9297 3907 END
START 32767 6700 4908 -21019 9223 1553 END
START 32767 6844 5032 -21199 9082 -958 END
START 32767 6820 5124 -21485 8769 -3641 END
START 32767 6872 5304 -21824 8384 -6423 END
START 32767 6864 5936 -22285 7858 -9236 END
START 32767 6808 6580 -22785 7262 -12034 END
START 32767 6648 7500 -23296 6681 -14633 END
START 32767 6276 8496 -23659 6114 -16999 END
START 32744 6176 9868 -23947 5570 -19264 END
START 31072 5928 10960 -24017 5124 -21159 END
START 29508 5652 11876 -23991 4645 -22943 END
START 27696 5212 12736 -23948 4315 -24536 END
START 26292 4696 13236 -23872 4044 -25913 END
START 25044 4264 13808 -23815 3926 -27250 END
START 24264 3864 13960 -23829 4023 -28385 END
START 23240 3448 14256 -23874 4425 -29589 END
START 22576 3104 14708 -24036 5054 -30783 END
START 21780 2512 14984 -24234 5841 -31944 END
START 20800 2060 15264 -24473 6785 -32768 END
START 19616 1396 15960 -24723 7764 -32768 END
START 18580 1052 16408 -24958 8695 -32768 END
START 17576 428 17104 -25238 9768 -32768 END
START 16412 -104 17660 -25463 10706 -32768 END
START 15320 -772 18836 -25665 11504 -32768 END
START 14036 -1608 19712 -25778 12153 -32768 END
START 12624 -2624 21104 -25858 12675 -32768 END
START 10492 -3940 23212 -25741 12708 -32768 END
START 8608 -4600 24984 -25607 12367 -32768 END
START 6704 -5092 26616 -25243 11934 -32768 END
START 4664 -5672 28232 -24693 11367 -32768 END
START 2464 -6204 29884 -23876 10781 -32768 END
START 216 -6888 31320 -22860 10106 -32768 END
START -2052 -7412 32767 -21624 9217 -32768 END
START -4148 -8116 32767 -20250 8363 -32768 END
START -5976 -8688 32767 -18580 7412 -32768 END
START -7832 -8596 32767 -16970 6414 -32768 END
START -9468 -9004 32767 -15366 5388 -32768 END
START -11532 -9188 32767 -13571 4298 -32768 END
START -12976 -9108 32767 -11814 3314 -32768 END
START -13896 -8808 32767 -10136 2379 -32768 END
START -14912 -8844 32767 -8528 1498 -32768 END
START -15616 -8800 32767 -7096 749 -32768 END
START -16148 -8860 32767 -5689 187 -32516 END
START -16920 -8892 32767 -4344 -236 -31160 END
START -17468 -8824 32767 -3144 -550 -29832 END
START -18144 -8584 32767 -2022 -706 -28422 END
START -18860 -8384 32628 -957 -815 -26899 END
START -19480 -8060 32144 3 -889 -25317 END
START -20096 -7768 31368 884 -1008 -23767 END
START -20988 -7584 31200 1733 -1328 -22117 END
START -21560 -7364 30452 2605 -1750 -20296 END
START -22136 -7116 29936 3498 -2140 -18386 END
START -22396 -6780 29436 4359 -2563 -16524 END
START -22476 -6532 28640 5220 -2814 -14540 END
START -22276 -6136 27804 5988 -2959 -12681 END
START -21900 -5996 27184 6706 -3018 -10822 END
START -21016 -5492 25908 7418 -2896 -8999 END
START -20620 -5308 25148 8008 -2694 -7230 END
START -20176 -5016 24464 8490 -2473 -5641 END
START -19628 -4648 23708 8847 -2274 -4096 END
START -19120 -4428 22932 9143 -2109 -2571 END
START -18340 -4196 22164 9377 -1861 -1057 END
START -17520 -3700 21264 9537 -1574 301 END
START -16708 -3560 20660 9586 -1299 1655 END
START -16208 -3088 19936 9590 -1025 2928 END