START 7272 -3208 27676 -1880 -5630 6623 END
START 8848 -6060 17084 -83 -4242 6648 END
START 10216 280 24500 -2367 -5187 6543 END
START 6464 -3772 28636 -1404 -4687 6453 END
START 8916 -3392 24388 -1635 -5445 6263 END
START 8288 -2712 25624 -2055 -5510 6021 END
START 8996 -2688 25324 -2290 -5430 5683 END
START 10464 -2484 24416 -2525 -5148 5408 END
START 9176 -2560 26508 -2736 -4941 5149 END
START 10604 -2372 25244 -2808 -4842 4878 END
START 9300 -2740 27180 -2826 -4592 4760 END
START 10308 -2512 26268 -2734 -4612 4613 END
START 9488 -2488 27228 -2602 -4467 4547 END
START 10044 -2200 26848 -2536 -4509 4460 END
START 10064 -1832 27268 -2520 -4412 4323 END
START 10064 -1520 27868 -2515 -4279 4162 END
START 10808 -1576 27872 -2497 -4068 3956 END
START 11000 -1608 28600 -2385 -3612 3669 END
START 11564 -1944 29016 -2115 -3213 3415 END
START 11712 -1972 30036 -1751 -2913 3093 END
START 11892 -2136 30644 -1268 -2751 2681 END
START 11932 -2260 31088 -767 -2735 2225 END
START 12056 -2288 31648 -233 -2811 1784 END
START 11824 -2324 32204 276 -3041 1325 END
START 11464 -2292 32767 813 -3355 903 END
START 11340 -2304 32767 1334 -3767 577 END
START 11108 -2528 32767 1969 -4078 333 END
START 11128 -2560 32767 2655 -4370 142 END
START 11156 -2836 32767 3391 -4540 16 END
START 11168 -3100 32767 4157 -4659 -58 END
START 11296 -3244 32767 5026 -4682 -115 END
START 11508 -3416 32767 5930 -4622 -188 END
START 11700 -3836 32767 6905 -4546 -305 END
START 11820 -3996 32767 7929 -4338 -393 END
START 11956 -4304 32767 9057 -4118 -527 END
START 11852 -4496 32767 10194 -3875 -681 END
START 11824 -4904 32767 11435 -3738 -829 END
START 11824 -4972 32767 12640 -3654 -893 END
START 11812 -5292 32767 13838 -3624 -1035 END
START 11936 -5496 32767 14978 -3463 -1097 END
START 12040 -5736 32767 16035 -3294 -1263 END
START 12452 -6012 32767 17108 -3174 -1438 END
START 12564 -6336 32767 18123 -3091 -1717 END
START 12628 -6608 32767 19160 -3083 -2097 END
START 12740 -6936 32767 20193 -3136 -2481 END
START 12612 -7108 32767 21266 -3270 -2894 END
START 12388 -7408 32767 22389 -3471 -3308 END
START 12148 -7576 32767 23520 -3637 -3678 END
START 11948 -7880 32767 24667 -3891 -4080 END
START 11732 -8048 32767 25796 -4206 -4394 END
START 11568 -8264 32767 26882 -4518 -4752 END
START 11628 -8432 32767 27873 -4797 -5024 END
START 11600 -8580 32408 28860 -4998 -5342 END
START 11716 -8804 31800 29742 -5134 -5586 END
START 11668 -9016 31372 30591 -5195 -5923 END
START 11796 -9132 30832 31383 -5274 -6211 END
START 11760 -9264 30492 32221 -5293 -6510 END
START 11756 -9432 30060 32767 -5247 -6789 END
START 11832 -9576 29612 32767 -5181 -7088 END
START 11888 -9764 29088 32767 -5050 -7414 END
START 12428 -10024 28244 32767 -4764 -7746 END
START 12744 -10212 27544 32767 -4519 -8171 END
START 12832 -10472 26624 32767 -4305 -8585 END
START 12888 -10416 25612 32767 -4085 -9115 END
START 12916 -10484 24648 32767 -3863 -9672 END
START 12732 -10584 23456 32767 -3601 -10205 END
START 12680 -10576 22136 32767 -3305 -10844 END
START 12412 -10560 20540 32767 -2987 -11383 END
START 12420 -10672 19120 32767 -2632 -11933 END
START 12492 -10768 17684 32767 -2268 -12440 END
START 12520 -10780 16016 32767 -1933 -12941 END
START 12324 -10652 14008 32767 -1671 -13576 END
START 12292 -10648 12616 32767 -1566 -14202 END
START 12196 -10484 10940 32767 -1599 -14869 END
START 12136 -10392 9632 32767 -1754 -15557 END
START 11980 -10320 8340 32767 -2094 -16265 END
START 11872 -10008 7080 32767 -2529 -16992 END
START 11520 -9916 5968 32767 -3104 -17617 END
START 11136 -9456 4628 32767 -3760 -18178 END
START 11160 -9136 3388 32767 -4346 -18651 END
START 11268 -8900 1536 32767 -4965 -19273 END
START 11424 -8580 464 32767 -5610 -19976 END
START 11412 -8212 -984 32767 -6153 -20719 END
START 11604 -7648 -2248 32767 -6531 -21504 END
START 11632 -7108 -3360 32767 -6878 -22313 END
START 11180 -5976 -4820 32767 -6962 -23086 END
START 10756 -5072 -6296 32767 -6679 -23743 END
START 11108 -6616 -6596 32767 -6726 -24514 END
START 11620 -7656 -7596 32767 -6743 -25532 END
START 11656 -7304 -8744 31459 -6674 -26630 END
START 11416 -6504 -9720 29641 -6316 -27715 END
START 11204 -5592 -10376 27786 -6001 -28778 END
START 10868 -4836 -10580 25813 -5538 -29813 END
START 10592 -4392 -10848 23864 -4975 -30816 END
START 10216 -4140 -10932 22013 -4341 -31806 END
START 9756 -4168 -10908 20309 -3676 -32728 END
START 8952 -4168 -10892 18696 -2964 -32768 END
START 8128 -4212 -10336 17296 -2404 -32768 END
START 6876 -4120 -9860 15950 -1896 -32768 END
START 5876 -3892 -9368 14747 -1522 -32768 END
START 4672 -3640 -9096 13652 -1223 -32768 END
START 3772 -3344 -8356 12602 -1022 -32768 END
START 2740 -3268 -7800 11702 -949 -32768 END
START 1920 -3080 -7212 10860 -1038 -32768 END
START 748 -3020 -6780 10166 -1243 -32768 END
START -208 -2776 -6028 9563 -1607 -32768 END
START -1100 -2436 -5660 9083 -1928 -32768 END
START -1864 -2004 -5144 8626 -2321 -32768 END
START -2460 -1752 -5012 8151 -2678 -32768 END
START -3116 -1392 -4796 7705 -3026 -32768 END
START -3680 -1084 -4432 7332 -3378 -32768 END
START -4456 -844 -4520 6945 -3687 -32768 END
START -5244 -160 -4048 6557 -4122 -32768 END
START -6296 -28 -4072 6136 -4527 -32768 END
START -7408 264 -3860 5726 -5004 -32768 END
START -8528 632 -3972 5436 -5441 -32768 END
START -9480 1064 -4200 5060 -5788 -32373 END
START -10272 1788 -4716 4628 -5908 -31564 END
START -11220 2536 -5128 4044 -5910 -30700 END
START -11988 3200 -5824 3244 -5710 -29744 END
START -12652 3808 -6156 2230 -5339 -28763 END
START -13308 4260 -6152 1029 -5017 -27713 END
START -13876 4504 -5992 -258 -4625 -26643 END
START -14288 4804 -5792 -1597 -4143 -25559 END
START -15040 5008 -5184 -2918 -3684 -24444 END
START -15720 5172 -4420 -4207 -3211 -23275 END
START -16416 5536 -3576 -5310 -2737 -22104 END
START -17088 5792 -2472 -6288 -2252 -20973 END
START -17836 5932 -1292 -7121 -1847 -19796 END
START -18548 6128 -24 -7767 -1472 -18737 END
START -19104 6284 1076 -8344 -1184 -17662 END
START -19648 6496 2484 -8719 -945 -16581 END
START -20372 6480 3608 -9022 -749 -15492 END
START -21188 6536 4992 -9264 -652 -14355 END
START -22084 6552 6140 -9361 -650 -13143 END
START -22664 6492 7452 -9449 -702 -11876 END
START -23276 6512 8592 -9336 -771 -10535 END
START -23948 6468 9528 -9220 -819 -9170 END
START -24492 6440 10620 -8950 -916 -7795 END
START -25168 6224 11748 -8619 -1046 -6372 END
START -25844 5992 12872 -8199 -1243 -4812 END
START -26620 5864 13772 -7730 -1403 -3231 END
START -27468 5804 14760 -7178 -1523 -1524 END
START -27836 5596 15496 -6539 -1644 345 END
START -28124 5532 16304 -5785 -1773 2247 END
START -28316 5268 16908 -5096 -1782 4211 END
START -28416 5048 17532 -4324 -1763 6133 END
START -28380 4668 17976 -3487 -1868 8097 END
START -28300 4456 18316 -2577 -1899 10168 END
START -27980 4044 18796 -1737 -1937 12063 END
START -27352 3872 18760 -861 -1895 13930 END
START -26484 3536 18724 2 -1850 15792 END
START -25688 3108 18548 828 -1831 17534 END
START -24700 2976 18288 1571 -1768 19239 END
START -23604 2716 18008 2208 -1698 20819 END
START -21908 2568 17280 2858 -1575 22365 END
START -20656 2312 16928 3354 -1487 23738 END
START -19460 2288 16516 3760 -1329 25054 END
START -18232 2172 15988 4182 -1244 26201 END
START -16900 2024 15752 4447 -1232 27167 END
START -15848 2004 15276 4711 -1279 28124 END
START -14736 1904 14712 4889 -1359 28896 END
START -13888 1944 14084 4991 -1400 29658 END
START -12908 1864 13548 5092 -1526 30295 END
START -12124 2104 13044 5157 -1620 30949 END
START -11044 2060 12548 5250 -1775 31532 END
START -10340 1928 11656 5255 -1955 32123 END
START -9608 1844 10844 5251 -2152 32767 END
START -8504 1916 9772 5114 -2184 32767 END
START -7608 1988 9184 4893 -2172 32767 END
START -6432 2300 7960 4531 -1932 32767 END
START -5196 2420 7268 4124 -1614 32767 END
START -4156 2532 6284 3575 -1046 32767 END
START -2988 2484 5604 2954 -437 32767 END
START -1780 2280 4916 2279 225 32767 END
START -632 2232 4220 1571 945 32767 END
START 628 2216 3372 810 1678 32767 END
START 1604 2256 2820 6 2545 32767 END
START 3116 2236 1828 -957 3476 32767 END
START 4868 2396 904 -1996 4418 32767 END
START 6716 2520 168 -3205 5470 32767 END
START 8820 2480 -556 -4477 6434 32767 END
START 10680 2688 -908 -5773 7439 32767 END
START 12504 2812 -924 -7185 8447 32767 END
START 14092 3104 -1084 -8547 9417 32767 END
START 15536 3472 -804 -9820 10275 32529 END
START 16556 3788 -632 -10940 10914 31240 END
START 17528 3996 -456 -11940 11375 29840 END
START 18388 4296 -356 -12969 11682 28201 END
START 18880 4568 -348 -13856 11678 26486 END
START 19080 4720 -224 -14616 11565 24732 END
START 19040 4900 -436 -15544 11281 23007 END
START 19172 4992 -164 -16440 10962 21395 END
START 19200 5372 -468 -17390 10677 19865 END
START 19176 5620 -240 -18381 10438 18339 END
START 18720 5572 304 -19252 10075 16879 END
START 18304 5576 792 -20046 9560 15520 END
START 17496 5516 1220 -20679 8832 14245 END
START 16764 5532 1708 -21195 7914 13124 END
START 16036 5356 1780 -21673 6985 12230 END
START 15664 5412 1944 -22208 6240 11419 END
START 15468 5504 2184 -22815 5653 10839 END
START 15436 5496 2532 -23532 5217 10452 END
START 15444 5544 3132 -24239 5062 10157 END
START 15612 5428 4088 -24969 4961 9962 END
START 15900 5492 5272 -25542 5041 9761 END
START 16380 5452 5924 -25942 5287 9600 END
START 17716 5312 6700 -26151 5873 9388 END
START 19260 5264 7268 -26260 6946 9031 END
START 21108 5072 7592 -26310 8265 8473 END
START 22720 4936 7576 -26297 9843 7731 END
START 23952 4892 7524 -26418 11505 6817 END
START 24880 4896 7592 -26635 12923 5721 END
START 25664 5156 7532 -27018 14363 4530 END
START 26480 5172 7812 -27565 15491 3140 END
START 26960 5236 8340 -28091 16232 1736 END
START 27108 5168 9236 -28613 16490 235 END
START 27572 5048 9908 -29042 16485 -1303 END
START 28360 5076 10472 -29321 16345 -3020 END
START 28700 4864 11608 -29466 15965 -4823 END
START 28960 4864 12552 -29522 15506 -6791 END
START 28860 4800 13452 -29488 14769 -8801 END
START 28752 4552 14560 -29407 13800 -10754 END
START 28448 4356 15608 -29199 12982 -12781 END
START 27956 4228 16900 -28909 11565 -14744 END
START 27468 4036 17948 -28601 10445 -16671 END
START 27232 3816 18628 -28174 9417 -18550 END
START 27096 3396 19628 -27610 8548 -20491 END
START 27016 3076 19988 -27041 7859 -22383 END
START 26820 2704 20220 -26416 7418 -24219 END
START 26372 2424 20444 -25727 7108 -26113 END
START 25544 2192 20932 -25049 6807 -27908 END
START 24372 1944 20996 -24417 6593 -29504 END
START 22968 1792 21372 -23837 6378 -31054 END
START 21628 1460 21604 -23203 6097 -32467 END
START 19852 1104 22036 -22656 5845 -32768 END
START 17844 788 22412 -22049 5436 -32768 END
START 15992 464 22892 -21343 4975 -32768 END
START 14008 -96 23140 -20672 4442 -32768 END
START 12272 -372 23508 -19846 3858 -32768 END
START 10664 -604 23628 -19126 3308 -32768 END
START 9040 -620 23688 -18370 2822 -32768 END
START 8008 -760 23488 -17695 2453 -32768 END
START 7140 -788 23084 -17066 2283 -32768 END
START 6420 -1172 23284 -16502 2266 -32768 END
START 5408 -1632 23152 -15938 2434 -32768 END
START 4716 -2080 22808 -15451 2801 -32768 END
START 3216 -2532 23000 -15141 3117 -32768 END
START 2036 -2964 22832 -14545 3454 -32768 END
START 428 -3444 22776 -14556 3764 -32768 END
START -1428 -3964 22956 -14451 3996 -32768 END
START -3148 -4436 23112 -14030 4133 -32768 END
START -4756 -4720 23248 -13948 4117 -32768 END
START -6212 -5388 23496 -13706 4020 -32768 END
START -7504 -5940 23908 -13501 3772 -32768 END
START -8900 -6424 24400 -13261 3441 -32768 END
START -10152 -6940 25124 -12984 3047 -32311 END
START -11476 -7468 25608 -12672 2541 -31337 END
START -12880 -7888 26468 -12229 2093 -30270 END
START -13980 -8060 27096 -11713 1753 -29198 END
START -14776 -8340 27636 -11185 1424 -28029 END
START -15604 -8492 28308 -10551 1104 -26848 END
START -16432 -8700 29172 -9794 778 -25613 END
START -17144 -8740 30036 -8927 486 -24356 END
START -17904 -8868 30488 -8010 131 -23084 END
START -18460 -9152 31024 -6861 -243 -21701 END
START -19148 -9188 31272 -5725 -604 -20292 END
START -19296 -9320 31476 -4462 -962 -18819 END
START -19556 -9448 31204 -3212 -1280 -17388 END
START -19716 -9360 31108 -1950 -1529 -15834 END
START -19872 -9264 30632 -803 -1695 -14393 END
START -19888 -9060 30304 294 -1852 -12869 END
START -19992 -8896 29844 1302 -2067 -11341 END
START -20416 -8448 29256 2297 -2387 -9718 END
START -20728 -8136 28644 3227 -2772 -8092 END
START -20728 -7820 28116 4029 -3120 -6488 END
START -20440 -7252 27104 4797 -3360 -4959 END
START -19996 -6976 26268 5469 -3483 -3446 END
START -19328 -6612 25316 6097 -3468 -1985 END
START -18400 -6592 24704 6663 -3426 -506 END
START -17668 -6196 23780 7104 -3345 760 END