START 12624 7900 16876 -5730 160 3568 END
START 4916 -1304 17392 -4141 -4733 4628 END
START -512 -2324 22992 -2485 -8846 6175 END
START -1868 -2092 26500 -1300 -10796 6887 END
START -3012 -2300 29608 163 -11127 6306 END
START -5632 -3128 32644 2511 -12277 7419 END
START -6088 -4316 32767 5674 -14140 9785 END
START -6216 -4964 32767 9146 -15679 12443 END
START -4224 -5796 32767 12407 -16059 14878 END
START -516 -6640 32767 15926 -14811 16380 END
START 4712 -5056 30764 18835 -11596 14155 END
START 8864 -4828 29336 22346 -9654 10071 END
START 10708 -3896 25928 25691 -7726 5745 END
START 11940 -3248 21336 27955 -6294 1696 END
START 12536 -3276 18700 29297 -5763 -2048 END
START 13308 -3616 16808 30340 -4103 -5087 END
START 13684 -3508 15824 31313 46 -7980 END
START 12160 -4404 12576 32571 3391 -9697 END
START 12308 -3768 8140 30723 5820 -10869 END
START 12260 -3848 8912 29146 7329 -12757 END
START 12180 -3828 9228 29663 8428 -15050 END
START 10584 -3388 7316 30059 8832 -17392 END
START 11200 -2772 5820 29730 8835 -20017 END
START 12944 -1788 4908 29241 10443 -24064 END
START 11704 -1436 1804 28253 11621 -29119 END
START 8636 -952 -2524 25290 11760 -32408 END
START 6060 140 -5852 20209 10098 -32768 END
START 2588 404 -4840 15506 8338 -32768 END
START 76 664 -4012 12275 8600 -32768 END
START -6096 1328 -5316 8492 10036 -32768 END
START -16104 916 -4148 5235 9190 -32768 END
START -23900 1116 -2356 2993 6009 -29006 END
START -28636 1572 -440 2136 2462 -20555 END
START -29968 1780 224 1371 735 -12274 END
START -29152 1944 64 251 375 -5097 END
START -27268 2124 272 -1753 630 -189 END
START -25480 2228 1044 -3209 2126 3351 END
START -25416 2504 1628 -4441 2793 6563 END
START -24516 3172 2020 -5045 2120 10172 END
START -22348 4036 2584 -5871 2057 13779 END
START -20772 4208 2944 -6664 2642 17656 END
START -16724 4100 4472 -7297 4180 21434 END
START -13688 3988 5312 -7215 5666 23696 END
START -11208 4632 4800 -7367 5512 25788 END
START -8428 5200 3952 -8381 4821 27350 END
START -5644 5664 1404 -10673 2677 28024 END
START -4112 6280 -280 -14311 1222 28059 END
START -3372 5584 392 -19552 -22 28338 END
START 2092 4976 5408 -22031 -1930 28574 END
START 5008 5232 6444 -23108 -3323 25775 END
START 5700 4892 6624 -25536 -3372 23186 END
START 6296 3404 10140 -27917 -4410 21980 END
START 10972 3360 16920 -25905 -5478 19777 END
START 16436 5188 19940 -22025 -7417 14480 END
START 21100 6660 21648 -18896 -6493 7498 END
START 25100 7316 24944 -16169 -2816 -598 END
START 24396 7440 26452 -12656 122 -9284 END
START 23880 7576 26896 -9543 3146 -16031 END
START 22944 7404 27008 -6446 5640 -23307 END
START 21116 6276 24732 -3417 7680 -30718 END
START 17372 4800 21928 -2220 8789 -32768 END
START 14716 3792 18416 -1859 10008 -32768 END
START 7312 300 15112 -2834 9134 -32768 END
START 468 -2156 12508 -3858 9883 -32768 END
START -6276 -4300 11224 -5066 11729 -32768 END
START -15092 -7924 12452 -3494 11344 -32768 END
START -27076 -10544 14924 898 5355 -32768 END
START -31316 -11256 14692 5807 -636 -29841 END