START 32767 -500 15888 -12015 13170 7010 END
START 21880 -12000 18528 -10587 12583 7106 END
START 4656 -10856 30476 -7161 120 7917 END
START 21800 -10184 24132 -3336 -9218 7527 END
START 22292 -10304 31568 1359 -14540 5909 END
START 24668 -11116 32767 4862 -13086 3606 END
START 28068 -12396 32767 8710 -6879 2375 END
START 32568 -12284 32767 13720 353 1712 END
START 32767 -11024 32592 15622 6362 -796 END
START 32767 -10764 30956 18343 7154 -5545 END
START 32767 -11172 29840 21541 2683 -13129 END
START 30780 -13444 28656 24194 -225 -19627 END
START 25584 -15652 28168 27117 -657 -23763 END
START 21960 -17028 26540 30956 -783 -25844 END
START 19360 -17464 22412 32767 725 -27245 END
START 19928 -17376 19908 32767 499 -28952 END
START 21168 -17184 14152 32767 2695 -32768 END
START 17076 -17444 9696 32767 4788 -32768 END
START 16500 -16596 7688 32767 5026 -32768 END
START 17088 -15928 4932 32767 4802 -32768 END
START 18544 -15056 324 32767 5794 -32768 END
START 17636 -14484 -6688 32086 8685 -32768 END
START 15812 -14128 -8436 24914 11342 -32768 END
START 12796 -17060 -5984 21203 11291 -32768 END
START 7148 -18008 -3640 20545 7397 -32768 END
START 1036 -16624 -3112 19179 3712 -32768 END
START -2840 -14628 -2240 17162 -378 -32768 END
START -2944 -11608 -1580 13630 -2593 -32768 END
START -10788 -10144 -1124 8852 -2130 -32768 END
START -24764 -9856 316 5704 -2384 -32768 END
START -32768 -7132 2752 5235 -5327 -32768 END
START -32768 -6184 3332 4744 -5119 -23864 END
START -32768 -6600 3144 4132 -438 -16125 END
START -32768 -7056 3084 4583 922 -10067 END
START -32768 -7172 2492 5114 -1441 -2856 END
START -32768 -6328 1008 4562 -3840 6111 END
START -32768 -5316 -312 2810 -3349 16096 END
START -32768 -4684 -976 -250 -791 26101 END
START -28992 -4692 -1528 -3995 2598 32767 END
START -23180 -5216 -1088 -7689 5444 32767 END
START -16884 -6532 -872 -10685 7290 32767 END
START -12688 -7244 -1676 -13044 5748 32767 END
START -7368 -8780 -2356 -16274 5025 32767 END
START -208 -8508 -2372 -20199 7065 32767 END
START 5096 -9152 -1080 -24769 11393 32767 END
START 14632 -7572 4620 -26406 11664 32767 END
START 25680 -3400 7832 -24835 11386 32767 END
START 26964 -1292 8516 -23413 7025 32767 END
START 28236 632 9456 -22321 60 28959 END
START 28996 2084 9676 -22469 -4179 24675 END
START 32767 2688 12216 -23334 -4896 21425 END
START 32767 4376 15176 -24513 892 16341 END
START 32767 6216 19012 -23846 6964 7813 END
START 32767 7172 19708 -21979 13507 -5818 END
START 32767 4944 19664 -20037 13041 -18061 END
START 32767 2968 19776 -17422 10130 -27282 END
START 31332 1056 19820 -15825 8026 -32768 END
START 29064 -1172 20620 -15075 11148 -32768 END
START 30928 -1928 20272 -14042 17666 -32768 END
START 25292 -6984 20512 -12079 23056 -32768 END
START 11528 -14320 20320 -7967 15229 -32768 END
START -3488 -19764 25744 -2216 2107 -32768 END
START -18864 -22800 30844 4303 -8206 -32768 END
START -31496 -23584 30672 8872 -11626 -32768 END
START -32768 -20912 24844 8939 -4355 -32768 END
START -32664 -17628 19628 6097 2358 -25943 END
START -32768 -15364 17472 3208 5012 -16333 END
START -32768 -12800 17176 2078 2999 -7793 END