START 32767 -1720 18956 -7475 -14348 4338 END
START 25356 -9368 24636 -4300 -12907 3956 END
START 27420 -8360 28788 -3254 643 1268 END
START 28484 -7148 25272 -1768 11427 -1197 END
START 23252 -7168 26356 -587 12358 -2594 END
START 22888 -6588 30952 2431 5273 -4962 END
START 26608 -6532 32767 7095 -2506 -8210 END
START 27648 -6824 32767 11239 -3767 -12604 END
START 22968 -9252 32767 15116 -2300 -14262 END
START 20752 -10404 32767 19802 -1398 -13014 END
START 19672 -11476 32767 24091 1197 -12149 END
START 17016 -12892 32767 27658 1649 -10971 END
START 15824 -14448 32767 32456 -1004 -10887 END
START 16104 -15632 32767 32767 -3281 -11545 END
START 16444 -16568 26684 32767 -3920 -12789 END
START 17404 -15460 13200 32767 -3187 -12646 END
START 21548 -14012 12272 32767 -1305 -15399 END
START 21264 -13796 5620 32767 3292 -19834 END
START 18728 -13440 -1344 31989 6827 -23067 END
START 15152 -13336 -3812 29180 8825 -24881 END
START 12532 -12120 -7548 27279 8745 -25146 END
START 13212 -9264 -11932 23263 6639 -25755 END
START 16036 -6528 -12904 18878 8412 -29277 END
START 14920 -5764 -12976 14805 9624 -32768 END
START 16092 -4296 -12792 11051 10951 -32768 END
START 15072 -6552 -10980 7035 11757 -32768 END
START 9928 -7572 -9424 4107 13227 -32768 END
START 6284 -7796 -8704 864 13162 -32768 END
START 664 -8660 -5352 -1584 11502 -32768 END
START -6068 -7760 -808 -1854 8409 -32768 END
START -12264 -7224 3204 -1494 5191 -32768 END
START -18524 -7064 6592 -459 4127 -32768 END
START -27916 -7596 10716 1081 2379 -32768 END
START -32768 -7352 13700 4081 332 -30065 END
START -32768 -7980 13132 4030 1937 -22177 END
START -32768 -9684 13400 3075 4580 -12864 END
START -32768 -10068 15340 3035 6153 -2308 END
START -32768 -10164 16908 6256 4811 10283 END
START -32768 -9552 14764 11145 1671 22260 END
START -32768 -7796 9100 14229 -992 32176 END
START -27884 -6356 4176 14402 -2515 32767 END
START -21060 -5384 180 12189 -1563 32767 END
START -15048 -5660 -2608 8260 606 32767 END
START -9740 -7392 -4448 3984 2486 32767 END
START -4424 -7924 -7736 -990 2341 32767 END
START 3300 -8408 -8852 -6469 -2387 32767 END
START 15228 -5372 -6992 -11753 -5904 32767 END
START 24220 -1160 -2888 -14704 -1996 32767 END
START 20080 -1292 -1332 -14713 1269 32767 END
START 20236 -1188 -1900 -15151 -1703 32767 END
START 25804 -48 -1716 -16983 -5321 32767 END
START 32016 1344 720 -19009 -6848 32767 END
START 32767 3104 7108 -20024 -6778 26852 END
START 32767 6732 10552 -17830 -1233 14701 END
START 32767 9076 9832 -17410 3419 -22 END
START 32767 8560 10384 -17962 5816 -10563 END
START 32767 7008 11500 -17975 7503 -18962 END
START 32767 6264 11968 -18370 12096 -26442 END
START 32767 4136 11428 -19304 19016 -32768 END
START 32420 1984 10496 -21091 24854 -32768 END
START 25756 -2380 8320 -22181 26455 -32768 END
START 16640 -7032 11524 -21166 20765 -32768 END
START 11716 -9396 15480 -18625 10932 -32768 END
START 11568 -12740 16924 -17228 10529 -32768 END
START 1004 -17540 15784 -17689 15069 -32768 END
START -13648 -21820 19556 -16445 13014 -32768 END
START -27912 -22860 28884 -10985 5121 -32768 END
START -32768 -23172 32767 -1579 1028 -32768 END
START -32436 -23200 28188 6000 -1021 -26974 END
START -32768 -22176 21004 9090 -2734 -18110 END