START 32767 -6236 32580 -9205 1847 7820 END
START 30564 -11448 32767 -5168 -1597 2932 END
START 23080 -13952 32767 -64 -7918 -1018 END
START 23112 -14864 32767 4289 -16146 -2305 END
START 24324 -15160 32767 10499 -18743 -3829 END
START 27152 -15704 32767 15761 -14094 -7232 END
START 24696 -17372 32767 21770 -9941 -11632 END
START 20148 -18840 32767 27504 -10775 -13683 END
START 16084 -20976 32767 32767 -12454 -15205 END
START 12776 -22236 32767 32767 -14861 -14675 END
START 14152 -21316 26984 32767 -15924 -14172 END
START 16232 -20580 19000 32767 -12990 -15407 END
START 16228 -19420 13348 32767 -9806 -18224 END
START 14416 -19720 11504 32767 -9906 -21444 END
START 11884 -19232 7504 32767 -10800 -24710 END
START 12092 -19108 2492 32767 -10921 -26043 END
START 12540 -18064 -3876 32767 -6043 -28560 END
START 12800 -15248 -13972 32767 -32 -29357 END
START 14872 -11992 -15704 25312 3026 -32118 END
START 15500 -11128 -14492 19286 4490 -32768 END
START 13944 -10160 -15624 14267 3874 -32768 END
START 11284 -10408 -15216 8343 4930 -32768 END
START 8812 -9176 -12096 3342 7924 -32768 END
START 8640 -7688 -12616 -413 11542 -32768 END
START 4516 -4848 -13300 -5448 10960 -32768 END
START 16 -3972 -9284 -9120 9074 -32768 END
START -3472 -2944 -8596 -12704 7883 -32768 END
START -9340 -4880 -5968 -17844 8282 -32768 END
START -18776 -5996 -2780 -23478 12487 -32768 END
START -30520 -7684 3676 -27678 17305 -32768 END
START -32768 -10328 11744 -26785 16518 -30236 END
START -32768 -11656 18768 -20699 9225 -14535 END
START -32768 -12292 21692 -12770 6842 -598 END
START -32768 -12036 20356 -5608 3123 8788 END
START -32768 -10948 18044 532 -1958 15339 END
START -30884 -8536 13820 4628 -3084 21532 END
START -30544 -6644 9204 6320 -3597 29048 END
START -25792 -5820 7436 6692 -3750 32767 END
START -20916 -6336 6508 6365 222 32767 END
START -18080 -7688 4580 6624 887 32767 END
START -11020 -8716 1180 6107 -3544 32767 END
START -3196 -10176 -3392 4533 -8034 32767 END
START 6760 -8176 -10620 -1503 -14500 32767 END
START 16744 -6420 -11420 -9566 -15162 32767 END
START 21948 -5328 -6312 -16787 -12456 32767 END
START 23744 -5472 -960 -19971 -8200 32767 END
START 29360 -3992 2412 -20883 -8110 32767 END
START 32767 -2628 5404 -20244 -11057 32767 END
START 32767 856 8812 -18032 -13309 25494 END
START 32767 4300 9392 -16093 -8598 13241 END
START 32767 5248 10332 -16514 -1523 2003 END
START 32767 6000 13388 -15555 2070 -6519 END
START 32767 6736 14368 -14170 6206 -17412 END
START 32767 5916 14480 -13175 11837 -29995 END
START 32767 3180 13976 -12882 17121 -32768 END
START 32767 556 11336 -13590 20799 -32768 END
START 28596 -5024 9896 -15525 23949 -32768 END
START 17268 -12332 10108 -15868 23538 -32768 END
START 3260 -15692 12080 -14767 14814 -32768 END
START -3584 -16844 14384 -14728 7468 -32768 END
START -19248 -20320 20688 -13521 4890 -32768 END
START -32768 -20096 25048 -7541 1774 -32768 END
START -32768 -17888 23780 -2956 1102 -30254 END