START 23612 -6788 21304 742 -16461 18904 END
START 32767 -9288 23488 5080 -18783 13865 END
START 27388 -9404 32767 7285 -16514 9218 END
START 32767 -10180 32504 9748 -13882 5602 END
START 31784 -9732 32767 13060 -11646 1051 END
START 32767 -8908 32767 16357 -10076 -5697 END
START 31364 -10140 31024 17908 -8381 -13248 END
START 26852 -12356 31264 21258 -7977 -17925 END
START 22120 -13704 28548 25513 -8067 -21044 END
START 19100 -14712 25336 29056 -9230 -22239 END
START 19480 -14384 22008 31269 -9909 -23848 END
START 21396 -14288 17984 32412 -9426 -26576 END
START 23560 -13776 12692 31156 -7228 -31706 END
START 22580 -13980 9936 29606 -5240 -32768 END
START 22756 -14508 6948 28288 -3437 -32768 END
START 21584 -15108 3376 26827 142 -32768 END
START 19652 -16904 1676 25190 3784 -32768 END
START 15392 -16992 256 24766 6487 -32768 END
START 15064 -15740 -3436 23472 8690 -32768 END
START 14168 -15456 -4568 20210 10821 -32768 END
START 11876 -14892 -5632 17792 13297 -32768 END
START 5788 -15384 -7900 14447 13623 -32768 END
START -376 -14800 -10212 9583 12820 -32768 END
START -6476 -11740 -9900 4374 9132 -32768 END
START -9244 -9568 -7044 -92 5895 -32768 END
START -12552 -9036 -3644 -3185 4563 -32768 END
START -18228 -8056 -664 -4167 2845 -32768 END
START -26744 -10172 3728 -4230 -2669 -32768 END
START -32768 -10988 7284 -1976 -9157 -32768 END
START -32768 -10764 10220 -1284 -10357 -24852 END
START -32768 -10984 12540 169 -6370 -6424 END
START -32768 -10832 12112 1924 -3416 10568 END
START -32768 -9676 10128 3105 -4289 21986 END
START -28700 -7596 8424 3981 -5612 28035 END
START -25412 -6248 7444 4506 -5636 32571 END
START -23660 -5420 6104 4861 -5554 32767 END
START -20684 -5180 4124 4537 -5072 32767 END
START -16344 -5328 2060 2728 -3378 32767 END
START -12760 -7064 1152 257 -1621 32767 END
START -7524 -8860 664 -2190 -705 32767 END
START -2296 -9536 764 -4192 -525 32767 END
START 6384 -9260 1916 -5238 -286 32767 END
START 16396 -6188 1720 -7409 2810 32767 END
START 22280 -2928 584 -10109 5676 32767 END
START 20356 -2964 2272 -13217 2742 32767 END
START 24032 -2760 3884 -14110 -3471 32767 END
START 32767 -16 4828 -15330 -8220 32767 END
START 32767 2376 7136 -16889 -7364 32767 END
START 32767 5444 12172 -15868 -1990 22704 END
START 32767 8816 13404 -13268 6311 7634 END
START 32767 9296 12192 -13553 13532 -6375 END
START 32767 7220 11428 -14115 18550 -18822 END
START 32767 5120 11772 -14092 20183 -28104 END
START 32767 3652 11916 -14136 21541 -32768 END
START 30336 2620 13012 -14383 21034 -32768 END
START 26068 -1248 13736 -14149 20177 -32768 END
START 14984 -7404 15256 -11612 17901 -32768 END
START 5336 -10584 15404 -9578 13001 -32768 END
START -8336 -14232 19000 -7159 7273 -32768 END
START -18444 -13768 22540 -992 -4027 -32768 END
START -25280 -12064 21584 2133 -6561 -32768 END
START -30276 -10676 19040 2395 -2234 -31452 END