START 15448 232 13860 -2921 -16714 4387 END
START 19048 -5604 -424 -1874 -15024 4162 END
START 14104 -528 14564 -4599 -13086 3846 END
START 16380 -684 13264 -4209 -11992 3499 END
START 13648 -976 15872 -5123 -10270 3331 END
START 13704 -776 16192 -5576 -9233 3057 END
START 13772 -732 16092 -5998 -7720 2997 END
START 12404 -1156 17772 -6251 -6324 3019 END
START 12560 -1220 18064 -6354 -4971 3191 END
START 12012 -1620 19252 -6351 -3830 3459 END
START 11600 -1640 20492 -6281 -2956 3805 END
START 11976 -1496 21304 -6180 -2372 4080 END
START 12072 -1420 22648 -5990 -2014 4368 END
START 12416 -1280 23812 -5747 -1781 4525 END
START 13264 -1232 24612 -5338 -1788 4507 END
START 13764 -1412 25372 -4787 -1757 4335 END
START 14108 -1604 26524 -4141 -1881 4095 END
START 14192 -1872 27144 -3394 -2180 3841 END
START 14304 -2008 27648 -2587 -2686 3671 END
START 14136 -2040 28000 -1785 -3234 3545 END
START 14280 -1996 28368 -1020 -3806 3474 END
START 14404 -1896 28268 -322 -4256 3500 END
START 14600 -2072 28688 377 -4732 3552 END
START 15700 -2924 28192 975 -5151 3595 END
START 16008 -3536 28920 1503 -5687 3553 END
START 16316 -3644 29156 1942 -6363 3426 END
START 16924 -3428 29548 2384 -6954 3259 END
START 17720 -3208 29724 2803 -7364 3095 END
START 18836 -3052 30348 3274 -7727 2934 END
START 19928 -3348 30956 3773 -7914 2654 END
START 20956 -3800 31088 4326 -7974 2308 END
START 21764 -4476 31680 4981 -7893 1897 END
START 22432 -4664 32292 5666 -8032 1465 END
START 23264 -4432 32767 6517 -8188 862 END
START 24696 -3996 32767 7368 -8070 191 END
START 26088 -3736 32767 8191 -7698 -768 END
START 27164 -3780 32616 9092 -7160 -1871 END
START 28132 -4176 32360 9798 -6392 -3011 END
START 28424 -4456 32556 10498 -5884 -4330 END
START 28928 -4612 32416 11216 -5301 -5675 END
START 29072 -4876 32580 11878 -4874 -6945 END
START 28992 -4868 32320 12591 -4492 -8256 END
START 28720 -5200 32024 13361 -4238 -9430 END
START 28552 -5496 31976 14142 -3986 -10558 END
START 27652 -5832 31764 15088 -4018 -11661 END
START 27156 -5760 31368 16002 -4176 -12673 END
START 26252 -5824 31076 16892 -4468 -13587 END
START 25612 -5752 30876 17804 -4902 -14435 END
START 25276 -5528 30468 18650 -5347 -15221 END
START 25080 -5680 30104 19492 -5670 -15912 END
START 24928 -5596 29744 20384 -5914 -16604 END
START 24960 -5736 29328 21336 -6014 -17297 END
START 24968 -5992 28912 22363 -6024 -18023 END
START 25156 -6092 28408 23467 -6004 -18766 END
START 25164 -6316 27420 24608 -5889 -19573 END
START 24836 -6652 26668 25687 -5757 -20337 END
START 24580 -6768 25804 26789 -5673 -21133 END
START 24148 -6936 24652 27774 -5555 -21927 END
START 24280 -6972 23372 28702 -5407 -22690 END
START 24292 -6800 22036 29536 -5179 -23456 END
START 24588 -6700 20556 30180 -4863 -24313 END
START 24804 -6648 19060 30752 -4468 -25249 END
START 24992 -6800 17644 31180 -4061 -26253 END
START 24916 -6924 15764 31483 -3594 -27309 END
START 24588 -7092 14336 31661 -3252 -28398 END
START 24264 -7084 12888 31726 -2826 -29439 END
START 23632 -7248 11436 31720 -2449 -30506 END
START 22996 -7340 10040 31646 -2077 -31525 END
START 22108 -7380 8716 31455 -1805 -32527 END
START 21168 -7400 7508 31222 -1609 -32768 END
START 20292 -7248 6344 30908 -1547 -32768 END
START 19716 -7148 5168 30519 -1538 -32768 END
START 19216 -7040 3984 30036 -1533 -32768 END
START 18904 -6900 3016 29536 -1491 -32768 END
START 18796 -6980 2164 28952 -1405 -32768 END
START 18724 -6900 1268 28357 -1290 -32768 END
START 18608 -6824 532 27727 -1245 -32768 END
START 18420 -6804 -52 27081 -1163 -32768 END
START 18116 -6880 -572 26469 -1127 -32768 END
START 17664 -6884 -1384 25778 -1066 -32768 END
START 16992 -7028 -1808 25098 -1060 -32768 END
START 16008 -7012 -2380 24356 -1074 -32768 END
START 14732 -7136 -2764 23644 -1180 -32768 END
START 13488 -7144 -3264 22905 -1320 -32768 END
START 12296 -7024 -3708 22134 -1459 -32768 END
START 11280 -7008 -4104 21346 -1425 -32768 END
START 10332 -6988 -4676 20547 -1299 -32768 END
START 9592 -6768 -5128 19737 -1115 -32768 END
START 8740 -6504 -5556 18877 -838 -32768 END
START 8020 -6388 -6020 18015 -565 -32768 END
START 7388 -6220 -6396 17148 -256 -32768 END
START 6552 -6304 -6872 16252 -105 -32768 END
START 5900 -6184 -7484 15319 8 -32768 END
START 5336 -6212 -7988 14411 -7 -32768 END
START 5036 -6248 -8680 13451 -10 -32768 END
START 4660 -5992 -9152 12384 -133 -32768 END
START 4448 -5936 -9632 11228 -243 -32768 END
START 3892 -5540 -10284 9962 -406 -32768 END
START 3004 -5152 -10812 8622 -578 -32768 END
START 1920 -4836 -11344 7243 -862 -32768 END
START 676 -4624 -11788 5784 -1231 -32768 END
START -820 -4104 -11996 4316 -1723 -32768 END
START -2360 -3260 -12480 2830 -2250 -32768 END
START -4020 -2704 -12904 1299 -2966 -32768 END
START -5136 -1760 -13404 -364 -3683 -32768 END
START -5876 -1288 -14348 -2117 -4294 -32768 END
START -6516 -592 -15188 -3989 -4628 -32768 END
START -6932 112 -15676 -6209 -4681 -32768 END
START -7104 820 -16060 -8458 -4440 -32768 END
START -7260 1216 -16492 -10892 -3787 -32768 END
START -7256 1316 -16332 -13465 -2616 -32768 END
START -7496 988 -15684 -15810 -1342 -32768 END
START -7848 788 -14860 -18164 67 -32768 END
START -8384 800 -14040 -20320 1542 -32768 END
START -8956 872 -12684 -22427 3029 -32768 END
START -9556 1096 -11432 -24326 4548 -32768 END
START -9896 1328 -9940 -26019 5954 -32768 END
START -10424 1700 -8096 -27455 7207 -32768 END
START -11008 2056 -5944 -28732 8396 -32012 END
START -11700 2064 -3836 -29735 9274 -31268 END
START -12288 1668 -1768 -30544 9735 -30641 END
START -13252 1816 336 -31064 9904 -30017 END
START -14240 2080 2304 -31282 9656 -29372 END
START -15024 2228 3936 -31343 9304 -28631 END
START -15408 1832 5592 -31228 8761 -27821 END
START -15772 1368 7128 -31085 8196 -27020 END
START -16032 924 8548 -30879 7583 -26173 END
START -16256 520 9856 -30694 7079 -25330 END
START -16512 256 11108 -30517 6561 -24446 END
START -16912 -108 12452 -30304 6116 -23476 END
START -17284 -380 13604 -30064 5780 -22590 END
START -17744 -680 14992 -29743 5504 -21557 END
START -18332 -904 16348 -29417 5245 -20529 END
START -18688 -1260 17936 -29032 4860 -19449 END
START -19100 -1516 19768 -28582 4482 -18370 END
START -19408 -2284 22288 -27906 4005 -17183 END
START -19644 -2944 24240 -27051 3608 -16119 END
START -20028 -3412 26468 -26036 3089 -14984 END
START -20300 -3900 28632 -24692 2543 -13827 END
START -20836 -4064 30404 -23140 2024 -12670 END
START -21616 -4328 32692 -21368 1508 -11377 END
START -22188 -4448 32767 -19357 995 -10012 END
START -22852 -4712 32767 -17226 641 -8595 END
START -23500 -5056 32767 -14971 311 -7121 END
START -24364 -5472 32767 -12431 -205 -5574 END
START -24892 -5656 32767 -9872 -538 -3908 END
START -25440 -5752 32767 -7094 -821 -2079 END
START -25752 -5972 32767 -4287 -1032 -170 END
START -26016 -5888 32767 -1445 -1339 1798 END
START -26232 -5796 32767 1298 -1530 3802 END
START -25928 -5836 32767 4010 -1746 5785 END
START -25548 -5888 32767 6586 -1883 7757 END
START -24808 -6064 32767 9041 -2150 9734 END
START -24288 -5920 32767 11264 -2340 11649 END
START -23784 -5988 32767 13327 -2517 13592 END
START -23416 -5504 32408 15223 -2697 15547 END
START -22672 -5252 30832 16849 -2857 17425 END
START -21988 -5192 29336 18307 -2908 19232 END
START -21412 -4916 27588 19636 -2973 21101 END
START -20880 -4776 26376 20777 -3040 22903 END
START -20168 -4324 24668 21739 -3035 24663 END
START -19516 -3884 23448 22528 -2968 26297 END
START -18688 -3464 21956 23110 -2881 27851 END
START -17904 -2948 20344 23655 -2783 29471 END
START -16912 -2700 19400 24081 -2643 30990 END
START -16144 -2692 18028 24521 -2416 32518 END
START -15376 -2764 17348 24944 -2160 32767 END
START -15328 -1988 16556 25293 -2214 32767 END
START -14332 -2188 15296 25415 -2183 32767 END
START -13436 -2328 14268 25668 -2164 32767 END
START -12456 -2464 13052 25814 -1847 32767 END
START -12044 -2540 12052 25996 -1574 32767 END
START -11380 -2532 11092 26045 -1444 32767 END
START -10432 -2840 9728 26006 -1384 32767 END
START -9700 -2948 8580 25970 -1289 32767 END
START -8756 -2896 7552 25877 -1169 32767 END
START -7796 -2924 6144 25650 -907 32767 END
START -6896 -3088 4908 25326 -572 32767 END
START -5724 -3412 3352 24962 -112 32767 END
START -4356 -3676 1836 24475 437 32767 END
START -2612 -3888 424 23854 1026 32767 END
START -684 -3908 -1108 23027 1716 32767 END
START 1352 -3876 -2544 22022 2390 32767 END
START 3520 -3656 -4080 20831 2924 32767 END
START 5704 -3352 -5460 19469 3217 32767 END
START 7900 -3132 -6624 17944 3085 32767 END
START 9960 -2988 -7932 16376 2598 32767 END
START 12116 -2928 -9356 14683 1868 32767 END
START 14108 -2888 -11140 12878 1057 32767 END
START 15752 -2440 -12472 10817 151 32767 END
START 16892 -1332 -13872 8594 -839 32767 END
START 18188 40 -15784 6013 -1511 32767 END
START 19712 1128 -16940 3375 -1979 32767 END
START 21224 2308 -18056 307 -2220 32767 END
START 22800 2992 -18472 -2815 -1930 32767 END
START 24492 3344 -18364 -6072 -1396 32767 END
START 26092 3480 -17836 -9297 -309 32767 END
START 27796 3532 -17108 -12098 1125 32767 END
START 29148 3964 -15960 -14519 2840 32767 END
START 30520 4508 -14604 -17032 4685 32767 END
START 31456 4996 -12776 -19125 6242 32176 END
START 32276 5704 -11160 -20902 7618 30003 END
START 32767 6156 -9432 -22486 8591 27532 END
START 32767 6500 -7268 -23807 9258 25089 END
START 32436 7000 -5312 -24861 9601 22615 END
START 31616 7268 -3228 -25588 9652 20311 END
START 30644 7640 -968 -26006 9450 18243 END
START 29648 8116 828 -26081 9073 16415 END
START 28836 8516 2504 -25879 8596 14878 END
START 28408 8544 4172 -25474 8083 13569 END
START 28400 8656 5788 -24859 7676 12236 END
START 28760 8820 7372 -24121 7267 11087 END
START 29364 8908 8440 -23298 6825 9840 END
START 30156 8992 9304 -22444 6539 8569 END
START 31168 8988 10020 -21544 6249 7229 END
START 32188 8976 10816 -20579 6000 5785 END
START 32767 9124 11120 -19613 5668 4205 END
START 32767 9268 11040 -18680 5334 2372 END
START 32767 9264 10728 -17866 5058 441 END
START 32767 9284 10568 -17208 4779 -1576 END
START 32767 9352 9956 -16730 4466 -3670 END
START 32767 9456 9104 -16448 4273 -5923 END
START 32767 9336 8624 -16356 4190 -8251 END
START 32767 9092 8120 -16397 4187 -10702 END
START 32767 8964 7732 -16584 4173 -13189 END
START 32767 8824 7280 -16873 4142 -15541 END
START 32767 8588 6972 -17236 4092 -17698 END
START 32767 8472 6508 -17699 4068 -19756 END
START 32767 8248 6200 -18267 4222 -21606 END
START 32767 8124 5772 -18823 4634 -23326 END
START 32767 7880 5372 -19569 5306 -25090 END
START 32488 7404 5004 -20362 6098 -26747 END
START 31676 6968 4760 -21210 7068 -28413 END
START 30800 6804 5032 -22153 8134 -30156 END
START 30176 6196 5604 -23134 9274 -31861 END
START 29640 5436 6076 -24036 10475 -32768 END
START 29088 4600 6672 -24919 11844 -32768 END
START 28236 3760 7476 -25634 13263 -32768 END
START 27416 2736 8724 -26228 13932 -32768 END
START 26104 1308 10288 -26679 14795 -32768 END
START 24772 204 11736 -26865 15176 -32768 END
START 23332 -684 13092 -27000 15181 -32768 END
START 21552 -1608 14400 -26943 14885 -32768 END
START 19336 -3148 15508 -26833 14264 -32768 END
START 16908 -4604 16972 -26647 13236 -32768 END
START 13784 -5568 18576 -26378 12553 -32768 END
START 10552 -5596 19884 -26050 11250 -32768 END
START 6768 -5456 21304 -25598 10244 -32768 END
START 4196 -5852 22460 -25132 9318 -32768 END
START 1724 -6324 23324 -24562 8638 -32768 END
START -672 -7220 24372 -23886 8044 -32768 END
START -2860 -7964 25528 -23225 7683 -32768 END
START -5052 -8548 26400 -22443 7439 -32768 END
START -7036 -8968 27036 -21587 7424 -32768 END
START -8844 -9192 27772 -20631 7546 -32768 END
START -10632 -9544 28384 -19664 7629 -32768 END
START -12340 -9856 29316 -18555 7701 -32768 END
START -13964 -10408 29668 -17408 7607 -32768 END
START -15444 -10632 30148 -16252 7381 -32768 END
START -17388 -10568 30776 -14829 6922 -32768 END
START -18176 -10712 30860 -13995 6501 -32768 END
START -19304 -10720 31404 -12641 5902 -32768 END
START -20176 -11012 31808 -11403 5315 -32768 END
START -21196 -11160 32260 -10056 4556 -32705 END
START -22172 -11156 32767 -8668 3544 -30763 END
START -22948 -10688 32716 -7276 2504 -28723 END
START -23368 -9552 32688 -5856 1393 -26658 END
START -23224 -8732 32728 -4371 317 -24679 END
START -22968 -9376 31952 -2996 -390 -22736 END
START -23552 -10208 31724 -1698 -799 -20608 END
START -24584 -9992 31788 -431 -1614 -18377 END
START -25156 -9368 32212 1176 -3119 -15989 END
START -24728 -9060 30692 2520 -3831 -13635 END
START -24572 -8444 29996 3897 -4623 -11200 END
START -24424 -7800 29492 5077 -5453 -8935 END
START -23868 -7024 28484 6111 -6429 -6668 END
START -23096 -6424 27304 6945 -7226 -4720 END
START -22536 -5876 26636 7754 -7813 -2751 END
START -21672 -5256 25788 8398 -8198 -975 END
START -20780 -4948 24680 8971 -8268 784 END
START -19888 -4460 23808 9507 -8056 2512 END
START -19152 -4092 22676 9947 -7595 4189 END
START -18232 -3936 21944 10360 -7055 5851 END
START -17348 -3592 20912 10740 -6341 7551 END
START -16548 -3280 20332 10976 -5731 9122 END
START -15520 -2892 19504 11132 -5100 10546 END
START -13896 -2516 18720 11225 -4490 11993 END
START -12612 -2236 17656 11277 -4000 13237 END