START 32767 -3188 26356 -11427 -7928 11112 END
START 23424 -14668 32767 -5111 -22826 8603 END
START 26176 -14764 32767 740 -26728 6813 END
START 32767 -14252 32767 6321 -18987 3783 END
START 32767 -14164 32767 10216 -10970 -1150 END
START 32000 -14012 32767 15405 -8298 -6131 END
START 30264 -13736 32400 18528 -6290 -10980 END
START 27036 -14600 31204 20704 -5908 -15657 END
START 23924 -15864 31100 24234 -7145 -20462 END
START 18812 -17076 29780 28363 -8301 -24102 END
START 15020 -17944 29680 32767 -11155 -24997 END
START 15284 -18036 24880 32767 -10621 -25458 END
START 16748 -17580 18152 32767 -7419 -25855 END
START 18220 -15716 5296 32767 -1629 -25821 END
START 21452 -13440 3296 29830 851 -26662 END
START 24868 -12852 4492 28658 2790 -31531 END
START 24920 -13848 1376 28247 6769 -32768 END
START 21056 -15044 -3392 27085 11717 -32768 END
START 16548 -14600 -10800 23213 15302 -32768 END
START 14564 -13444 -14804 16319 16162 -32768 END
START 13840 -13432 -13764 10919 17673 -32768 END
START 10224 -13752 -12052 7144 20174 -32768 END
START 7556 -12396 -12080 5150 21089 -32768 END
START 6860 -10148 -10976 2648 19380 -32768 END
START 1520 -8940 -10608 -13 17637 -32768 END
START -5572 -9020 -7896 -2676 13521 -32768 END
START -14796 -8336 -2708 -3698 7622 -32768 END
START -19824 -9260 360 -5652 6821 -32768 END
START -28628 -11036 3924 -7458 10693 -32768 END
START -32768 -12564 10604 -6513 8744 -32530 END
START -32768 -13276 15900 -1701 457 -16671 END
START -32768 -13728 17004 3494 -3786 -1410 END
START -32768 -12804 16016 7045 -5715 10808 END
START -32768 -11176 12812 9904 -7629 20969 END
START -32000 -8504 9528 10904 -7307 28752 END
START -29460 -7752 7056 10569 -5647 32767 END
START -25216 -6888 4376 8932 -3054 32767 END
START -19576 -7556 2732 6910 -1375 32767 END
START -11912 -8496 -16 5111 -1896 32767 END
START -4028 -8852 -4068 3320 -4350 32767 END
START 4376 -7664 -8344 -1155 -7594 32767 END
START 13796 -6116 -10504 -7691 -8737 32767 END
START 20136 -3456 -5244 -13674 -6984 32767 END
START 22028 -1920 -1932 -15162 -4168 32767 END
START 23316 -1608 -2552 -16924 -4260 32767 END
START 28208 -2056 504 -19305 -7215 32767 END
START 32767 -152 4976 -19827 -6260 32767 END
START 32767 2860 7804 -19647 -3872 25442 END
START 32767 5368 11444 -18851 1885 12991 END
START 32767 7140 14296 -15799 5375 -719 END
START 32767 7368 11064 -15287 8483 -16744 END
START 32767 2760 9396 -16913 12114 -27558 END
START 32767 1432 11872 -17952 14224 -32768 END
START 32767 -528 13084 -17911 19620 -32768 END
START 28388 -4472 11592 -18172 25542 -32768 END
START 19632 -8724 9268 -19495 26858 -32768 END
START 7012 -15532 12692 -19011 21309 -32768 END
START -4256 -16768 18748 -14734 6264 -32768 END
START -8136 -17140 21656 -10680 -1407 -32768 END
START -15988 -17868 20532 -9311 1474 -32768 END
START -29140 -18600 21464 -9633 5525 -32768 END
START -32768 -17808 23892 -7688 4255 -30839 END