START 1416 -2388 23716 -3389 -3903 -2964 END
START 6180 -9040 8640 -1257 -2443 -2442 END
START 3536 -900 21268 -2670 -2297 -2192 END
START 3312 -1956 22316 -1693 -1772 -2077 END
START 1896 -2624 22508 -1767 -2207 -1980 END
START 4380 -2204 19620 -1891 -2248 -1910 END
START 3084 -3084 21440 -2124 -2164 -2009 END
START 6532 -2976 18952 -2372 -2145 -2165 END
START 5828 -3600 21592 -2655 -1857 -2410 END
START 7824 -3264 20372 -2906 -1889 -2871 END
START 7744 -3292 21796 -3065 -1553 -3385 END
START 8504 -3388 22448 -3136 -1585 -4147 END
START 8772 -3588 23120 -3067 -1611 -4960 END
START 8352 -3936 24556 -2869 -1733 -5858 END
START 8360 -4008 24644 -2574 -1926 -6728 END
START 7336 -4044 25480 -2210 -2188 -7471 END
START 6440 -4072 26364 -1753 -2589 -8076 END
START 5272 -4328 26776 -1281 -2997 -8524 END
START 3852 -4468 27560 -704 -3441 -8753 END
START 2512 -4516 27980 -77 -3960 -8773 END
START 1264 -4308 28420 532 -4358 -8695 END
START 244 -4272 28604 1218 -4674 -8383 END
START -456 -4180 28736 1931 -4838 -7958 END
START -1012 -4448 29004 2580 -4958 -7415 END
START -1220 -4676 28920 3261 -4932 -6796 END
START -1396 -5000 29300 3886 -4838 -6152 END
START -1408 -4852 29440 4580 -4765 -5434 END
START -1528 -4916 29736 5190 -4634 -4762 END
START -1304 -4948 29668 5799 -4559 -4096 END
START -1268 -4876 30028 6319 -4532 -3488 END
START -1160 -4732 30092 6767 -4547 -2886 END
START -948 -4676 30864 7072 -4553 -2190 END
START -476 -4428 31320 7294 -4512 -1579 END
START 88 -4332 31780 7468 -4345 -910 END
START 852 -4156 32748 7664 -3948 -297 END
START 1760 -4036 32767 7799 -3342 296 END
START 2492 -4176 32767 8183 -2550 859 END
START 3592 -4204 32767 8632 -1495 1344 END
START 4460 -4376 32767 9275 -604 1770 END
START 5440 -4484 32767 10009 331 2096 END
START 6212 -4836 32767 10891 1088 2313 END
START 6812 -4476 32767 11823 1645 2426 END
START 7100 -4552 32767 12770 2055 2462 END
START 7696 -4664 32767 13721 2215 2420 END
START 7996 -4704 32767 14760 2318 2325 END
START 8420 -4708 32767 15819 2233 2240 END
START 8872 -4872 32767 16949 2145 2081 END
START 9184 -5088 32767 18192 1947 1892 END
START 9508 -5248 32767 19492 1676 1635 END
START 9692 -5384 32767 20954 1302 1284 END
START 9700 -5636 32767 22436 653 907 END
START 9540 -5872 32767 24044 28 527 END
START 9448 -6060 32767 25495 -680 135 END
START 9280 -6144 32767 26975 -1420 -192 END
START 9152 -6388 32767 28487 -2303 -522 END
START 8928 -6512 32767 29917 -3099 -789 END
START 8872 -6608 32767 31334 -3826 -1067 END
START 8668 -6616 32767 32643 -4417 -1227 END
START 8916 -6876 32767 32767 -4922 -1445 END
START 9060 -6956 32767 32767 -5176 -1593 END
START 9304 -7008 32336 32767 -5380 -1809 END
START 9380 -7028 31336 32767 -5504 -1962 END
START 9868 -7248 30196 32767 -5621 -2211 END
START 10228 -7352 28980 32767 -5663 -2480 END
START 10660 -6756 27728 32767 -5712 -2767 END
START 10944 -6592 27032 32767 -5854 -3005 END
START 12064 -7920 25592 32767 -5767 -3462 END
START 13180 -8436 24176 32767 -5572 -4128 END
START 14144 -8448 22980 32767 -5320 -4883 END
START 14744 -8096 21848 32767 -5108 -5742 END
START 15132 -8028 20284 32767 -4908 -6637 END
START 15500 -8024 19036 32767 -4718 -7611 END
START 15436 -8224 17468 32767 -4573 -8732 END
START 15000 -8208 15948 32767 -4641 -9802 END
START 14332 -8280 14764 32767 -4914 -10765 END
START 13472 -8292 13072 32767 -5460 -11617 END
START 12712 -8108 11196 32767 -6133 -12218 END
START 12352 -7968 8964 32767 -6816 -12784 END
START 12004 -7760 7324 32767 -7476 -13266 END
START 12044 -7496 5376 32767 -8126 -13751 END
START 12252 -7304 4048 32767 -8592 -14363 END
START 12364 -7024 2604 32767 -8917 -14932 END
START 12536 -6488 1628 32767 -9266 -15597 END
START 13044 -5952 360 32767 -9453 -16323 END
START 13072 -5792 -472 32767 -9608 -17111 END
START 13296 -5568 -1024 32767 -9734 -17885 END
START 13720 -5084 -1676 32767 -9904 -18756 END
START 14012 -4808 -1976 32767 -9915 -19648 END
START 14276 -4380 -2352 32590 -9869 -20553 END
START 14500 -4120 -2232 31144 -9769 -21564 END
START 14400 -3956 -1788 29815 -9696 -22620 END
START 14264 -3760 -1848 28611 -9503 -23638 END
START 13864 -3728 -1944 27553 -9105 -24727 END
START 13484 -3728 -2404 26631 -8418 -25693 END
START 12800 -3648 -2656 25812 -7432 -26591 END
START 11976 -3676 -2972 25018 -6281 -27367 END
START 11432 -3588 -3128 24234 -5099 -27970 END
START 10824 -3660 -3496 23431 -3813 -28469 END
START 10264 -3616 -4016 22614 -2597 -28879 END
START 9700 -3588 -4400 21740 -1385 -29243 END
START 8932 -3312 -4828 20888 -427 -29588 END
START 8088 -3064 -4948 20015 273 -29933 END
START 6912 -3016 -5200 19208 697 -30248 END
START 5716 -2852 -5444 18468 750 -30477 END
START 4152 -2636 -5848 17733 539 -30569 END
START 2768 -2236 -6104 17069 69 -30501 END
START 1640 -1964 -6480 16362 -709 -30233 END
START 584 -1452 -6980 15561 -1641 -29858 END
START 184 -1016 -7296 14620 -2604 -29437 END
START 216 -708 -7832 13603 -3470 -28974 END
START 320 -352 -8156 12477 -4176 -28596 END
START 292 20 -8268 11269 -4777 -28296 END
START 128 348 -8112 10055 -5297 -28070 END
START 48 588 -7772 8826 -5745 -27899 END
START -4 792 -7576 7721 -6078 -27707 END
START -108 940 -7292 6687 -6280 -27528 END
START -248 1304 -7024 5711 -6284 -27439 END
START -284 1448 -7032 4770 -6092 -27308 END
START -656 1640 -6996 3844 -5743 -27196 END
START -760 1664 -6736 2972 -5318 -27061 END
START -1620 1860 -7044 2069 -4744 -26956 END
START -2292 2204 -7168 1110 -4259 -26750 END
START -3532 2504 -7296 120 -3822 -26438 END
START -4732 3096 -7256 -950 -3485 -26020 END
START -5632 3720 -7276 -2098 -3177 -25505 END
START -6516 4280 -7240 -3352 -2817 -24983 END
START -7144 4884 -7104 -4589 -2406 -24352 END
START -7088 5548 -6676 -5912 -1925 -23722 END
START -7068 5944 -6144 -7230 -1446 -23149 END
START -6904 6092 -5296 -8472 -1117 -22723 END
START -6520 5968 -4332 -9578 -854 -22402 END
START -6468 5852 -3428 -10595 -687 -22218 END
START -6496 5668 -2372 -11464 -626 -22112 END
START -6436 5532 -1388 -12229 -531 -22075 END
START -6484 5612 -616 -12906 -484 -22094 END
START -6676 5744 308 -13554 -397 -22139 END
START -7144 5820 1044 -14182 -231 -22236 END
START -7644 5656 1924 -14686 -64 -22284 END
START -7936 5664 2608 -14874 287 -22284 END
START -8200 5504 3364 -15590 738 -22273 END
START -8336 5296 4076 -15990 1374 -22205 END
START -8776 5104 4976 -16374 1996 -22117 END
START -9628 4964 6092 -16661 2518 -22012 END
START -10568 4792 7372 -16829 2804 -21877 END
START -11772 4616 8748 -16811 2772 -21647 END
START -13064 4468 9948 -16689 2483 -21373 END
START -14288 4476 11208 -16422 1909 -20969 END
START -15816 4644 12684 -16054 1219 -20471 END
START -16820 4792 13624 -15596 596 -19812 END
START -17312 4808 14568 -15081 127 -19042 END
START -17972 4700 15704 -14357 -268 -18288 END
START -18676 4928 16532 -13518 -672 -17408 END
START -19076 4648 17392 -12663 -1008 -16510 END
START -19412 4412 17752 -11640 -1257 -15601 END
START -19900 4208 18128 -10609 -1339 -14667 END
START -20704 4124 18580 -9559 -1401 -13688 END
START -21296 3960 18776 -8509 -1522 -12649 END
START -22020 4016 18988 -7567 -1760 -11479 END
START -22956 4060 18824 -6571 -2053 -10222 END
START -23232 3756 18616 -5757 -2306 -8933 END
START -23680 3680 18376 -4931 -2552 -7497 END
START -23868 3568 18072 -4224 -2737 -6133 END
START -24068 3612 17772 -3588 -2875 -4558 END
START -24224 3644 17368 -3020 -3009 -3129 END
START -24216 3852 17044 -2558 -3033 -1596 END
START -24280 3860 16600 -2252 -2890 -135 END
START -24352 4132 16228 -2053 -2780 1340 END
START -24468 4164 15864 -1910 -2464 2962 END
START -24416 4324 15628 -1877 -2075 4548 END
START -24028 4136 15156 -1882 -1565 6194 END
START -23804 4084 15336 -1969 -1086 7836 END
START -23400 3836 15460 -2018 -581 9524 END
START -22976 3760 15464 -2104 -109 11159 END
START -22528 3596 15824 -2197 360 12635 END
START -22112 3500 15904 -2244 723 14428 END
START -21660 3376 16372 -2230 973 15903 END
START -20936 3168 16908 -2178 1232 17400 END
START -20456 3028 17328 -2050 1445 18802 END
START -19892 2800 17748 -1875 1688 20142 END
START -19272 2436 18252 -1599 1869 21514 END
START -18852 2204 18872 -1251 2051 22788 END
START -18424 1828 19472 -742 2266 24081 END
START -18224 1540 19900 -194 2401 25343 END
START -17676 1476 20308 447 2646 26625 END
START -17488 1204 20524 1198 2783 27957 END
START -17124 888 20820 2073 2968 29270 END
START -16720 612 20816 2968 3098 30608 END
START -16280 172 20796 3976 3185 31926 END
START -15648 -156 20512 4923 3119 32767 END
START -15184 -456 20080 5962 2980 32767 END
START -14552 -872 19644 6901 2716 32767 END
START -13928 -1076 19148 7858 2412 32767 END
START -13240 -1356 18512 8764 2074 32767 END
START -12320 -1476 17772 9711 1610 32767 END
START -11436 -1824 16712 10502 1086 32767 END
START -10500 -2152 16024 11293 484 32767 END
START -9600 -1968 14776 12005 -233 32767 END
START -8240 -2420 13164 12523 -1007 32767 END
START -7320 -2756 11664 13020 -1840 32767 END
START -6692 -3136 10304 13390 -2889 32767 END
START -5976 -3276 8844 13676 -4104 32767 END
START -4856 -3316 7196 13858 -5446 32767 END
START -3564 -3256 5192 13833 -6648 32767 END
START -2104 -3228 3252 13575 -7622 32767 END
START -420 -3356 1156 13063 -8288 32767 END
START 1012 -3344 -572 12258 -8698 32767 END
START 2600 -3376 -2168 11228 -8855 32767 END
START 4376 -3320 -3540 10017 -8828 32767 END
START 6432 -3316 -5036 8697 -8376 32767 END
START 8584 -3460 -6704 7234 -7663 32767 END
START 10836 -3328 -8236 5632 -6533 32767 END
START 12740 -3060 -9428 3794 -5130 32767 END
START 14564 -2628 -10488 1803 -3528 32767 END
START 15988 -2336 -11252 -455 -1796 32767 END
START 17356 -2080 -11696 -2707 43 32767 END
START 18424 -1876 -12044 -4946 1853 32767 END
START 19156 -1564 -12256 -7191 3646 32767 END
START 19744 -1556 -12004 -9459 5360 32767 END
START 20060 -1676 -11432 -11422 6707 31856 END
START 20508 -1804 -10964 -13303 7786 30087 END
START 20508 -1736 -10348 -14736 8391 28419 END
START 20304 -1576 -9816 -16481 8451 26854 END
START 19880 -1184 -9272 -18025 7998 25277 END
START 19852 -784 -8432 -19531 7279 23896 END
START 20228 -684 -7760 -21076 6417 22479 END
START 20712 -472 -6896 -22652 5654 21197 END
START 21052 -376 -5236 -24157 4915 19960 END
START 21292 -356 -2456 -25573 4310 18752 END
START 21244 -128 -676 -26694 3922 17643 END
START 21296 384 1396 -27437 3768 16687 END
START 21464 640 3072 -28079 3928 15838 END
START 21728 612 4892 -28288 4317 15020 END
START 21828 456 6420 -28307 4865 14273 END
START 21896 180 7356 -28084 5428 13596 END
START 21912 -16 8640 -27638 5972 12856 END
START 22216 72 9640 -27139 6398 12371 END
START 22428 240 10456 -26614 6978 11787 END
START 22908 468 11192 -26121 7387 11182 END
START 23644 868 11632 -25743 7757 10586 END
START 24524 1376 12316 -25446 7958 9919 END
START 25704 1840 13356 -25286 8003 9102 END
START 27160 2164 14148 -25147 7935 8261 END
START 28408 2460 15172 -25006 7806 7169 END
START 29652 2656 15832 -24799 7676 5993 END
START 30884 2880 16712 -24532 7460 4673 END
START 32148 3076 17460 -24142 7208 3249 END
START 32767 3428 18060 -23688 7150 1700 END
START 32767 3852 18468 -23293 7170 -60 END
START 32767 4440 18964 -23019 7417 -1917 END
START 32767 4888 19556 -22844 7747 -4094 END
START 32767 5336 20172 -22698 8110 -6387 END
START 32767 5536 21016 -22501 8596 -8812 END
START 32767 5676 21772 -22266 9012 -11132 END
START 32767 5680 22668 -21802 9430 -13460 END
START 32767 5636 23140 -21217 9776 -15542 END
START 32767 5508 23580 -20504 10029 -17484 END
START 32228 5452 23708 -19797 10078 -19286 END
START 30744 5436 23908 -19133 9982 -20792 END
START 28828 5516 23700 -18613 9731 -22164 END
START 26496 5956 23304 -18308 9360 -23444 END
START 24808 5692 23328 -18121 8898 -24463 END
START 23396 5432 23508 -17898 8448 -25470 END
START 22468 5208 23208 -17713 8203 -26268 END
START 21780 4968 23296 -17445 8122 -27056 END
START 21636 4768 23572 -17098 8258 -27901 END
START 21456 4308 23908 -16683 8329 -28809 END
START 21308 3960 24232 -16253 8502 -29827 END
START 20780 3432 24324 -15747 8632 -30881 END
START 20212 2916 24744 -15226 8717 -32074 END
START 19240 2392 24896 -14936 8675 -32768 END
START 18332 1788 24800 -14392 8721 -32768 END
START 17684 1392 24868 -13775 8749 -32768 END
START 16772 908 24688 -13356 8811 -32768 END
START 15588 316 25004 -12998 8809 -32768 END
START 14192 -228 24936 -12647 8695 -32768 END
START 12388 -824 25036 -12324 8460 -32768 END
START 10520 -1204 25148 -12047 8125 -32768 END
START 8508 -1728 25512 -11729 7705 -32768 END
START 6276 -2332 25888 -11350 7196 -32768 END
START 4188 -2972 26360 -10892 6560 -32768 END
START 2348 -3448 26748 -10399 5919 -32768 END
START 492 -3776 27004 -9787 5321 -32768 END
START -1144 -4096 26936 -9216 4852 -32768 END
START -2612 -4284 27036 -8603 4459 -32768 END
START -4148 -4608 27256 -8071 4142 -32768 END
START -5632 -5344 27196 -7502 3856 -32768 END
START -7152 -5924 27136 -7021 3654 -32768 END
START -9072 -6316 27320 -6534 3436 -32768 END
START -10804 -6580 27352 -5968 3181 -32768 END
START -13236 -6656 27868 -5369 2881 -32768 END
START -14888 -6524 28200 -4721 2516 -32768 END
START -16092 -6456 28300 -4035 2188 -32768 END
START -17248 -6496 28700 -3342 1814 -32768 END
START -18328 -6384 29188 -2540 1491 -32589 END
START -19020 -6360 29244 -1729 1173 -31032 END
START -19700 -6420 29452 -947 1010 -29526 END
START -20396 -6516 29432 -88 913 -27996 END
START -21060 -6400 29572 801 808 -26399 END
START -21804 -6188 29676 1758 664 -24744 END
START -22536 -6092 29620 2810 381 -22941 END
START -23052 -5924 29376 3857 -30 -21149 END
START -23392 -5852 28932 4862 -558 -19360 END
START -23484 -5708 28372 5861 -1134 -17575 END
START -23548 -5320 27708 6811 -1678 -15773 END
START -23580 -5016 27024 7641 -2173 -14072 END
START -23292 -4580 25932 8363 -2472 -12446 END
START -23208 -4324 24976 8978 -2596 -10760 END
START -22956 -4152 23548 9484 -2584 -9164 END
START -22964 -3948 22348 9890 -2403 -7584 END
START -22744 -3620 20884 10122 -2233 -5917 END
START -22448 -3376 19640 10264 -1972 -4263 END
START -22020 -2960 18356 10237 -1712 -2645 END
START -21572 -2616 17268 10047 -1402 -1015 END
START -21020 -2240 16364 9746 -1167 551 END
START -20328 -1884 15528 9303 -897 2017 END