START 30216 -6360 12480 988 974 20663 END
START 25112 -9884 15416 3842 -5904 17541 END
START 22892 -13096 19300 4490 -11037 16274 END
START 21448 -14332 26560 6976 -14939 17075 END
START 23296 -13596 29576 9343 -15842 15471 END
START 25596 -14460 30604 12340 -15832 12952 END
START 32084 -14140 28724 15172 -15177 9227 END
START 32767 -13884 26892 16896 -12820 3451 END
START 32604 -13696 25060 17914 -12249 -2050 END
START 32767 -13988 23348 19018 -13406 -7728 END
START 32767 -14172 22404 20299 -12816 -13889 END
START 32767 -14228 22664 23402 -10838 -21117 END
START 32767 -16176 22184 28252 -6699 -29664 END
START 31156 -18824 17388 32767 -2094 -32768 END
START 27736 -19324 4004 31400 6191 -32768 END
START 25708 -18724 4512 27567 10930 -32768 END
START 24884 -18012 1928 26751 13465 -32768 END
START 26436 -17620 -2544 24964 18705 -32768 END
START 22008 -19552 -8728 22575 25727 -32768 END
START 15816 -21556 -14564 19975 27178 -32768 END
START 11900 -18856 -18160 14954 21606 -32768 END
START 10012 -16428 -15884 9783 16712 -32768 END
START 5376 -15568 -14920 4934 17671 -32768 END
START -4496 -11404 -12288 862 18190 -32768 END
START -8572 -8520 -12996 -4372 18548 -32768 END
START -16924 -9456 -8180 -9595 14880 -32768 END
START -27412 -11156 1700 -9785 8117 -32768 END
START -32768 -8884 8264 -7946 1847 -25254 END
START -32768 -8804 13772 -5146 -902 -11408 END
START -32768 -7748 15004 -873 -852 -2738 END
START -32576 -6964 15768 3160 -2506 2532 END
START -32232 -6032 13972 7353 -4541 8208 END
START -31052 -4736 10696 9511 -5216 13048 END
START -31040 -3740 7076 10099 -4550 20541 END
START -27408 -2792 4348 8524 -3522 28346 END
START -23368 -2836 2376 6725 -2941 32767 END
START -18904 -3492 1784 5100 -4273 32767 END
START -14544 -4692 1284 4512 -7249 32767 END
START -7984 -5140 -400 4191 -8569 32767 END
START -3460 -5164 -2476 3254 -9357 32767 END
START 2768 -5608 -4424 516 -8680 32767 END
START 9068 -4696 -6188 -3633 -5458 32767 END
START 13220 -3372 -7048 -9138 -2832 32767 END
START 16796 -3808 -8776 -14640 -3195 32767 END
START 20680 -4364 -6720 -19736 -6886 32767 END
START 29768 -3320 -2824 -22883 -11199 32767 END
START 32767 -2084 1956 -23707 -10368 32445 END
START 32767 -1088 5820 -23656 -6323 24318 END
START 32767 1720 10296 -21674 -1667 15848 END
START 32767 3000 10072 -20481 5045 4110 END
START 32767 2268 11692 -20460 8439 -5720 END
START 32767 1468 13860 -19357 10424 -15646 END
START 32767 -100 14604 -17488 12430 -25946 END
START 32767 -1396 14188 -16706 17618 -32768 END
START 32767 -2712 11388 -16141 24644 -32768 END
START 30816 -5648 9636 -16323 28418 -32768 END
START 23240 -8700 9108 -16378 28672 -32768 END
START 13220 -12168 10788 -15501 26172 -32768 END
START 3980 -15748 12396 -15383 20130 -32768 END
START -12036 -23332 20396 -12006 9507 -32768 END
START -30612 -24768 29864 -5615 -3735 -32768 END
START -32768 -22628 31644 1123 -8719 -32768 END
START -32768 -17724 26196 1290 -1234 -18476 END