START 15832 -1396 26272 -2503 1137 8461 END
START 19352 -7012 13900 -712 2015 7535 END
START 15428 -2776 23500 -1525 1566 6837 END
START 16332 -1808 22996 -767 968 5909 END
START 13212 -1736 24460 -897 239 5087 END
START 14944 -1176 21612 -1200 -594 4420 END
START 12928 -1484 23248 -1656 -1637 3773 END
START 12768 -1352 23888 -2180 -3225 3210 END
START 13548 -2104 23936 -2706 -4378 2632 END
START 12496 -2604 25136 -2709 -5196 2127 END
START 12276 -2136 25432 -2669 -5693 1709 END
START 11396 -2056 27596 -2379 -6293 1497 END
START 11212 -2040 28884 -1898 -6811 1350 END
START 11396 -2236 29580 -1251 -7035 1304 END
START 11368 -2428 30652 -510 -7042 1242 END
START 11468 -2812 31324 320 -6886 1168 END
START 11376 -3000 32156 1217 -6740 1141 END
START 11360 -3372 32767 2104 -6579 1084 END
START 11288 -3536 32767 3074 -6438 1104 END
START 11452 -3672 32767 4118 -6341 1045 END
START 11280 -3952 32767 5150 -6318 1033 END
START 11236 -4272 32767 6177 -6482 994 END
START 10896 -4572 32767 7055 -6750 944 END
START 10656 -4896 32767 7924 -7204 956 END
START 10300 -4960 32767 8811 -7816 916 END
START 10356 -4856 32767 9629 -8534 908 END
START 10736 -4516 32767 10425 -9248 803 END
START 11640 -4324 32767 11256 -9891 637 END
START 12132 -4340 32767 12091 -10376 292 END
START 12552 -4496 32767 12993 -10648 -126 END
START 12864 -4616 32767 13863 -10755 -591 END
START 12964 -4848 32767 14729 -10796 -1028 END
START 13080 -4980 32767 15744 -10788 -1442 END
START 12884 -5000 32767 16807 -10739 -1843 END
START 12736 -5128 32767 17792 -10645 -2191 END
START 12420 -5588 32767 18780 -10371 -2373 END
START 11472 -5428 32767 19654 -10289 -2400 END
START 11020 -5288 32767 20631 -10420 -2310 END
START 11636 -5104 32767 21631 -10499 -2275 END
START 12544 -4996 32767 22655 -10347 -2308 END
START 13472 -4992 32767 23646 -9940 -2413 END
START 14396 -5232 32767 24617 -9503 -2600 END
START 15076 -5728 32767 25596 -8873 -2823 END
START 16000 -5884 32767 26585 -8264 -3038 END
START 16936 -5968 32368 27638 -7540 -3356 END
START 17708 -6156 32192 28701 -6811 -3646 END
START 18640 -6276 31412 29785 -6072 -4000 END
START 19308 -6592 30628 30853 -5441 -4377 END
START 20152 -6932 29676 32054 -4875 -4814 END
START 20820 -7376 28100 32767 -4414 -5214 END
START 21432 -7492 25756 32767 -4112 -5575 END
START 22428 -7392 21904 32767 -3922 -5974 END
START 23160 -7116 18392 32767 -3922 -6517 END
START 23996 -6816 15088 32767 -4069 -7211 END
START 24836 -6412 12392 32767 -4369 -8161 END
START 25548 -6068 9568 32767 -4786 -9259 END
START 26272 -5684 7020 32767 -5107 -10475 END
START 26636 -5296 5312 32767 -5315 -11719 END
START 27212 -4700 3108 31570 -5423 -13118 END
START 27764 -4456 1424 30008 -5224 -14523 END
START 27972 -4296 196 28229 -4769 -16125 END
START 28380 -4256 -840 26470 -4111 -17718 END
START 28456 -4188 -1248 24678 -3371 -19353 END
START 28336 -3948 -1648 22826 -2513 -21093 END
START 28196 -3704 -1580 21085 -1639 -22758 END
START 27976 -3544 -1608 19405 -663 -24455 END
START 27548 -3344 -1232 17957 319 -26006 END
START 26712 -3356 -580 16746 1158 -27486 END
START 25520 -3676 52 15839 1818 -28974 END
START 24192 -4024 892 15194 2185 -30305 END
START 22524 -4464 1708 14859 2316 -31539 END
START 20884 -4500 2144 14653 2113 -32671 END
START 19140 -4660 2564 14646 1770 -32768 END
START 17616 -4612 2720 14748 1197 -32768 END
START 16252 -4420 2768 14871 516 -32768 END
START 15040 -4128 2968 15057 -214 -32768 END
START 14180 -3856 2488 15231 -931 -32768 END
START 13540 -3476 1960 15393 -1664 -32768 END
START 13496 -3352 1324 15520 -2218 -32768 END
START 13940 -3180 536 15567 -2614 -32768 END
START 14644 -3096 -276 15529 -2757 -32768 END
START 15224 -3104 -992 15340 -2757 -32768 END
START 15968 -3216 -1780 15086 -2600 -32768 END
START 16588 -3148 -2832 14758 -2207 -32768 END
START 17112 -3044 -3296 14268 -1704 -32768 END
START 17736 -3080 -4132 13729 -959 -32768 END
START 18224 -3376 -4612 13099 -106 -32768 END
START 18568 -3872 -5264 12484 760 -32768 END
START 18424 -4240 -5964 11927 1428 -32768 END
START 17976 -4636 -6696 11392 1814 -32768 END
START 17324 -5012 -7908 10701 1824 -32768 END
START 16452 -5400 -8772 9902 1572 -32768 END
START 15160 -5608 -9756 8919 918 -32768 END
START 13660 -5860 -10540 7822 145 -32768 END
START 11952 -5756 -11008 6435 -971 -32768 END
START 10372 -5672 -11384 4896 -2227 -32768 END
START 8760 -5924 -11168 3252 -3596 -32768 END
START 7716 -6188 -11192 1626 -4566 -32768 END
START 6616 -6332 -11288 -14 -5162 -32768 END
START 5388 -6232 -11212 -1640 -5186 -32768 END
START 3964 -6268 -10868 -3139 -4877 -32768 END
START 2216 -6520 -10320 -4559 -4317 -32768 END
START -704 -7256 -9712 -5921 -3516 -32768 END
START -3308 -7268 -9240 -7190 -2702 -32768 END
START -6064 -6788 -8648 -8434 -1807 -32768 END
START -8476 -5904 -8000 -9649 -813 -32768 END
START -10536 -4772 -8016 -10771 180 -32768 END
START -12704 -3864 -7512 -11994 1458 -32768 END
START -14464 -3096 -7040 -13158 2605 -32768 END
START -16064 -2644 -6172 -14213 3565 -32768 END
START -17292 -2460 -5616 -15303 4374 -32768 END
START -18380 -2260 -4640 -16556 5030 -32768 END
START -18880 -1836 -4084 -17733 5779 -32768 END
START -19484 -1544 -3032 -18756 6380 -32768 END
START -19792 -1132 -2000 -19804 7196 -32768 END
START -19548 -732 -996 -20708 7972 -32721 END
START -19000 -772 60 -21471 8808 -30865 END
START -18416 -820 1228 -22035 9588 -29284 END
START -17508 -1120 2060 -22712 10248 -27897 END
START -17196 -1476 3580 -23213 10710 -26805 END
START -16896 -1784 5588 -23583 10856 -25887 END
START -16948 -2124 7028 -23833 10779 -25092 END
START -17168 -2440 8740 -23904 10413 -24433 END
START -17728 -2724 10668 -23777 9809 -23797 END
START -18088 -2932 12220 -23515 9047 -23223 END
START -18628 -3244 13748 -23121 8121 -22606 END
START -19116 -3604 15436 -22623 7113 -21972 END
START -19792 -3976 16912 -22002 6104 -21295 END
START -20472 -4132 18724 -21250 5085 -20584 END
START -21380 -4600 20416 -20374 4148 -19800 END
START -22004 -4768 21712 -19339 3294 -18964 END
START -23028 -5012 22980 -18180 2508 -18017 END
START -23856 -5408 24264 -16965 1793 -16942 END
START -25072 -5648 25384 -15656 1060 -15734 END
START -26024 -5964 26356 -14241 494 -14293 END
START -27400 -5928 27780 -12890 -38 -12686 END
START -28556 -6032 28904 -11419 -459 -10951 END
START -29816 -5824 29664 -9776 -877 -9022 END
START -30872 -5532 30416 -8098 -1293 -7018 END
START -31740 -5368 31180 -6345 -1695 -4933 END
START -32464 -5208 31428 -4544 -2184 -2780 END
START -32768 -5080 31628 -2732 -2725 -619 END
START -32768 -4936 31432 -966 -3266 1592 END
START -32768 -4964 31116 737 -3726 3866 END
START -32768 -4620 30468 2323 -4084 6144 END
START -32352 -4476 29640 3771 -4383 8397 END
START -31500 -4216 28584 5155 -4609 10749 END
START -30788 -4104 27784 6354 -4860 13050 END
START -29868 -4024 26756 7389 -4915 15125 END
START -29120 -4004 26180 8343 -4974 17370 END
START -28228 -4116 25084 9190 -4912 19425 END
START -27372 -4108 24532 10014 -4717 21600 END
START -26428 -4000 23904 10714 -4452 23603 END
START -25364 -4152 23444 11491 -4081 25687 END
START -24440 -4064 22816 12190 -3734 27690 END
START -23688 -4016 22568 12879 -3397 29655 END
START -22760 -4084 22068 13599 -3110 31581 END
START -22180 -4000 21624 14271 -2857 32767 END
START -21308 -4044 21140 14980 -2686 32767 END
START -20560 -4060 20840 15704 -2576 32767 END
START -19640 -4152 20244 16523 -2514 32767 END
START -18784 -4304 19892 17312 -2548 32767 END
START -18032 -4188 19260 18120 -2742 32767 END
START -16880 -4180 18412 18871 -3060 32767 END
START -15872 -4304 17664 19567 -3482 32767 END
START -14680 -4128 16792 20207 -4079 32767 END
START -13400 -4372 15844 20657 -4767 32767 END
START -11868 -4884 14728 21098 -5472 32767 END
START -9480 -5076 12928 21405 -6043 32767 END
START -7656 -4996 11756 21623 -6474 32767 END
START -5736 -4916 10552 21705 -6790 32767 END
START -3728 -4852 8880 21608 -7065 32767 END
START -1844 -5100 7396 21383 -7126 32767 END
START 44 -5380 6240 20991 -7041 32767 END
START 1600 -5556 4692 20475 -6822 32767 END
START 3152 -5716 3484 19932 -6499 32767 END
START 4732 -5524 1960 19305 -6263 32767 END
START 6492 -4872 4 18529 -6064 32767 END
START 8720 -3832 -2132 17672 -5814 32767 END
START 11024 -2892 -4196 16487 -5389 32767 END
START 13104 -2000 -6424 14945 -4790 32767 END
START 14612 -1392 -8180 13002 -4137 32767 END
START 15340 -776 -9540 10898 -3678 32767 END
START 15860 -120 -11116 8536 -3372 32767 END
START 16380 532 -12556 6093 -3148 32767 END
START 17272 1400 -13676 3400 -2840 32767 END
START 18052 2220 -14108 525 -2391 32767 END
START 18968 3160 -14380 -2361 -1814 32767 END
START 19508 4028 -13772 -5287 -1074 32767 END
START 19960 4408 -12816 -8146 -223 32767 END
START 19832 4268 -12028 -10542 650 32767 END
START 19384 3612 -10316 -12591 1452 32767 END
START 18712 3156 -8600 -14393 2102 32767 END
START 18280 2760 -6892 -15675 2687 32508 END
START 17924 1948 -5592 -16671 3468 32107 END
START 17172 2532 -4384 -17536 4167 31830 END
START 15964 2920 -2580 -18402 4658 31652 END
START 15316 3472 -688 -19024 4872 31622 END
START 15172 3896 584 -19551 5183 31590 END
START 15516 4128 1980 -19773 5499 31503 END
START 16040 4120 3596 -19741 5804 31347 END
START 16756 3488 4980 -19506 5973 31109 END
START 17352 3088 5940 -19022 6022 30806 END
START 17956 2956 7004 -18404 5942 30416 END
START 18080 2692 7464 -17772 5757 30020 END
START 18772 2292 7460 -17143 5489 29692 END
START 19952 1792 7256 -16560 5167 29363 END
START 22112 1504 6804 -16066 4952 29035 END
START 25112 1636 6264 -15794 4820 28517 END
START 28444 2308 5612 -15713 4936 27551 END
START 31568 2628 5160 -15926 5097 26099 END
START 32767 2864 4764 -16237 5262 24171 END
START 32767 2784 4732 -16653 5498 21863 END
START 32767 2448 4916 -16955 5612 19158 END
START 32767 2456 4700 -17385 5631 16370 END
START 32767 2720 4808 -17849 5740 13535 END
START 32767 2980 5100 -18459 5921 10502 END
START 32767 3268 5672 -19096 6086 7255 END
START 32767 3596 6272 -19737 6140 4038 END
START 32767 3612 7584 -20271 6106 888 END
START 32767 3652 8572 -20519 6077 -2036 END
START 32767 3348 9564 -20623 6013 -4961 END
START 32767 2672 11232 -20531 5916 -7614 END
START 32767 2084 11984 -20284 5655 -10138 END
START 32767 1460 12352 -20008 5446 -12150 END
START 32596 1200 13544 -19643 5185 -13936 END
START 30504 1196 13848 -19341 4927 -15336 END
START 28700 1188 13956 -19033 4764 -16386 END
START 27036 1024 14184 -18753 4833 -17228 END
START 25784 884 14248 -18487 5057 -17875 END
START 25004 620 14088 -18227 5499 -18392 END
START 24960 484 13752 -18000 6108 -18866 END
START 25260 572 13568 -17928 6909 -19387 END
START 25584 560 13380 -17903 7888 -19964 END
START 26132 388 13440 -17929 8903 -20856 END
START 26712 156 13628 -18007 9974 -21799 END
START 27220 88 13696 -18093 11066 -22947 END
START 27744 120 14072 -18115 12241 -24265 END
START 28520 176 14212 -18169 13573 -25759 END
START 29024 124 14536 -18158 14307 -27386 END
START 29612 -88 15188 -18114 15218 -29274 END
START 29896 -260 15712 -17982 15827 -31297 END
START 29876 -592 16492 -17838 16172 -32768 END
START 29540 -900 17392 -17527 16169 -32768 END
START 28600 -1216 18312 -17112 15868 -32768 END
START 26820 -1828 19488 -16532 15197 -32768 END
START 24944 -2524 19976 -15826 14294 -32768 END
START 23096 -3104 19940 -15114 13309 -32768 END
START 21168 -3664 20344 -14313 11644 -32768 END
START 18964 -4188 20040 -13410 10094 -32768 END
START 17520 -4652 19784 -12765 8524 -32768 END
START 15796 -5264 19460 -12230 7159 -32768 END
START 13796 -6020 18856 -11769 5993 -32768 END
START 12416 -6676 18768 -11477 5059 -32768 END
START 10604 -7256 18368 -11262 4458 -32768 END
START 8768 -7820 18196 -11157 4157 -32768 END
START 6716 -8440 18092 -11108 4091 -32768 END
START 4352 -8952 18020 -11061 4251 -32768 END
START 2028 -9336 18072 -11034 4386 -32768 END
START -688 -9884 18416 -10996 4369 -32768 END
START -3124 -10340 18388 -10923 4178 -32768 END
START -5508 -10624 18668 -10927 3888 -32768 END
START -7836 -10800 18716 -10964 3502 -32768 END
START -9860 -10684 18812 -11094 3127 -32768 END
START -12576 -10404 19524 -11277 2749 -32768 END
START -14200 -10268 20008 -11558 2298 -32768 END
START -15908 -9952 21000 -11746 1915 -32768 END
START -16988 -9876 22104 -11821 1766 -32768 END
START -18132 -9952 23388 -11752 1598 -32768 END
START -19292 -10036 24680 -11478 1488 -32768 END
START -20576 -9976 26240 -10977 1376 -32768 END
START -21576 -9564 27568 -10277 1219 -32300 END
START -22764 -8864 29076 -9296 1077 -30051 END
START -23248 -8852 29980 -8219 871 -27961 END
START -23148 -9112 30536 -6978 661 -25879 END
START -23420 -9424 31360 -5572 327 -23720 END
START -22968 -9404 31572 -4164 -128 -21711 END
START -22540 -9344 31700 -2606 -544 -19666 END
START -21900 -9096 31196 -1121 -827 -17822 END
START -21112 -8828 30952 420 -971 -16048 END
START -20212 -8492 30288 1790 -1092 -14481 END
START -19360 -8292 29484 3227 -1185 -12950 END
START -18564 -7936 28708 4451 -1256 -11511 END