START 11412 -12260 27228 -8627 -2327 3059 END
START 17468 -11536 30688 -8986 -3309 2930 END
START 16836 -14240 32767 -5007 -5512 2610 END
START 20436 -14728 32767 840 -11184 3144 END
START 25276 -15280 32767 6147 -16404 398 END
START 28452 -15292 32767 10825 -17814 -3065 END
START 29984 -15092 32767 14158 -11147 -5950 END
START 26504 -16500 32767 17871 -6936 -8006 END
START 26072 -16744 28964 20912 -6258 -9273 END
START 25604 -16580 28632 23590 -7337 -13093 END
START 24492 -17156 24764 27805 -7732 -18286 END
START 22168 -17288 17948 28299 -6496 -22360 END
START 21532 -16704 16820 27570 -5853 -25855 END
START 19724 -16892 15620 29401 -5053 -30037 END
START 18004 -17176 13672 31097 -3160 -32759 END
START 15408 -16816 12492 32767 -952 -32768 END
START 11664 -17232 9676 32767 -87 -32768 END
START 10884 -16836 2036 32767 1262 -32768 END
START 11084 -13888 -6028 29613 4164 -32768 END
START 10608 -12660 -3260 23975 6897 -32768 END
START 9140 -11928 -2216 22650 7206 -32768 END
START 5544 -10924 -2500 22405 6400 -32768 END
START 6312 -9268 -6788 20799 6083 -32768 END
START 8876 -7964 -10188 16929 6852 -32768 END
START 7436 -6216 -12056 11223 8577 -32768 END
START 3152 -5100 -11732 5791 10635 -32768 END
START -1956 -3832 -9564 1792 9800 -32768 END
START -7360 -1212 -7076 102 9051 -32768 END
START -10212 2260 -4920 -3176 7675 -32768 END
START -14884 2656 -820 -6185 8936 -32768 END
START -24504 812 4296 -7957 7607 -32768 END
START -32768 -1308 11260 -5374 2017 -24960 END
START -32768 -1528 15344 -428 -4839 -12593 END
START -32768 -1112 14324 3174 -4487 -1597 END
START -32768 -648 11432 3787 1352 6250 END
START -32128 -236 8072 3412 4889 13680 END
START -28920 424 5516 2883 4695 20092 END
START -24908 1144 3816 2487 2631 24893 END
START -21256 380 3212 2760 -168 29059 END
START -17168 576 1288 2713 -2016 32767 END
START -14196 -224 -148 2185 -3433 32767 END
START -10596 -1044 -1400 1594 -5577 32767 END
START -4736 -1812 -2960 -183 -5314 32767 END
START 900 -2356 -4696 -3567 -2827 32767 END
START 5048 -3072 -4808 -7106 -1120 32767 END
START 7300 -3552 -4648 -10054 -1208 32767 END
START 13328 -3400 -3272 -12489 -3371 32767 END
START 18440 -3676 -2616 -14069 -4192 32767 END
START 23464 -3376 -260 -15657 -5784 32767 END
START 31812 -2060 2144 -16148 -5341 32611 END
START 32767 84 3404 -16979 -2190 25636 END
START 32767 1756 4600 -17876 1053 17361 END
START 32767 3752 5988 -18292 4432 8277 END
START 32767 4432 8100 -18436 5184 -195 END
START 32767 4980 8700 -17909 6747 -9344 END
START 32767 4796 9128 -17621 10633 -18173 END
START 32767 3948 9836 -18531 14969 -27273 END
START 32767 2320 11456 -19211 18718 -32768 END
START 30788 -1188 13292 -19048 21354 -32768 END
START 22620 -4024 16136 -19234 21019 -32768 END
START 14796 -8456 20076 -18563 20226 -32768 END
START 5556 -10880 23016 -16291 17870 -32768 END
START -1808 -12500 22108 -13893 12984 -32768 END
START -12936 -14464 25192 -9103 9531 -32768 END
START -22420 -14464 23732 -4513 7338 -32768 END
START -32768 -11988 22524 -1287 5876 -32768 END
START -32768 -9220 20040 1913 -389 -22954 END
START -32768 -6268 16552 3608 -5140 -11009 END
START -27860 -2868 15020 1888 -7582 -2777 END