START 32767 3896 21420 -8626 -10863 25748 END
START 32767 -7928 28912 -4179 -8234 20527 END
START 32767 -8556 31032 -1455 -5412 14713 END
START 32767 -8684 32767 3104 -7864 11070 END
START 32767 -8384 32767 5984 -8308 6370 END
START 32767 -8100 32767 9504 -8211 818 END
START 32767 -8820 32767 13851 -9001 -4723 END
START 32767 -9480 32767 17475 -7442 -10436 END
START 32564 -10172 30288 18765 -2605 -14931 END
START 26028 -11592 29456 21027 1231 -17885 END
START 21116 -12552 27420 24510 680 -18908 END
START 17680 -12288 24516 27946 -2244 -19479 END
START 17268 -12504 22752 31809 -4707 -20590 END
START 14708 -13168 19220 32767 -7368 -21668 END
START 17076 -12040 10176 32767 -7279 -22333 END
START 19488 -9456 -60 30655 -3947 -23548 END
START 20292 -8636 1172 25482 -770 -26240 END
START 18748 -9148 76 23492 2501 -29828 END
START 18396 -9432 -4672 21191 5608 -31653 END
START 18736 -8252 -8652 17134 9134 -32768 END
START 19496 -7860 -10376 12990 11530 -32768 END
START 19116 -8420 -11980 9789 10886 -32768 END
START 20832 -8100 -13448 6246 11140 -32768 END
START 13932 -9600 -15528 1026 14251 -32768 END
START 10304 -6588 -15284 -4406 14763 -32768 END
START 7720 -2052 -15132 -11289 16059 -32768 END
START 5788 -980 -12344 -17450 19461 -32768 END
START -2172 -5644 -5412 -22566 18440 -32768 END
START -18052 -13064 13824 -18668 10401 -32768 END
START -32768 -19200 26864 -8785 9039 -32768 END
START -32768 -21272 27672 -1471 11213 -32768 END
START -32768 -20192 23168 5265 5491 -18650 END
START -32768 -17632 18504 9715 383 -6852 END
START -32768 -15212 11860 9487 3963 782 END
START -32768 -12560 8184 8110 3139 10678 END
START -32768 -8772 6712 8752 -585 19838 END
START -31052 -7160 4384 9109 -1501 26966 END
START -25992 -6740 2936 8276 -1791 32767 END
START -21380 -6720 1240 7015 -2648 32767 END
START -17100 -6840 160 5597 -3096 32767 END
START -13156 -6868 -3260 3111 -5661 32767 END
START -7348 -7084 -4628 -591 -8318 32767 END
START -4204 -7532 -3904 -3617 -8136 32767 END
START -2840 -9328 -2844 -5792 -6868 32767 END
START 392 -11236 -4812 -7830 -7337 32767 END
START 12180 -11848 -6760 -12140 -7985 32767 END
START 17256 -11448 -5136 -17408 -6090 32767 END
START 29932 -10664 1728 -18865 -6672 32767 END
START 32767 -6400 4468 -17168 -6711 32767 END
START 32767 -2456 4144 -16212 -6421 30884 END
START 32767 976 3568 -18421 -3338 15798 END
START 32767 1664 6928 -20351 948 4321 END
START 32767 2824 10220 -20729 4881 -4477 END
START 32767 3940 10256 -20531 13030 -16686 END
START 32767 1564 9332 -21681 21917 -30453 END
START 32767 -3448 10676 -21554 27785 -32768 END
START 32767 -8384 11620 -19610 28863 -32768 END
START 29340 -10524 13092 -18698 27657 -32768 END
START 22872 -15396 15788 -18083 24123 -32768 END
START 13316 -22660 19576 -16163 16348 -32768 END
START -5200 -30680 26744 -12100 7781 -32768 END
START -32768 -32768 32767 -3226 -3498 -32768 END
START -32768 -28748 31052 3109 -6177 -32768 END
START -32768 -21968 25532 -209 734 -23723 END
START -32768 -19760 23620 -1839 4896 -4642 END