START 18936 5792 10292 -8887 -4120 7222 END
START 1800 -2320 20456 -8860 -13835 6573 END
START 8824 -4376 25616 -5487 -14797 5941 END
START 7492 -3020 26300 -1486 -14399 4894 END
START 4940 -4280 32040 1460 -15266 5768 END
START 10756 -3404 32428 4750 -12948 6421 END
START 12564 -3632 32767 9045 -11155 5863 END
START 16928 -2748 32767 13179 -9721 3885 END
START 19548 -2264 32767 15582 -9596 290 END
START 22124 -2076 32300 18367 -9475 -4610 END
START 21024 -3884 31428 22289 -9265 -9063 END
START 19728 -4740 28280 26210 -9361 -12396 END
START 19852 -5808 25952 29546 -7531 -15390 END
START 20008 -6860 22336 32729 -4521 -18162 END
START 20224 -7556 17004 32767 -1436 -21870 END
START 19968 -8236 11548 32767 -377 -25186 END
START 21028 -8012 9596 32222 1417 -30271 END
START 18248 -8832 5952 31240 3856 -32768 END
START 17060 -8904 2920 28960 5249 -32768 END
START 16232 -9232 396 26989 7668 -32768 END
START 17072 -8508 -1180 24742 9597 -32768 END
START 15460 -8244 -5340 21760 11418 -32768 END
START 10300 -8824 -7268 17852 10987 -32768 END
START 3940 -7152 -10608 12523 11108 -32768 END
START -4532 -5332 -10048 6628 12896 -32768 END
START -11084 -2564 -9752 322 14477 -32768 END
START -18512 -2724 -6632 -4345 12854 -32768 END
START -28352 -2088 -1772 -5475 7739 -30903 END
START -32768 -1828 2836 -5335 2690 -20732 END
START -32768 -2292 4664 -4598 288 -8859 END
START -32768 -2516 4968 -4983 -2533 3103 END
START -32768 -2496 6252 -6393 -4453 14123 END
START -24864 -2512 8588 -7403 -2761 21502 END
START -22292 -1992 10084 -7187 -2665 26334 END
START -20460 -1240 10492 -5823 -5823 32438 END
START -17452 -1256 10584 -4184 -8118 32767 END
START -14100 -2556 9524 -2637 -9529 32767 END
START -6936 -4156 6456 -2744 -11027 32767 END
START 908 -5708 3952 -4177 -11439 32767 END
START 10944 -4172 2140 -6847 -11612 32767 END
START 22584 -2368 5520 -8837 -9714 32767 END
START 30632 4144 4600 -9924 -3255 32767 END
START 23408 5008 2700 -13572 -1761 28874 END
START 20552 2972 5536 -15787 -4230 25919 END
START 25336 2384 9244 -16001 -6300 23895 END
START 32767 4684 12816 -14268 -5358 17556 END
START 32767 6412 12988 -12416 -806 6972 END
START 32767 8104 12156 -12020 3517 -5623 END
START 32767 4972 10912 -12870 4612 -16466 END
START 32744 2912 13016 -12897 4621 -23444 END
START 32696 1988 14096 -12028 7543 -30559 END
START 28384 632 11924 -12435 13592 -32768 END
START 22064 -348 9512 -14298 16621 -32768 END
START 18068 -2544 9804 -15635 17863 -32768 END
START 11208 -4620 7544 -16912 17590 -32768 END
START 620 -8276 8988 -18581 14094 -32768 END
START -13624 -11016 15444 -16864 8574 -32768 END
START -27768 -13244 24168 -9658 2182 -32768 END
START -31584 -11144 24352 -4677 1494 -26929 END