START 16912 -2552 15660 -5231 -2325 14208 END
START 25956 -6416 20724 -3002 -12104 11764 END
START 20580 -6508 29532 19 -18159 9167 END
START 26836 -6204 28728 2887 -18667 5505 END
START 32060 -6012 28728 5570 -16010 951 END
START 32536 -6332 28360 7829 -11201 -3410 END
START 28144 -7656 28260 9446 -7434 -5973 END
START 26984 -8536 28416 11551 -7218 -7551 END
START 28176 -8144 28644 14990 -10165 -10499 END
START 29352 -7912 27144 18047 -12261 -16215 END
START 28156 -8844 25800 20827 -12150 -21811 END
START 25652 -10040 23708 24106 -11001 -26599 END
START 23992 -10624 20144 26314 -8457 -30572 END
START 21664 -10960 13360 25870 -4932 -32768 END
START 19972 -10292 8548 21895 -360 -32768 END
START 21244 -9908 8964 19354 2845 -32768 END
START 23368 -9236 7744 18719 6004 -32768 END
START 23792 -10128 4328 17198 11717 -32768 END
START 22080 -10916 448 14629 19262 -32768 END
START 17900 -12456 -1236 12427 23363 -32768 END
START 13240 -13312 -2152 11480 19516 -32768 END
START 9076 -13096 -2692 10864 12574 -32768 END
START 5256 -13544 -544 8777 7898 -32768 END
START 456 -13604 1764 6983 7078 -32768 END
START -3844 -12280 2572 5631 8973 -32768 END
START -7700 -11080 2124 3859 11770 -32768 END
START -13628 -10652 1772 2724 13889 -32768 END
START -23524 -11080 3844 4234 11697 -32768 END
START -32768 -8140 3064 6784 6243 -31481 END
START -32768 -6028 2652 6438 1451 -19969 END
START -32768 -5240 2380 5094 620 -7028 END
START -32768 -5040 2600 3003 772 5136 END
START -32768 -4880 2836 1916 -71 15283 END
START -28204 -4884 3232 517 -869 22946 END
START -25392 -4916 3964 -153 -1214 29635 END
START -23376 -5476 4060 -666 -1367 32767 END
START -19416 -5696 2760 -1423 -1928 32767 END
START -15444 -6008 1296 -2853 -3421 32767 END
START -9944 -6588 40 -4596 -5300 32767 END
START -4920 -7624 -360 -6683 -5973 32767 END
START 908 -8380 368 -9014 -5236 32767 END
START 8512 -7372 1644 -11034 -3172 32767 END
START 17940 -4224 4664 -11998 -129 32767 END
START 24848 248 4732 -11887 3438 32767 END
START 27736 1752 3516 -13048 3974 32767 END
START 31740 3224 2636 -15802 2386 30417 END
START 32767 3252 6132 -18163 -878 23218 END
START 32767 4136 11164 -17322 -4403 17530 END
START 32767 6616 13148 -15744 -4458 9288 END
START 32767 8492 13348 -15530 509 -1926 END
START 32767 8544 14528 -16178 6374 -14707 END
START 32767 6532 14368 -16201 11044 -26115 END
START 32767 3900 14980 -15905 12851 -32768 END
START 28304 2576 15844 -15376 11842 -32768 END
START 25536 792 16132 -15556 10610 -32768 END
START 20452 -2612 17184 -15586 8979 -32768 END
START 11536 -6544 19740 -13996 4761 -32768 END
START 1196 -9604 21788 -10517 945 -32768 END
START -9296 -11688 22572 -7500 -48 -32768 END
START -17576 -10284 22624 -5448 1236 -32768 END