START 12836 -6284 14636 -5696 -10551 19649 END
START 31300 -8160 15936 -2361 -16313 18483 END
START 23136 -7140 23356 -937 -17138 14724 END
START 22376 -8488 25660 127 -13478 11806 END
START 25316 -8420 23840 1842 -10552 9623 END
START 28524 -8408 23656 2808 -8454 6854 END
START 32736 -9004 25940 4427 -8734 3172 END
START 32767 -9380 28148 7250 -9205 -3511 END
START 32767 -10316 26840 9815 -9334 -10485 END
START 32767 -10932 27124 11784 -10724 -16370 END
START 32716 -12264 28036 16050 -10990 -21741 END
START 30384 -12940 25672 19114 -4839 -26221 END
START 25008 -14260 23760 21817 793 -29403 END
START 22000 -14740 19888 25266 2067 -32178 END
START 22028 -14076 13752 25631 3762 -32768 END
START 20116 -14904 11172 25214 5290 -32768 END
START 15696 -16052 8848 25710 5057 -32768 END
START 14040 -15952 6552 25390 4591 -32768 END
START 15564 -15228 3624 24624 6042 -32768 END
START 17024 -15276 -1136 21627 9507 -32768 END
START 16164 -15032 -3464 17686 13497 -32768 END
START 11652 -16492 -3864 15543 15731 -32768 END
START 9216 -14432 -6292 12581 16056 -32768 END
START 7788 -13760 -6292 9377 17262 -32768 END
START 2856 -12512 -7188 7300 16898 -32768 END
START -1436 -10384 -7220 4153 14206 -32768 END
START -4884 -8800 -4964 1900 10222 -32768 END
START -8680 -7728 -2716 577 5399 -32768 END
START -14908 -9136 684 414 2085 -32768 END
START -24244 -8312 2092 -145 306 -32768 END
START -32768 -7588 4744 -1871 -512 -32768 END
START -32768 -8504 10692 -1647 -1641 -22701 END
START -32768 -9332 13928 559 -5073 -2824 END
START -32768 -8884 13168 2542 -7407 12049 END
START -29264 -7504 11232 2016 -5676 20260 END
START -26556 -6332 11196 1132 -2618 25373 END
START -26120 -5872 11476 2390 -2424 32158 END
START -22820 -6168 9488 3925 -3779 32767 END
START -18424 -6304 6852 4990 -5077 32767 END
START -12676 -5600 3348 3652 -4105 32767 END
START -7168 -5872 1424 501 -1450 32767 END
START -3748 -7356 1852 -2503 1295 32767 END
START 2404 -7816 2268 -4805 1679 32767 END
START 13604 -5476 1684 -6676 1089 32767 END
START 21108 -1620 184 -10142 1972 32767 END
START 26856 2104 912 -14287 1932 32767 END
START 28132 2660 4904 -16617 394 32767 END
START 30160 4624 7892 -16018 -924 29522 END
START 32608 5152 9088 -14950 -959 23803 END
START 32767 6712 10996 -14647 318 18841 END
START 32767 9316 13092 -13141 3417 9773 END
START 32767 10500 11640 -12895 6811 -2916 END
START 32767 8604 11252 -13892 10735 -17067 END
START 32767 5000 11740 -14542 12719 -27212 END
START 29788 2728 14144 -14542 11829 -32768 END
START 29508 2428 15104 -14301 13643 -32768 END
START 25456 -220 14600 -14209 16174 -32768 END
START 19004 -3852 14304 -13685 15297 -32768 END
START 17216 -7560 16460 -11589 15592 -32768 END
START 5884 -10368 16724 -10426 14925 -32768 END
START -5560 -12600 21224 -7693 12582 -32768 END
START -15336 -11160 23036 -3780 9185 -32768 END
START -22116 -12384 22236 -1497 8639 -32768 END
START -28708 -13388 21780 536 6828 -32768 END
START -32768 -13688 22624 3593 2607 -24198 END