START 30884 -6948 11864 3679 -15774 17540 END
START 32767 -11212 11436 6229 -17180 12220 END
START 32148 -11344 22284 7186 -16882 8413 END
START 32767 -10868 25844 9245 -16295 3227 END
START 32767 -10548 21120 11044 -14201 -3402 END
START 32767 -10468 18340 11713 -10231 -10646 END
START 32767 -11772 17844 12853 -8655 -16865 END
START 32767 -12496 18000 14354 -8369 -21502 END
START 30040 -13324 17268 15410 -7806 -25093 END
START 29496 -13500 16548 17007 -8256 -28424 END
START 28812 -14584 15664 18722 -8595 -32302 END
START 27392 -15572 13348 19134 -7806 -32768 END
START 26260 -16556 11332 19661 -6934 -32768 END
START 29120 -15004 7372 17277 -2323 -32768 END
START 29704 -15632 4788 14711 3922 -32768 END
START 25416 -17960 3228 13391 8913 -32768 END
START 22896 -18256 1832 13097 10299 -32768 END
START 23432 -17980 -1688 12048 13055 -32768 END
START 19128 -21476 -3508 10171 16211 -32768 END
START 13508 -21408 -4092 10498 16056 -32768 END
START 11732 -19732 -5432 9354 14732 -32768 END
START 7712 -19868 -6860 7308 13687 -32768 END
START 648 -19216 -7596 4707 12471 -32768 END
START -2768 -17504 -6768 2449 12574 -32768 END
START -8372 -15436 -5680 -592 14047 -32768 END
START -16628 -14644 -2852 -2726 10658 -32768 END
START -25856 -14548 708 -3604 3763 -32768 END
START -32768 -14756 5292 -3640 -1833 -32768 END
START -32768 -14440 9496 -4402 -1310 -27338 END
START -32768 -15416 14480 -2115 -814 -10248 END
START -32768 -14152 14416 2350 -3267 5727 END
START -32768 -12264 11576 5105 -4770 17277 END
START -32016 -9944 8564 5820 -4081 25448 END
START -29920 -7316 7100 5806 -3726 32767 END
START -26880 -6820 6208 6195 -4254 32767 END
START -22800 -5136 4528 6064 -3910 32767 END
START -18432 -4928 3228 5644 -4598 32767 END
START -11612 -4936 256 3936 -5293 32767 END
START -2084 -5988 -76 2076 -6923 32767 END
START 4648 -6008 -1076 76 -8336 32767 END
START 17420 -5356 1516 -1440 -11110 32767 END
START 32020 -232 -484 -1838 -12045 32767 END
START 32767 4448 -3284 -5476 -10547 32767 END
START 32124 4752 -908 -9175 -9755 32767 END
START 30300 4040 -1396 -11629 -9220 32767 END
START 32767 4064 2320 -13701 -6875 32767 END
START 32767 5944 2020 -14126 -1850 25509 END
START 32767 6960 2116 -15225 1466 15671 END
START 32767 9696 3680 -15065 3685 2304 END
START 32767 8660 1788 -16433 5935 -11488 END
START 32767 4768 2968 -17757 5591 -20676 END
START 30188 3412 5640 -18026 4915 -27115 END
START 30616 3932 8532 -18333 8174 -32768 END
START 32064 3848 10360 -17189 15697 -32768 END
START 29196 1984 7940 -17419 21415 -32768 END
START 21804 -3192 8868 -17308 20992 -32768 END
START 13024 -9256 13260 -14704 15832 -32768 END
START 1800 -14072 17676 -9105 8828 -32768 END
START -5908 -14928 19736 -6598 7752 -32768 END
START -21692 -17384 23880 -4679 9346 -32768 END
START -32768 -17528 24508 -909 9198 -32768 END