START 1804 -4760 28972 -5019 -4536 3424 END
START 3812 -5768 20372 -2951 -5417 3280 END
START 5100 -4860 21468 -4143 -4988 3233 END
START 5196 -3756 25204 -2933 -4877 2765 END
START 4924 -4024 24340 -3045 -5527 2213 END
START 5296 -3464 24180 -3169 -5847 1688 END
START 5144 -3792 24372 -3230 -5951 1117 END
START 7040 -3724 22580 -3350 -5885 555 END
START 6224 -4212 23680 -3347 -5381 85 END
START 7892 -4092 21784 -3567 -5106 -434 END
START 7216 -4192 22356 -3768 -4475 -986 END
START 7444 -3976 21784 -4075 -4177 -1554 END
START 6796 -3904 22536 -4445 -3875 -2046 END
START 5956 -3716 22940 -4859 -3912 -2512 END
START 5708 -3492 23028 -5318 -3917 -2865 END
START 4884 -3404 24020 -5731 -3949 -3177 END
START 4860 -3424 24864 -6105 -4058 -3380 END
START 4484 -3452 25772 -6344 -4007 -3570 END
START 4240 -3476 26768 -6501 -3872 -3681 END
START 3960 -3680 27960 -6517 -3684 -3761 END
START 3400 -3968 29536 -6325 -3496 -3727 END
START 3052 -4080 30944 -5923 -3227 -3559 END
START 2540 -4180 32252 -5360 -2941 -3283 END
START 2120 -4336 32767 -4625 -2601 -2862 END
START 1716 -4628 32767 -3708 -2334 -2431 END
START 1352 -4740 32767 -2715 -2171 -1917 END
START 1280 -4980 32767 -1593 -2007 -1405 END
START 1064 -5276 32767 -435 -1951 -878 END
START 796 -5284 32767 785 -2040 -424 END
START 460 -5584 32767 2097 -2359 47 END
START 388 -5844 32767 3429 -2809 497 END
START 484 -6128 32767 4764 -3359 944 END
START 836 -6364 32767 6178 -3910 1366 END
START 1068 -6536 32767 7472 -4408 1718 END
START 1644 -6720 32767 8755 -4855 2056 END
START 2332 -7040 32767 9923 -5200 2324 END
START 2952 -7220 32767 11075 -5476 2513 END
START 3616 -7308 32767 12166 -5716 2666 END
START 4216 -7444 32767 13172 -5860 2783 END
START 4960 -7548 32767 14182 -5944 2843 END
START 5868 -7652 32767 15230 -5932 2845 END
START 6564 -7820 32767 16284 -5784 2748 END
START 7200 -7980 32767 17331 -5646 2595 END
START 7536 -8204 32767 18423 -5593 2391 END
START 7644 -8384 32767 19506 -5683 2159 END
START 7872 -8528 32767 20575 -5915 1885 END
START 7912 -8848 32767 21721 -6219 1600 END
START 8004 -8856 32767 22934 -6582 1294 END
START 8024 -9040 32767 24071 -6931 981 END
START 8108 -9036 32767 25233 -7307 728 END
START 8132 -9128 32767 26317 -7677 456 END
START 8300 -9100 32767 27431 -8018 217 END
START 8320 -9176 32767 28467 -8229 -18 END
START 8500 -9136 32767 29515 -8419 -291 END
START 8652 -9312 32716 30535 -8572 -525 END
START 8612 -9328 32016 31524 -8718 -799 END
START 8588 -9360 31080 32425 -8837 -1073 END
START 8532 -9444 30240 32767 -8930 -1319 END
START 8580 -9484 29180 32767 -8966 -1478 END
START 8536 -9444 28292 32767 -8876 -1613 END
START 8696 -9480 27164 32767 -8743 -1683 END
START 8736 -9304 26356 32767 -8481 -1740 END
START 9120 -9460 25556 32767 -8205 -1751 END
START 9420 -9400 24660 32767 -7894 -1814 END
START 9700 -9544 23920 32767 -7716 -1905 END
START 10116 -9408 23628 32767 -7667 -2098 END
START 11100 -9424 22468 32767 -7630 -2329 END
START 11948 -9612 21840 32767 -7638 -2603 END
START 12732 -9552 21072 32767 -7666 -3024 END
START 13580 -9748 20548 32767 -7857 -3573 END
START 14592 -9596 20228 32767 -8186 -4272 END
START 15648 -9700 19496 32767 -8583 -5143 END
START 16336 -9676 18724 32767 -9037 -6204 END
START 16908 -9748 18000 32767 -9597 -7354 END
START 17240 -9924 17116 32767 -10225 -8678 END
START 17456 -10020 15840 32767 -10810 -10086 END
START 17308 -10136 14532 32767 -11444 -11531 END
START 16980 -10092 13608 32767 -12159 -12986 END
START 16760 -10380 11880 32767 -12925 -14503 END
START 16460 -10600 10704 32767 -13716 -15948 END
START 16048 -10664 9400 32767 -14384 -17327 END
START 15292 -10608 8392 32767 -15122 -18701 END
START 14700 -10820 7060 32767 -15900 -20034 END
START 14024 -10860 6088 32767 -16577 -21277 END
START 12920 -10904 4320 32767 -17224 -22460 END
START 11744 -10964 3080 32767 -17742 -23492 END
START 10820 -10928 1860 32767 -18251 -24466 END
START 9872 -10764 576 32767 -18715 -25185 END
START 9004 -10380 -964 32767 -19102 -25770 END
START 8440 -9976 -2320 32767 -19422 -26191 END
START 8000 -9664 -3884 32767 -19523 -26562 END
START 7572 -9180 -5208 32767 -19521 -26835 END
START 7152 -8720 -6376 32767 -19353 -27099 END
START 6736 -8348 -7816 32767 -19112 -27269 END
START 6472 -7916 -9152 32767 -18728 -27460 END
START 6056 -7268 -11412 32767 -18099 -27605 END
START 5720 -6672 -12440 32767 -17421 -27762 END
START 5444 -5904 -14044 32767 -16654 -27981 END
START 5160 -5388 -15056 31968 -15874 -28152 END
START 4652 -4632 -16004 29567 -15135 -28306 END
START 4412 -3968 -16948 27118 -14304 -28447 END
START 4092 -3428 -17348 24436 -13557 -28572 END
START 3640 -3104 -17604 21741 -12813 -28744 END
START 3104 -2416 -17556 19092 -12172 -28873 END
START 2320 -1808 -16892 16469 -11612 -28991 END
START 1844 -1376 -16436 14034 -11174 -29029 END
START 1528 -1024 -15584 11774 -10885 -29051 END
START 1128 -668 -14884 9666 -10643 -29073 END
START 876 -184 -14308 7800 -10445 -29161 END
START 480 160 -13460 6028 -10316 -29280 END
START 20 328 -12452 4367 -10181 -29441 END
START -624 576 -11532 2898 -10146 -29558 END
START -1316 872 -10608 1480 -9991 -29626 END
START -2132 1224 -9768 199 -9796 -29617 END
START -3016 1636 -9004 -1024 -9532 -29541 END
START -3792 2240 -8628 -2139 -9082 -29382 END
START -4484 2752 -7976 -3279 -8463 -29170 END
START -5444 3404 -7432 -4327 -7745 -28823 END
START -6300 3972 -6784 -5397 -6941 -28422 END
START -7168 4416 -6172 -6446 -6097 -27894 END
START -8036 4876 -5508 -7417 -5207 -27332 END
START -9064 5360 -4688 -8438 -4367 -26619 END
START -10216 6064 -3804 -9453 -3533 -25868 END
START -11068 6780 -2996 -10408 -2789 -25025 END
START -11832 7504 -2224 -11356 -2010 -24092 END
START -12416 8180 -1392 -12183 -1226 -23146 END
START -12576 8616 -576 -13015 -397 -22171 END
START -12544 8912 408 -13747 394 -21297 END
START -12276 8856 1288 -14326 1158 -20498 END
START -11772 9008 2196 -14871 1993 -19878 END
START -11348 8916 3172 -15563 2813 -19337 END
START -11132 8936 4116 -16048 3610 -19025 END
START -11152 9040 5384 -16473 4274 -18779 END
START -11332 8840 6556 -16796 4709 -18605 END
START -11712 8800 7868 -17009 4887 -18506 END
START -12292 8516 9812 -17122 4868 -18463 END
START -12912 8364 11204 -17124 4603 -18387 END
START -13620 7960 12660 -16928 4190 -18308 END
START -14588 7896 14348 -16557 3524 -18183 END
START -15624 7616 15472 -16084 2795 -17916 END
START -16684 7420 16952 -15445 1896 -17546 END
START -17452 7264 18244 -14844 989 -17111 END
START -18200 6712 19316 -13839 180 -16555 END
START -19160 6248 20584 -12897 -724 -15909 END
START -19716 5936 21880 -11881 -1506 -15154 END
START -20488 5640 23088 -10699 -2286 -14309 END
START -21560 5316 24608 -9441 -3021 -13361 END
START -22356 5020 25312 -8163 -3619 -12368 END
START -23068 4720 26088 -6759 -4075 -11172 END
START -23596 4424 26640 -5330 -4402 -9870 END
START -24136 3952 26876 -3942 -4431 -8519 END
START -24620 3656 27096 -2550 -4249 -7091 END
START -25132 3536 27172 -1146 -3990 -5530 END
START -25540 3400 27100 248 -3476 -3811 END
START -25852 3224 26752 1544 -2997 -2188 END
START -26004 3152 26272 2844 -2374 -388 END
START -26304 2748 25828 3974 -1904 1335 END
START -26080 2776 25020 5018 -1359 3132 END
START -26080 2356 24040 6007 -854 5020 END
START -25700 2444 22972 6793 -408 6847 END
START -25088 2448 21848 7474 -20 8686 END
START -24568 2432 20884 7962 297 10410 END
START -23716 2640 19944 8330 689 12220 END
START -23040 2660 18796 8683 1115 13787 END
START -22128 2616 17952 8927 1534 15513 END
START -21144 2524 17196 9148 1924 17110 END
START -20256 2504 16328 9276 2276 18536 END
START -19084 2424 15420 9328 2611 19934 END
START -17940 2468 14820 9342 2898 21311 END
START -16864 2388 14360 9336 3065 22453 END
START -15784 2416 13828 9259 3208 23593 END
START -14612 2288 13100 9293 3211 24629 END
START -13552 2068 12440 9331 3273 25657 END
START -12240 2068 11492 9353 3292 26512 END
START -11012 2124 10640 9353 3348 27291 END
START -9736 2292 9900 9287 3391 28031 END
START -8512 2384 8760 9133 3461 28569 END
START -7300 2460 7820 8872 3567 29110 END
START -5880 2524 7132 8545 3665 29547 END
START -4272 2488 6240 8099 3873 29884 END
START -2616 2608 5196 7593 4138 30107 END
START -1020 2824 4372 7022 4551 30249 END
START 716 3036 3584 6432 5035 30268 END
START 2508 3248 2516 5766 5693 30138 END
START 3768 3108 1764 5043 6250 29850 END
START 4924 3152 1028 4345 6630 29504 END
START 5912 3344 20 3582 6820 29108 END
START 6536 3616 -380 2812 6737 28655 END
START 7580 4032 -1240 1979 6597 28177 END
START 8516 4548 -2068 996 6354 27513 END
START 9268 4968 -2580 -1 5997 26768 END
START 10124 5184 -3012 -987 5598 26013 END
START 10448 5232 -3356 -1974 5088 25150 END
START 11008 5324 -3624 -2941 4452 24313 END
START 11352 5276 -3944 -3761 3716 23421 END
START 11708 5480 -4632 -4543 2976 22586 END
START 11884 5752 -5236 -5425 2185 21817 END
START 11896 6100 -6092 -6375 1468 21068 END
START 12264 6820 -6468 -7568 692 20411 END
START 12728 7332 -6644 -8928 -138 19707 END
START 13232 7972 -6992 -10319 -598 18997 END
START 13696 8328 -7452 -11905 -726 18218 END
START 14288 8432 -7548 -13365 -283 17517 END
START 14600 8144 -7312 -14635 528 16901 END
START 15408 7528 -6684 -16037 1507 16355 END
START 15972 6796 -6056 -17160 2634 15750 END
START 15988 6408 -5388 -18266 3964 15106 END
START 16092 6304 -5176 -19167 5298 14578 END
START 15848 6332 -4572 -20012 6656 14142 END
START 15300 6568 -4008 -20848 7913 13704 END
START 14504 6788 -3476 -21699 8819 13324 END
START 13684 6876 -2432 -22534 9296 13061 END
START 13208 6688 -1408 -23185 9326 12988 END
START 13100 6508 -276 -23746 9071 13109 END
START 13404 6236 300 -24118 8646 12721 END
START 14112 6084 916 -24360 8266 12644 END
START 14976 5968 1404 -24565 7944 12536 END
START 16008 6136 2196 -24675 7628 12475 END
START 17404 6196 2784 -24783 7426 11868 END
START 19052 6360 3112 -24907 7391 11314 END
START 21096 6272 3688 -25120 7449 10473 END
START 22464 6360 4312 -25334 7676 9513 END
START 24024 6436 4940 -25597 7963 8484 END
START 25452 6576 5604 -25864 8408 7325 END
START 26704 6604 6368 -26143 8934 6027 END
START 27724 6748 7384 -26296 9545 4640 END
START 28392 6716 8660 -26374 10036 3156 END
START 28632 6736 9564 -26269 10361 1534 END
START 28660 6752 10716 -26134 10559 -149 END
START 28180 6624 11880 -25870 10393 -1820 END
START 27544 6776 12656 -25512 10095 -3451 END
START 26904 6816 13608 -25126 9588 -4936 END
START 26204 6876 14144 -24766 8961 -6379 END
START 25828 7012 14752 -24362 8298 -7626 END
START 25420 7140 15364 -24044 7588 -8894 END
START 24908 7180 15712 -23693 6868 -10061 END
START 24552 7176 16256 -23339 6165 -11191 END
START 24260 7092 16804 -23017 5562 -12360 END
START 24048 6892 17356 -22652 4943 -13532 END
START 23620 6972 17752 -22293 4374 -14689 END
START 23244 6676 18092 -21982 3863 -15764 END
START 23068 6452 18724 -21606 3381 -16872 END
START 23280 6412 18832 -21336 3112 -17947 END
START 23516 6128 19148 -21080 2981 -19075 END
START 23972 5880 19308 -20855 3095 -20373 END
START 24108 5612 19748 -20659 3317 -21786 END
START 23940 5184 19820 -20467 3628 -23309 END
START 23548 4636 20084 -20335 3951 -24854 END
START 22848 4180 20312 -20219 4346 -26406 END
START 21728 3760 20076 -20120 4730 -27879 END
START 20284 3292 20512 -20066 5077 -29283 END
START 18780 2784 21084 -20009 5343 -30493 END
START 17116 2188 21240 -19981 5624 -31660 END
START 15888 1776 21356 -19971 5983 -32702 END
START 14508 1280 21640 -19934 6344 -32768 END
START 13068 544 22132 -19844 6609 -32768 END
START 11336 -100 23016 -19723 6691 -32768 END
START 9616 -776 23488 -19560 6529 -32768 END
START 7984 -1328 24220 -19341 6329 -32768 END
START 6300 -2124 24708 -19133 6005 -32768 END
START 4536 -2720 25632 -18774 5626 -32768 END
START 2784 -3300 26480 -18374 5201 -32768 END
START 940 -3856 27584 -17802 4690 -32768 END
START -848 -4356 28584 -17121 4173 -32768 END
START -2868 -4920 29640 -16308 3668 -32768 END
START -4880 -5212 30412 -15423 3056 -32768 END
START -6828 -5700 31160 -14256 2494 -32768 END
START -8820 -6008 31780 -13103 1837 -32768 END
START -10520 -6196 32172 -11872 1320 -32768 END
START -12608 -6304 32428 -10538 807 -32768 END
START -13876 -6260 32508 -9151 360 -32768 END
START -15056 -6288 32404 -7847 118 -32729 END
START -15908 -6556 32068 -6514 -89 -31432 END
START -16740 -6668 31852 -5192 -235 -30056 END
START -17392 -6748 31204 -4003 -383 -28681 END
START -17924 -6860 30608 -2807 -545 -27254 END
START -18404 -6800 29540 -1683 -598 -25736 END
START -18696 -6680 29100 -683 -743 -24300 END
START -18588 -6816 28228 200 -791 -22839 END
START -18376 -6764 27340 951 -876 -21486 END
START -18240 -6680 26676 1613 -937 -20145 END
START -18156 -6600 26076 2148 -1066 -18907 END
START -18160 -6276 25448 2583 -1268 -17698 END
START -17996 -5928 24848 2927 -1519 -16554 END
START -18060 -5740 24448 3257 -1764 -15478 END
START -18080 -5504 24152 3572 -1952 -14325 END
START -17940 -5188 23372 3829 -2104 -13291 END
START -17856 -5040 22880 4128 -2226 -12106 END
START -17732 -4932 22396 4378 -2185 -11060 END
START -17268 -4596 21488 4566 -2106 -9868 END
START -17112 -4264 21396 4784 -1936 -8743 END
START -16732 -4008 20364 4802 -1762 -7713 END
START -16428 -3576 19596 4760 -1512 -6659 END
START -16172 -3472 19080 4642 -1233 -5579 END
START -15776 -3080 18556 4462 -936 -4529 END
START -15504 -2824 17964 4234 -719 -3550 END
START -15192 -2732 18004 4040 -601 -2561 END
START -15028 -2508 17704 3897 -656 -1625 END
START -14836 -2372 17628 3855 -838 -647 END
START -14640 -2156 17544 3838 -1186 278 END
START -14448 -1668 17128 3885 -1601 1291 END
START -14152 -1496 16980 3915 -2042 2199 END
START -13620 -952 16404 3948 -2475 3220 END
START -13084 -544 16168 3900 -2865 4096 END
START -12316 -260 15760 3847 -3110 4952 END
START -11528 -32 15456 3713 -3221 5784 END
START -10780 268 15060 3548 -3289 6552 END
START -10120 480 14764 3384 -3331 7308 END
START -9376 596 14668 3260 -3329 8074 END
START -8996 528 14544 3087 -3276 8733 END
START -8284 664 14188 2977 -3177 9433 END
START -7468 764 14004 2817 -2996 10074 END
START -6900 772 13808 2660 -2842 10637 END
START -6156 924 13556 2492 -2674 11175 END