START 32767 -4944 26652 -5261 -11434 11837 END
START 18296 -15164 32767 -1599 -11173 8428 END
START 8648 -17444 32767 3913 -13624 9963 END
START 12896 -17876 32767 8560 -18085 12265 END
START 27524 -17184 32767 12309 -18001 8868 END
START 32767 -15476 32767 17525 -10033 1851 END
START 32040 -15800 32767 21616 -1745 -5653 END
START 25796 -17136 32767 26039 -2836 -8090 END
START 24916 -16092 32767 30211 -7848 -10411 END
START 27268 -15576 28596 32767 -9931 -15159 END
START 24820 -16376 25776 32767 -8188 -20488 END
START 18928 -17980 22108 32767 -5815 -23989 END
START 14848 -18012 16768 32767 -3205 -24363 END
START 10100 -17560 12992 32767 -1607 -23891 END
START 8692 -16696 10592 32767 -2108 -22082 END
START 8796 -14684 7220 32767 -2344 -21820 END
START 9388 -13304 3508 32767 -1912 -22058 END
START 10016 -11824 448 32767 -1498 -22646 END
START 13432 -10724 -1244 31754 -201 -24467 END
START 17332 -9392 -7908 28386 4240 -29527 END
START 20348 -8700 -14664 20341 9324 -32768 END
START 19300 -9588 -15588 12108 12681 -32768 END
START 14348 -10920 -14800 5319 15195 -32768 END
START 7016 -12140 -12376 1895 13800 -32768 END
START 5364 -11248 -9964 495 9600 -32768 END
START 4196 -8576 -10572 -2719 8780 -32768 END
START 1200 -6808 -9240 -6323 11363 -32768 END
START -3460 -6648 -7272 -9701 13273 -32768 END
START -9260 -6152 -2304 -12048 10771 -32768 END
START -15076 -9112 4036 -12968 9521 -32768 END
START -32768 -12496 13920 -10339 6408 -32768 END
START -32768 -13908 21152 -3727 855 -32768 END
START -32768 -13940 21696 3024 -394 -14531 END
START -32768 -11712 16588 6197 -2841 1502 END
START -32768 -9528 12984 6372 -3410 10357 END
START -32252 -7252 11924 5580 106 14859 END
START -32768 -6664 12108 6356 672 20231 END
START -32704 -6244 10736 8352 -1909 28145 END
START -29184 -5824 8428 10226 -3547 32767 END
START -23312 -6284 4292 9513 -2843 32767 END
START -17220 -6732 1380 6989 -1214 32767 END
START -11620 -8060 -1376 3336 649 32767 END
START -5948 -8192 -3520 -682 315 32767 END
START -716 -8828 -3788 -5337 5 32767 END
START 1452 -10752 -3008 -8965 -1891 32767 END
START 16308 -9324 -2004 -12030 -4051 32767 END
START 31404 -5036 84 -14623 -2155 32767 END
START 32767 -332 2524 -16636 505 32767 END
START 32767 1768 7008 -15960 -1686 29673 END
START 32767 2704 9520 -13676 -7646 20492 END
START 32767 5268 11000 -12040 -7695 12205 END
START 32767 7512 12848 -11719 -473 1430 END
START 32767 8596 13192 -11845 8646 -11381 END
START 32767 6648 11520 -11811 15019 -25025 END
START 32767 3152 10324 -12694 18232 -32768 END
START 32767 480 12376 -12745 18071 -32768 END
START 27984 -2976 13000 -11695 18323 -32768 END
START 17976 -7128 11224 -10984 14777 -32768 END
START 10060 -8040 12720 -11121 6095 -32768 END
START 7868 -9616 17124 -10497 -162 -32768 END
START 2420 -11472 19856 -8522 -5514 -32768 END
START -4832 -14832 22556 -6914 -7127 -32768 END
START -16112 -17324 25620 -5675 -2648 -32768 END
START -30420 -21320 32288 -2060 -1736 -32768 END
START -32768 -22480 32767 5473 -5184 -32768 END
START -32768 -21380 29340 9721 -6100 -23680 END
START -32768 -17832 23868 9079 -1635 -13335 END