START 20816 -4888 32767 -3300 -986 10866 END
START 18864 -10500 32767 2250 -4094 7203 END
START 22216 -10640 32767 5848 -5029 2665 END
START 20220 -10860 32767 8413 -8842 1469 END
START 20044 -10796 32767 10747 -14233 1239 END
START 25132 -10848 32767 14178 -13902 -1475 END
START 28544 -11864 32767 15811 -6232 -5935 END
START 25792 -13764 32767 17698 234 -9830 END
START 22076 -15368 32767 20562 1891 -13032 END
START 16376 -17224 32767 24923 -2593 -16277 END
START 11620 -18672 32767 29959 -10086 -17921 END
START 7816 -19784 32764 32767 -14332 -18098 END
START 6144 -20060 31300 32767 -14137 -17020 END
START 5416 -20244 28476 32767 -9483 -15507 END
START 4196 -20408 23060 32767 -4539 -13278 END
START 2512 -19576 17884 32767 -3313 -10571 END
START 4028 -17344 11008 32767 -6165 -8876 END
START 7668 -14784 4720 32767 -9869 -9875 END
START 11904 -11964 1556 32767 -10681 -13413 END
START 16276 -10576 -1140 32767 -5542 -19583 END
START 14636 -9284 -7648 28683 2920 -25492 END
START 11104 -8556 -13268 23290 8520 -27899 END
START 8640 -6436 -16448 18211 7593 -28128 END
START 12468 -4028 -16552 14473 3027 -30846 END
START 15652 -3000 -14980 10898 1074 -32768 END
START 18152 -3664 -14724 7258 2008 -32768 END
START 17488 -6608 -14524 3788 5696 -32768 END
START 12192 -7580 -15468 -1684 9220 -32768 END
START 4324 -8812 -11868 -5715 11052 -32768 END
START -1376 -6752 -10656 -10106 10131 -32768 END
START -1740 -5788 -6900 -15650 12220 -32768 END
START -9208 -6004 -828 -19838 13151 -32768 END
START -14228 -7968 6580 -21473 13902 -32768 END
START -26140 -9520 16892 -18314 12478 -32768 END
START -32768 -10392 23616 -10291 8499 -29964 END
START -32768 -11076 26192 -1917 3150 -16136 END
START -32768 -10288 24912 5164 885 -4750 END
START -32768 -9376 21772 9881 1215 3981 END
START -32436 -6724 17140 13128 1786 12076 END
START -29544 -3592 12228 13421 2096 18802 END
START -27148 -1360 8760 12404 205 24747 END
START -23844 -792 7316 11071 -3035 31402 END
START -19096 -1276 7172 10574 -5136 32767 END
START -13928 -2756 6572 10885 -4319 32767 END
START -11100 -3720 4808 10767 -2680 32767 END
START -8976 -5524 1056 10884 -2828 32767 END
START -7436 -5448 -5016 9175 -5852 32767 END
START -6796 -6080 -11364 5326 -12092 32767 END
START -1532 -7888 -13480 350 -15780 32767 END
START 7964 -7564 -13940 -7133 -13417 32767 END
START 12568 -6880 -9720 -12092 -7874 32767 END
START 17688 -6816 -6492 -15145 -3690 32767 END
START 28204 -4032 -5944 -16577 -3113 32767 END
START 30620 -1568 -5384 -17800 -4564 32767 END
START 32767 -188 -4964 -18833 -5667 30027 END
START 32408 -96 -5296 -20940 -5941 22820 END
START 32767 -36 -3616 -24509 -5450 19392 END
START 32767 1276 2516 -26174 -1014 14115 END
START 32767 4144 5236 -26197 7536 4576 END
START 32767 4472 4720 -27786 15327 -7514 END
START 32767 2840 7064 -28849 19446 -19486 END
START 32767 1224 10464 -28158 19119 -28752 END
START 32767 968 12852 -26941 18889 -32768 END
START 32767 -516 11676 -27785 23731 -32768 END
START 27768 -4828 11664 -29082 28310 -32768 END
START 17996 -11160 13896 -29550 27275 -32768 END
START 7064 -17520 21104 -25626 19440 -32768 END
START -2716 -21284 28688 -20944 11347 -32768 END
START -11956 -24036 32767 -14480 9607 -32768 END
START -21040 -22568 32168 -10398 10208 -32768 END
START -26960 -19420 30824 -6475 11442 -27301 END
START -25076 -15656 26756 -2844 10460 -14869 END