START 32767 3492 148 11936 -7521 8960 END
START 21752 5880 -7868 2495 -9222 8902 END
START 6524 3548 3096 -7660 4433 7670 END
START 4264 2544 4168 -14409 9418 8198 END
START 2700 1844 5700 -19650 10044 7283 END
START 4140 776 9096 -23573 6327 5294 END
START 3512 -568 14288 -23467 4621 3446 END
START -992 -404 16744 -22939 3004 4020 END
START -2596 48 18108 -22767 1193 5544 END
START -3840 -1768 25120 -21563 -2973 8311 END
START 2552 -2016 32767 -16581 -2868 10927 END
START 7768 -1604 32767 -10911 -589 9497 END
START 4672 -2180 32767 -4967 -3325 7603 END
START 4364 -3000 32767 1269 -9037 5703 END
START 5300 -4092 32767 7614 -11899 3966 END
START 6400 -4700 32767 13478 -10732 3130 END
START 8456 -5436 32767 19001 -7345 2260 END
START 12624 -5172 32767 23711 -3040 -545 END
START 11788 -6092 31620 28079 221 -4923 END
START 8516 -7480 25968 31999 713 -6636 END
START 9684 -7340 21384 32767 -151 -7625 END
START 12940 -7068 19520 32767 -616 -10782 END
START 13056 -7312 17192 32767 316 -14838 END
START 12220 -7476 13208 32767 3010 -17872 END
START 11544 -7048 9536 32767 7567 -20203 END
START 10680 -6440 7948 32767 10855 -22582 END
START 10480 -6192 6816 32767 12190 -25859 END
START 8416 -5712 4320 32767 11950 -29001 END
START 6652 -4540 2380 32767 11897 -31021 END
START 4804 -2960 152 32322 13481 -32080 END
START 768 -1504 -2560 28239 14730 -31239 END
START -3076 496 -3568 23946 13078 -29105 END
START -4476 2412 -3940 20349 9850 -28354 END
START -7768 3080 -4264 17130 7057 -27130 END
START -9536 3460 -4576 13960 5442 -25970 END
START -14568 3172 -5476 11049 5017 -24017 END
START -19404 3892 -5792 8156 3715 -19917 END
START -24208 3012 -5380 6131 2672 -14646 END
START -27548 3112 -5920 4513 594 -7081 END
START -26728 3324 -7176 2401 -1876 -653 END
START -25032 4028 -8392 -1491 -3378 5344 END
START -23368 4132 -6448 -5309 -3731 10729 END
START -21456 4060 -4984 -9339 -3618 16099 END
START -18296 3440 -1812 -11849 -4319 20838 END
START -15536 3680 96 -13437 -5343 24721 END
START -12512 3788 1124 -14748 -6658 28065 END
START -8968 3792 1716 -16414 -7770 30604 END
START -6372 3716 68 -19577 -8836 32767 END
START -2200 2680 1928 -23572 -10757 32767 END
START 4044 3488 5812 -25365 -10671 32767 END
START 10648 4292 7512 -28288 -14375 31920 END
START 19024 6712 6780 -29837 -15837 24525 END
START 21500 6572 9520 -32768 -15918 16309 END
START 22992 4332 22232 -32596 -11427 11310 END
START 27032 5588 30908 -24119 -4925 5512 END
START 29076 7112 28236 -15970 -1059 -3086 END
START 30736 8880 22944 -12133 -2570 -14028 END
START 28092 8028 25112 -9707 -3377 -24503 END
START 25264 7196 24028 -6301 856 -32768 END
START 17640 4208 20540 -4300 3959 -32768 END
START 12824 3144 16980 -3569 7458 -32768 END
START 4632 1512 14556 -4836 9948 -32768 END
START -508 -548 14580 -5199 8220 -32768 END
START -5284 -2384 14260 -4735 6640 -32768 END
START -13980 -4220 13768 -4140 5360 -32768 END
START -18556 -4268 12488 -4451 5383 -31844 END
START -21236 -4712 12580 -5276 5903 -23611 END
START -22560 -4764 13464 -4703 4231 -15940 END
START -23328 -3988 14688 -3206 2403 -9450 END
START -21280 -3020 13556 -3200 1801 -4204 END