START 1412 -344 20512 -7530 -1400 4538 END
START 1120 -6868 5716 -4964 -1055 4831 END
START -1988 2340 19396 -7213 -2137 5144 END
START 444 984 19584 -5824 -3537 5689 END
START -3228 1656 24608 -5902 -6190 6111 END
START 592 2180 20128 -5542 -7380 6677 END
START -1588 1756 23548 -5345 -8767 6997 END
START 1504 2116 20816 -5119 -9417 7413 END
START 740 1516 23092 -4833 -9981 7803 END
START 2820 968 22056 -4642 -9993 8033 END
START 3428 668 22304 -4383 -9592 8270 END
START 3860 620 22756 -4191 -9092 8439 END
START 4804 1012 22616 -4045 -8263 8627 END
START 5116 1224 22872 -3929 -7763 8804 END
START 4952 1468 23968 -3854 -7226 8993 END
START 5708 1660 24056 -3863 -7116 9108 END
START 5524 1496 24700 -3770 -7001 9194 END
START 5972 1392 25376 -3691 -7057 9265 END
START 6416 1388 25476 -3571 -7138 9274 END
START 6576 1320 26392 -3394 -7211 9311 END
START 7116 1484 26936 -3133 -7362 9249 END
START 7464 1476 27716 -2864 -7456 9261 END
START 7784 1592 28636 -2570 -7648 9168 END
START 8140 1452 29084 -2209 -7756 9031 END
START 8712 1424 30092 -1823 -7792 8810 END
START 9332 1352 30684 -1411 -7779 8604 END
START 10272 1468 31420 -968 -7666 8372 END
START 11052 1496 31960 -522 -7368 8121 END
START 11832 1516 32652 -72 -6940 7828 END
START 12580 1432 32767 355 -6430 7469 END
START 13224 1380 32767 806 -5969 7068 END
START 13604 1236 32767 1226 -5603 6559 END
START 13648 1044 32767 1789 -5313 6042 END
START 13628 984 32767 2336 -5174 5468 END
START 13524 736 32767 3056 -5116 4977 END
START 13380 608 32767 3860 -5108 4470 END
START 13224 376 32767 4724 -5050 3966 END
START 12868 452 32767 5667 -4954 3518 END
START 12692 176 32767 6714 -4900 3091 END
START 12460 -84 32767 7700 -4741 2656 END
START 12280 -192 32767 8780 -4636 2311 END
START 11804 -588 32767 9987 -4500 2024 END
START 11344 -660 32767 11218 -4354 1722 END
START 11000 -952 32767 12430 -4254 1530 END
START 10456 -1048 32767 13606 -4160 1366 END
START 10076 -1252 32767 14752 -4046 1301 END
START 9896 -1344 32767 15888 -3919 1347 END
START 9824 -1472 32767 16939 -3721 1369 END
START 9852 -1540 32767 17805 -3455 1429 END
START 10060 -1532 32767 18657 -3186 1510 END
START 10264 -1740 32767 19405 -2853 1553 END
START 10760 -1872 32767 20110 -2538 1509 END
START 11268 -2020 32767 20734 -2153 1468 END
START 11864 -2192 32767 21371 -1731 1320 END
START 12312 -2276 32767 21981 -1273 1131 END
START 12764 -2380 32767 22601 -876 911 END
START 13440 -2472 32404 23281 -470 561 END
START 13904 -2760 32108 23943 -111 214 END
START 14444 -2980 31404 24594 249 -211 END
START 14648 -3188 31160 25348 527 -675 END
START 14956 -3436 30872 26083 713 -1182 END
START 15032 -3656 30136 26898 797 -1767 END
START 14980 -3876 29656 27656 856 -2277 END
START 14952 -3808 28956 28437 888 -2895 END
START 14924 -3840 27952 29240 936 -3410 END
START 14940 -4048 27288 30019 930 -3973 END
START 14796 -4208 26244 30715 940 -4481 END
START 14740 -4316 25208 31364 913 -5021 END
START 14788 -4352 24016 31926 871 -5570 END
START 14856 -4504 22864 32393 820 -6143 END
START 15048 -4520 21420 32765 739 -6750 END
START 15016 -4620 20388 32767 640 -7327 END
START 15256 -4692 19152 32767 559 -7964 END
START 15372 -4700 18128 32767 454 -8550 END
START 15688 -4680 16996 32767 356 -9183 END
START 15916 -4784 16036 32767 277 -9838 END
START 16060 -4904 14932 32767 212 -10533 END
START 16392 -5064 14104 32767 136 -11261 END
START 16508 -5024 13268 32767 140 -12066 END
START 16448 -5236 12324 32767 149 -12790 END
START 16456 -5324 11892 32767 180 -13530 END
START 16500 -5300 11140 32767 202 -14181 END
START 16628 -5064 10460 32767 319 -14815 END
START 16852 -4996 9652 32767 478 -15437 END
START 17040 -4868 9000 32612 633 -16041 END
START 17452 -4984 8284 32425 801 -16777 END
START 17808 -5236 7480 32240 966 -17565 END
START 18092 -5436 6940 32020 1208 -18439 END
START 18096 -5464 6268 31807 1368 -19349 END
START 18376 -5576 5628 31605 1568 -20342 END
START 18704 -5556 5080 31452 1684 -21322 END
START 19076 -5520 4228 31269 1906 -22312 END
START 19236 -5684 3472 31009 2042 -23486 END
START 19088 -5940 2740 30786 2099 -24621 END
START 18504 -6136 2132 30470 2016 -25794 END
START 17788 -7044 1300 30064 1693 -27041 END
START 17064 -7404 784 29602 1324 -28204 END
START 16076 -7672 180 29153 856 -29355 END
START 15312 -7696 -676 28723 444 -30382 END
START 14560 -7380 -1468 28240 274 -31270 END
START 14148 -6996 -2452 27788 358 -31938 END
START 13624 -6564 -3420 27293 553 -32482 END
START 13208 -6432 -4128 26626 964 -32768 END
START 12832 -6440 -5152 25864 1280 -32768 END
START 12388 -6492 -5592 24989 1601 -32768 END
START 11424 -6368 -6188 23895 1889 -32768 END
START 10520 -6248 -6472 22881 2028 -32768 END
START 9428 -6180 -6924 21776 2157 -32768 END
START 8192 -5872 -6800 20792 2160 -32768 END
START 7124 -5688 -6812 19839 2039 -32768 END
START 5900 -5484 -6856 18915 1913 -32768 END
START 4700 -5436 -6980 18035 1736 -32768 END
START 3712 -5352 -6876 17196 1432 -32768 END
START 2396 -5228 -6808 16437 1151 -32768 END
START 1208 -5244 -6652 15712 714 -32768 END
START 20 -5136 -7084 15060 233 -32768 END
START -1148 -4944 -7380 14390 -351 -32768 END
START -2620 -4712 -7584 13673 -1059 -32768 END
START -3532 -4396 -7772 12874 -1845 -32768 END
START -4764 -4120 -7952 12007 -2626 -32768 END
START -5952 -3664 -7840 11095 -3551 -32768 END
START -7112 -3220 -7776 10199 -4368 -32768 END
START -8084 -2748 -7868 9272 -5058 -32685 END
START -9104 -2176 -7988 8335 -5620 -31885 END
START -10244 -1372 -7764 7385 -6044 -31062 END
START -11064 -644 -7820 6361 -6381 -30182 END
START -11612 184 -7488 5282 -6520 -29344 END
START -11960 988 -7452 4186 -6445 -28483 END
START -12380 1620 -7256 3036 -6284 -27652 END
START -12824 2212 -6816 1878 -5955 -26879 END
START -13276 2928 -6260 685 -5461 -26080 END
START -13964 3428 -5564 -423 -5019 -25307 END
START -14632 4080 -4884 -1539 -4465 -24531 END
START -15488 4716 -3756 -2521 -4004 -23703 END
START -16348 5300 -2932 -3420 -3585 -22857 END
START -17536 6024 -1444 -4263 -3077 -21971 END
START -18296 6712 -452 -4963 -2693 -21095 END
START -19152 7312 552 -5567 -2302 -20188 END
START -19784 7568 1604 -6081 -1931 -19240 END
START -20384 8016 2764 -6493 -1637 -18273 END
START -20892 8272 3936 -6799 -1369 -17358 END
START -21080 8492 5032 -6978 -1137 -16403 END
START -21572 8700 6076 -7112 -902 -15471 END
START -21804 8692 7164 -7139 -760 -14609 END
START -22120 8836 8356 -7104 -706 -13778 END
START -22472 8736 9368 -7002 -713 -12933 END
START -22920 8840 10704 -6853 -777 -12087 END
START -23144 8724 11872 -6551 -917 -11255 END
START -23468 8548 13040 -6167 -1113 -10368 END
START -23660 8496 13716 -5647 -1293 -9444 END
START -23912 8404 14696 -5034 -1427 -8538 END
START -23924 8104 15460 -4380 -1575 -7672 END
START -24024 7932 16164 -3606 -1796 -6809 END
START -24100 7744 16376 -2861 -1957 -5992 END
START -24352 7688 16832 -2135 -2126 -5165 END
START -24692 7680 17196 -1378 -2360 -4253 END
START -24880 7548 17304 -644 -2569 -3368 END
START -24908 7472 17580 64 -2770 -2489 END
START -24804 7256 17636 744 -2881 -1551 END
START -24656 7100 17360 1424 -2930 -633 END
START -24472 6748 17136 2019 -2843 205 END
START -24332 6572 16796 2607 -2733 1091 END
START -24316 6364 16320 3069 -2557 1970 END
START -24084 6160 15680 3402 -2301 2863 END
START -23812 6088 14940 3545 -2052 3695 END
START -23548 5968 14332 3570 -1763 4577 END
START -23384 5856 13836 3475 -1365 5422 END
START -23288 5740 13368 3336 -938 6266 END
START -23096 5640 13084 3126 -458 7171 END
START -22948 5524 12720 2781 43 8093 END
START -22780 5072 12384 2623 576 8940 END
START -22684 4792 12420 2384 1067 9872 END
START -22488 4720 12328 2232 1655 10793 END
START -22244 4704 12132 2082 2240 11792 END
START -22272 4412 12036 1932 2797 12712 END
START -22304 4244 11820 1808 3315 13701 END
START -22104 4232 11788 1677 3735 14748 END
START -22052 4160 11756 1545 4055 15789 END
START -22052 3980 11708 1442 4302 16852 END
START -21916 3636 11600 1368 4432 17912 END
START -21820 3436 11564 1390 4499 19070 END
START -21396 3228 11372 1426 4562 20184 END
START -21024 3072 11348 1505 4559 21372 END
START -20596 2888 11020 1653 4537 22514 END
START -20160 2652 10884 1806 4539 23640 END
START -19688 2368 10652 2024 4531 24855 END
START -19056 2248 10084 2228 4539 25970 END
START -18564 1968 9860 2395 4552 27139 END
START -17744 1976 9604 2593 4535 28192 END
START -17148 1752 8908 2768 4505 29322 END
START -16396 1728 8480 2897 4466 30341 END
START -15636 1396 8136 3002 4386 31346 END
START -14492 1276 7440 3057 4290 32309 END
START -13496 1152 6736 3025 4144 32767 END
START -12336 968 5876 2991 4055 32767 END
START -10992 768 5052 2824 3938 32767 END
START -9820 684 4476 2632 3894 32767 END
START -8648 496 3820 2356 3814 32767 END
START -7180 288 3052 2028 3864 32767 END
START -5804 160 2148 1656 4094 32767 END
START -4544 64 1512 1185 4301 32767 END
START -3200 -4 640 695 4552 32767 END
START -2216 4 -16 122 4779 32767 END
START -968 180 -744 -545 4978 32767 END
START 316 336 -1504 -1316 5234 32767 END
START 1604 584 -2240 -2197 5536 32767 END
START 2472 732 -2768 -3232 5890 32767 END
START 3444 768 -3052 -4240 6195 32767 END
START 4288 868 -2984 -5326 6527 32767 END
START 5172 808 -3132 -6490 6906 32767 END
START 6048 924 -2972 -7513 7255 32767 END
START 6800 932 -3112 -8451 7585 32767 END
START 7912 1120 -2704 -9408 7871 32767 END
START 8944 1300 -2892 -10278 8116 32767 END
START 9996 1408 -2880 -11149 8272 32767 END
START 10496 1440 -2840 -11976 8276 31940 END
START 10984 1296 -2564 -12762 8025 31040 END
START 11432 1440 -2524 -13600 7751 30019 END
START 11836 1440 -2472 -14502 7348 29097 END
START 12328 1652 -2572 -15060 7016 28225 END
START 12620 1868 -2632 -16152 6772 27392 END
START 12996 2148 -2196 -17022 6573 26609 END
START 13256 2428 -2132 -17888 6364 25949 END
START 13768 2544 -1824 -18777 6226 25232 END
START 14224 2600 -1556 -19616 6208 24591 END
START 14828 2736 -1264 -20479 6275 23898 END
START 15356 2864 -692 -21340 6387 23204 END
START 15952 2820 120 -22118 6560 22557 END
START 16524 2744 280 -22878 6739 21858 END
START 16868 2752 1008 -23501 6891 21187 END
START 17464 2764 1572 -24077 7100 20615 END
START 17932 2912 1896 -24614 7255 20025 END
START 18600 2996 2472 -25166 7308 19395 END
START 19236 3288 3072 -25766 7336 18741 END
START 20316 3336 3572 -26356 7398 18080 END
START 21732 3320 3908 -26985 7585 17369 END
START 22992 3632 4492 -27556 8006 16578 END
START 24524 3772 5476 -28170 8564 15744 END
START 26160 4088 6244 -28698 9241 14758 END
START 27780 4216 7132 -29133 9994 13561 END
START 29304 4260 8112 -29502 10796 12348 END
START 30528 4164 9656 -29755 11545 10643 END
START 31300 3996 11072 -29826 12140 8947 END
START 31788 3920 12108 -29732 12498 7013 END
START 31980 4044 13252 -29475 12707 5148 END
START 31692 4068 14236 -29092 12777 3237 END
START 31156 4112 14976 -28703 12562 1401 END
START 30560 4072 15800 -28262 12275 -242 END
START 30144 4128 16368 -27829 11701 -1828 END
START 29820 4168 16956 -27337 11092 -3214 END
START 29876 4372 17112 -26895 10460 -4681 END
START 29880 4296 17432 -26521 9886 -6204 END
START 29932 4104 17740 -26169 9349 -7715 END
START 30012 4148 18092 -25881 8892 -9234 END
START 30032 4076 18384 -25692 8547 -10799 END
START 29816 3972 18780 -25500 8289 -12328 END
START 29500 4000 19052 -25352 8150 -13766 END
START 29084 3872 19876 -25125 8048 -15196 END
START 28364 3604 20236 -24873 8003 -16484 END
START 27408 3148 21144 -24482 7928 -17799 END
START 26448 2896 21788 -24003 7851 -18957 END
START 25540 2740 22160 -23395 7788 -20041 END
START 24436 2608 22512 -22669 7686 -21091 END
START 23416 2496 22736 -21969 7642 -21993 END
START 22232 2436 22828 -21284 7610 -22910 END
START 21040 2384 22792 -20527 7434 -23724 END
START 19916 2244 22516 -19904 7246 -24417 END
START 19092 2416 22568 -19285 7002 -25103 END
START 18188 2280 22304 -18744 6735 -25744 END
START 17616 2260 22124 -18263 6420 -26363 END
START 17044 1856 21868 -17914 6101 -27041 END
START 16712 1672 21836 -17570 5732 -27785 END
START 16380 1380 21736 -17282 5396 -28665 END
START 15732 1156 21748 -17112 4982 -29507 END
START 15228 836 21856 -16881 4562 -30493 END
START 14552 460 21852 -16689 4144 -31430 END
START 13936 84 22224 -16516 3748 -32427 END
START 13136 -336 22368 -16250 3301 -32768 END
START 12444 -828 22548 -16038 2898 -32768 END
START 11520 -1308 22680 -15798 2509 -32768 END
START 10532 -1568 22700 -15624 2113 -32768 END
START 9276 -2076 23208 -15452 1581 -32768 END
START 7608 -2492 23624 -15312 1079 -32768 END
START 6108 -2900 24008 -15195 561 -32768 END
START 4400 -3320 24288 -14784 130 -32768 END
START 2492 -3816 24652 -14933 -307 -32768 END
START 732 -4216 25176 -14513 -622 -32768 END
START -1064 -4520 25288 -14415 -939 -32768 END
START -3168 -4996 25860 -14001 -1158 -32768 END
START -4652 -5224 26036 -13681 -1278 -32768 END
START -6268 -5364 26380 -13398 -1460 -32768 END
START -7700 -5700 26800 -13110 -1626 -32768 END
START -9292 -5888 27148 -12791 -1761 -32768 END
START -11044 -6296 28004 -12435 -1965 -32768 END
START -12688 -6488 28588 -12009 -2181 -32768 END
START -14528 -6664 29564 -11456 -2527 -32768 END
START -16088 -6716 30460 -10862 -2958 -32768 END
START -17636 -6828 31204 -10040 -3377 -31804 END
START -19352 -6932 32008 -9118 -3674 -30337 END
START -21060 -7648 32767 -8082 -4147 -28733 END
START -22528 -7608 32767 -6981 -4743 -27026 END
START -23512 -7784 32767 -5681 -5053 -25165 END
START -24448 -7752 32767 -4364 -5625 -23244 END
START -25156 -7736 32767 -3048 -5968 -21262 END
START -26068 -7608 32767 -1659 -6420 -19134 END
START -26476 -7280 32767 -332 -6825 -16958 END
START -26656 -7164 32172 999 -7233 -14889 END
START -26532 -7256 31328 2265 -7549 -12793 END
START -26468 -7216 30516 3402 -7803 -10789 END
START -26220 -7080 29536 4438 -8029 -8833 END
START -25344 -6968 27828 5345 -8196 -6927 END
START -24784 -6780 26600 6024 -8168 -5097 END
START -23904 -6420 25224 6546 -8074 -3309 END
START -23280 -6104 24300 6894 -7918 -1653 END
START -22368 -6032 23096 7071 -7770 -135 END
START -21464 -6016 22032 7168 -7638 1338 END
START -20536 -5844 21120 7195 -7516 2687 END
START -19568 -5720 20268 7171 -7450 3952 END
START -18536 -5540 19444 7103 -7347 5124 END
START -17508 -5192 18624 6996 -7304 6187 END
START -16444 -4912 18204 6806 -7237 7090 END
START -15236 -4684 17464 6548 -7174 7905 END
START -14192 -4316 16892 6280 -6969 8570 END
START -13200 -3976 16400 5920 -6715 9163 END
START -12488 -3616 16096 5559 -6446 9704 END
START -11708 -3316 15916 5167 -6240 10241 END
START -11040 -3120 15864 4822 -6085 10735 END
START -10680 -2784 15784 4557 -5991 11208 END
START -10052 -2644 15724 4359 -6025 11681 END
START -9484 -2564 15580 4241 -6046 12037 END
START -8792 -2220 15568 4105 -6054 12599 END
START -8000 -2212 15452 4060 -6077 12841 END
START -7272 -1768 15372 4058 -6137 12894 END
START -6628 -1508 15080 4064 -6064 13189 END
START -6128 -1128 14876 4037 -6044 13250 END
START -5700 -1048 14684 4070 -6019 13446 END