START 29944 4636 19016 -1428 -10973 16015 END
START 29612 -3636 22432 1814 -10600 13058 END
START 21184 -5604 30532 4926 -8247 9491 END
START 27924 -4804 27488 6987 -8025 7394 END
START 31036 -5324 26552 9129 -9365 4011 END
START 31848 -5704 27012 10508 -12145 153 END
START 32272 -6712 28220 12955 -15901 -4586 END
START 32767 -7788 28996 16171 -17562 -9635 END
START 32767 -8404 26976 18453 -14608 -16099 END
START 31500 -10780 22900 18678 -8005 -22348 END
START 27740 -13548 21320 19896 -4095 -25787 END
START 24632 -14600 18320 21929 -2767 -28769 END
START 23440 -15312 15592 23125 -1945 -31728 END
START 25272 -14912 12444 23932 27 -32768 END
START 23768 -14992 8520 23624 2229 -32768 END
START 23200 -15508 3948 22167 4674 -32768 END
START 20676 -17216 -208 19490 7005 -32768 END
START 14936 -16860 -1656 17845 7991 -32768 END
START 14188 -14476 -2032 15083 5615 -32768 END
START 15568 -12208 -2608 13571 4302 -32768 END
START 16020 -11808 -3876 11104 3974 -32768 END
START 10440 -12352 -4832 8218 5831 -32768 END
START 3688 -13200 -4968 5028 7887 -32768 END
START -1632 -11352 -4868 1757 8254 -32768 END
START -6536 -11320 -2824 -966 8166 -32768 END
START -13568 -11392 180 -2482 6212 -32768 END
START -21892 -11496 4076 -2908 2369 -32768 END
START -32768 -11788 8300 -1715 -3413 -32768 END
START -32768 -11100 12196 88 -6869 -25715 END
START -32768 -10156 13816 1205 -5627 -4448 END
START -32768 -8780 12448 1763 -2372 10805 END
START -30348 -7868 11456 683 74 19821 END
START -27352 -6656 12168 725 1321 24927 END
START -27864 -6160 12912 2662 893 30350 END
START -26936 -6372 12296 6114 -1928 32767 END
START -20992 -5376 8476 8552 -3864 32767 END
START -15104 -4848 5732 8152 -3331 32767 END
START -9348 -4648 2908 5430 808 32767 END
START -5288 -6192 2100 2326 5035 32767 END
START -1276 -7664 976 -224 6174 32767 END
START 5576 -7124 -1548 -2790 4577 32767 END
START 15852 -4204 -3508 -6515 109 32767 END
START 25956 -936 -2096 -9811 -2272 32767 END
START 29336 200 -664 -11420 -4435 32767 END
START 31408 1192 -268 -12791 -5904 32767 END
START 32767 1664 1208 -13218 -7484 27448 END
START 32767 2796 1696 -14662 -4798 22704 END
START 32767 3424 6208 -15514 -767 17428 END
START 32767 7212 7904 -13560 2890 8465 END
START 32767 9304 6976 -13993 8215 -5440 END
START 32767 7620 7820 -15007 11664 -19472 END
START 32767 3228 7892 -16618 14935 -31107 END
START 32767 968 10564 -17887 15045 -32768 END
START 30552 -476 13520 -17037 15044 -32768 END
START 27644 -1712 11332 -17678 16857 -32768 END
START 21924 -5068 11756 -18853 16078 -32768 END
START 15104 -8108 13164 -17986 10366 -32768 END
START 11516 -12052 15724 -15644 4422 -32768 END
START 2344 -14292 16296 -14806 2258 -32768 END
START -5836 -17716 18388 -14514 4213 -32768 END
START -24100 -18600 23692 -11878 4510 -32768 END
START -32768 -17800 27320 -4845 284 -32768 END