START 32767 -1700 27904 -4665 -7140 3002 END
START 30928 -9020 26176 -1302 -10885 546 END
START 26944 -10760 32767 2099 -11528 -1453 END
START 26436 -10444 32767 5951 -11380 -3635 END
START 26488 -10460 32767 9357 -10708 -6602 END
START 26984 -11504 32767 13364 -10825 -9628 END
START 27888 -11888 32767 16906 -10118 -13324 END
START 24672 -13560 32767 21838 -10911 -16663 END
START 22844 -14856 32536 28021 -11688 -19590 END
START 22288 -15592 26452 32342 -8382 -21971 END
START 20684 -15856 20376 32713 -2731 -24229 END
START 18752 -16484 14444 32643 313 -25877 END
START 19432 -15820 9280 30861 3276 -28244 END
START 17004 -16340 6248 29522 5164 -30693 END
START 15188 -15860 2120 28766 6918 -32316 END
START 13708 -15260 -496 27638 8445 -32768 END
START 14064 -14212 -4912 26307 10516 -32768 END
START 14356 -12204 -9224 21712 11935 -32768 END
START 17044 -10112 -9744 17604 12772 -32768 END
START 15928 -9076 -10452 13928 14102 -32768 END
START 12672 -9104 -10096 9972 13541 -32768 END
START 10084 -8184 -8400 8563 10155 -32768 END
START 10308 -6224 -9496 5394 8957 -32768 END
START 4920 -6108 -9028 552 10700 -32768 END
START -1676 -5636 -7648 -3875 12212 -32768 END
START -7888 -4680 -3536 -7622 10347 -32768 END
START -12944 -6012 2176 -9079 5151 -32768 END
START -20032 -6348 8788 -8199 1530 -32768 END
START -28284 -7852 14844 -6053 1146 -32768 END
START -32768 -9440 18256 -1021 1383 -30218 END
START -32768 -9492 17012 2175 2321 -16409 END
START -32768 -8600 14588 3787 2472 -5425 END
START -32768 -7920 12520 4807 1061 3376 END
START -32768 -6776 11056 5502 -40 11020 END
START -32768 -5544 9800 5726 -527 18805 END
START -31780 -4828 8996 6316 -959 26754 END
START -29400 -5280 8064 6581 -1708 32767 END
START -24468 -5484 6004 6705 -2185 32767 END
START -17540 -5988 3456 5500 -1281 32767 END
START -11400 -6592 1256 3324 -9 32767 END
START -6224 -7868 180 1607 299 32767 END
START -2056 -8184 -3820 -866 -1289 32767 END
START 4748 -8336 -7900 -6065 -4289 32767 END
START 15316 -6608 -7216 -11931 -4804 32767 END
START 25340 -3900 -3464 -17137 -2039 32767 END
START 29176 -2008 1552 -18043 381 32767 END
START 27912 -1432 904 -17711 -967 32767 END
START 32040 -528 1052 -18836 -4496 29910 END
START 32767 1304 4104 -20272 -4035 23970 END
START 32767 3336 7988 -20472 1797 14950 END
START 32767 4608 10404 -19608 6838 4849 END
START 32767 5760 10516 -18950 10576 -7210 END
START 32767 3608 10872 -18773 13353 -17889 END
START 32767 1828 11640 -18180 13590 -25521 END
START 32767 508 14436 -17087 12370 -32768 END
START 32767 -376 15568 -16309 15106 -32768 END
START 32767 -2796 14392 -16764 20989 -32768 END
START 32752 -8924 12936 -17075 24444 -32768 END
START 20532 -14272 17376 -14342 16936 -32768 END
START 12464 -21124 21920 -11642 9881 -32768 END
START 1544 -26236 27004 -8182 7155 -32768 END
START -10232 -27468 27204 -5373 9099 -32768 END
START -27384 -28224 29248 -2378 8996 -32768 END
START -32768 -28216 29148 2846 4823 -32768 END
START -32768 -27744 24864 6978 2951 -32768 END
START -32768 -25020 19624 8984 920 -22378 END
START -32768 -20920 14816 8213 1227 -8922 END