START 8228 1888 25496 -6013 -4139 12231 END
START 13128 -3544 12296 -3770 -3895 12544 END
START 5940 896 26060 -4929 -5063 12938 END
START 9676 2632 23744 -4172 -6275 13213 END
START 7332 1880 26068 -4180 -7781 13547 END
START 9744 2120 24828 -4153 -9350 13648 END
START 10800 1744 25416 -4069 -10016 13764 END
START 11864 1248 26592 -3852 -10989 13649 END
START 14276 1188 26228 -3587 -11313 13380 END
START 14592 876 28132 -3120 -11521 12925 END
START 16372 1316 27532 -2692 -11542 12426 END
START 16980 1324 28800 -2233 -11372 12143 END
START 18204 1308 29404 -1786 -11246 11392 END
START 19552 1300 29332 -1278 -10680 10660 END
START 20632 1296 29316 -826 -9848 9820 END
START 21440 1508 29116 -429 -8898 8883 END
START 21936 1496 28724 -57 -7829 7915 END
START 21700 1188 28844 265 -6869 6968 END
START 21212 932 28440 570 -6122 6106 END
START 20568 960 28064 755 -5278 5419 END
START 19860 940 27864 871 -4600 4933 END
START 19112 672 27740 884 -3996 4608 END
START 18532 328 27740 939 -3522 4399 END
START 18616 16 28080 898 -3073 4291 END
START 18728 -296 28300 990 -2555 4195 END
START 18888 -744 28896 1126 -2197 4054 END
START 19256 -1128 29596 1338 -1945 3801 END
START 19492 -1424 30396 1649 -1921 3499 END
START 19464 -1728 31232 2050 -2099 3148 END
START 19588 -2156 31936 2541 -2494 2730 END
START 19952 -2648 32380 3105 -3033 2326 END
START 20316 -3000 32767 3737 -3594 1878 END
START 21020 -3188 32767 4459 -4145 1397 END
START 21924 -3380 32767 5171 -4600 836 END
START 22788 -3472 32767 5939 -5041 162 END
START 23564 -3728 32767 6751 -5368 -630 END
START 24340 -4012 32767 7517 -5714 -1572 END
START 25024 -4100 32767 8278 -6021 -2586 END
START 25228 -4292 32767 8925 -6334 -3712 END
START 25232 -4556 32767 9571 -6708 -4935 END
START 25168 -4696 32767 10192 -7134 -6195 END
START 24776 -5004 32716 10822 -7516 -7419 END
START 24512 -5272 32616 11571 -7874 -8627 END
START 24160 -5516 32540 12382 -8137 -9730 END
START 24032 -5800 32020 13215 -8188 -10815 END
START 23596 -5988 31296 14106 -8070 -11812 END
START 22876 -6348 31008 14974 -7804 -12768 END
START 22232 -6484 30592 15888 -7554 -13695 END
START 21392 -6552 30108 16688 -7310 -14536 END
START 20604 -6572 29808 17500 -7041 -15295 END
START 19776 -6612 29632 18322 -6685 -16008 END
START 19640 -6608 29488 19281 -6100 -16706 END
START 19436 -6900 29420 20333 -5424 -17335 END
START 19468 -7096 29160 21485 -4562 -18019 END
START 19568 -7416 28828 22768 -3675 -18762 END
START 19316 -7636 28328 24032 -2744 -19474 END
START 19208 -8016 27932 25423 -1865 -20208 END
START 19068 -8424 27080 26828 -970 -20940 END
START 19072 -8724 26036 28203 -115 -21606 END
START 19004 -8948 24884 29505 624 -22274 END
START 18932 -9272 23224 30710 1409 -22916 END
START 18848 -9608 21188 31880 2104 -23625 END
START 18824 -9780 19440 32767 2751 -24316 END
START 18968 -9876 17868 32767 3306 -25125 END
START 19128 -10004 16020 32767 3842 -25938 END
START 19652 -9956 14560 32767 4423 -26783 END
START 20036 -10128 13196 32767 4951 -27665 END
START 20568 -10384 12004 32767 5377 -28680 END
START 20972 -10484 11024 32767 5708 -29806 END
START 21216 -10708 9712 32767 5912 -31076 END
START 21176 -11172 7924 32767 5957 -32494 END
START 20724 -11732 5824 32767 5650 -32768 END
START 20004 -12712 2820 32767 5224 -32768 END
START 19348 -12572 -552 32767 4528 -32768 END
START 19036 -12404 -4300 32767 3660 -32768 END
START 18932 -11984 -7524 32767 2779 -32768 END
START 18820 -11408 -10652 32767 1661 -32768 END
START 18668 -10936 -12744 32767 498 -32768 END
START 18412 -10536 -14644 31448 -663 -32768 END
START 18452 -10192 -15768 28598 -1827 -32768 END
START 18848 -9884 -16920 25539 -2618 -32768 END
START 19036 -9720 -16940 22552 -3136 -32768 END
START 19332 -9904 -16884 19744 -3171 -32768 END
START 19716 -10300 -16400 17248 -2849 -32768 END
START 20000 -10736 -16252 15024 -2107 -32768 END
START 20272 -11188 -16384 13009 -897 -32768 END
START 20212 -11808 -16096 11281 437 -32768 END
START 19880 -12088 -16040 9716 2124 -32768 END
START 18844 -12696 -16016 8105 4013 -32768 END
START 17800 -13220 -16296 6535 6161 -32768 END
START 16320 -13592 -16028 4973 8391 -32768 END
START 14744 -13912 -15960 3483 10548 -32768 END
START 12540 -14180 -15784 1906 12679 -32768 END
START 10120 -14544 -15416 449 14445 -32768 END
START 7568 -14696 -15200 -919 16096 -32768 END
START 5136 -15036 -14616 -2168 17295 -32768 END
START 2780 -15512 -14000 -3303 18023 -32768 END
START 424 -15964 -13400 -4240 18526 -32768 END
START -3092 -15920 -11988 -5090 18362 -32768 END
START -4832 -14376 -10492 -5840 17482 -32768 END
START -5488 -13864 -10452 -6281 16379 -32768 END
START -6788 -14032 -10256 -6872 15805 -32768 END
START -7960 -14424 -10280 -7362 15378 -32768 END
START -9308 -14588 -9344 -7881 14708 -32768 END
START -9836 -13276 -8180 -8303 13256 -32768 END
START -9696 -12044 -7508 -8674 12094 -32768 END
START -8688 -10984 -7052 -9248 11840 -32768 END
START -9472 -11720 -5192 -9292 10958 -32768 END
START -9784 -10732 -3916 -9837 10472 -32768 END
START -10264 -12000 -4176 -10090 8936 -32768 END
START -11332 -12112 -3724 -10629 8925 -32768 END
START -13388 -11936 -2352 -11208 8478 -32768 END
START -14832 -10232 -1280 -11704 8070 -32768 END
START -16620 -8440 -52 -12147 7504 -32768 END
START -18116 -7084 1272 -12423 6990 -32768 END
START -20212 -5628 3172 -12586 6027 -32768 END
START -22404 -4752 5088 -12488 4804 -32768 END
START -24160 -3856 6596 -12248 3536 -32768 END
START -26080 -3092 8032 -11788 2258 -32768 END
START -28228 -2336 9272 -11076 887 -32768 END
START -29680 -816 11108 -10280 -564 -32768 END
START -30912 116 10916 -9946 -1793 -32768 END
START -32136 816 11448 -9379 -2271 -31200 END
START -32768 1240 12108 -8729 -2348 -28777 END
START -32768 2020 13460 -8029 -2205 -26068 END
START -32768 2476 14044 -7221 -2095 -23049 END
START -32768 2852 14900 -6526 -1939 -19916 END
START -32768 3280 15384 -5817 -1678 -16753 END
START -32768 3552 16764 -5161 -1639 -13502 END
START -32768 3400 16760 -4451 -1326 -10635 END
START -32768 3604 17340 -3669 -1018 -7839 END
START -32208 3352 18452 -2931 -722 -5450 END
START -30360 3200 19444 -2145 -572 -3344 END
START -28764 2820 19948 -1285 -344 -1489 END
START -27216 2592 20796 -335 -172 181 END
START -25780 2448 21180 684 5 1604 END
START -24396 2128 21968 1729 125 2961 END
START -23000 1800 22184 2770 272 4242 END
START -21924 1732 22536 3880 151 5377 END
START -20872 1656 23220 4883 -100 6291 END
START -19808 1752 23316 5871 -522 7092 END
START -18988 1724 23656 6894 -1046 7788 END
START -18292 1836 23656 7946 -1706 8364 END
START -17860 1804 23672 8985 -2322 8891 END
START -17744 1856 23496 10075 -2932 9469 END
START -17712 1920 23420 11087 -3507 10028 END
START -17744 1988 22780 12167 -4089 10763 END
START -18068 2476 22368 13224 -4521 11559 END
START -18160 2700 21604 14026 -4803 12421 END
START -18576 2816 20864 14900 -5047 13611 END
START -18784 2972 20360 15625 -5026 14862 END
START -18820 3268 19256 16243 -4929 16212 END
START -19356 3508 18720 16763 -4713 17683 END
START -19540 3872 17920 17187 -4518 19210 END
START -19752 4368 16968 17573 -4263 20805 END
START -20096 4676 16244 17918 -4082 22427 END
START -19980 4868 15628 18166 -3980 24157 END
START -19836 4844 14472 18426 -3793 25780 END
START -19784 5096 13520 18600 -3548 27576 END
START -19536 5192 12248 18723 -3236 29389 END
START -19420 5220 11000 18725 -2872 31223 END
START -19004 5288 9356 18610 -2428 32767 END
START -18520 5368 8008 18324 -1920 32767 END
START -17776 5300 6200 17828 -1407 32767 END
START -16780 5104 4572 17143 -884 32767 END
START -15884 4636 3192 16304 -452 32767 END
START -15116 4352 1884 15279 -57 32767 END
START -14040 3908 216 14174 320 32767 END
START -12904 3504 -1088 13046 697 32767 END
START -11556 3004 -2220 11730 1027 32767 END
START -9652 2568 -3428 10338 1386 32767 END
START -7524 1852 -4392 8882 1780 32767 END
START -5268 1092 -5088 7482 2165 32767 END
START -2300 640 -6096 5947 2671 32767 END
START 92 176 -6516 4378 3109 32767 END
START 2464 -256 -6828 2790 3422 32767 END
START 4328 -512 -7076 1156 3775 32767 END
START 5404 188 -7676 -363 3982 32767 END
START 6724 -548 -9012 -1770 5064 32767 END
START 7760 -3984 -7488 -3631 3731 32767 END
START 9492 -3940 -6580 -5119 2908 32767 END
START 11660 -1828 -10248 -6994 2750 32767 END
START 12844 -2264 -8104 -9441 3064 32767 END
START 15168 -1788 -8204 -11484 3311 32767 END
START 17524 -1624 -7240 -13817 4384 32767 END
START 20028 -2932 -5948 -16095 4662 32767 END
START 22764 -2916 -4552 -17943 5516 32767 END
START 24532 -2116 -3868 -19613 6883 32767 END
START 25468 -820 -2332 -20800 7915 32767 END
START 25504 568 -828 -21656 8644 32767 END
START 25180 1548 -168 -22255 8907 32767 END
START 24620 2260 368 -22683 9145 32767 END
START 23656 2580 804 -23046 9101 32767 END
START 22080 3128 1016 -23402 8887 31699 END
START 20328 3676 964 -23812 8543 30215 END
START 18344 4116 916 -24309 8104 29045 END
START 16528 4552 568 -24836 7558 28236 END
START 14768 4812 416 -25486 7027 27722 END
START 13592 5136 496 -26253 6501 27437 END
START 12656 5180 936 -27042 5920 27345 END
START 12176 5216 2004 -27887 5214 27428 END
START 13300 5176 3432 -28664 4494 27671 END
START 16396 4740 4764 -29361 4291 27927 END
START 20808 3720 6196 -29739 4671 27898 END
START 25788 2976 7940 -29714 5558 27156 END
START 30564 2948 9748 -29420 6611 25729 END
START 32767 3364 11880 -28816 7444 23514 END
START 32767 4096 13848 -27973 7981 20517 END
START 32767 4792 15700 -26956 8143 17228 END
START 32767 5504 16932 -25847 8239 13365 END
START 32767 6240 18028 -24612 8270 9565 END
START 32767 6920 19036 -23377 8110 5751 END
START 32767 7604 19764 -22120 7738 1938 END
START 32767 8092 19980 -20883 7128 -1823 END
START 32767 8436 20360 -19692 6256 -5515 END
START 32767 8796 20120 -18516 5125 -9317 END
START 32767 8724 19840 -17528 3872 -12782 END
START 32767 8712 19208 -16581 2525 -16166 END
START 32767 8660 18580 -15839 1091 -19100 END
START 32767 8700 18100 -15321 -388 -21590 END
START 32767 8920 17044 -14861 -1668 -23779 END
START 31224 9044 16056 -14820 -2540 -25530 END
START 29916 9264 15044 -14587 -2859 -27033 END
START 28924 9512 13992 -14628 -2784 -28305 END
START 28296 9368 12892 -14678 -2257 -29482 END
START 27988 9280 12024 -14752 -1454 -30571 END
START 27704 9488 10984 -15459 -431 -31828 END
START 27932 9336 10080 -16249 958 -32768 END
START 27776 8536 9952 -17028 2284 -32768 END
START 27136 7644 10048 -17875 3654 -32768 END
START 26200 6468 10236 -18577 4847 -32768 END
START 24888 5352 10808 -19137 5650 -32768 END
START 23320 4484 11416 -19575 6277 -32768 END
START 21280 3816 11696 -19949 6603 -32768 END
START 19008 3156 11972 -20185 6734 -32768 END
START 16544 2492 12268 -20451 6630 -32768 END
START 13848 2048 12492 -20693 6390 -32768 END
START 11160 1780 13084 -20980 5894 -32768 END
START 8564 1292 13456 -21253 5343 -32768 END
START 6200 728 13884 -21491 4819 -32768 END
START 4032 -248 14764 -21583 4284 -32768 END
START 1456 -688 15788 -21695 3618 -32768 END
START -464 -1188 16960 -21777 2800 -32768 END
START -2252 -2180 17696 -21777 2094 -32768 END
START -4156 -3528 19100 -21615 1632 -32768 END
START -5740 -4320 20164 -21351 1274 -32768 END
START -7524 -5340 21456 -21017 998 -32768 END
START -9364 -5904 22484 -20515 738 -32768 END
START -11304 -6664 23796 -19978 486 -32768 END
START -13120 -7144 24508 -19317 302 -32768 END
START -14848 -7616 25676 -18567 162 -32768 END
START -16356 -8028 26620 -17720 -6 -32768 END
START -17852 -8688 27508 -16811 -217 -32768 END
START -19176 -9180 28464 -15864 -388 -32768 END
START -20552 -9520 29628 -14572 -725 -32464 END
START -22488 -9712 30644 -13708 -1215 -30435 END
START -23680 -9212 31524 -12419 -1751 -28168 END
START -24488 -9472 32424 -11008 -2173 -25793 END
START -24844 -9544 32767 -9504 -2387 -23374 END
START -25252 -9728 32767 -7965 -2537 -21002 END
START -25568 -9660 32767 -6387 -2703 -18669 END
START -25768 -9596 32767 -4930 -2939 -16432 END
START -25884 -9412 32767 -3502 -3152 -14165 END
START -25972 -9328 32767 -2095 -3382 -11917 END
START -25836 -9192 32708 -778 -3531 -9759 END
START -25960 -9004 32160 465 -3779 -7511 END
START -25568 -8952 31320 1537 -4065 -5394 END
START -25228 -8776 30776 2634 -4427 -3047 END
START -24476 -8612 29924 3526 -4699 -883 END
START -23220 -8384 29264 4380 -5055 1188 END
START -21568 -8132 28388 5106 -5488 3068 END
START -19740 -7936 27876 5756 -5795 4697 END
START -17640 -7708 27056 6353 -6002 6071 END
START -15444 -7504 26296 6852 -5955 7311 END
START -13392 -7312 25416 7287 -5684 8227 END
START -11588 -7044 24944 7660 -5243 8992 END
START -10008 -6512 24184 7924 -4749 9597 END
START -8812 -6088 23880 8183 -4249 10106 END
START -7524 -5804 23304 8409 -3764 10479 END
START -6412 -5196 23144 8669 -3293 10755 END