START 17072 -2852 20484 -7630 3083 14120 END
START 18792 -6312 26560 -6002 -3048 10618 END
START 12740 -7232 31200 -1813 -4435 9506 END
START 15688 -6216 29080 -449 -4409 9911 END
START 18148 -6988 30976 389 -2820 9918 END
START 21056 -6580 32767 2666 -4788 8645 END
START 22656 -7380 32767 6115 -9336 5090 END
START 23300 -7352 32767 10278 -15663 1661 END
START 25512 -7708 32767 14489 -18397 -1607 END
START 25264 -8860 32767 18151 -17451 -4524 END
START 27140 -9888 32767 22503 -15081 -7437 END
START 25900 -10588 32767 26290 -12452 -12043 END
START 22876 -12348 32767 30157 -11834 -15997 END
START 20808 -13312 30280 32767 -12291 -19910 END
START 18696 -14816 24924 32767 -11429 -23847 END
START 16536 -15800 19092 32767 -9904 -26769 END
START 16276 -16136 12996 32767 -8047 -29033 END
START 16304 -15988 6712 32767 -5099 -32283 END
START 15372 -15404 1872 32024 -2263 -32768 END
START 15468 -14568 -1148 28945 1024 -32768 END
START 15916 -13668 -3300 26373 2806 -32768 END
START 14344 -12788 -6408 23436 4596 -32768 END
START 12984 -13212 -8716 20106 5042 -32768 END
START 9936 -12700 -10804 16456 5799 -32768 END
START 9296 -11360 -11180 11129 7355 -32768 END
START 2688 -11228 -10612 6939 8887 -32768 END
START -6288 -10208 -7904 4234 6267 -32768 END
START -12160 -8024 -5736 925 2729 -32768 END
START -18172 -6452 -2444 -2505 538 -32768 END
START -26428 -7172 3120 -5114 344 -32768 END
START -32768 -7580 9420 -4942 -2435 -30843 END
START -32768 -8328 15132 -904 -6789 -16885 END
START -32768 -7288 15176 2921 -7208 -2825 END
START -32768 -5748 12420 3103 -2764 6324 END
START -32768 -4560 10444 2303 1704 12833 END
START -32768 -4128 9856 2521 2544 19620 END
START -30592 -3788 8200 3766 243 27105 END
START -25844 -4248 5800 4271 -1883 32767 END
START -20256 -4428 3352 3272 -1565 32767 END
START -16172 -5828 2344 1898 27 32767 END
START -11836 -6700 520 206 1195 32767 END
START -7224 -7076 -1200 -2043 2541 32767 END
START -3552 -7604 -2376 -5107 4067 32767 END
START 3656 -7756 -3568 -8793 3332 32767 END
START 10184 -7404 -2844 -13018 2322 32767 END
START 20480 -5512 292 -15854 405 32767 END
START 27448 -2584 2844 -17509 10 32767 END
START 31036 -1832 6428 -17554 -1884 32767 END
START 32767 -1076 10100 -16312 -4876 32763 END
START 32767 1884 11108 -14433 -5322 26585 END
START 32767 4036 10876 -15526 1454 16403 END
START 32767 4828 12548 -16586 9969 5259 END
START 32767 5384 14044 -17012 13602 -6655 END
START 32767 4024 13560 -16853 17059 -19989 END
START 32767 768 12780 -16375 18137 -30279 END
START 32548 -4 12824 -16182 15842 -32768 END
START 32108 -1016 14288 -15398 14073 -32768 END
START 32767 -2964 14744 -14404 13603 -32768 END
START 25084 -9956 13844 -13181 13250 -32768 END
START 10472 -14516 14472 -10264 8435 -32768 END
START 1768 -14996 18384 -7361 1636 -32768 END
START -4304 -13272 21348 -3460 -1674 -32768 END
START -9676 -12724 21880 -1636 -4214 -32768 END
START -11904 -12096 22776 -1756 -6457 -32768 END
START -16664 -13096 25344 -2553 -4102 -32768 END
START -26700 -15192 27468 -586 -4976 -32768 END
START -32768 -16320 27436 2580 -6286 -28801 END
START -32768 -16036 24680 4335 -4211 -16590 END