START -56 11192 3052 13705 -39 10843 END
START -16196 -6160 3448 13459 1855 13538 END
START -11740 -5904 -3988 10427 5255 18854 END
START -11284 -6212 -6324 7347 3342 23704 END
START -5712 -4820 -9888 2933 -2029 25369 END
START -3088 -5224 -8832 -1830 -5333 25137 END
START -2192 -5068 -7336 -5849 -4491 26034 END
START 136 -5224 -7128 -9605 -2383 25743 END
START 736 -5312 -7668 -13730 -1042 25835 END
START 2360 -5300 -7556 -18056 -2798 25911 END
START 7652 -5280 -6892 -22869 -5938 24872 END
START 13424 -4980 -1996 -27141 -8266 22486 END
START 18572 -4588 4608 -29748 -8401 19278 END
START 24516 -3560 9900 -31057 -6595 15007 END
START 30024 -2424 16608 -31665 -4023 9907 END
START 32767 -104 22332 -31338 1485 2852 END
START 32767 1572 27164 -30351 7873 -5158 END
START 32516 1844 31276 -28820 11981 -14417 END
START 27200 760 32767 -25186 9741 -23266 END
START 22708 -1356 32767 -20154 7125 -32616 END
START 16620 -6536 32767 -14587 7543 -32768 END
START 4808 -12712 32767 -9372 9813 -32768 END
START -9088 -17668 32767 -1125 9094 -32768 END
START -18968 -19536 32767 8496 7586 -32768 END
START -25844 -20180 32767 17793 3486 -31371 END
START -26132 -18268 32767 25914 -344 -20120 END
START -22868 -15132 32767 30724 -224 -11098 END
START -19780 -12068 23996 32767 1005 -3824 END
START -16540 -9768 16604 32767 14 1285 END
START -13180 -7736 11520 32767 -1583 3738 END
START -9996 -6312 7136 32746 -3880 5322 END
START -6752 -4728 3332 31437 -6055 5672 END
START -4552 -3416 -396 29527 -8216 5757 END
START -816 -2176 -4472 25983 -8196 6135 END
START 2180 -1080 -7604 20772 -6798 5799 END
START 2332 -820 -8504 16193 -6700 4648 END
START 1840 -1052 -8236 13296 -8110 4030 END
START 3048 -724 -9408 10859 -10020 3382 END
START 4504 -676 -10212 8133 -11476 2421 END
START 6044 -248 -10584 5378 -12858 1557 END
START 8836 444 -11544 2279 -13208 -3 END
START 10404 1096 -13392 -1690 -12824 -2869 END
START 12068 1488 -14492 -7367 -12222 -7470 END
START 10600 540 -14896 -14566 -8855 -12440 END
START 7352 -1108 -14928 -23035 -2175 -15129 END
START 2380 -3288 -13904 -32768 4403 -16063 END
START -276 -5728 -11684 -32768 7046 -17049 END
START -4484 -9920 -6792 -32768 5888 -18110 END
START -7428 -15500 560 -32768 6588 -17572 END
START -12676 -22216 10000 -32768 11909 -15208 END
START -27300 -30548 27760 -32768 15201 -8262 END
START -32768 -32768 32767 -32768 10317 6066 END
START -32768 -32768 32767 -32768 5979 21122 END
START -32768 -32768 32767 -32768 4083 31072 END
START -30480 -32768 32767 -30124 -249 32767 END
START -28168 -32768 32767 -24623 -4812 32767 END
START -23676 -32768 32767 -20492 -6914 32767 END