START -13088 672 16180 20290 -525 1580 END
START -7352 -4332 -1164 22398 1180 2961 END
START -13616 -824 11388 20744 327 3842 END
START -14660 124 16344 21945 951 4897 END
START -11208 84 10596 22009 1223 5914 END
START -15328 -448 14696 22171 768 6825 END
START -11840 -612 9244 22401 1695 7892 END
START -13372 -1232 10388 22478 2217 8861 END
START -12956 -1348 9040 22461 2843 10055 END
START -12920 -1548 7980 22348 3333 11235 END
START -13872 -1732 7840 22074 3665 12478 END
START -12936 -1432 5408 21730 4080 13779 END
START -14216 -1556 5812 21339 4340 15082 END
START -12888 -1448 3500 20937 4830 16432 END
START -13964 -1900 3576 20563 4960 17637 END
START -13096 -2204 1208 20217 5193 18904 END
START -13392 -2516 416 19685 5037 20221 END
START -12916 -2092 -1688 18922 4858 21398 END
START -12228 -2272 -3156 17704 4348 22450 END
START -11136 -2504 -4968 16266 4067 23382 END
START -10344 -2096 -6864 14570 4011 24223 END
START -9676 -1452 -8244 12615 4153 24976 END
START -8704 -860 -9468 10456 4592 25757 END
START -8284 -712 -9936 8429 5111 26475 END
START -7320 -856 -10336 6249 5668 27148 END
START -6476 -1304 -10104 4147 6091 27773 END
START -5544 -1664 -9784 2111 6474 28308 END
START -4456 -1532 -9000 304 6782 28659 END
START -3716 -1672 -8412 -1162 7113 28955 END
START -2932 -2008 -8080 -2421 7334 29273 END
START -2128 -1944 -7568 -3537 7401 29520 END
START -1312 -2032 -7324 -4604 7409 29745 END
START -436 -2112 -6812 -5652 7318 29796 END
START 256 -1928 -6336 -6669 7212 29876 END
START 980 -1616 -5688 -7638 6980 29896 END
START 1468 -1576 -5096 -8521 6674 29951 END
START 2372 -1676 -4056 -9322 6304 29990 END
START 3448 -1680 -3488 -9937 5941 30006 END
START 4688 -1836 -2516 -10427 5624 29918 END
START 6200 -1960 -1636 -10785 5361 29788 END
START 7564 -1988 -968 -10981 5198 29580 END
START 9024 -2008 -80 -11045 5083 29292 END
START 10616 -1748 340 -11043 5060 28940 END
START 12332 -1632 532 -10960 5146 28399 END
START 13976 -1464 844 -10839 5349 27788 END
START 15496 -1160 700 -10766 5585 27017 END
START 16972 -876 832 -10738 5877 26152 END
START 18320 -584 616 -10831 6095 25171 END
START 19428 -204 408 -11027 6338 24155 END
START 20124 76 388 -11335 6444 23089 END
START 21040 448 596 -11696 6509 22064 END
START 21800 784 496 -12158 6445 20997 END
START 22204 1212 700 -12596 6315 19987 END
START 22276 1436 1448 -13106 5989 18956 END
START 22752 1812 1608 -13552 5520 17922 END
START 23132 2036 2048 -14068 4986 16973 END
START 23720 2488 2312 -14527 4393 15973 END
START 24488 2660 3096 -14855 3841 14983 END
START 25312 3308 3360 -14912 3335 13943 END
START 26164 3884 3824 -15560 2965 12902 END
START 26772 4400 4352 -16022 2688 11637 END
START 27540 4776 5184 -16546 2529 10489 END
START 27816 5344 6140 -17024 2453 9278 END
START 28120 5892 6916 -17426 2468 8136 END
START 28408 6156 7960 -17771 2594 6969 END
START 28652 6436 8916 -17986 2725 5819 END
START 28352 6644 10080 -18167 2893 4704 END
START 28648 6948 11036 -18340 3024 3636 END
START 28584 7336 12432 -18422 3122 2466 END
START 28548 7724 13320 -18531 3251 1430 END
START 28188 8256 14404 -18601 3309 412 END
START 28028 8632 15432 -18609 3429 -599 END
START 28132 8904 16504 -18581 3532 -1590 END
START 28112 9192 17584 -18468 3672 -2569 END
START 28212 9460 18512 -18360 3821 -3658 END
START 28212 9660 19616 -18287 3976 -4683 END
START 28292 9980 20344 -18147 4148 -5775 END
START 28500 10416 21556 -18103 4307 -6974 END
START 28468 10548 22936 -17987 4534 -8252 END
START 28760 10632 23808 -17907 4791 -9655 END
START 28528 10664 25184 -17765 5084 -11151 END
START 28400 10548 26428 -17568 5361 -12661 END
START 27600 10260 28020 -17296 5577 -14281 END
START 26784 9952 29248 -16961 5690 -15930 END
START 24856 9556 31292 -16566 5625 -17562 END
START 24744 9420 31588 -16171 5516 -19125 END
START 23060 9116 32767 -15707 5126 -20634 END
START 21648 8804 32767 -15234 4881 -21990 END
START 20196 8440 32767 -14937 4334 -23352 END
START 18672 8132 32767 -14340 3891 -24632 END
START 17576 7380 32767 -13626 3359 -25875 END
START 15808 6788 32767 -13003 2739 -27105 END
START 14244 6068 32767 -12284 2102 -28190 END
START 11848 5304 32767 -11522 1332 -29223 END
START 9932 4616 32767 -10589 456 -30080 END
START 8084 4072 32767 -9633 -320 -30743 END
START 6208 3716 32767 -8539 -1094 -31198 END
START 4432 3220 32767 -7307 -1823 -31502 END
START 2744 2640 32767 -5964 -2511 -31638 END
START 1196 2108 32767 -4611 -3154 -31612 END
START -188 1752 32767 -3119 -3825 -31456 END
START -1600 1420 32767 -1591 -4404 -31225 END
START -2660 1148 32767 -20 -4937 -30920 END
START -3720 880 32767 1565 -5403 -30559 END
START -4800 444 32767 3135 -5816 -30153 END
START -6068 180 32767 4799 -6259 -29607 END
START -7240 -100 32767 6419 -6742 -29016 END
START -8184 -544 32767 8057 -7175 -28328 END
START -9120 -824 32767 9711 -7532 -27496 END
START -9888 -968 32767 11474 -7773 -26540 END
START -10644 -1128 32767 13111 -7797 -25494 END
START -11120 -1140 32767 14745 -7694 -24386 END
START -11576 -1012 32767 16270 -7447 -23178 END
START -12116 -1036 32767 17644 -7048 -21886 END
START -12420 -1000 32767 18920 -6662 -20521 END
START -12660 -1016 32767 20019 -6146 -19164 END
START -12788 -1016 32767 21021 -5619 -17748 END
START -13100 -940 31656 21936 -5188 -16362 END
START -13300 -764 29660 22725 -4898 -14911 END
START -13356 -632 27888 23399 -4660 -13574 END
START -13368 -652 26716 23992 -4457 -12250 END
START -13444 -556 25180 24549 -4325 -10847 END
START -13472 -420 23960 25043 -4269 -9543 END
START -13300 -336 22700 25525 -4159 -8158 END
START -13140 -304 21352 25933 -4046 -6901 END
START -12752 -228 19928 26320 -3906 -5672 END
START -12364 -216 18664 26640 -3699 -4427 END
START -12092 -232 17448 26919 -3486 -3266 END
START -11736 -292 16128 27117 -3317 -2186 END
START -11420 -348 14884 27263 -3160 -1083 END
START -10968 -232 13892 27307 -3005 40 END
START -10560 -420 12424 27281 -2859 998 END
START -10144 -428 11296 27182 -2676 1937 END
START -9584 -528 10216 27025 -2571 2823 END
START -8988 -572 9120 26818 -2579 3635 END
START -8360 -656 7788 26603 -2575 4368 END
START -7764 -664 6608 26291 -2772 5028 END
START -7288 -796 5676 25954 -3040 5716 END
START -6860 -728 4648 25565 -3361 6297 END
START -6276 -660 3860 25108 -3883 6940 END
START -5592 -672 2804 24731 -4521 7519 END
START -5044 -652 1828 24313 -5328 8099 END
START -4204 -660 716 23914 -6180 8573 END
START -3576 -740 -228 23478 -7129 9030 END
START -2712 -472 -1328 22942 -8084 9398 END
START -2432 144 -2856 22530 -8829 9742 END
START -1860 664 -4012 22036 -9371 10094 END
START -236 716 -4948 21404 -9938 10334 END
START 1112 740 -5776 20669 -10697 10418 END
START 2584 696 -6008 19774 -11633 10273 END
START 4300 852 -7232 18840 -12458 9911 END
START 5736 1100 -8112 17904 -12958 9342 END
START 6560 1412 -8820 16922 -13310 8717 END
START 7240 1644 -9044 15985 -13515 8035 END
START 7864 1424 -9160 15097 -13686 7299 END
START 9008 1436 -10988 14411 -13215 6632 END
START 9344 1808 -11036 13617 -12405 5919 END
START 9720 1784 -11432 12969 -11701 5283 END
START 9784 2060 -11376 12337 -10974 4672 END
START 9724 1856 -11364 11771 -10591 3996 END
START 9216 1684 -11156 11235 -10446 3427 END
START 8876 1448 -11636 10797 -10531 2898 END
START 8344 1268 -11608 10379 -10763 2463 END
START 7052 1500 -12456 10031 -11003 2166 END
START 6468 1480 -13244 9728 -11345 2157 END
START 5760 1524 -14328 9206 -11722 2330 END
START 5280 1696 -15332 8685 -12200 2729 END
START 5060 2032 -16384 7978 -12600 3178 END
START 4876 2144 -17540 7136 -13081 3714 END
START 5324 2220 -18744 6163 -13412 4221 END
START 5852 2032 -20196 5018 -13540 4731 END
START 6444 2344 -21100 3709 -13421 5179 END
START 7072 2208 -22732 2317 -12913 5527 END
START 7684 2180 -23016 1253 -12210 5860 END
START 8316 2740 -22036 -472 -11052 6184 END
START 8896 3432 -21556 -3023 -10074 6337 END
START 9148 3212 -22768 -6198 -8794 6435 END
START 9508 2884 -23012 -8430 -7265 6486 END
START 9888 2808 -21892 -10765 -5756 6530 END
START 10080 2732 -21092 -13179 -4105 6491 END
START 10428 2484 -20232 -15476 -2476 6445 END
START 10648 2280 -19284 -17516 -754 6245 END
START 10788 2088 -18216 -19389 799 5961 END
START 11060 1824 -16860 -21148 2266 5596 END
START 10916 1800 -15524 -22852 3680 5121 END
START 10620 1608 -14056 -24477 4958 4555 END
START 10256 1552 -12572 -25947 5925 3998 END
START 9472 1540 -11132 -27341 6749 3351 END
START 9096 1336 -9668 -28503 7439 2748 END
START 8580 1228 -8024 -29669 8004 2167 END
START 8104 872 -6860 -30558 8532 1537 END
START 7388 644 -5000 -31392 8860 979 END
START 6992 420 -3820 -32105 9049 395 END
START 6116 184 -2260 -32724 9236 -144 END
START 5572 100 -1308 -32768 9281 -685 END
START 4516 8 316 -32768 9099 -1176 END
START 3584 28 1740 -32768 8872 -1554 END
START 2660 4 3304 -32768 8509 -1895 END
START 1712 0 4784 -32768 8029 -2161 END
START 1048 -36 6168 -32768 7488 -2414 END
START 492 -208 7600 -32768 6878 -2621 END
START -12 -320 8956 -32768 6341 -2763 END
START -384 -556 9760 -32768 5721 -2917 END
START -752 -828 11184 -32768 5112 -3082 END
START -1372 -976 12708 -32768 4603 -3161 END
START -2052 -1100 14312 -32768 4122 -3205 END
START -2536 -1172 16248 -32768 3732 -3249 END
START -3116 -1016 18048 -32768 3622 -3156 END
START -3784 -972 20164 -32768 3695 -2998 END
START -4452 -888 22184 -32768 3999 -2741 END
START -5144 -824 24588 -32768 4491 -2405 END
START -5716 -880 26816 -32768 5115 -1959 END
START -6352 -756 29160 -32768 5884 -1502 END
START -6664 -608 31332 -32768 6823 -1032 END
START -7292 -552 32767 -32768 7766 -443 END
START -7900 -512 32767 -32768 8772 103 END
START -8620 -428 32767 -32768 9669 706 END
START -9400 -288 32767 -31705 10583 1313 END
START -10516 -200 32767 -30275 11122 2055 END
START -10784 -124 32767 -28663 12101 2893 END
START -11516 -80 32767 -27051 12786 3882 END
START -12216 -168 32767 -25448 13606 4911 END
START -12584 -148 32767 -23794 13995 6107 END
START -13500 -88 32767 -22057 14510 7380 END
START -13688 116 32767 -20447 14697 8626 END
START -13660 148 32767 -18708 14807 9998 END
START -13672 440 32767 -17172 14755 11299 END
START -13380 460 32767 -15674 14778 12650 END
START -13004 436 32767 -14127 14775 13850 END
START -13108 396 32767 -12868 14591 15160 END
START -12680 1252 32767 -11746 14416 16462 END
START -11856 1560 32767 -10508 14233 17691 END
START -11248 1600 32767 -9412 14035 18834 END
START -10572 1404 32767 -8325 13873 19837 END
START -9608 1308 32767 -7272 13627 20774 END
START -8888 1356 32767 -6202 13709 21643 END
START -8356 1400 32767 -5139 13109 22446 END
START -7332 1480 32767 -3978 13158 23230 END
START -6396 1400 32767 -2857 13183 23935 END
START -5324 1548 32767 -1683 13197 24625 END