START -5116 11484 2348 12625 2602 8225 END
START -7036 -1480 504 11522 5148 10049 END
START -10076 -1544 2512 9928 5370 11304 END
START -10756 -2040 2368 7850 6290 11694 END
START -12844 -2524 2436 6581 5574 12425 END
START -13964 -3308 2460 5682 4738 13685 END
START -13248 -3456 276 3636 6157 16006 END
START -12496 -4416 -1872 431 8707 17682 END
START -12808 -5476 -3092 -2749 9374 19649 END
START -12728 -6432 -3836 -5546 8894 22133 END
START -11136 -7448 -5172 -8064 6133 24469 END
START -9972 -7716 -6208 -10666 2396 27641 END
START -4584 -7384 -7280 -13966 -1050 31326 END
START 3712 -6592 -7464 -18816 -1468 32767 END
START 12576 -5392 -4928 -24402 -923 32767 END
START 25216 -3320 1488 -28663 -959 31348 END
START 32767 1756 8344 -30684 2307 24241 END
START 32767 3816 14152 -30634 5394 15679 END
START 32767 5396 16440 -29530 3629 6486 END
START 32767 6864 20224 -28634 1225 -2038 END
START 32767 6904 25960 -27662 2570 -11757 END
START 32300 5176 32280 -26013 4989 -20836 END
START 24540 2376 32767 -24375 7046 -28762 END
START 13788 -3436 32767 -20054 6043 -32768 END
START -268 -8676 32767 -11642 1473 -32768 END
START -9056 -10572 32767 -2238 -872 -32768 END
START -14060 -11116 32767 5129 -153 -29776 END
START -17688 -10844 32767 11120 1233 -24410 END
START -20284 -10212 32767 17002 3748 -18687 END
START -22040 -9620 32767 21943 4248 -13314 END
START -21172 -9272 32767 26653 1981 -8833 END
START -19704 -9252 28280 30624 -803 -5768 END
START -18268 -9492 21784 32767 -2615 -2763 END
START -17120 -9064 15656 32767 -4062 62 END
START -16604 -8332 10900 32767 -4433 3120 END
START -15344 -7164 5544 32767 -4082 7213 END
START -13512 -5928 1724 30458 -5530 11155 END
START -9784 -4076 -1420 27719 -7681 14049 END
START -3748 -1536 -4448 24218 -7849 14369 END
START -236 40 -6444 20640 -7366 12946 END
START 3148 964 -7800 17790 -6646 11047 END
START 4672 1420 -9876 15101 -5500 9242 END
START 3980 1976 -12156 11546 -6720 8024 END
START 5964 3168 -14600 7184 -8570 6448 END
START 6744 3612 -14136 3087 -9647 4170 END
START 7276 3544 -13376 -146 -10486 1529 END
START 7088 3408 -13636 -3679 -10429 -1042 END
START 7284 2980 -13720 -8452 -8851 -4055 END
START 6040 2188 -13128 -13873 -5245 -6988 END
START 4264 788 -12472 -19707 -909 -8821 END
START 3024 -216 -12348 -26328 3274 -10389 END
START 2304 -2372 -11240 -32768 6046 -12675 END
START 612 -5480 -7424 -32768 7425 -15437 END
START -2172 -8636 -3812 -32768 9734 -18106 END
START -7744 -13220 2204 -32768 13564 -18291 END
START -15564 -19436 8844 -32768 14617 -16686 END
START -25572 -25932 20904 -32768 12201 -10223 END
START -32768 -31000 32767 -32768 8385 -1388 END
START -32768 -32768 32767 -32768 7446 11508 END
START -32768 -32768 32767 -32768 7018 24010 END
START -32768 -32768 32767 -32768 841 32767 END
START -32768 -32768 32767 -30386 -2265 32767 END