START -16432 3172 -4964 11675 456 8260 END
START -9472 608 -3244 9734 -2733 10421 END
START -10148 -1184 -1004 6220 144 12966 END
START -12168 -1708 1300 2923 3291 14582 END
START -13804 -2768 3844 2008 3650 17258 END
START -14568 -4032 4592 2353 2401 20815 END
START -14052 -4444 2828 3493 -1783 25116 END
START -10304 -4908 -584 3355 -7001 29469 END
START -4420 -4516 -3168 1201 -9445 31347 END
START -2376 -4352 -5224 -2046 -8171 32767 END
START 1352 -3544 -9132 -7103 -7515 32767 END
START 6772 -3192 -8828 -13052 -7347 32767 END
START 13524 -2276 -6900 -18466 -5630 32222 END
START 19284 -948 -3336 -22897 -4380 27911 END
START 24284 1200 1060 -25368 -5993 23789 END
START 30432 3816 4832 -27660 -5397 18580 END
START 32767 8484 10192 -29772 -2173 11735 END
START 32767 10836 15092 -31804 5297 2802 END
START 32767 12588 20424 -32713 9279 -7462 END
START 32767 12760 28068 -31691 9560 -16816 END
START 30816 11256 32767 -29563 11379 -26112 END
START 18900 4824 32767 -25569 11982 -32768 END
START 5032 -4260 32767 -17906 11533 -32768 END
START -9716 -11676 32767 -6167 9136 -32768 END
START -23296 -16620 32767 6704 4121 -32552 END
START -25132 -17044 32767 19055 -1517 -24264 END
START -24520 -15524 32767 27589 -2481 -15076 END
START -20804 -11648 32767 32575 -3449 -7153 END
START -15280 -8500 23240 32767 -3547 -2306 END
START -12076 -6536 14328 32767 -4823 559 END
START -8720 -4396 5876 32767 -6583 1910 END
START -6924 -2776 124 31896 -7583 2200 END
START -7276 -1972 -2624 29244 -10483 3201 END
START -5752 -1032 -5524 26442 -11400 4956 END
START -4744 -196 -9540 21981 -9105 7130 END
START -2312 828 -12648 16867 -8308 8091 END
START -52 1452 -13836 11817 -8209 7443 END
START 32 1712 -14040 7703 -8307 7044 END
START -68 1716 -14164 4257 -10108 7406 END
START 3580 1944 -13536 1069 -13601 7560 END
START 9992 2992 -11976 -2155 -14393 5787 END
START 13752 4128 -12468 -6022 -11194 1220 END
START 13056 3552 -12616 -11133 -7726 -3333 END
START 11568 2180 -11992 -16037 -5966 -6639 END
START 11692 972 -11500 -21310 -4318 -9918 END
START 9936 -824 -10412 -26450 -2650 -13626 END
START 7844 -2964 -9192 -32622 -8 -17596 END
START 5872 -5700 -9356 -32768 7412 -21102 END
START -2844 -12064 -5576 -32768 14942 -22602 END
START -11444 -18492 1136 -32768 20171 -20409 END
START -19580 -25560 12932 -32768 23353 -17363 END
START -29640 -31948 29396 -32768 18617 -11367 END
START -32768 -32768 32767 -32768 10960 -1057 END
START -32768 -32768 32767 -32768 5384 11237 END
START -32768 -32768 32767 -30663 -5071 22801 END
START -32768 -32768 32767 -24857 -9717 32767 END
START -28916 -32768 32736 -26587 -5895 32767 END
START -22316 -32768 32767 -29428 147 32767 END
START -10172 -32768 32767 -29660 8524 32767 END