START -7484 1404 3432 20587 3298 4720 END
START -144 -3980 -16316 21942 5335 5625 END
START -8940 1804 -32 18879 3710 5987 END
START -10320 908 5196 19289 4014 6634 END
START -6364 776 -1188 18335 4079 7485 END
START -11260 628 3996 17734 3384 8260 END
START -10516 616 2736 17015 3757 9185 END
START -8492 908 -284 16489 4285 10232 END
START -9980 884 1060 15970 4285 11311 END
START -11168 764 1156 15572 4647 12400 END
START -10788 908 -84 15206 4304 13722 END
START -12556 812 1156 14877 4372 14962 END
START -11212 928 -804 14562 4217 16301 END
START -12596 536 264 14179 3996 17577 END
START -11592 544 -1604 13756 3751 18905 END
START -12616 368 -924 13242 3459 20201 END
START -12004 836 -2156 12688 3364 21507 END
START -11948 752 -2736 12076 3127 22719 END
START -11348 508 -3588 11366 3253 23925 END
START -10436 388 -4580 10581 3227 25068 END
START -9924 492 -5228 9582 3464 26119 END
START -8428 420 -6500 8502 3675 27039 END
START -7784 208 -6804 7301 3954 27977 END
START -6356 -48 -8284 6121 4241 28851 END
START -5576 -348 -9232 4820 4621 29679 END
START -4088 -472 -10644 3419 5035 30340 END
START -3152 -288 -11600 1804 5398 30984 END
START -1996 -80 -12592 21 5778 31427 END
START -972 148 -13276 -1867 6047 31792 END
START 124 160 -13796 -3924 6284 31967 END
START 948 292 -13832 -6028 6527 32036 END
START 2360 420 -14016 -8234 6797 32026 END
START 3812 244 -13536 -10278 7215 31860 END
START 5060 -128 -12880 -12297 7708 31599 END
START 6032 -220 -11424 -14083 8311 31212 END
START 6968 -92 -10300 -15487 8711 30822 END
START 7884 -156 -8928 -16842 9168 30291 END
START 8568 -256 -7328 -17903 9618 29763 END
START 8948 -556 -5572 -18673 9894 29211 END
START 9424 -508 -4028 -19248 10073 28679 END
START 9792 -672 -2780 -19672 10041 28237 END
START 9880 -996 -1428 -19903 9968 27807 END
START 9868 -904 -136 -19982 9617 27462 END
START 10176 -940 1256 -19900 9093 27099 END
START 10480 -704 1940 -19759 8441 26739 END
START 11060 -696 2756 -19532 7610 26403 END
START 11492 -1000 3396 -19264 6762 26058 END
START 11940 -1244 3940 -18937 5851 25725 END
START 12576 -1264 4396 -18611 4958 25489 END
START 13512 -1216 4456 -18298 4328 25250 END
START 15324 -1016 4168 -18079 3876 24996 END
START 16600 -776 3832 -18008 3622 24651 END
START 18080 -460 3604 -18083 3531 24183 END
START 19500 -96 3892 -18302 3463 23595 END
START 20956 276 3820 -18663 3467 22917 END
START 22092 520 4280 -19130 3511 22120 END
START 22812 564 4432 -19611 3534 21258 END
START 23748 676 4712 -20048 3542 20301 END
START 24644 904 5220 -20515 3539 19330 END
START 25480 1376 5716 -20979 3539 18347 END
START 26328 1860 6688 -21414 3479 17245 END
START 26980 2324 7468 -21856 3431 16204 END
START 27620 2508 8440 -22211 3275 15038 END
START 28060 2792 9508 -22505 3109 13880 END
START 28532 3088 10960 -22682 2867 12711 END
START 29132 3492 12212 -22746 2554 11450 END
START 29836 3848 13360 -22712 2311 10243 END
START 30432 4040 14680 -22576 2090 8932 END
START 31048 4364 15624 -22363 1952 7611 END
START 31564 4768 16672 -22032 1878 6296 END
START 32388 5016 17220 -21691 1882 4901 END
START 32767 5352 17900 -21269 2093 3514 END
START 32767 5736 18208 -20864 2433 2058 END
START 32767 6020 18888 -20627 2811 637 END
START 32767 6484 19328 -20457 3316 -898 END
START 32767 6840 20136 -20389 3832 -2432 END
START 32767 7156 20768 -20391 4315 -4052 END
START 32767 7276 21720 -20281 4919 -5750 END
START 32767 7508 22684 -20219 5465 -7391 END
START 32767 7588 23596 -20079 5966 -9024 END
START 32767 7644 24640 -19845 6447 -10671 END
START 32568 7724 25504 -19582 6868 -12196 END
START 31620 7612 26432 -19248 7263 -13692 END
START 30908 7516 27324 -18933 7581 -15168 END
START 29844 6936 28200 -18448 8006 -16606 END
START 28636 6772 29400 -17989 8254 -18011 END
START 27472 6712 30316 -17483 8279 -19410 END
START 26192 6448 31572 -16954 8102 -20678 END
START 25072 6012 32536 -16344 7845 -22002 END
START 23684 5484 32767 -15553 7394 -23257 END
START 22196 4912 32767 -14681 6780 -24452 END
START 20684 4448 32767 -14048 6027 -25556 END
START 19280 4028 32767 -12900 5253 -26589 END
START 17716 3604 32767 -11790 4508 -27543 END
START 16412 3296 32767 -10686 3778 -28440 END
START 15284 2772 32767 -9606 3088 -29201 END
START 13784 2076 32767 -8472 2494 -30017 END
START 12480 1696 32767 -7347 1907 -30718 END
START 11172 1176 32767 -6200 1309 -31432 END
START 9416 916 32767 -4984 606 -32001 END
START 8324 212 32767 -3845 -50 -32515 END
START 7592 -376 32767 -2644 -573 -32768 END
START 6168 -1136 32767 -1279 -1086 -32768 END
START 4680 -1648 32767 127 -1603 -32768 END
START 2912 -2060 32767 1599 -2264 -32768 END
START 1184 -2292 32767 3088 -2932 -32768 END
START -212 -2392 32767 4616 -3556 -32768 END
START -1636 -2508 32767 6116 -4105 -32646 END
START -3640 -2844 32767 7691 -4623 -32054 END
START -5056 -2976 32767 9198 -5034 -31346 END
START -6376 -3220 32767 10645 -5461 -30484 END
START -7700 -3064 32767 12129 -5780 -29384 END
START -8960 -2888 32767 13562 -6065 -28179 END
START -9904 -2704 32767 14902 -6163 -26847 END
START -10684 -2460 32767 16253 -6142 -25381 END
START -11556 -2344 32767 17576 -5951 -23801 END
START -12160 -2312 31380 18794 -5706 -22148 END
START -12788 -2084 29944 19882 -5435 -20463 END
START -13184 -1904 28544 20841 -5114 -18718 END
START -13476 -1716 27012 21634 -4823 -17018 END
START -13672 -1396 25232 22414 -4586 -15173 END
START -13568 -1220 23784 23015 -4310 -13487 END
START -13196 -824 22212 23559 -3964 -11773 END
START -12668 -588 20632 23940 -3540 -10166 END
START -12172 -324 19216 24287 -3076 -8585 END
START -11468 -172 17964 24492 -2617 -7177 END
START -10848 116 16840 24674 -2154 -5878 END
START -10124 244 15508 24728 -1779 -4596 END
START -9448 528 14440 24778 -1539 -3432 END
START -8736 596 13428 24738 -1385 -2356 END
START -7992 844 12368 24713 -1344 -1415 END
START -7236 1116 11516 24696 -1403 -578 END
START -6744 1300 10724 24654 -1665 183 END
START -5952 1400 9640 24587 -2012 829 END
START -5100 1428 8604 24507 -2433 1408 END
START -4176 1652 7652 24450 -2947 1883 END
START -3256 1788 6820 24291 -3488 2302 END
START -2344 1868 5872 24147 -4048 2618 END
START -1196 1736 4720 24007 -4618 2839 END
START 180 1860 3588 23789 -5064 2943 END
START 1288 1984 2708 23498 -5488 2978 END
START 2356 2028 1556 23176 -5897 2863 END
START 3176 2268 364 22805 -6245 2645 END
START 3776 2524 -432 22307 -6567 2380 END
START 4388 2644 -1468 21711 -6855 1987 END
START 4956 2824 -2792 21126 -7047 1627 END
START 5108 2832 -3788 20371 -7182 1214 END
START 5332 2676 -4636 19576 -7242 889 END
START 5416 2748 -5860 18738 -7371 646 END
START 5116 2760 -6720 17896 -7446 495 END
START 4776 3064 -7628 16954 -7720 389 END
START 4644 2860 -8728 15937 -8099 388 END
START 4440 2780 -9600 14946 -8551 382 END
START 4388 2692 -10496 13957 -9053 452 END
START 4392 2556 -11408 12824 -9672 504 END
START 4516 2364 -12224 11687 -10413 605 END
START 4648 2444 -12708 10409 -11227 683 END
START 4768 2684 -13148 9120 -12119 718 END
START 4856 2688 -13376 7756 -13081 711 END
START 5084 2628 -13308 6427 -13924 659 END
START 5208 2668 -13432 5051 -14863 596 END
START 5200 2516 -12728 3752 -15764 525 END
START 5276 2416 -12196 2586 -16521 439 END
START 5552 2248 -12184 1590 -17010 399 END
START 5908 2100 -11868 705 -17165 298 END
START 6064 1852 -11720 -24 -17045 255 END
START 6244 1664 -11672 -715 -16874 134 END
START 6352 1404 -11632 -1341 -16729 57 END
START 6308 1308 -11816 -2124 -16628 14 END
START 6264 1320 -12488 -2928 -16422 27 END
START 6416 1348 -13176 -4012 -16034 19 END
START 6688 1424 -14096 -5168 -15287 35 END
START 7096 1428 -14528 -6579 -14269 -2 END
START 7584 1352 -14632 -8068 -13142 -11 END
START 7852 1164 -14784 -9730 -11848 -71 END
START 8048 1084 -14480 -11371 -10555 -183 END
START 7840 636 -13948 -13167 -9205 -271 END
START 7548 392 -13156 -14677 -8047 -345 END
START 6940 12 -12300 -16074 -7014 -415 END
START 6412 -524 -11396 -17312 -6222 -444 END
START 5724 -712 -10656 -18457 -5624 -443 END
START 5108 -848 -9900 -19534 -5221 -408 END
START 4520 -1052 -9132 -20487 -5033 -393 END
START 3944 -1080 -8476 -21458 -4894 -394 END
START 3524 -1084 -7952 -22396 -4766 -344 END
START 3064 -1112 -6952 -23400 -4646 -346 END
START 2588 -1208 -6172 -24303 -4466 -331 END
START 2112 -1368 -5308 -25134 -4221 -277 END
START 1424 -1504 -4148 -25910 -4013 -151 END
START 880 -1516 -3204 -26674 -3722 30 END
START 436 -1504 -2116 -27315 -3383 226 END
START -176 -1440 -1160 -27913 -2938 538 END
START -628 -1220 -52 -28471 -2364 902 END
START -1240 -1100 1016 -28989 -1644 1327 END
START -1912 -912 1664 -29530 -711 1788 END
START -2240 -980 2620 -30066 333 2377 END
START -2916 -944 3664 -30523 1372 2947 END
START -3396 -920 4780 -30942 2386 3633 END
START -4128 -772 5744 -31323 3284 4380 END
START -4676 -564 6896 -31610 3968 5194 END
START -4748 -244 7604 -31908 4673 6041 END
START -4872 -104 8256 -32193 5295 6837 END
START -4984 -352 9524 -32464 5802 7640 END
START -5244 -212 11056 -32768 6037 8405 END
START -5484 -88 12464 -32768 6060 9140 END
START -5712 172 14376 -32768 5993 9921 END
START -5516 420 15420 -32768 6000 10628 END
START -5436 292 17016 -32768 6031 11351 END
START -5180 324 18628 -32768 6032 12023 END
START -5636 -32 20364 -32768 5888 12525 END
START -5744 -348 22072 -32768 5580 13492 END
START -5804 -660 23536 -32345 5244 14255 END
START -5692 -560 25096 -31673 4887 15083 END
START -5320 -336 26140 -31072 4740 15858 END
START -5112 -336 27592 -30462 4781 16629 END
START -4740 -372 28388 -29996 5023 17342 END
START -4488 -528 29396 -29615 5409 18131 END
START -4684 -624 30896 -29225 5773 18944 END
START -4616 -1012 32132 -28821 6119 19814 END
START -4840 -1344 32767 -28293 6346 20780 END
START -4596 -1872 32767 -27788 6623 21717 END
START -3964 -2488 32767 -27166 6839 22723 END
START -2988 -3160 32767 -26580 7173 23715 END
START -1900 -3720 32767 -25955 7636 24629 END
START -524 -3996 32767 -25271 8256 25487 END
START 672 -4392 32767 -24497 8996 26173 END
START 2092 -4520 32767 -23584 9729 26771 END
START 3296 -4916 32767 -22533 10435 27172 END
START 4320 -5200 32767 -21216 11027 27467 END
START 4820 -5408 32767 -19757 11398 27657 END
START 5584 -5396 32767 -18010 11818 27778 END
START 6004 -5396 32767 -16102 12069 27826 END
START 6240 -5300 32767 -14151 12191 27793 END
START 6716 -5244 32767 -12263 12262 27648 END
START 7172 -4772 32767 -10137 12176 27652 END
START 6888 -3916 32767 -8631 12024 27591 END
START 8184 -3960 32767 -7092 12179 27510 END
START 8948 -3712 32767 -5728 12191 27398 END
START 9072 -3844 32767 -4601 12369 27234 END
START 9836 -3676 32767 -3352 12599 27044 END
START 10060 -3512 32767 -2227 12984 26899 END
START 10840 -3296 32767 -1087 13233 26783 END
START 11388 -3200 32767 78 13545 26673 END
START 11924 -3048 32767 1082 14333 26569 END
START 12292 -2860 32767 1955 14997 26588 END
START 12868 -2708 32767 2710 15765 26602 END
START 13244 -2500 32767 3296 16480 26667 END