START 4512 4288 12452 12218 7041 -10343 END
START -8584 4632 11564 14420 2131 -6608 END
START -14124 2664 13456 15526 -45 -1801 END
START -15232 1376 11768 15549 -699 4271 END
START -14216 844 9288 14286 80 9387 END
START -12696 216 7608 12798 1345 13083 END
START -9624 20 3464 10302 2063 15596 END
START -7548 -320 -728 7712 1368 17660 END
START -8288 -616 -2644 4737 -101 20209 END
START -8384 -1112 -4028 1445 -536 23865 END
START -7380 -2220 -6868 -2657 -206 28299 END
START -5256 -3080 -8956 -8292 -1461 32741 END
START -288 -3968 -9936 -14330 -2260 32767 END
START 8740 -3728 -8028 -21188 -1993 32767 END
START 12704 -4168 -2612 -24396 1602 32767 END
START 14976 -3636 72 -25451 1561 30861 END
START 17596 -3032 468 -25938 -105 27744 END
START 21948 -1828 76 -28844 -1035 23692 END
START 24916 -1452 3140 -32434 -1643 19381 END
START 31428 -812 10224 -32768 -1003 14418 END
START 32767 936 17508 -32768 3109 7237 END
START 32767 1240 21528 -32204 5613 177 END
START 32767 2768 25428 -29772 5706 -7017 END
START 32767 3852 30768 -27652 6190 -15231 END
START 28692 2672 32767 -24266 7592 -22203 END
START 23352 1696 32767 -20925 9191 -26762 END
START 17436 -752 32767 -16631 11431 -30975 END
START 9108 -3280 32767 -10400 10999 -32768 END
START 1268 -7144 32767 -3578 8408 -32768 END
START -5072 -8652 32767 3977 6083 -32768 END
START -10012 -9992 32767 11181 4080 -31370 END
START -13172 -10532 32767 18261 2169 -26087 END
START -12316 -10060 32767 24452 1729 -20222 END
START -11740 -9232 32767 29952 2810 -14903 END
START -10948 -7876 27592 32767 4362 -9812 END
START -10424 -6848 20340 32767 3333 -5437 END
START -9000 -5160 13844 32767 274 -1900 END
START -7120 -3508 9236 32767 -2491 -641 END
START -5404 -2588 5380 32767 -3959 649 END
START -3412 -1152 1512 32767 -4006 1724 END
START -2988 -240 -1400 29946 -2967 2479 END
START -2164 712 -5404 25290 -1943 4030 END
START -1112 1808 -7212 20158 -1916 5276 END
START 664 2108 -8672 15552 -3077 6233 END
START 4180 3452 -10100 11301 -6089 5999 END
START 7760 3920 -9000 7214 -6594 2728 END
START 7240 3800 -8368 4624 -4914 -238 END
START 5356 3408 -10792 2039 -3776 -1832 END
START 5000 3444 -12320 -2663 -2913 -2619 END
START 4572 3420 -12716 -7526 -1732 -2825 END
START 6864 3740 -12576 -13187 -1366 -5045 END
START 5700 2216 -10508 -18620 -186 -8193 END
START 2996 272 -8176 -22846 979 -9626 END
START 552 -412 -7576 -27198 1369 -10696 END
START -2108 -1988 -4392 -32402 836 -10905 END
START -4172 -3152 -696 -32768 3160 -8449 END
START -5776 -4288 1384 -32768 7197 -5819 END
START -6568 -6468 7444 -32768 12453 -5526 END
START -10848 -10576 15956 -32768 19469 -4989 END
START -18128 -14308 21760 -32768 22337 -2370 END
START -26512 -18556 26928 -32768 19670 3377 END
START -32164 -22244 32767 -32768 12347 11211 END
START -32768 -27012 32767 -32768 4019 24020 END
START -32012 -30652 32767 -32768 -4558 32767 END
START -23900 -32768 32767 -32768 -2814 32767 END
START -16576 -32768 32767 -32768 -176 32767 END
START -3572 -32768 32767 -26797 -841 32767 END