START -15792 1776 3992 19852 -150 10693 END
START -15024 -3620 4208 20287 -9049 11455 END
START -14648 -4092 2292 20098 -8673 15336 END
START -14248 -3568 296 17646 -4555 20830 END
START -12472 -1604 -4968 13444 -1390 25059 END
START -11216 -4372 -4600 9663 -1029 29334 END
START -6308 -2736 -11092 3549 -3104 32767 END
START -1200 -2808 -11760 -2251 -4576 32767 END
START 1064 -2312 -9272 -8108 -5509 32767 END
START 212 -2556 -6044 -9750 -6450 31715 END
START 1300 -3276 -6788 -10864 -8296 32625 END
START 4260 -2356 -11024 -14255 -10516 32767 END
START 10820 -2800 -8804 -18385 -12701 32767 END
START 21164 -2636 -3944 -21327 -13965 32767 END
START 32767 1268 1488 -23265 -8691 30353 END
START 32767 6388 3620 -27355 6539 19811 END
START 32767 8256 8788 -31332 15088 7493 END
START 32767 9196 14920 -30682 14513 -2491 END
START 32767 11292 20064 -29514 11125 -12165 END
START 32767 9036 26280 -28583 9680 -25895 END
START 32767 1740 32767 -28190 8838 -32768 END
START 23052 -7612 32767 -21577 8281 -32768 END
START 2668 -14724 32767 -9167 5437 -32768 END
START -11952 -15764 32767 3452 1358 -32768 END
START -17040 -12612 32767 13444 2312 -29823 END
START -16716 -9068 32767 19232 8610 -20262 END
START -17276 -6796 31760 22944 11123 -12137 END
START -16636 -4684 22736 26011 7848 -6050 END
START -14508 -3760 15772 28201 3776 -2700 END
START -12360 -3308 9620 29193 170 621 END
START -8920 -3180 7128 29768 -2518 2350 END
START -2464 -5276 4448 32399 -2512 3051 END
START 1712 -5904 -348 32767 -1001 1385 END
START 2420 -6652 -16512 32767 -147 -767 END
START -4232 -3108 -32768 20314 -5666 -1283 END
START -4072 -2640 -29792 4374 -20522 2692 END
START 2620 -1260 -18144 -574 -23746 4732 END
START 8440 -1704 -14716 -4152 -15697 4032 END
START 11536 -2484 -16404 -8445 -8121 921 END
START 13516 -2208 -18400 -15175 -3659 -4782 END
START 9668 -3592 -16784 -24034 1540 -12037 END
START 2240 -6212 -13128 -32622 3785 -15166 END
START -1780 -7732 -8648 -32768 4819 -14581 END
START -4136 -9224 -3144 -32768 8165 -14779 END
START -8704 -12368 2808 -32768 8826 -15261 END
START -16908 -18632 12088 -32768 7863 -12538 END
START -23872 -23136 21880 -32768 6211 -3371 END
START -28224 -29504 32767 -32768 4203 7117 END
START -26004 -31852 32767 -32768 -53 17469 END
START -20704 -30344 32767 -31064 -3557 23755 END
START -20352 -26768 32767 -17998 -9860 26849 END
START -23028 -26568 32767 -9766 -12930 32767 END
START -24444 -27128 32767 -8789 -5867 32767 END
START -15216 -28900 32767 -11022 6415 32767 END
START 784 -29448 32767 -10967 7184 32767 END
START 28316 -23580 32767 -5523 1292 32767 END