START -7188 4472 7728 14953 2864 -5091 END
START -1916 896 -7700 16462 3980 -4191 END
START -7848 3376 4208 14078 3099 -3719 END
START -7380 5164 7108 15206 3606 -3240 END
START -5724 4456 3024 14679 4205 -2624 END
START -6072 4892 3376 14536 3489 -2155 END
START -9612 4692 6440 14277 3811 -1497 END
START -7224 5232 3084 13992 3849 -854 END
START -8672 5192 4404 13763 4019 -184 END
START -8452 5180 3600 13569 4401 580 END
START -8556 5212 3088 13374 4363 1262 END
START -9640 5100 3916 13159 4579 2058 END
START -8972 5240 2760 12935 4377 2832 END
START -10200 4876 3632 12750 4281 3656 END
START -8968 5396 1840 12436 4170 4480 END
START -10076 5060 2776 12081 3876 5292 END
START -9320 4996 1624 11693 3787 6137 END
START -9668 5008 1940 11337 3494 6948 END
START -9072 4900 1736 10894 3456 7773 END
START -8796 4920 1472 10406 3232 8541 END
START -8644 4728 1656 9972 3170 9276 END
START -8088 4332 1324 9513 3089 10012 END
START -8396 4180 1896 9111 2901 10636 END
START -7704 4204 1480 8728 2907 11331 END
START -7880 4096 1692 8400 2827 12001 END
START -6972 4164 880 8038 3017 12573 END
START -6868 4068 748 7647 3147 12917 END
START -6772 3988 832 7204 3356 13501 END
START -6344 3808 352 6692 3586 13926 END
START -6324 3740 104 6132 3732 14357 END
START -6180 3628 -60 5458 4021 14795 END
START -5976 3484 -212 4781 4213 15278 END
START -6172 3384 -408 4078 4505 15800 END
START -6132 3372 -704 3366 4849 16389 END
START -6412 3236 -640 2690 5182 16990 END
START -6312 3028 -956 2000 5578 17649 END
START -6576 2820 -864 1298 5969 18374 END
START -6432 2600 -956 638 6429 19138 END
START -6452 2496 -864 -11 6793 19969 END
START -6732 2240 -576 -666 7132 20762 END
START -6796 2168 -468 -1299 7449 21639 END
START -7080 2020 20 -1870 7587 22617 END
START -7036 1656 16 -2319 7621 23606 END
START -6604 1320 -260 -2675 7532 24547 END
START -6232 1168 -408 -3056 7409 25545 END
START -5692 832 -1068 -3403 7254 26444 END
START -5160 708 -1428 -3833 7066 27337 END
START -4188 588 -2224 -4356 6846 28199 END
START -3668 556 -2672 -4973 6609 29037 END
START -2824 372 -3248 -5700 6426 29766 END
START -2248 196 -3604 -6546 6244 30475 END
START -1852 44 -3940 -7427 5993 31129 END
START -1100 -44 -4584 -8383 5876 31809 END
START -132 -96 -5020 -9352 5829 32444 END
START 1404 -4 -5656 -10478 5939 32767 END
START 3056 36 -6208 -11736 6209 32767 END
START 4976 0 -6228 -13102 6660 32767 END
START 6940 20 -6296 -14624 7119 32767 END
START 8924 96 -5788 -15862 7660 32767 END
START 10708 224 -5320 -17384 8148 32767 END
START 12400 228 -4260 -18715 8667 32694 END
START 14096 352 -3088 -19891 9092 31901 END
START 15504 380 -1952 -20914 9602 30993 END
START 16788 596 -908 -21748 10078 29992 END
START 17628 752 332 -22318 10518 28821 END
START 18656 948 1168 -22795 10895 27654 END
START 19404 1188 2312 -23075 11125 26415 END
START 19996 1432 3224 -23236 11251 25130 END
START 20452 1792 4240 -23291 11194 23869 END
START 20848 1988 5196 -23235 10908 22560 END
START 21104 2136 6008 -23063 10375 21325 END
START 20948 2408 6516 -22852 9566 19974 END
START 21016 2692 7064 -22582 8513 18767 END
START 21124 3024 7384 -22342 7245 17538 END
START 21504 3352 7312 -22189 6003 16402 END
START 21916 3620 7440 -22059 4792 15266 END
START 22512 4004 7512 -22069 3604 14143 END
START 23352 4248 7572 -22199 2478 13008 END
START 23944 4416 7908 -22457 1464 11850 END
START 24836 4724 8172 -22752 606 10559 END
START 25620 4896 8572 -23112 -86 9307 END
START 26424 5152 9092 -23433 -641 8108 END
START 26808 5268 10032 -23720 -1177 6815 END
START 27332 5436 10704 -23973 -1528 5488 END
START 27588 5432 11428 -24118 -1753 4133 END
START 27820 5736 12268 -24240 -1883 2891 END
START 27960 5932 12836 -24351 -1831 1663 END
START 28044 6500 14224 -24469 -1663 399 END
START 27900 6792 15112 -24649 -1444 -816 END
START 27844 7044 16216 -24751 -1251 -1969 END
START 27708 7288 17408 -24848 -1009 -3165 END
START 27596 7392 18576 -24825 -738 -4264 END
START 27688 7552 19628 -24793 -496 -5390 END
START 27792 7664 20648 -24621 -147 -6523 END
START 27904 7816 21900 -24375 170 -7651 END
START 27804 7832 23052 -24103 538 -8859 END
START 28000 7928 24036 -23718 1041 -10049 END
START 27904 7940 25224 -23266 1642 -11330 END
START 27884 8092 26092 -22807 2236 -12711 END
START 27440 8048 27124 -22242 2875 -13986 END
START 27088 8000 27992 -21670 3390 -15437 END
START 26560 7892 28784 -21031 3824 -16879 END
START 26032 7812 29340 -20452 4210 -18320 END
START 25180 7496 29868 -19900 4534 -19793 END
START 24192 7364 30568 -19405 4635 -21250 END
START 23160 7184 30944 -18985 4658 -22651 END
START 21404 6672 32064 -18503 4527 -24056 END
START 20060 6200 32604 -18070 4226 -25451 END
START 18764 5512 32767 -17655 3738 -26765 END
START 17352 5076 32767 -17203 3146 -27988 END
START 15852 4620 32767 -16658 2448 -29090 END
START 14412 4104 32767 -16007 1668 -30133 END
START 13068 3576 32767 -15256 840 -31054 END
START 11496 2924 32767 -14249 87 -31800 END
START 9988 2236 32767 -13269 -586 -32331 END
START 8304 1764 32767 -12109 -1285 -32768 END
START 6704 1420 32767 -10729 -1867 -32768 END
START 5032 1180 32767 -9364 -2356 -32768 END
START 3564 892 32767 -7792 -2693 -32768 END
START 2148 664 32767 -6239 -2902 -32737 END
START 952 560 32767 -4578 -2970 -32392 END
START -440 500 32767 -2944 -2949 -31912 END
START -1532 436 32767 -1438 -2858 -31362 END
START -2500 376 32767 107 -2698 -30711 END
START -3272 368 32767 1526 -2477 -30018 END
START -3960 336 32767 2916 -2213 -29245 END
START -4728 372 32767 4107 -1848 -28538 END
START -5080 180 32767 5303 -1526 -27748 END
START -5904 100 32767 6486 -1240 -26909 END
START -6704 40 32767 7565 -990 -26046 END
START -7220 16 32767 8595 -866 -25206 END
START -7840 -8 32767 9560 -751 -24289 END
START -8296 -68 32767 10530 -712 -23355 END
START -8708 64 32767 11504 -682 -22382 END
START -9040 120 32660 12451 -702 -21444 END
START -9216 144 31956 13345 -681 -20494 END
START -9416 168 30900 14163 -682 -19599 END
START -9692 204 30252 15011 -755 -18687 END
START -9920 348 29236 15805 -756 -17752 END
START -10156 408 28308 16584 -838 -16851 END
START -10368 500 27356 17265 -898 -15872 END
START -10444 632 26416 17950 -985 -14960 END
START -10448 776 25384 18550 -1070 -13975 END
START -10504 916 24548 19142 -1140 -12983 END
START -10416 1056 23688 19692 -1181 -12051 END
START -10356 1228 22784 20147 -1261 -11090 END
START -10424 1324 21928 20609 -1355 -10134 END
START -10220 1568 21128 20998 -1393 -9181 END
START -10284 1708 20444 21387 -1421 -8308 END
START -10056 1728 19432 21693 -1466 -7413 END
START -9784 1932 18768 22033 -1552 -6576 END
START -9448 1792 17832 22321 -1609 -5775 END
START -9100 2072 17100 22587 -1678 -4959 END
START -8644 2080 16444 22873 -1756 -4238 END
START -8316 2184 15812 23063 -1932 -3522 END
START -7916 2232 14912 23333 -2059 -2904 END
START -7448 2280 14196 23497 -2151 -2310 END
START -7036 2360 13060 23695 -2273 -1733 END
START -6660 2448 12252 23798 -2289 -1189 END
START -6372 2628 11328 23877 -2270 -705 END
START -6008 2756 10440 23914 -2202 -212 END
START -5700 2976 9608 23885 -2146 232 END
START -5448 3024 8860 23797 -2116 652 END
START -5140 3072 7944 23706 -2070 1121 END
START -4732 3176 7252 23534 -2054 1539 END
START -4376 3288 6264 23320 -1972 1943 END
START -4228 3472 5232 23067 -1872 2378 END
START -3744 3596 4224 22698 -1687 2785 END
START -3364 3848 3368 22317 -1553 3222 END
START -2940 4032 2632 21831 -1457 3615 END
START -2384 4188 1720 21267 -1366 4005 END
START -1608 4436 652 20625 -1224 4301 END
START -740 4540 -188 19877 -1006 4587 END
START -140 4496 -892 19118 -849 4722 END
START 468 4604 -1340 18253 -750 4812 END
START 984 4752 -1880 17352 -751 4828 END
START 1280 4692 -2124 16469 -786 4835 END
START 1712 4740 -2484 15507 -957 4772 END
START 2072 4616 -3132 14597 -1202 4693 END
START 2252 4744 -3620 13635 -1464 4567 END
START 2452 4936 -4252 12747 -1843 4498 END
START 2560 5104 -4608 11786 -2259 4392 END
START 2452 5140 -4848 10832 -2681 4300 END
START 2428 5176 -5072 9852 -3186 4212 END
START 2472 5256 -5048 8905 -3667 4178 END
START 2424 5328 -5240 7991 -4173 4166 END
START 2596 5240 -5240 7178 -4633 4184 END
START 2772 5296 -5424 6446 -5034 4202 END
START 3100 5256 -5784 5725 -5456 4209 END
START 3704 5288 -6232 4939 -5595 4204 END
START 4444 5480 -6712 4130 -5701 4077 END
START 5084 5540 -6916 3205 -5623 3979 END
START 5552 5628 -7112 2268 -5370 3818 END
START 6100 5708 -7196 1255 -5030 3605 END
START 6784 5700 -7180 154 -4620 3361 END
START 7252 5668 -7540 -884 -4054 3094 END
START 7536 5656 -7108 -1894 -3569 2816 END
START 7524 5452 -6980 -2827 -3166 2553 END
START 7428 5388 -6508 -3703 -2810 2287 END
START 7252 5416 -6164 -4554 -2581 2097 END
START 6916 5316 -5616 -5314 -2422 1936 END
START 6872 5240 -5268 -5925 -2334 1826 END
START 6676 5132 -5000 -6520 -2356 1727 END
START 6716 5068 -4992 -7018 -2353 1650 END
START 7020 4956 -4940 -7550 -2438 1539 END
START 7184 4976 -4948 -8007 -2460 1414 END
START 7416 4948 -4924 -8512 -2439 1309 END
START 7472 4692 -4748 -8992 -2526 1157 END
START 7664 4680 -5052 -9450 -2537 1034 END
START 7864 4540 -5100 -9942 -2544 835 END
START 8188 4516 -5400 -10396 -2564 639 END
START 8336 4212 -5920 -10913 -2563 433 END
START 8480 4064 -6152 -11528 -2505 192 END
START 8908 3972 -6392 -12168 -2522 -86 END
START 9292 3896 -6668 -12955 -2489 -420 END
START 9844 3736 -7184 -13848 -2293 -883 END
START 10148 3532 -7544 -14812 -2076 -1405 END
START 10164 3344 -7672 -15757 -1828 -2051 END
START 9984 3096 -7548 -16858 -1608 -2668 END
START 9660 2832 -7580 -17872 -1506 -3336 END
START 9088 2540 -7348 -18967 -1496 -3919 END
START 8380 2488 -7292 -20051 -1556 -4434 END
START 7640 2476 -6824 -21153 -1650 -4865 END
START 7188 2248 -6376 -22269 -1710 -5129 END
START 6856 2116 -5928 -23406 -1733 -5436 END
START 6500 1772 -4992 -24444 -1602 -5647 END
START 6260 1464 -4236 -25456 -1421 -5819 END
START 5892 1008 -3488 -26391 -1072 -6015 END
START 5364 740 -2640 -27189 -688 -6107 END
START 4720 168 -1456 -27883 -284 -6170 END
START 3912 -160 -580 -28512 78 -6142 END
START 3268 -476 436 -28997 366 -6093 END
START 2736 -684 832 -29434 649 -5959 END
START 1956 -940 1812 -29870 862 -5808 END
START 900 -1096 2560 -30286 961 -5619 END
START 268 -1192 3584 -30648 974 -5334 END
START -444 -1396 4268 -31036 940 -5021 END
START -1116 -1580 5052 -31383 893 -4732 END
START -1456 -1704 6228 -31768 891 -4410 END
START -1868 -1712 7056 -32151 927 -4089 END
START -2196 -1596 7768 -32551 1128 -3755 END
START -2616 -1564 8540 -32768 1392 -3397 END
START -3172 -1624 9588 -32768 1763 -2995 END
START -3688 -1732 10528 -32768 2250 -2516 END
START -4092 -1960 11284 -32768 2734 -1975 END
START -4768 -2196 12592 -32768 3241 -1296 END
START -5468 -2256 13756 -32768 3593 -618 END
START -5940 -2236 14664 -32768 3843 114 END
START -6524 -2184 16004 -32768 3962 886 END
START -6644 -2040 16848 -32768 4089 1636 END
START -6896 -1992 17692 -32768 4263 2358 END
START -6856 -2012 18708 -32768 4440 3054 END
START -7068 -2032 19824 -32768 4581 3719 END
START -7252 -2144 20772 -32768 4610 4397 END
START -7484 -2196 21936 -32768 4567 5106 END
START -7572 -2404 23064 -32768 4568 5725 END
START -7624 -2604 24228 -32768 4487 6274 END
START -7520 -2868 25296 -32768 4504 6798 END
START -7684 -3100 26496 -32730 4536 7255 END
START -7728 -3216 27276 -32303 4639 7702 END
START -7872 -3652 28460 -31840 4802 8052 END
START -8084 -3988 29568 -31285 4901 8438 END
START -8360 -4320 30728 -30693 4938 8807 END
START -8800 -4824 31900 -30094 4892 9213 END
START -9284 -5244 32756 -29376 4769 9672 END
START -9772 -5652 32767 -28587 4539 10188 END
START -10348 -5936 32767 -27770 4209 10708 END
START -10776 -6344 32767 -26832 3854 11405 END
START -11272 -6780 32767 -25865 3443 12154 END
START -11744 -6984 32767 -24771 3091 13039 END
START -11920 -7180 32767 -23607 2822 13686 END
START -12200 -7292 32767 -22411 2610 14653 END
START -12208 -7600 32767 -21194 2376 15578 END
START -12440 -7832 32767 -19830 2105 16614 END
START -12408 -8052 32767 -18405 1799 17643 END
START -12416 -8564 32767 -16929 1480 18688 END
START -12224 -8668 32767 -15280 1133 19783 END
START -11956 -8640 32767 -13889 846 20818 END
START -11704 -8672 32767 -12447 615 21841 END
START -11152 -8576 32767 -10968 411 22954 END
START -10684 -8480 32767 -9546 284 24085 END
START -10144 -8552 32767 -8215 157 25121 END
START -9444 -8648 32767 -7007 36 26157 END
START -8368 -8572 32767 -5922 -102 27047 END
START -7144 -8404 32767 -4882 -73 27856 END
START -6084 -8244 32767 -4005 74 28574 END
START -5448 -7880 32767 -3311 412 29265 END
START -4480 -7572 32767 -2755 887 29974 END
START -3720 -7416 32767 -2335 1436 30685 END
START -2868 -7312 32744 -2038 2026 31472 END
START -2140 -7204 32096 -1871 2618 32228 END
START -1344 -7060 31656 -1706 3077 32767 END
START -348 -6936 31024 -1657 3470 32767 END
START 932 -6752 30576 -1609 3891 32767 END
START 2280 -6612 30272 -1564 4278 32767 END