START -3460 4404 3804 14046 2741 1987 END
START -2528 -8 -6344 15663 3708 2337 END
START 148 7448 -220 12895 3526 2339 END
START -6864 2908 6216 13752 3982 2686 END
START -3564 3440 1244 13101 3577 2820 END
START -5372 3364 3816 12883 3503 3079 END
START -5460 3392 3052 12585 3406 3291 END
START -4772 3288 1920 12516 3776 3655 END
START -6840 2780 3932 12423 3745 4083 END
START -6384 2556 2360 12429 3569 4594 END
START -8436 2104 3560 12453 3353 5236 END
START -8304 2288 2104 12472 3020 5883 END
START -9036 2236 2080 12459 2916 6677 END
START -9536 2252 1084 12326 2725 7458 END
START -9632 2124 548 12045 2683 8263 END
START -10396 1972 336 11688 2571 9101 END
START -10688 1908 -156 11246 2492 10002 END
START -11292 1672 -608 10661 2405 10977 END
START -11856 1500 -588 10102 2379 12050 END
START -11848 1420 -1124 9485 2458 13240 END
START -12388 1200 -1096 9000 2625 14357 END
START -12684 956 -1376 8500 2806 15576 END
START -12792 760 -1620 7998 2996 16871 END
START -13152 676 -1644 7522 3161 18149 END
START -13404 508 -1912 7020 3324 19486 END
START -13552 388 -2076 6423 3378 20886 END
START -13632 340 -2224 5810 3421 22269 END
START -13336 192 -2552 5136 3386 23727 END
START -12836 -148 -2416 4459 3423 25199 END
START -11920 -380 -2592 3822 3517 26580 END
START -10856 -792 -2692 3215 3752 27879 END
START -9240 -1012 -2788 2530 4211 29049 END
START -7688 -1432 -3092 1915 4734 30042 END
START -6200 -1584 -3140 1199 5333 30874 END
START -4900 -1988 -3212 503 5840 31527 END
START -3644 -2220 -3372 -218 6299 32104 END
START -2324 -2500 -3292 -941 6696 32565 END
START -784 -2608 -3408 -1634 7030 32767 END
START 856 -2396 -3556 -2356 7304 32767 END
START 2788 -2092 -3664 -3125 7523 32767 END
START 4520 -1660 -4028 -3857 7727 32767 END
START 5984 -1460 -4064 -4682 7868 32650 END
START 7240 -1332 -4512 -5450 7859 32201 END
START 8540 -1300 -4992 -6250 7894 31681 END
START 9648 -996 -5176 -7081 7882 31086 END
START 10524 -720 -5948 -8030 7887 30433 END
START 11096 -476 -6192 -9026 7849 29841 END
START 11328 -140 -6244 -10150 7656 29297 END
START 11500 120 -6512 -11374 7476 28831 END
START 11268 304 -6168 -12595 7101 28477 END
START 11152 328 -5660 -13753 6652 28214 END
START 11192 372 -5244 -14990 6083 28083 END
START 12032 180 -4560 -15738 5649 28051 END
START 13328 180 -3796 -16637 5476 27963 END
START 14868 428 -3120 -17319 5567 27812 END
START 16300 708 -2044 -17916 5805 27500 END
START 17704 1176 -868 -18478 5992 26945 END
START 19024 1404 600 -18955 6204 26199 END
START 20444 1632 1512 -19354 6407 25288 END
START 21776 1888 2816 -19708 6630 24341 END
START 22588 2020 3964 -19878 6862 23269 END
START 23444 2188 4744 -20026 6992 22256 END
START 23960 2408 6076 -20064 6936 21131 END
START 24284 2700 6672 -19909 6707 20143 END
START 24396 3060 7432 -19781 6420 19186 END
START 24680 3436 7760 -19496 6026 18250 END
START 24592 3708 7912 -19328 5483 17394 END
START 24924 4008 8028 -19223 5003 16510 END
START 25236 4320 7924 -19187 4482 15670 END
START 25700 4772 8096 -19296 4041 14811 END
START 26100 5148 8176 -19532 3652 13889 END
START 26680 5260 8080 -19911 3302 12943 END
START 27312 5516 8460 -20292 3094 12084 END
START 28028 5532 8936 -20570 2956 11140 END
START 29044 5752 9800 -20928 2920 10038 END
START 29776 6036 10732 -21220 2999 8924 END
START 30528 6240 11724 -21423 3098 7657 END
START 31252 6480 12680 -21582 3134 6387 END
START 31872 7000 14152 -21714 3162 5020 END
START 32572 7148 15160 -21713 3167 3612 END
START 32767 7592 16460 -21579 3180 1996 END
START 32767 7768 17864 -21342 3151 428 END
START 32767 7948 18964 -21048 3049 -1225 END
START 32767 7948 19936 -20643 2926 -2941 END
START 32767 8252 20788 -20175 2728 -4671 END
START 32716 8460 21716 -19747 2407 -6272 END
START 32128 8620 22472 -19298 2127 -7847 END
START 31448 8808 23048 -18888 1785 -9415 END
START 30896 8924 23724 -18554 1535 -10860 END
START 30284 8976 24280 -18270 1255 -12290 END
START 29744 8968 25004 -18053 1048 -13698 END
START 29136 8812 25744 -17859 894 -15044 END
START 28236 8588 26672 -17698 616 -16455 END
START 27544 8424 27876 -17496 362 -17752 END
START 26492 8252 29008 -17196 -13 -19081 END
START 25572 8024 30556 -16855 -471 -20390 END
START 24020 7516 32260 -16364 -934 -21641 END
START 22880 7260 32767 -15787 -1530 -22901 END
START 21756 6944 32767 -15180 -2011 -24009 END
START 20700 6704 32767 -14327 -2471 -25096 END
START 19400 6340 32767 -13503 -2789 -26114 END
START 18408 5860 32767 -12513 -3024 -27051 END
START 17280 5560 32767 -11507 -3141 -27915 END
START 16104 5124 32767 -10421 -3181 -28684 END
START 14820 4648 32767 -9291 -3106 -29404 END
START 13412 4404 32767 -8239 -3039 -30005 END
START 12080 4172 32767 -7077 -2886 -30596 END
START 10780 4160 32767 -5949 -2649 -31034 END
START 9484 4016 32767 -4735 -2317 -31442 END
START 7640 3648 32767 -3358 -1843 -31766 END
START 6264 3204 32767 -1970 -1411 -31991 END
START 4612 2648 32767 -510 -1053 -32054 END
START 2976 2224 32767 938 -806 -31983 END
START 1908 2008 32767 2288 -586 -31744 END
START 728 1888 32767 3630 -365 -31440 END
START -624 1904 32767 4929 -266 -30984 END
START -1704 1768 32767 6042 -138 -30447 END
START -2940 1604 32767 7127 -143 -29858 END
START -4188 1376 32767 8183 -202 -29106 END
START -5376 1324 32767 9153 -356 -28311 END
START -6280 1424 32767 10166 -521 -27389 END
START -7452 1480 32767 11220 -681 -26369 END
START -8484 1404 32767 12266 -877 -25273 END
START -9252 1488 32767 13388 -1067 -24092 END
START -10092 1480 32716 14519 -1256 -22841 END
START -10820 1420 31684 15623 -1475 -21556 END
START -11400 1500 30500 16688 -1749 -20192 END
START -11676 1688 29308 17735 -1987 -18866 END
START -12036 1792 28220 18631 -2212 -17539 END
START -12316 1980 26952 19502 -2462 -16197 END
START -12580 2116 25836 20235 -2679 -14789 END
START -12660 2132 24756 20961 -2859 -13356 END
START -12836 2252 23564 21645 -3014 -11908 END
START -12696 2276 22484 22183 -3158 -10511 END
START -12712 2336 21288 22745 -3302 -9054 END
START -12476 2368 20064 23220 -3417 -7636 END
START -12284 2560 18972 23581 -3550 -6428 END
START -12076 2508 17912 23888 -3638 -5162 END
START -11424 2644 16472 24138 -3649 -3918 END
START -11040 2728 15268 24331 -3648 -2709 END
START -10744 2820 14272 24492 -3554 -1577 END
START -10200 2816 13288 24631 -3349 -415 END
START -9456 2728 12136 24696 -3138 680 END
START -8824 2728 11408 24713 -2864 1657 END
START -7956 2672 10504 24789 -2523 2644 END
START -7008 2680 9716 24766 -2191 3514 END
START -6072 2616 8932 24733 -1932 4232 END
START -5452 2536 8264 24707 -1738 4871 END
START -4908 2184 7424 24658 -1772 5428 END
START -4436 2024 6424 24698 -1991 5984 END
START -3872 1728 5232 24708 -2342 6496 END
START -3724 1696 4148 24686 -2915 6997 END
START -3648 1404 3224 24616 -3724 7446 END
START -3620 1072 2052 24639 -4751 7955 END
START -3720 796 892 24590 -6176 8593 END
START -3600 672 -960 24560 -7864 9283 END
START -3280 692 -2920 24381 -9541 9986 END
START -2460 1012 -5124 24010 -11197 10637 END
START -1412 1448 -7432 23351 -12854 11214 END
START -420 1832 -9772 22337 -14313 11545 END
START 788 2188 -11780 21054 -15624 11820 END
START 1852 2436 -13596 19429 -16926 11813 END
START 3188 2776 -15728 17476 -17887 11796 END
START 4708 3324 -18088 15261 -18629 11587 END
START 5992 3752 -19560 12717 -18865 11287 END
START 7032 4244 -20472 9964 -18686 10846 END
START 8168 4720 -21208 7203 -18057 10288 END
START 9608 4912 -21604 4420 -16865 9610 END
START 10716 4952 -21776 1715 -15159 8870 END
START 11436 4840 -21172 -966 -12850 7985 END
START 11796 4576 -20644 -3363 -10354 7144 END
START 11756 4456 -19772 -5492 -7703 6333 END
START 11356 4360 -18592 -7454 -5003 5643 END
START 10728 4280 -17004 -9221 -2335 5053 END
START 9788 4204 -15900 -10727 -60 4638 END
START 8716 3960 -14448 -11916 1784 4419 END
START 7320 3544 -13084 -12985 3214 4366 END
START 6020 3436 -11712 -13839 4086 4471 END
START 4960 3164 -10284 -14424 4447 4745 END
START 4308 3072 -8992 -14806 4318 5108 END
START 4048 2908 -8144 -15167 3871 5442 END
START 4368 2616 -7052 -15314 3188 5857 END
START 4636 2504 -6408 -15318 2350 6143 END
START 5212 2452 -5532 -15250 1331 6377 END
START 6080 2300 -5076 -15154 365 6605 END
START 7056 1960 -4536 -15142 -653 6642 END
START 8408 1836 -4468 -14705 -1489 6592 END
START 9680 1848 -4192 -15101 -2216 6378 END
START 10616 1764 -4192 -14659 -2778 6020 END
START 11832 1628 -4196 -14871 -3193 5561 END
START 12644 1696 -3936 -14966 -3456 5015 END
START 13480 1704 -3960 -15291 -3608 4386 END
START 14072 1660 -3740 -15602 -3729 3660 END
START 14460 1732 -3420 -15944 -3827 2899 END
START 14496 1656 -2952 -16349 -3959 2076 END
START 14156 1580 -2476 -16711 -4336 1303 END
START 13920 1436 -2184 -17037 -4735 592 END
START 13568 1456 -1672 -17392 -5245 -113 END
START 13144 1532 -1132 -17764 -5702 -764 END
START 12812 1480 -652 -18196 -6199 -1454 END
START 12168 1584 -20 -18628 -6629 -2068 END
START 11788 1476 952 -19054 -6983 -2711 END
START 11244 1352 1488 -19518 -7119 -3313 END
START 10688 1244 2356 -19981 -7103 -3857 END
START 9724 1148 3252 -20398 -6772 -4414 END
START 8752 776 4092 -20785 -6290 -4897 END
START 7656 648 5000 -21094 -5554 -5256 END
START 6120 416 5572 -21300 -4736 -5555 END
START 5196 372 5936 -21491 -3827 -5646 END
START 3336 232 6520 -21593 -2909 -5628 END
START 1608 336 6992 -21780 -2090 -5456 END
START 16 432 7520 -21957 -1413 -5184 END
START -1488 600 7832 -22258 -837 -4835 END
START -2848 844 8484 -22683 -350 -4409 END
START -3920 928 9336 -23142 71 -3874 END
START -4900 868 9892 -23715 448 -3328 END
START -5656 892 10952 -24200 667 -2706 END
START -6192 676 11804 -24591 1119 -1997 END
START -6668 428 12852 -24993 1457 -1262 END
START -7108 124 14188 -25295 1909 -527 END
START -7444 -172 15548 -25486 2223 215 END
START -7648 -68 17040 -25603 2521 965 END
START -7900 -88 17652 -25680 2967 1728 END
START -7880 -188 19192 -25617 3387 2512 END
START -7880 -280 20380 -25493 3828 3323 END
START -7960 -608 21572 -25320 4331 4054 END
START -7996 -832 22908 -25121 4775 4776 END
START -8272 -1092 24236 -24810 5228 5502 END
START -8268 -1108 25360 -24464 5651 6230 END
START -8336 -1140 26524 -24004 6109 6997 END
START -8512 -1184 27636 -23520 6510 7705 END
START -8560 -1300 28920 -22948 6843 8376 END
START -8624 -1372 29828 -22356 7156 9052 END
START -8416 -1412 30860 -21732 7432 9717 END
START -8312 -1460 31880 -21104 7708 10356 END
START -7936 -1448 32767 -20389 8101 10957 END
START -7452 -1448 32767 -19655 8518 11513 END
START -7012 -1320 32767 -18905 9053 11988 END
START -6568 -1404 32767 -18038 9665 12365 END
START -6352 -1312 32767 -17147 10256 12795 END
START -6156 -1208 32767 -16153 10869 12837 END
START -6104 -1128 32767 -14984 11470 13305 END
START -6220 -1084 32767 -14219 12089 13564 END
START -6444 -824 32767 -12982 12771 13963 END
START -6756 -584 32767 -11992 13273 14451 END
START -7080 -500 32767 -11107 13330 14998 END
START -7548 -316 32767 -10154 13885 15572 END
START -7752 -132 32767 -9220 13890 16245 END
START -8080 -16 32767 -8323 14073 16988 END
START -8108 264 32767 -7489 14071 17798 END
START -8132 304 32767 -6630 14152 18663 END
START -7876 276 32767 -5785 14270 19599 END
START -7624 308 32767 -4965 14473 20650 END
START -7248 336 32767 -4148 14770 21684 END
START -6644 408 32767 -3357 15092 22771 END
START -5952 464 32767 -2571 15485 23767 END
START -5256 452 32767 -1794 15899 24715 END
START -4388 328 32767 -1094 16317 25616 END
START -3664 128 32767 -435 16770 26389 END
START -3004 68 32767 144 17102 27178 END
START -2528 120 32716 716 17300 27894 END
START -2180 -44 31868 1210 17351 28605 END
START -1880 -148 31156 1690 17189 29415 END
START -1192 -156 30288 2124 16961 30178 END
START -336 100 29292 2485 16767 30912 END
START 796 344 28224 2719 16640 31518 END
START 2104 512 27288 2867 16557 32048 END
START 3236 556 26712 2908 16400 32441 END
START 4256 340 26160 2878 16202 32760 END
START 5392 120 25812 2881 15935 32767 END
START 6496 -92 25824 2804 15613 32767 END
START 7624 -240 25760 2791 15365 32767 END