START -11220 1220 6556 24156 -896 3940 END
START -15072 -6196 2568 24803 -7423 9014 END
START -16524 -7012 4092 24648 -7033 16088 END
START -15836 -6448 3140 22384 -3700 24960 END
START -12912 -6872 -848 18899 -198 32253 END
START -8488 -6828 -5140 13936 304 32767 END
START -3764 -6228 -9084 7185 -76 32767 END
START -248 -5068 -10464 -803 -1241 32767 END
START 2948 -3904 -10048 -7781 -1077 32767 END
START 4156 -3304 -9092 -14032 -728 32767 END
START 7864 -3552 -7120 -18834 -2979 32767 END
START 17336 -1364 -4212 -22425 -2493 32767 END
START 24096 964 -3860 -26942 1631 32371 END
START 27776 1728 1324 -31045 3805 28176 END
START 32767 4768 8592 -32694 4430 21853 END
START 32767 8392 14584 -32768 8715 11445 END
START 32767 10208 23236 -32480 11418 -2427 END
START 32767 9188 32767 -28688 13377 -18352 END
START 29548 6276 32767 -22731 11585 -29197 END
START 22504 2816 32767 -16937 11183 -32768 END
START 14264 -2548 32767 -10737 15291 -32768 END
START 1980 -7852 32767 -3569 18553 -32768 END
START -10928 -11164 32767 6147 16269 -32768 END
START -18552 -12392 32767 16545 10073 -32768 END
START -19656 -11412 32767 26520 6427 -24029 END
START -18440 -10096 27940 32356 4649 -15629 END
START -17268 -8996 19020 32767 2863 -8020 END
START -15244 -7572 11980 32767 1196 -2318 END
START -13432 -6380 6012 32767 -235 1754 END
START -10904 -5204 -780 32767 -2206 5064 END
START -9576 -3948 -5440 31481 -4728 7700 END
START -5744 -1824 -11904 27016 -7000 10099 END
START -1196 184 -17856 18576 -8619 12113 END
START 3316 1420 -18376 10443 -9890 12590 END
START 6752 2124 -15888 5900 -13520 10829 END
START 9948 2492 -14228 4326 -19411 6727 END
START 8912 1748 -12112 4395 -28282 2231 END
START 8640 1288 -11964 6305 -32768 -1159 END
START 9364 700 -13012 5213 -32768 -3547 END
START 9732 936 -15956 -2105 -32768 -4455 END
START 7284 -232 -15976 -14553 -22023 -2669 END
START 2912 -1796 -14196 -27316 -8202 -107 END
START -1780 -3852 -11644 -32768 -217 2866 END
START -4564 -7100 -6620 -32768 169 4790 END
START -4872 -10084 336 -32768 -2707 6909 END
START -3876 -14244 14140 -32768 -3741 11051 END
START -2132 -14880 25652 -32768 8070 14990 END
START -5200 -18028 31384 -32768 29146 17203 END
START -15240 -24844 32767 -32768 32767 19201 END
START -26224 -31064 32767 -32768 11803 21527 END
START -22944 -29636 32767 -23961 -13289 25694 END
START -18676 -27812 32767 -9128 -9435 32767 END
START -15244 -26240 32767 -7504 6348 32767 END
START -8296 -25436 32767 -9156 15316 32767 END