START 1720 1716 -3300 11537 8227 10092 END
START -6656 -2124 -6512 6989 5502 13084 END
START -12880 -3144 -3444 4335 4148 18031 END
START -14284 -4684 -1156 2459 1397 23309 END
START -14412 -5992 -1024 1547 -460 29163 END
START -8772 -6100 -5300 -930 -1381 32767 END
START -5932 -6464 -6924 -5617 -1474 32767 END
START 320 -5924 -7740 -10566 -2790 32767 END
START 5920 -4748 -7832 -16326 -4282 32767 END
START 9212 -5244 -4336 -20574 -7710 32767 END
START 16572 -3768 -2716 -23758 -9812 32767 END
START 24288 -2668 748 -27156 -10017 29191 END
START 32767 20 7048 -29741 -6580 22758 END
START 32767 2216 12744 -31522 -1302 14979 END
START 32767 5792 17600 -30529 5828 4745 END
START 32767 7828 20332 -30717 12139 -6439 END
START 32767 6776 26608 -29402 14398 -16942 END
START 28956 3424 32767 -25509 11795 -27593 END
START 18692 -784 32767 -17337 5175 -32768 END
START 10388 -5476 32767 -9983 3796 -32768 END
START -3288 -11384 32767 -976 3758 -32768 END
START -11468 -12224 32767 7752 3176 -32768 END
START -16048 -11220 32767 15287 5075 -31768 END
START -19012 -10416 32767 22129 7956 -23209 END
START -19968 -8348 31996 27499 6793 -15006 END
START -18808 -7196 23008 31291 3185 -8959 END
START -15516 -5316 14464 32697 -225 -4646 END
START -12712 -3948 8424 31857 -2054 -2271 END
START -9884 -2732 3696 29878 -1729 -66 END
START -7892 -2568 -588 27656 -1473 2048 END
START -5524 -1436 -5816 23802 -3209 4026 END
START -3488 -1016 -9456 18080 -4337 5822 END
START -720 -552 -12516 12101 -6943 7457 END
START 2204 380 -13992 6620 -9887 7392 END
START 4488 916 -13916 1835 -13477 6674 END
START 6548 1320 -13960 -2218 -16306 5367 END
START 7356 1260 -13016 -5548 -17821 4246 END
START 8568 1196 -15148 -10588 -17525 2603 END
START 8468 228 -14260 -16498 -16682 226 END
START 7828 -1156 -11632 -21497 -14925 -1824 END
START 5740 -2344 -9232 -25463 -12134 -3941 END
START 2580 -4120 -10440 -31026 -9338 -3862 END
START -1076 -5924 -8920 -32768 -6863 -2508 END
START -6688 -10152 260 -32768 -7323 -831 END
START -12464 -13312 11844 -32768 -12196 3749 END
START -11652 -18368 21452 -32768 -11423 11305 END
START -8264 -21276 28896 -32768 -5789 20418 END
START -10520 -25224 32767 -32768 935 29829 END
START -8372 -27864 32767 -32768 5875 32767 END
START -5120 -29352 32767 -31375 8100 32767 END