START -5468 2812 7872 8963 14305 9943 END
START -15168 -3452 7636 11096 10687 12077 END
START -12556 -4052 3496 12129 8165 15176 END
START -11728 -4036 2496 12499 4785 17361 END
START -10164 -3244 -144 11712 3835 19020 END
START -9228 -2688 -3036 9502 2283 20864 END
START -6652 -2168 -5012 5988 1009 21885 END
START -4996 -1880 -6260 2101 2220 22687 END
START -4300 -2176 -6844 -2239 3411 23298 END
START -4332 -2768 -7288 -5948 2184 24351 END
START -3128 -3244 -7680 -9459 1202 25235 END
START -3424 -3428 -7832 -12785 461 26703 END
START -1756 -3228 -7736 -16340 194 28219 END
START -816 -3476 -7024 -20104 92 29665 END
START 3560 -3448 -5852 -23595 -635 30361 END
START 7500 -3372 -4072 -27502 -39 28438 END
START 10472 -3664 -252 -30545 -241 26231 END
START 11688 -4796 3804 -32305 -2016 23445 END
START 15976 -4792 9460 -32768 -5510 22786 END
START 28628 -3296 16800 -32768 -4585 18922 END
START 32767 -912 24156 -31731 1916 9604 END
START 32767 1920 27436 -29098 8106 -75 END
START 32767 3156 29184 -27063 11651 -9618 END
START 31444 3436 32168 -24643 11488 -16921 END
START 28540 5560 32767 -21277 10874 -24426 END
START 21644 6240 32767 -17049 6699 -32505 END
START 17360 3392 32767 -12173 2572 -32768 END
START 10728 -360 32767 -6594 1841 -32768 END
START 1648 -5160 32767 -2806 7067 -32768 END
START -9088 -8152 32767 960 11613 -32768 END
START -22192 -10584 32767 8266 9497 -32768 END
START -25916 -10460 32767 16136 3818 -27801 END
START -25300 -9876 32767 20925 352 -19136 END
START -25132 -9480 32767 24312 -254 -11528 END
START -22872 -8036 26500 26669 346 -4130 END
START -20100 -6640 20772 27259 891 1044 END
START -17780 -6484 17128 27926 17 5172 END
START -15492 -5552 13316 28940 -2171 8252 END
START -13124 -4772 8480 28968 -4142 10450 END
START -10680 -4220 4452 27378 -5281 12567 END
START -8688 -2956 1456 24049 -4992 14624 END
START -7432 -3136 1080 21496 -5046 16969 END
START -5936 -3232 716 19828 -5652 19675 END
START -3768 -3268 -604 19027 -7943 22656 END
START 3384 -2584 -3112 18503 -12977 23197 END
START 7528 -452 -4776 17300 -15241 21034 END
START 12064 412 -9560 14306 -13737 17830 END
START 13820 1520 -11336 9393 -10728 14181 END
START 15844 3100 -13920 3233 -7377 9477 END
START 15440 3776 -13092 -2999 -4492 4554 END
START 14140 3220 -11024 -7280 -3850 -363 END
START 13308 2616 -9952 -10255 -3703 -4482 END
START 13996 1560 -10300 -12917 -3747 -9735 END
START 11112 -460 -10508 -16423 -2840 -14827 END
START 7724 -2492 -10260 -21094 -854 -18261 END
START 4184 -4168 -9296 -26748 446 -20405 END
START 1540 -5028 -7516 -32106 388 -22383 END
START -1460 -7328 -4840 -32768 -1494 -23534 END
START -4728 -9812 -664 -32768 -2082 -22605 END
START -9300 -12436 4972 -32768 -1469 -18968 END
START -14688 -12828 10288 -32768 425 -12316 END
START -16484 -15456 16832 -32768 6988 -6350 END
START -21880 -19632 27064 -32768 13375 -301 END
START -27508 -23360 32767 -32768 13327 4272 END
START -32552 -26968 32767 -32768 6417 8873 END
START -32768 -30176 32767 -31194 -2479 14905 END
START -32768 -30816 32767 -22849 -9089 25346 END
START -32768 -32316 32767 -20039 -8256 32767 END
START -23008 -32768 32767 -19146 -1029 32767 END
START -10280 -32768 32767 -14141 2504 32767 END