START -7564 7196 5348 13403 3499 2700 END
START -4848 240 -10520 15237 4537 3093 END
START -8620 8136 1224 13031 3741 3121 END
START -7332 7584 3012 13646 4325 3424 END
START -11044 6048 5380 13654 3627 3619 END
START -8400 6732 1888 13390 3729 3870 END
START -10492 6204 3812 13322 3385 4124 END
START -10128 5996 2688 13202 3129 4341 END
START -10112 5856 2452 13090 3168 4659 END
START -11100 5540 3132 13047 2922 4966 END
START -10808 5632 1720 13018 2968 5399 END
START -11696 5196 1924 13049 3095 5898 END
START -11768 5260 1252 13012 3150 6418 END
START -12012 5104 540 12856 3197 6954 END
START -12404 4928 -80 12607 3200 7542 END
START -12364 5016 -1112 12204 3298 8058 END
START -12756 4992 -1256 11670 3235 8580 END
START -13016 4824 -1664 11065 3029 9157 END
START -13228 4420 -1976 10428 2945 9743 END
START -13560 4184 -2224 9691 2657 10364 END
START -13720 3840 -2852 9035 2434 10987 END
START -13696 3500 -3420 8419 2295 11676 END
START -13776 3496 -3696 7787 2249 12381 END
START -14288 3320 -3812 7304 2304 13037 END
START -14116 3560 -4272 6502 1823 13982 END
START -14220 3500 -4904 5682 1621 14780 END
START -14168 3428 -5632 4808 1476 15616 END
START -14160 3420 -5972 3883 1471 16531 END
START -14352 3156 -6044 3064 1591 17486 END
START -14408 3072 -5708 2053 1429 18497 END
START -14260 3116 -6128 944 1304 19535 END
START -13448 2664 -7028 -79 1590 20582 END
START -13472 2520 -5832 -968 1949 21642 END
START -12624 2384 -6604 -2289 2193 22658 END
START -11684 1956 -7220 -3337 3123 23624 END
START -11424 1648 -6676 -4405 4190 24627 END
START -11208 1356 -6696 -5667 5244 25591 END
START -10824 896 -6988 -6788 6327 26540 END
START -10072 476 -7664 -7893 7686 27506 END
START -10784 360 -5732 -8760 8812 28532 END
START -10300 104 -6384 -10030 9638 29533 END
START -9752 -292 -6620 -11217 10574 30641 END
START -9280 -620 -6860 -12380 11442 31727 END
START -8804 -1076 -6892 -13363 12205 32679 END
START -8188 -1420 -6220 -14469 12675 32767 END
START -7164 -2032 -6052 -15379 12801 32767 END
START -5648 -2696 -6464 -16536 13139 32767 END
START -4456 -3256 -5552 -17425 12708 32767 END
START -3176 -3968 -5376 -18435 12358 32767 END
START -1228 -4324 -5768 -19506 11946 32767 END
START 440 -4684 -5532 -20519 11585 32767 END
START 2148 -5204 -5128 -21430 11133 32767 END
START 3852 -5092 -4488 -22300 10658 32767 END
START 5916 -4912 -4500 -23186 10329 32767 END
START 7904 -4564 -4676 -24118 10268 32767 END
START 9320 -4528 -4048 -24933 10003 32767 END
START 10864 -4096 -4100 -25683 10006 32767 END
START 13072 -3596 -3600 -26419 10003 32767 END
START 14296 -3384 -3548 -27107 9984 32767 END
START 15632 -3212 -2660 -27788 9725 32767 END
START 16516 -2836 -1852 -28480 9056 32532 END
START 17820 -2500 -1416 -28982 8279 30929 END
START 18844 -2352 -1032 -29426 7649 29115 END
START 19644 -2056 -428 -29777 6923 27315 END
START 19748 -2136 188 -30017 5973 25508 END
START 19576 -1648 1444 -30141 4695 23690 END
START 19696 -1408 1904 -30274 3703 22108 END
START 20056 -824 2104 -30327 3053 20650 END
START 20076 -508 2896 -30409 2629 19470 END
START 19964 -180 3784 -30484 2194 18447 END
START 20324 8 4608 -30537 1896 17627 END
START 20400 356 5504 -30648 1600 16989 END
START 20804 748 6404 -30786 1328 16449 END
START 21252 1092 7348 -30863 1059 15990 END
START 21940 1516 8460 -30813 808 15488 END
START 22532 1836 9556 -30689 489 14974 END
START 23568 2008 10616 -30497 186 14355 END
START 24860 2344 11564 -30206 -9 13669 END
START 26412 2592 12360 -29828 54 13000 END
START 27916 3320 13260 -29457 227 12174 END
START 29672 4044 14148 -29086 680 11100 END
START 31164 4856 14920 -28777 1207 9966 END
START 32728 5472 15624 -28496 1780 8646 END
START 32767 5848 16664 -28179 2339 7118 END
START 32767 6040 17512 -27830 2616 5625 END
START 32767 6276 17712 -27457 2757 4014 END
START 32767 6440 18216 -27155 2723 2404 END
START 32767 6916 18888 -26915 2663 689 END
START 32767 7532 19416 -26790 2449 -1081 END
START 32767 8108 20184 -26715 2229 -2975 END
START 32767 8572 21096 -26702 1971 -4874 END
START 32767 8764 22188 -26610 1786 -6761 END
START 32767 8980 22904 -26510 1639 -8752 END
START 32767 9108 24296 -26331 1498 -10648 END
START 32767 9300 25776 -26052 1478 -12534 END
START 32767 9512 27524 -25655 1398 -14464 END
START 32767 9516 28764 -25114 1448 -16400 END
START 32767 9596 29848 -24498 1477 -18288 END
START 32767 9444 30988 -23874 1452 -20070 END
START 32767 9176 32268 -23191 1314 -21919 END
START 32420 8884 32767 -22393 992 -23687 END
START 31072 8644 32767 -21670 485 -25281 END
START 29740 8544 32767 -20807 -47 -26818 END
START 28408 8372 32767 -19937 -610 -28196 END
START 27116 8108 32767 -19128 -1201 -29482 END
START 26024 7816 32767 -18192 -1754 -30800 END
START 25116 7340 32767 -17332 -2308 -32113 END
START 23568 6572 32767 -16508 -2692 -32768 END
START 22348 6000 32767 -15644 -3069 -32768 END
START 20832 5424 32767 -14865 -3479 -32768 END
START 19100 4684 32767 -14170 -3993 -32768 END
START 17088 3828 32767 -13133 -4629 -32768 END
START 14960 3060 32767 -12084 -5381 -32768 END
START 12768 2516 32767 -10923 -6220 -32768 END
START 10464 2024 32767 -9605 -7219 -32768 END
START 8432 1516 32767 -8261 -8166 -32768 END
START 6532 1116 32767 -6821 -9087 -32768 END
START 4808 368 32767 -5314 -9900 -32768 END
START 2968 -276 32767 -3743 -10698 -32768 END
START 1336 -992 32767 -2008 -11301 -32768 END
START -632 -1560 32767 -291 -11843 -32768 END
START -2320 -1868 32767 1459 -12172 -32768 END
START -4216 -2152 32767 3165 -12439 -32768 END
START -6484 -2500 32767 4954 -12633 -32768 END
START -8396 -2748 32767 6609 -12815 -32768 END
START -10100 -2892 32767 8305 -12983 -32768 END
START -11532 -3060 32767 9908 -12953 -32768 END
START -12868 -2852 32767 11464 -12703 -32768 END
START -14048 -3004 32767 12985 -12278 -32768 END
START -15500 -2956 32767 14423 -11601 -32768 END
START -16864 -2784 32767 15800 -10826 -32768 END
START -17956 -2672 32767 17017 -10004 -32768 END
START -19296 -2316 32767 18206 -9082 -31688 END
START -19960 -2148 32767 19237 -8127 -30000 END
START -20616 -1960 32767 20232 -7177 -28262 END
START -20928 -1748 32767 21172 -6214 -26480 END
START -21128 -1436 32767 22011 -5279 -24787 END
START -21168 -1364 32767 22912 -4388 -23029 END
START -20956 -1408 32767 23760 -3604 -21319 END
START -20992 -1528 32767 24607 -2929 -19624 END
START -20968 -1584 32767 25391 -2461 -18015 END
START -20812 -1608 32767 26239 -2115 -16394 END
START -20612 -1260 31740 27019 -1860 -14842 END
START -20232 -1132 30440 27803 -1646 -13352 END
START -19896 -916 29296 28587 -1480 -11949 END
START -19296 -780 28096 29281 -1383 -10669 END
START -18908 -708 26808 29968 -1312 -9389 END
START -18448 -524 25548 30645 -1270 -8215 END
START -18040 -436 24168 31223 -1277 -7085 END
START -17352 -344 22912 31726 -1294 -6019 END
START -16708 -220 21588 32221 -1406 -4985 END
START -15984 -216 20352 32673 -1537 -4073 END
START -15232 -220 18892 32767 -1730 -3259 END
START -14420 -156 17740 32767 -2049 -2583 END
START -13508 -160 16392 32767 -2415 -1993 END
START -12804 72 15264 32767 -2786 -1474 END
START -11912 48 13932 32767 -3163 -1031 END
START -11116 148 12388 32767 -3504 -623 END
START -10324 368 10972 32767 -3893 -322 END
START -9728 492 9676 32767 -4304 -92 END
START -9236 632 8284 32767 -4733 102 END
START -8524 812 7044 32767 -5099 297 END
START -7920 948 5872 32767 -5548 426 END
START -7444 1032 5036 32767 -5930 553 END
START -7044 1292 3528 32767 -6163 647 END
START -6484 1336 2540 32767 -6389 751 END
START -6020 1300 1444 32632 -6496 859 END
START -5764 1484 488 32108 -6595 958 END
START -5540 1708 -192 31514 -6641 1023 END
START -5224 1756 -1160 30810 -6612 1116 END
START -5180 1648 -1916 30095 -6703 1264 END
START -5852 124 -3096 29161 -6915 1589 END
START -7096 1044 -2960 28046 -7800 1985 END
START -7104 2264 -3752 26916 -8630 2530 END
START -6656 2820 -5400 25966 -8711 2974 END
START -6312 3188 -6840 25193 -8327 3452 END
START -6460 3316 -7720 24484 -7771 4000 END
START -6584 3240 -8356 23813 -7313 4649 END
START -6688 3180 -8928 23132 -7141 5346 END
START -6604 3072 -9344 22432 -7280 6087 END
START -6388 3004 -10140 21523 -7675 6810 END
START -6248 3044 -10912 20572 -8371 7474 END
START -5924 3000 -12032 19496 -9109 8131 END
START -5388 3112 -12732 18175 -10038 8686 END
START -5040 3620 -13220 16813 -10957 9198 END
START -4060 4044 -14144 15374 -11561 9653 END
START -3348 4580 -14312 13902 -11980 10004 END
START -2284 4912 -14732 12610 -11888 10331 END
START -1352 4692 -14696 11195 -11550 10515 END
START -136 4504 -14920 10002 -11081 10625 END
START 700 4880 -14148 8759 -10276 10725 END
START 2036 5060 -13804 7771 -9292 10765 END
START 3172 4836 -13756 6862 -8073 10721 END
START 3912 4448 -13348 6018 -6963 10584 END
START 4644 4008 -12720 5261 -5988 10379 END
START 5640 4108 -12348 4475 -5165 10036 END
START 6576 4260 -12404 3747 -4389 9613 END
START 7372 4508 -12208 3010 -3673 9070 END
START 7792 4688 -11968 2320 -3129 8513 END
START 8068 4804 -11852 1675 -2741 7914 END
START 8144 4772 -11356 1001 -2516 7304 END
START 8252 4960 -10948 379 -2440 6677 END
START 8444 4816 -11120 -227 -2385 6124 END
START 8532 4688 -11044 -724 -2403 5627 END
START 8668 4736 -10660 -1282 -2490 5119 END
START 8772 4656 -10792 -1750 -2584 4579 END
START 8808 4548 -10708 -2223 -2807 4094 END
START 8764 4380 -10564 -2670 -3069 3627 END
START 8584 4164 -10460 -3091 -3501 3175 END
START 8680 4200 -10728 -3503 -3981 2805 END
START 8796 4144 -10640 -3943 -4571 2433 END
START 9116 4132 -10924 -4440 -5256 2064 END
START 9684 4004 -11196 -4920 -5816 1605 END
START 9972 3904 -11636 -5491 -6396 1151 END
START 10364 3724 -11960 -6191 -6854 669 END
START 10564 3600 -12144 -6934 -7265 216 END
START 10488 3604 -12452 -7748 -7557 -247 END
START 10516 3704 -12728 -8694 -7753 -673 END
START 10608 3752 -12712 -9701 -7786 -1047 END
START 10412 3876 -12444 -10749 -7765 -1369 END
START 10488 3724 -12456 -11876 -7675 -1719 END
START 10420 3484 -12024 -12887 -7450 -1966 END
START 10244 3256 -11912 -13929 -7076 -2206 END
START 10004 3068 -11912 -14989 -6545 -2438 END
START 9740 2596 -11480 -15939 -5936 -2633 END
START 9400 2488 -11072 -16892 -5238 -2774 END
START 9036 2136 -11004 -17908 -4519 -3025 END
START 8940 1820 -10656 -18925 -3831 -3222 END
START 8756 1676 -10464 -19961 -3128 -3483 END
START 8172 1184 -10324 -21051 -2452 -3674 END
START 7916 844 -9984 -22151 -1862 -3924 END
START 7348 420 -9348 -23259 -1455 -4108 END
START 6612 108 -9268 -24339 -1149 -4355 END
START 5912 -388 -8404 -25418 -1034 -4541 END
START 4892 -856 -7704 -26328 -1111 -4687 END
START 4116 -1364 -7188 -27298 -1423 -4801 END
START 3080 -1788 -6208 -28164 -1817 -4836 END
START 1992 -2100 -5532 -28977 -2378 -4766 END
START 996 -2180 -4724 -29689 -3059 -4630 END
START -140 -2148 -3880 -30390 -3842 -4440 END
START -676 -2172 -2940 -31066 -4662 -4157 END
START -1292 -2220 -2252 -31662 -5537 -3805 END
START -1932 -2324 -1392 -32313 -6362 -3404 END
START -2136 -2320 -756 -32768 -6936 -2993 END
START -2552 -2588 12 -32768 -7411 -2580 END
START -2512 -2592 616 -32768 -7691 -2163 END
START -2876 -2568 1140 -32768 -7888 -1746 END
START -2976 -2688 1792 -32768 -7890 -1307 END
START -3064 -2692 2304 -32768 -7699 -895 END
START -3408 -2520 2864 -32768 -7269 -393 END
START -3324 -2452 3168 -32768 -6717 89 END
START -3656 -2448 3680 -32768 -6022 571 END
START -3764 -2568 4144 -32768 -5086 1117 END
START -4104 -2688 4876 -32768 -4101 1695 END
START -4440 -2588 5520 -32768 -3119 2297 END
START -4736 -2688 6528 -32768 -1997 2886 END
START -5048 -2652 7496 -32768 -899 3483 END
START -5344 -2844 8696 -32768 185 4123 END
START -5920 -3224 9920 -32768 1092 4807 END
START -6488 -3748 11276 -32768 1713 5654 END
START -7272 -4192 12884 -32768 2110 6512 END
START -7600 -4352 14268 -32768 2295 7454 END
START -8068 -4752 15664 -32768 2380 8329 END
START -8200 -4760 17424 -32768 2459 9255 END
START -8128 -4656 18740 -32768 2570 10041 END
START -8068 -4680 20248 -32768 2730 10752 END
START -7956 -4420 21880 -32768 3138 11409 END
START -7232 -4396 23124 -32768 3728 12019 END
START -6952 -4536 25268 -32768 4356 12566 END
START -6120 -5252 27332 -32768 5288 12922 END
START -5852 -5316 29484 -32768 6108 13109 END
START -5836 -5540 31400 -32768 7055 13584 END
START -5876 -5568 32767 -32768 7739 13824 END
START -5764 -5540 32767 -32768 8465 13932 END
START -5416 -5572 32767 -32768 9091 13956 END
START -5360 -5788 32767 -32768 9711 13785 END
START -5452 -6184 32767 -32768 10239 13553 END
START -5668 -6432 32767 -32768 10691 13375 END
START -6556 -6528 32767 -32768 10786 13208 END
START -7872 -6560 32767 -32768 10516 12873 END
START -9088 -6756 32767 -32768 9862 13069 END
START -10448 -6752 32767 -32768 8872 13464 END
START -11444 -6992 32767 -32768 7662 13849 END
START -12852 -7008 32767 -31518 6275 14515 END
START -13740 -6944 32767 -29577 4734 15317 END
START -14108 -6936 32767 -27545 3119 16126 END
START -14196 -6644 32767 -25512 1694 16985 END
START -14252 -6616 32767 -23505 287 17861 END
START -14244 -6684 32767 -21337 -1000 18876 END
START -13924 -6624 32767 -19100 -2039 19916 END
START -13964 -6812 32767 -16756 -2888 21044 END
START -13684 -6884 32767 -14224 -3463 22275 END
START -13520 -7032 32767 -12153 -3792 23482 END
START -12960 -7012 32767 -9787 -3920 24818 END
START -12812 -7128 32767 -7530 -3991 26175 END
START -12576 -7072 32767 -5532 -4003 27534 END
START -12184 -6828 32767 -3692 -4008 28935 END
START -11600 -6860 32767 -2216 -3932 30418 END
START -10832 -6680 32767 -986 -3711 31836 END
START -9564 -6540 32767 -99 -3306 32767 END
START -8272 -6244 32767 448 -2641 32767 END
START -6548 -6108 32767 744 -1612 32767 END
START -4684 -6044 32767 792 -370 32767 END
START -2580 -6096 32767 623 1020 32767 END
START -564 -5948 32767 319 2500 32767 END
START 1580 -5796 32452 -34 3860 32767 END
START 3708 -5676 32392 -437 5207 32767 END
START 6224 -5632 32096 -882 6484 32767 END
START 8660 -5516 32120 -1155 7516 32767 END
START 11344 -5460 32576 -1427 8478 32767 END
START 14544 -5272 32596 -1558 9328 32767 END
START 17992 -5104 32767 -1456 10241 32767 END
START 21560 -4948 32420 -1192 11259 32767 END
START 24556 -5120 32000 -827 12309 32767 END
START 27056 -4556 32336 -370 13348 32767 END
START 29668 -4164 32048 301 13398 32767 END
START 31988 -3048 32052 1060 13738 32767 END
START 32767 -2108 31716 1839 13243 32767 END
START 32767 -1188 31648 2625 12981 30911 END
START 32767 -460 30792 3392 13118 28237 END
START 32767 60 30188 4052 12918 25627 END
START 32767 892 29748 4588 12807 22940 END
START 32767 1348 29108 5287 12684 20254 END
START 32767 1776 29136 5980 12267 17714 END
START 32767 2096 28336 6782 12014 15105 END
START 32767 2248 27664 7568 11499 12614 END
START 32767 2060 27348 8384 10789 10504 END
START 32636 1892 26604 9128 9988 8477 END
START 31236 1716 25912 9879 9093 6692 END
START 29656 1408 24928 10584 8136 5105 END
START 28124 1380 23784 11328 7231 3784 END
START 26520 1276 22932 11976 6368 2680 END
START 25120 1284 21820 12609 5617 1766 END
START 23732 1428 20764 13216 4981 1073 END