START -7396 1920 7724 16802 3674 5342 END
START -6352 -5440 -5952 18984 5175 5966 END
START -3312 4192 964 16860 4212 6378 END
START -11200 1500 9488 17911 4673 6807 END
START -7736 1348 3248 17512 5404 7505 END
START -8360 1688 3168 17202 5048 8125 END
START -10416 1156 3980 16753 5893 8893 END
START -8120 1536 -84 16221 6658 9776 END
START -10956 1464 2472 15609 7121 10697 END
START -9576 1752 -268 14938 7826 11839 END
START -10972 1736 384 14215 8008 12855 END
START -10680 1572 -732 13509 8565 13811 END
START -11344 1360 -1044 12749 8703 14993 END
START -12388 1148 -804 12064 8674 16297 END
START -11956 884 -2556 11452 8469 17527 END
START -13100 504 -2076 10891 8001 18862 END
START -11972 632 -3732 10277 7259 20141 END
START -12364 468 -4096 9580 6427 21397 END
START -11620 372 -5152 8706 5605 22685 END
START -11708 544 -5212 7640 4569 23830 END
START -10532 480 -6536 6376 3884 25005 END
START -9708 276 -7136 4988 3285 26114 END
START -8228 372 -7904 3610 3124 27084 END
START -6704 260 -8568 2127 3302 28022 END
START -5212 288 -8516 663 3597 28732 END
START -3588 284 -9164 -847 4172 29367 END
START -2748 136 -8928 -2337 4757 29786 END
START -1620 -152 -8512 -3816 5466 30172 END
START -464 -320 -8232 -5235 6012 30422 END
START 504 -424 -7860 -6522 6590 30603 END
START 1784 -500 -7772 -7712 7200 30684 END
START 2856 -492 -7216 -8961 7895 30660 END
START 3756 -128 -6644 -10129 8630 30468 END
START 4504 36 -5840 -11350 9268 30204 END
START 5260 88 -4980 -12451 9848 29873 END
START 5772 236 -4048 -13434 10360 29484 END
START 6300 392 -2932 -14404 10699 29027 END
START 6536 444 -2088 -14977 10779 28613 END
START 6876 560 -1004 -15799 10665 28176 END
START 7200 288 -256 -16197 10390 27780 END
START 7460 -28 316 -16468 10032 27427 END
START 7924 -112 864 -16651 9501 27073 END
START 8192 -152 1724 -16667 8683 26769 END
START 8620 -180 2228 -16624 7794 26469 END
START 9668 28 2748 -16557 6818 26145 END
START 10932 320 2916 -16497 5967 25768 END
START 12388 516 2940 -16506 5112 25293 END
START 13996 696 3084 -16599 4497 24691 END
START 15420 896 3100 -16750 4053 23927 END
START 16692 1160 3516 -16986 3739 23064 END
START 17368 1112 3944 -17216 3406 22152 END
START 17932 1328 4308 -17411 3081 21156 END
START 18192 1588 4560 -17576 2804 20251 END
START 18356 1888 4632 -17758 2559 19424 END
START 18676 2384 5276 -17967 2420 18606 END
START 18884 2628 5280 -18248 2341 17870 END
START 18976 2772 5860 -18512 2264 17229 END
START 19444 2980 6236 -18839 2259 16619 END
START 20064 3116 6852 -19109 2243 16039 END
START 21020 3196 7444 -19371 2301 15396 END
START 22048 3488 8312 -19421 2365 14695 END
START 23052 3780 9092 -19453 2400 13831 END
START 24064 4040 9732 -19402 2444 12970 END
START 25108 4364 10300 -19334 2569 11820 END
START 25620 4356 10820 -19230 2636 10601 END
START 26040 4656 11236 -19144 2687 9443 END
START 26404 5044 11480 -19153 2806 8213 END
START 26544 5508 11828 -19264 2889 7024 END
START 26744 6076 11924 -19429 3137 5898 END
START 26636 6628 12584 -19721 3340 4697 END
START 26536 6976 13020 -20063 3614 3614 END
START 26668 7372 13432 -20446 3909 2524 END
START 26576 7468 14612 -20804 4193 1429 END
START 26440 7592 15136 -20970 4460 333 END
START 26096 7584 16328 -21043 4571 -741 END
START 26072 7632 17344 -21024 4610 -1777 END
START 25892 8064 18380 -20920 4637 -2896 END
START 25920 8388 19084 -20889 4726 -4022 END
START 26120 8716 19676 -20909 4820 -5240 END
START 26428 8976 20352 -21012 5063 -6454 END
START 26572 8948 20964 -21143 5381 -7846 END
START 26560 8924 21928 -21238 5871 -9208 END
START 26640 8696 22748 -21372 6364 -10740 END
START 26152 8428 24088 -21372 6816 -12168 END
START 25500 8020 25152 -21317 7260 -13641 END
START 24964 7568 26020 -21168 7557 -15113 END
START 23832 7260 27372 -20965 7850 -16451 END
START 23120 6996 28088 -20659 7934 -17748 END
START 21636 6560 29488 -20249 7830 -19010 END
START 20772 6172 30224 -19791 7513 -20154 END
START 19608 5672 31384 -19301 7086 -21275 END
START 18456 5156 32296 -18762 6566 -22414 END
START 17564 4672 32767 -18187 6009 -23508 END
START 16532 4260 32767 -17585 5456 -24576 END
START 15584 3924 32767 -17030 4855 -25543 END
START 14556 3324 32767 -16384 4232 -26505 END
START 13572 2888 32767 -15701 3578 -27407 END
START 12456 2400 32767 -14998 2930 -28228 END
START 11476 1684 32767 -14137 2141 -29037 END
START 10236 1128 32767 -12968 1326 -29771 END
START 9220 500 32767 -11863 511 -30441 END
START 8268 0 32767 -10649 -369 -31069 END
START 7100 -648 32767 -9427 -1230 -31609 END
START 5884 -1184 32767 -8105 -2185 -32099 END
START 4580 -1580 32767 -6610 -3105 -32507 END
START 3404 -2024 32767 -5140 -3844 -32735 END
START 2232 -2440 32767 -3572 -4402 -32768 END
START 1116 -3136 32767 -1841 -4861 -32768 END
START -32 -3548 32767 -70 -5161 -32624 END
START -1568 -3968 32767 1631 -5420 -32285 END
START -2932 -4152 32767 3454 -5680 -31822 END
START -4048 -4328 32767 5270 -5935 -31230 END
START -5208 -4420 32767 7113 -6140 -30484 END
START -6248 -4412 32767 8794 -6261 -29679 END
START -7060 -4508 32767 10488 -6320 -28812 END
START -7868 -4452 32767 12002 -6422 -27881 END
START -8796 -4448 32767 13572 -6412 -26848 END
START -9348 -4288 32767 15004 -6305 -25747 END
START -10112 -4304 32767 16342 -6178 -24614 END
START -10664 -4196 32767 17577 -6049 -23368 END
START -11276 -3984 32767 18720 -5977 -22032 END
START -12032 -3800 32767 19783 -5989 -20691 END
START -12564 -3652 32767 20794 -6030 -19253 END
START -13100 -3408 32284 21775 -6122 -17735 END
START -13912 -3052 31236 22678 -6271 -16153 END
START -14480 -2656 29824 23505 -6460 -14530 END
START -14848 -2428 28656 24326 -6743 -12907 END
START -15048 -2240 27456 25113 -6964 -11285 END
START -15096 -2064 26132 25828 -7306 -9668 END
START -14984 -1948 24960 26529 -7619 -8178 END
START -14740 -1868 23588 27224 -7975 -6635 END
START -14332 -1756 22228 27727 -8271 -5173 END
START -13552 -1612 20444 28294 -8420 -3757 END
START -12664 -1216 18836 28627 -8260 -2350 END
START -12168 -1084 17512 28979 -8162 -1115 END
START -11292 -744 16000 29136 -7766 169 END
START -10632 -544 14452 29156 -7366 1241 END
START -9708 -532 12672 29125 -6939 2308 END
START -8524 -176 11252 28963 -6399 3269 END
START -7464 80 9732 28660 -5707 4080 END
START -6404 408 8252 28266 -5034 4740 END
START -5472 1192 6968 27837 -4340 5330 END
START -4368 1592 5488 27087 -3620 5781 END
START -3076 1808 4572 26338 -2912 6163 END
START -1924 1772 3264 25495 -2161 6442 END
START -976 2028 2168 24547 -1478 6632 END
START -160 2384 1620 23513 -890 6731 END
START 720 2956 856 22533 -398 6729 END
START 1420 3404 288 21591 83 6624 END
START 2368 3852 -576 20598 587 6421 END
START 3092 4220 -796 19652 1017 6152 END
START 3632 4468 -1204 18668 1478 5739 END
START 4172 4768 -1652 17669 1870 5299 END
START 4480 4988 -2056 16734 2125 4808 END
START 4756 5084 -2368 15833 2241 4255 END
START 4908 5068 -2808 14943 2200 3755 END
START 4672 5048 -3160 14113 2163 3309 END
START 4144 5008 -3256 13309 1792 2930 END
START 3672 4920 -3400 12632 1333 2615 END
START 3232 4904 -3636 12018 686 2419 END
START 2868 4984 -4020 11460 6 2238 END
START 2724 5068 -4244 10925 -811 2104 END
START 2660 4904 -4396 10399 -1702 2027 END
START 2596 4912 -4692 9894 -2661 1957 END
START 2496 4912 -4692 9426 -3641 1894 END
START 2516 4976 -4788 8879 -4630 1841 END
START 2444 5032 -4940 8335 -5692 1820 END
START 2536 4888 -4968 7827 -6606 1753 END
START 2872 4992 -4908 7369 -7474 1727 END
START 3324 4736 -5008 6852 -8194 1704 END
START 3964 4784 -5044 6453 -8699 1664 END
START 4776 4672 -5040 6026 -8970 1585 END
START 5660 4740 -5100 5700 -9001 1485 END
START 6328 4748 -5376 5350 -8809 1313 END
START 6664 4764 -5564 5009 -8507 1015 END
START 7144 4732 -5928 4620 -8143 689 END
START 7280 4724 -6208 4196 -7702 426 END
START 7340 4696 -6664 3747 -7329 139 END
START 7524 4720 -7080 3181 -6891 -77 END
START 7652 4700 -7632 2533 -6507 -282 END
START 7652 4908 -8356 1756 -6115 -473 END
START 7760 5012 -8700 920 -5843 -654 END
START 7700 5152 -9028 27 -5564 -892 END
START 7708 5024 -9292 -944 -5405 -1087 END
START 7728 5036 -9588 -1940 -5168 -1275 END
START 7704 4984 -9744 -2998 -4842 -1455 END
START 7820 4840 -9852 -4034 -4494 -1590 END
START 7852 4768 -9836 -5059 -4086 -1734 END
START 7892 4648 -9980 -6145 -3565 -1827 END
START 8056 4596 -9876 -7185 -3036 -1906 END
START 8132 4228 -9784 -8266 -2469 -2027 END
START 8068 4128 -9500 -9203 -1940 -2147 END
START 7964 3824 -9220 -10222 -1508 -2285 END
START 7708 3588 -8856 -11159 -1164 -2394 END
START 7432 3284 -8412 -12041 -994 -2490 END
START 7052 3060 -8128 -12874 -987 -2547 END
START 6852 2960 -7888 -13713 -1046 -2585 END
START 6600 2616 -7664 -14568 -1164 -2665 END
START 6452 2348 -7420 -15035 -1344 -2737 END
START 6436 2096 -6796 -15951 -1541 -2791 END
START 6292 1720 -6476 -16693 -1751 -2879 END
START 6000 1440 -6036 -17404 -2047 -2960 END
START 5804 1308 -5432 -18081 -2346 -3006 END
START 5420 1012 -4896 -18731 -2705 -3086 END
START 5240 952 -4344 -19340 -3130 -3144 END
START 5160 788 -3748 -19898 -3600 -3210 END
START 5044 508 -3084 -20383 -4104 -3309 END
START 5036 200 -2432 -20899 -4614 -3460 END
START 4816 -52 -1784 -21329 -5100 -3618 END
START 4624 -228 -1204 -21755 -5540 -3786 END
START 4152 -468 -600 -22168 -6038 -3875 END
START 3700 -576 336 -22541 -6614 -4018 END
START 3472 -604 1200 -22885 -7157 -4077 END
START 3180 -836 2212 -23179 -7850 -4102 END
START 3084 -916 2936 -23464 -8519 -4117 END
START 2824 -992 4004 -23721 -9159 -4092 END
START 2596 -972 4644 -23917 -9786 -4099 END
START 2544 -920 5284 -24047 -10222 -4088 END
START 2300 -704 5852 -24200 -10571 -3974 END
START 2076 -652 6508 -24367 -10770 -3819 END
START 1528 -504 7268 -24531 -10842 -3594 END
START 872 -192 8064 -24755 -10842 -3174 END
START 328 104 8612 -25049 -10693 -2724 END
START -96 584 9304 -25363 -10350 -2136 END
START -300 836 9972 -25720 -9762 -1514 END
START -488 924 10704 -26052 -9105 -872 END
START -500 892 11380 -26414 -8166 -185 END
START -564 924 12172 -26799 -7114 461 END
START -840 884 12836 -27238 -5984 1112 END
START -1064 844 13456 -27741 -4703 1781 END
START -1292 664 14172 -28288 -3362 2452 END
START -1488 556 14600 -28887 -2049 3066 END
START -2372 408 15924 -29618 -718 3681 END
START -2404 448 16176 -30367 699 4355 END
START -3008 -168 17244 -31138 1889 4994 END
START -3752 -792 18872 -31989 2975 5615 END
START -4100 -1284 19800 -32697 3878 6350 END
START -5252 -1904 22044 -32768 4556 7074 END
START -5484 -2408 23132 -32768 4963 7826 END
START -5944 -2688 24868 -32768 5338 8605 END
START -6484 -3092 27128 -32768 5570 9416 END
START -6876 -3444 28744 -32768 5732 10198 END
START -7268 -3780 30796 -32768 5863 11015 END
START -7404 -4200 32760 -32768 6005 11817 END
START -7628 -4652 32767 -32768 6036 12895 END
START -7636 -4844 32767 -32768 6059 13510 END
START -7484 -5272 32767 -32418 6037 14506 END
START -7364 -5556 32767 -31423 5892 15356 END
START -7108 -6248 32767 -29946 5715 16199 END
START -6860 -6764 32767 -28185 5484 16986 END
START -6592 -7148 32767 -25926 5246 17726 END
START -6696 -7168 32767 -23543 4887 18405 END
START -6488 -7252 32767 -20797 4394 19069 END
START -6296 -7696 32767 -18104 3793 19693 END
START -6108 -7764 32767 -15277 3004 20298 END
START -5928 -7864 32767 -12866 2183 20986 END
START -5688 -7556 32767 -10269 1296 21698 END
START -5164 -7236 32767 -7966 482 22485 END
START -4280 -6952 32767 -6015 -249 23192 END
START -3208 -6632 32767 -4213 -856 23931 END
START -2128 -6332 32767 -2555 -1293 24511 END
START -868 -6136 32767 -1018 -1616 25012 END
START -32 -5948 32767 302 -1893 25439 END
START 888 -5688 32767 1427 -2139 25819 END
START 1400 -5516 32767 2438 -2314 26183 END
START 2396 -5148 32767 3384 -2440 26550 END
START 3388 -4748 32767 4201 -2388 26904 END
START 4712 -4380 32767 4933 -2129 27207 END
START 5940 -4008 32767 5595 -1719 27407 END
START 7108 -3596 32767 6160 -1252 27548 END
START 8308 -3272 32767 6672 -636 27532 END
START 9316 -2924 32767 7128 -39 27423 END
START 10292 -2716 31792 7525 643 27281 END
START 11040 -2376 30780 7846 1267 27111 END
START 11720 -2084 29728 8044 1885 26871 END
START 12276 -1856 28740 8150 2551 26642 END
START 13040 -1500 27696 8172 3198 26418 END