START -7412 604 8048 26092 1840 -2106 END
START -4720 -6324 -7900 27817 3632 -1128 END
START -4992 4120 2776 24984 4006 -460 END
START -8728 1728 8720 25599 4098 457 END
START -8440 1064 5960 24838 4148 1169 END
START -6844 1520 4400 24352 4546 1970 END
START -8508 836 5544 23724 4699 2601 END
START -6020 1096 2404 23261 5428 3329 END
START -8412 732 4956 22759 5463 4083 END
START -6588 1012 2436 22351 5718 4861 END
START -8252 676 3820 21936 5738 5682 END
START -7376 856 2132 21600 5807 6465 END
START -7788 696 2212 21288 5773 7289 END
START -7532 688 1508 20957 5769 8072 END
START -7872 784 1196 20580 5776 8926 END
START -7400 896 296 20175 5725 9657 END
START -7920 828 12 19751 5825 10420 END
START -7760 904 -1188 19254 5806 11176 END
START -8396 716 -1624 18706 5728 11974 END
START -9084 600 -1908 18174 5386 13077 END
START -9604 636 -2636 17649 4903 13921 END
START -10076 784 -3200 17139 4355 15071 END
START -10196 1028 -4008 16601 3839 16270 END
START -9960 996 -4704 16005 3363 17590 END
START -9900 864 -5320 15441 2865 18786 END
START -9752 568 -6364 14778 2383 20040 END
START -10024 276 -7024 14166 1725 21290 END
START -10448 172 -7824 13543 792 22674 END
START -10740 -116 -9024 12881 -341 24147 END
START -10464 -192 -10528 12044 -1595 25692 END
START -9992 36 -12172 11041 -2905 27248 END
START -8828 -60 -13824 9732 -4030 28705 END
START -7560 60 -15436 8201 -4886 30059 END
START -5472 180 -16972 6468 -5345 31112 END
START -3312 188 -17652 4412 -5292 31914 END
START -1064 172 -18472 2219 -4645 32544 END
START 836 -144 -18700 -5 -3703 32767 END
START 2588 -304 -18696 -2111 -2415 32767 END
START 3740 -556 -18376 -4323 -675 32767 END
START 5136 -764 -17856 -6502 1312 32767 END
START 6036 -756 -17540 -8485 3716 32767 END
START 7516 -812 -16988 -10515 6498 32767 END
START 8728 -704 -16136 -12485 9480 32767 END
START 9708 -820 -15244 -14410 12499 32767 END
START 10304 -612 -13344 -15963 15265 32468 END
START 10508 -536 -11844 -17530 17550 32082 END
START 10972 -372 -10016 -18805 19278 31621 END
START 11468 -280 -8436 -19760 20367 31129 END
START 12316 -120 -7188 -20543 21124 30631 END
START 13092 204 -5940 -21137 21416 30062 END
START 14384 344 -4536 -21582 21323 29374 END
START 15636 628 -3204 -21861 20850 28586 END
START 16872 1092 -1876 -21940 20021 27639 END
START 17556 1384 -508 -21826 18768 26505 END
START 18980 1636 -32 -21611 17458 25327 END
START 19776 1884 444 -21238 15885 24048 END
START 20192 2148 816 -20861 14242 22770 END
START 20412 2504 1208 -20468 12361 21504 END
START 20348 2808 1268 -20140 10536 20424 END
START 20368 3108 716 -19943 8622 19453 END
START 20488 3304 164 -19902 6989 18728 END
START 21040 3752 -648 -20046 5587 18008 END
START 21820 4220 -1344 -20395 4509 17363 END
START 22292 4600 -1480 -20949 3556 16673 END
START 22888 4748 -1620 -21684 2794 15909 END
START 23160 4904 -996 -22412 2097 15102 END
START 23452 5068 -140 -23178 1599 14313 END
START 23632 5136 928 -23907 1182 13486 END
START 23952 5216 1948 -24474 945 12758 END
START 24436 5392 3244 -24928 1011 12383 END
START 25088 5528 4388 -25273 1369 11742 END
START 26660 6040 6056 -25489 2102 11132 END
START 27808 6472 7316 -25580 3137 10408 END
START 28932 6928 8888 -25619 4398 9501 END
START 29932 7404 10108 -25669 5789 8473 END
START 30808 7732 11576 -25611 7127 7323 END
START 31480 7896 12892 -25531 8353 6003 END
START 32016 7932 14032 -25351 9490 4687 END
START 32452 8356 15272 -25069 10184 3247 END
START 32767 8960 16740 -24733 10800 1785 END
START 32767 9488 17288 -24480 11300 204 END
START 32767 9672 18476 -24181 11691 -1618 END
START 32767 9920 19512 -23867 11782 -3508 END
START 32767 10112 20196 -23633 11749 -5590 END
START 32767 10140 21476 -23329 11609 -7706 END
START 32767 10088 22464 -23015 11281 -9722 END
START 32767 9876 23500 -22579 10766 -11684 END
START 32188 9692 24520 -22205 10078 -13450 END
START 30884 9528 25624 -21745 9235 -15260 END
START 30032 9328 26176 -21286 8480 -16805 END
START 29016 9296 27060 -20825 7710 -18359 END
START 28356 9196 27928 -20417 6960 -19840 END
START 27592 9164 28744 -20072 6341 -21297 END
START 27012 8900 29616 -19770 5770 -22793 END
START 26252 8508 30624 -19394 5416 -24316 END
START 25616 8080 31428 -19082 5287 -25787 END
START 24840 7540 32340 -18597 5232 -27259 END
START 23764 7044 32767 -18083 5147 -28721 END
START 22592 6496 32767 -17443 4983 -30100 END
START 21112 5860 32767 -16691 4805 -31348 END
START 18800 4916 32767 -15678 4433 -32634 END
START 17052 4320 32767 -14434 3983 -32768 END
START 15172 3756 32767 -13523 3503 -32768 END
START 13324 3136 32767 -12069 2834 -32768 END
START 11448 2672 32767 -10677 2090 -32768 END
START 9664 2304 32767 -9227 1403 -32768 END
START 8248 2016 32767 -7798 842 -32768 END
START 7124 1744 32767 -6383 380 -32768 END
START 6156 1324 32767 -4940 107 -32768 END
START 5096 888 32767 -3566 107 -32768 END
START 4372 256 32767 -2059 190 -32768 END
START 3300 -520 32767 -616 399 -32768 END
START 2104 -1060 32767 809 583 -32768 END
START 664 -1628 32767 2325 831 -32768 END
START -828 -1944 32767 3715 959 -32768 END
START -2012 -1928 32767 5099 1077 -32768 END
START -3428 -2024 32767 6391 1122 -32768 END
START -5552 -1776 32767 7741 1102 -32768 END
START -6972 -1848 32767 8963 1116 -32768 END
START -8292 -1828 32767 10146 1022 -32768 END
START -9616 -1852 32767 11382 912 -32768 END
START -10628 -1668 32767 12498 743 -31912 END
START -11884 -1540 32767 13675 533 -30599 END
START -12876 -1252 32767 14811 294 -29286 END
START -13716 -1240 32192 16016 90 -27879 END
START -14428 -1240 31164 17151 -70 -26380 END
START -15196 -1084 30124 18282 -174 -24834 END
START -15828 -1092 29212 19441 -234 -23077 END
START -16480 -1040 28160 20508 -302 -21344 END
START -16984 -956 27056 21566 -369 -19410 END
START -17316 -700 25680 22509 -353 -17475 END
START -17580 -476 24340 23377 -313 -15553 END
START -17776 -116 23256 24149 -292 -13524 END
START -17696 232 21900 24780 -288 -11660 END
START -17516 376 20488 25308 -287 -9770 END
START -17116 424 19236 25758 -225 -8015 END
START -16700 448 17932 26137 -169 -6326 END
START -16172 668 16816 26441 -73 -4799 END
START -15676 856 15580 26661 5 -3263 END
START -14856 992 14256 26867 81 -1854 END
START -14008 1140 13088 27002 101 -459 END
START -13184 1236 11964 27098 127 789 END
START -12404 1244 11016 27124 27 2011 END
START -11692 1164 9920 27151 -181 3116 END
START -10984 1252 8724 27150 -433 4200 END
START -10180 1080 7492 27125 -763 5220 END
START -9348 1060 6192 27080 -1188 6166 END
START -8612 1140 4488 26986 -1686 7070 END
START -7644 1076 3120 26747 -2258 7951 END
START -6496 1264 1632 26394 -2826 8735 END
START -5588 1520 140 25840 -3565 9429 END
START -4220 2036 -1428 25094 -4114 9973 END
START -2800 2428 -2808 24165 -4623 10383 END
START -1336 2828 -4132 23041 -5043 10580 END
START 212 3188 -5164 21757 -5320 10646 END
START 1536 3468 -6076 20475 -5480 10507 END
START 2692 3664 -6916 19125 -5557 10182 END
START 3452 3604 -7284 17794 -5422 9802 END
START 4124 3712 -7788 16583 -5221 9339 END
START 4372 3880 -8216 15395 -5046 8961 END
START 4452 3988 -8412 14241 -4800 8566 END
START 4516 4376 -8724 13132 -4606 8263 END
START 4608 4640 -9096 12041 -4400 7982 END
START 4444 4852 -8936 10975 -4219 7777 END
START 4188 5000 -8948 9927 -4198 7655 END
START 4140 4944 -8632 8899 -4187 7531 END
START 4200 5100 -8508 7978 -4228 7552 END
START 4352 5208 -8180 7179 -4172 7579 END
START 4528 5128 -7856 6400 -4072 7675 END
START 4612 5132 -7764 5793 -3892 7785 END
START 4976 5164 -7384 5139 -3645 7892 END
START 5416 5224 -7172 4602 -3406 8020 END
START 5932 5168 -6936 4047 -3130 8152 END
START 6580 5188 -6772 3521 -2882 8225 END
START 7524 5248 -6676 3067 -2689 8258 END
START 8132 5224 -6776 2653 -2479 8223 END
START 9020 5236 -6784 2254 -2307 8083 END
START 9904 5260 -7044 1820 -2131 7820 END
START 10720 5536 -7248 1369 -2023 7423 END
START 11308 5836 -7520 827 -1906 6964 END
START 11836 5928 -7748 270 -1874 6510 END
START 12292 6068 -8220 -337 -1947 5934 END
START 12440 6120 -8548 -920 -1996 5400 END
START 12676 6216 -8968 -1601 -2038 4820 END
START 13008 6132 -9132 -2291 -2054 4260 END
START 13148 6112 -9248 -3022 -2074 3749 END
START 13276 6060 -9364 -3775 -2140 3258 END
START 13484 6040 -9552 -4543 -2266 2713 END
START 13828 6020 -9756 -5330 -2503 2240 END
START 14352 6060 -9968 -6167 -2629 1627 END
START 14492 6000 -9848 -7021 -2799 960 END
START 14784 5884 -9988 -7847 -2898 253 END
START 14632 5712 -9856 -8757 -3035 -501 END
START 14212 5560 -9760 -9631 -3252 -1244 END
START 13800 5468 -9532 -10523 -3521 -1979 END
START 13316 5068 -9280 -11372 -3776 -2641 END
START 12784 4948 -8904 -12207 -4106 -3253 END
START 12036 4464 -8432 -12965 -4430 -3818 END
START 11240 3952 -7992 -13701 -4791 -4312 END
START 10204 3492 -7460 -14286 -5357 -4675 END
START 9412 3260 -6756 -14876 -5981 -4934 END
START 8440 2920 -6080 -15458 -6833 -5132 END
START 7636 2940 -5396 -15941 -7631 -5241 END
START 6892 2752 -4712 -16463 -8445 -5300 END
START 6296 2736 -4132 -16978 -9323 -5288 END
START 5848 2552 -3200 -17477 -10120 -5258 END
START 5284 2392 -2620 -17998 -10906 -5193 END
START 4864 1896 -2060 -18375 -11572 -5138 END
START 4428 1728 -1152 -18715 -12124 -5024 END
START 3876 1516 -576 -19004 -12665 -4911 END
START 3228 1296 -132 -19315 -13112 -4703 END
START 2760 1148 128 -19630 -13379 -4485 END
START 2260 1232 328 -19937 -13358 -4231 END
START 1988 1340 292 -20431 -13012 -3963 END
START 1636 1568 224 -21033 -12289 -3653 END
START 1420 1604 360 -21723 -11109 -3356 END
START 1220 1592 308 -22535 -9572 -3001 END
START 824 1680 332 -23452 -7726 -2619 END
START 232 1488 508 -24441 -5857 -2214 END
START -428 1360 784 -25507 -3804 -1669 END
START -1436 1228 1516 -26597 -1986 -1074 END
START -2160 1232 1840 -27732 -210 -385 END
START -2936 1140 2716 -28771 1379 399 END
START -3408 1132 3168 -29845 2718 1184 END
START -4344 832 4592 -30815 3757 2039 END
START -4636 644 5236 -31801 4798 2975 END
START -5148 216 6824 -32538 5418 3844 END
START -5536 -100 8216 -32768 5874 4736 END
START -5844 -280 9648 -32768 6042 5677 END
START -6040 -576 11152 -32768 6117 6536 END
START -6372 -608 12668 -32768 5913 7441 END
START -6360 -644 14148 -32768 5702 8167 END
START -6192 -776 15508 -32768 5530 8877 END
START -5920 -856 16872 -32768 5376 9558 END
START -5760 -1004 18336 -32768 5383 10072 END
START -5460 -1356 19776 -32768 5490 10592 END
START -5500 -1724 21104 -32768 5650 11049 END
START -5484 -1956 22548 -32768 5809 11437 END
START -5824 -2244 23788 -32768 5952 11924 END
START -6128 -2488 24960 -32426 6076 12510 END
START -6252 -2680 25836 -31753 6167 13023 END
START -6336 -2664 26556 -31167 6357 13366 END
START -6240 -2700 27228 -30566 6569 13979 END
START -5920 -2656 28352 -29981 6864 14479 END
START -5620 -2504 29112 -29434 7217 15028 END
START -5276 -2780 29676 -28920 7613 15505 END
START -5088 -2760 30712 -28388 7939 15969 END
START -4880 -2856 31416 -27845 8281 16385 END
START -4852 -3104 32060 -27259 8551 16772 END
START -4736 -3224 32767 -26671 8685 17181 END
START -4616 -3288 32767 -25979 8725 17508 END
START -5036 -3164 32767 -25293 8526 17804 END
START -5348 -3284 32767 -24608 8190 18139 END
START -5632 -3388 32767 -23802 7717 18504 END
START -5880 -3364 32767 -22950 7228 18857 END
START -6240 -3596 32767 -21946 6590 19252 END
START -6476 -3620 32767 -20928 5903 19600 END
START -6824 -3624 32767 -19742 5159 19997 END
START -7112 -3820 32767 -18653 4456 20421 END
START -7592 -3716 32767 -17476 3669 20900 END
START -8008 -3756 32767 -16253 2898 21495 END
START -8656 -3664 32767 -14793 2122 22276 END
START -8872 -3696 32767 -13811 1470 23137 END
START -8872 -3868 32767 -12451 1048 24076 END
START -8968 -3960 32767 -11212 811 25111 END
START -9136 -4272 32767 -9976 624 26248 END
START -9056 -4424 32767 -8733 581 27447 END
START -8752 -4680 32767 -7459 632 28697 END
START -8476 -4916 32767 -6300 832 29963 END
START -8076 -5300 32767 -5098 1131 31273 END
START -7580 -5572 32767 -3905 1582 32578 END
START -6996 -5832 32767 -2800 2166 32767 END
START -6248 -6236 32767 -1622 2824 32767 END
START -5196 -6492 32767 -581 3657 32767 END
START -4264 -6832 32767 437 4530 32767 END
START -3348 -7176 32767 1299 5502 32767 END
START -2760 -7568 32767 2062 6341 32767 END
START -1848 -7868 32767 2707 7162 32767 END
START -1176 -8072 32767 3202 7770 32767 END
START -204 -8284 32767 3552 8320 32767 END
START 900 -8484 32616 3853 8732 32767 END
START 2012 -8684 31808 4076 9051 32767 END
START 3400 -9064 31172 4256 9279 32767 END
START 4580 -9464 30692 4473 9286 32767 END
START 5644 -10092 30540 4740 9035 32767 END
START 6920 -10472 30260 5077 8547 32767 END
START 8400 -10568 29736 5474 7827 32767 END