START -4040 744 -2232 30902 6316 7230 END
START -16576 -7360 -5972 28766 -887 12588 END
START -19108 -6848 -5164 24043 1041 19996 END
START -13868 -6656 -8852 16788 4532 27538 END
START -8144 -6028 -9308 9698 6822 30953 END
START -4600 -6204 -9976 3050 7273 31992 END
START -5028 -5784 -9664 -3324 6636 32767 END
START -8744 -6960 -7736 -7936 4129 32767 END
START -4940 -7388 -8408 -11901 -48 32767 END
START 52 -7788 -9744 -17370 -1644 32767 END
START 11544 -7568 -6400 -22925 -2730 32767 END
START 26216 -1632 -1644 -25932 79 32767 END
START 30768 3088 -1720 -28083 -305 26763 END
START 26052 2776 1108 -29881 -2952 15241 END
START 21328 2408 3764 -30720 -9095 10250 END
START 24008 3036 7684 -32768 -11059 7872 END
START 32767 5048 16824 -32768 -4500 2110 END
START 32767 5592 28092 -32768 7302 -8625 END
START 31884 2452 32767 -29485 12156 -22303 END
START 21508 -2524 32767 -22873 6775 -32768 END
START 7944 -9620 32767 -13504 1451 -32768 END
START -2956 -11632 32767 -3145 253 -32768 END
START -7612 -12008 32767 5112 5882 -32768 END
START -11416 -10940 32767 11125 11982 -32768 END
START -16568 -11768 32767 18705 13440 -29628 END
START -19240 -11352 32767 26382 9338 -23378 END
START -19448 -9956 27012 31861 4420 -17283 END
START -18860 -8952 20060 32767 366 -11072 END
START -16772 -6656 12520 32767 -1447 -4356 END
START -13280 -4720 7136 32767 -1557 1615 END
START -10108 -2656 2832 31023 -1210 5950 END
START -6380 -1504 -104 27907 -418 8796 END
START -3500 -600 -1908 25478 -293 10128 END
START -1132 -160 -5412 22570 -1275 10378 END
START 1280 532 -10936 17973 -4660 9413 END
START 1544 2264 -13964 12255 -11698 7023 END
START 2588 2236 -11872 7517 -16615 5822 END
START 3328 2352 -11080 3680 -16942 5571 END
START 5156 2720 -12276 -396 -15051 5852 END
START 11820 2496 -14376 -4816 -13555 5496 END
START 14876 3532 -12516 -10639 -14491 722 END
START 14776 2360 -13208 -16520 -12872 -5915 END
START 9816 -1140 -10364 -22115 -13286 -10238 END
START 8956 -2872 -10156 -28271 -11965 -13192 END
START 8192 -4892 -10356 -32768 -6501 -16311 END
START 2356 -9852 -5824 -32768 1047 -18377 END
START -3528 -15100 152 -32768 5077 -17145 END
START -9948 -19516 10020 -32768 7259 -13061 END
START -14120 -22996 22440 -32768 6680 -8242 END
START -20632 -26660 32767 -32768 2604 -1333 END
START -18856 -25896 32767 -32768 5840 7844 END
START -22132 -25196 32767 -32768 8755 15637 END
START -23356 -25440 32767 -31367 7870 23815 END
START -24212 -25052 32767 -27068 3322 31859 END
START -22672 -25552 32767 -23226 589 32767 END
START -17076 -26620 32767 -20027 646 32767 END
START -988 -27924 32767 -17056 3538 32767 END