START -8308 6784 -8936 15810 -53 9054 END
START -108 692 -12120 12105 -836 9765 END
START -10576 -40 -7952 5593 2330 11621 END
START -12496 120 -7756 -1503 5046 14048 END
START -13832 -576 -6480 -7469 5107 17697 END
START -12704 -2068 -4748 -11538 2160 23034 END
START -8756 -2632 -2176 -14039 -1058 28400 END
START -2552 -2868 -76 -15919 -2474 31208 END
START 736 -3160 1912 -16932 -2751 32767 END
START 5188 -3644 3340 -16764 -2841 32767 END
START 11520 -1348 756 -17983 -4863 32015 END
START 11260 -1016 164 -21961 -8702 28333 END
START 12840 -2040 764 -26959 -12873 26179 END
START 19724 -4276 6700 -31736 -13373 23734 END
START 28628 -3324 15532 -31379 -9005 18728 END
START 32767 -164 17832 -31012 -2316 11207 END
START 32767 2608 20932 -29644 3612 1897 END
START 29048 4184 22476 -29365 7405 -5920 END
START 24664 5048 27396 -28763 8340 -11653 END
START 23836 5600 32767 -27148 9118 -16859 END
START 21268 3432 32767 -22780 11558 -24357 END
START 13048 -904 32767 -15870 12638 -32768 END
START 856 -6612 32767 -6930 11946 -32768 END
START -12096 -10348 32767 2140 9539 -32768 END
START -23376 -11216 32767 12011 5528 -28860 END
START -24612 -9972 32767 20130 4030 -18641 END
START -22000 -8532 32767 24978 4439 -10037 END
START -19152 -6568 29512 27717 4005 -3767 END
START -15988 -5200 22332 29275 2151 155 END
START -13452 -4736 17084 30018 -162 2771 END
START -10444 -4148 13016 30780 -2624 5552 END
START -6996 -3016 8964 30827 -2465 8034 END
START -3824 -2068 4908 29803 -181 9431 END
START -1808 -1288 1560 28143 1329 9795 END
START -880 -668 -2524 26144 888 10025 END
START -248 4 -5864 23454 -1002 9894 END
START 164 612 -9720 19979 -3323 9525 END
START 848 1096 -12940 14277 -5970 9601 END
START 744 1248 -13272 8592 -8762 10288 END
START 3716 1736 -12948 2612 -10233 10447 END
START 6648 1500 -10616 -1942 -9671 9040 END
START 8416 1428 -8692 -4845 -8412 6643 END
START 10736 1924 -8148 -6958 -7496 2932 END
START 10300 1348 -8016 -9186 -7040 -1881 END
START 8624 -64 -8204 -11403 -7464 -5759 END
START 6880 -1548 -8708 -14341 -7896 -8130 END
START 5612 -2656 -7840 -18004 -7796 -9358 END
START 5932 -3640 -7212 -21816 -5803 -10567 END
START 8908 -3536 -6704 -27082 810 -13583 END
START 7452 -4360 -5224 -32768 8688 -17436 END
START 6736 -5104 -3968 -32768 15524 -22350 END
START 2880 -8528 -4760 -32768 20521 -27681 END
START -3704 -12040 -5136 -32768 26094 -29466 END
START -15124 -18376 92 -32768 30457 -32174 END
START -30456 -30144 15852 -32768 28151 -30954 END
START -32768 -32768 32767 -32768 26091 -19718 END
START -32768 -32768 32767 -32768 17879 -2114 END
START -32768 -32768 32767 -27608 1959 12398 END
START -32768 -32768 27464 -23184 -7228 23858 END
START -32768 -32724 23976 -29920 -9295 32767 END
START -30308 -32768 30012 -32768 -7538 32767 END
START -14804 -32768 32767 -32768 -2308 32767 END