START -12904 2868 -2656 6422 781 14179 END
START -8772 -284 -2876 5699 1014 13975 END
START -13132 -884 1108 4109 411 15906 END
START -12424 -1120 2996 3602 -1063 16622 END
START -12940 -1200 3440 3075 104 17507 END
START -14040 -1104 3268 2449 1118 19845 END
START -13280 -1680 1860 1209 297 22438 END
START -11824 -1488 -428 -73 -2275 25312 END
START -7724 -1536 -952 -2173 -3637 26990 END
START -5528 -2120 -908 -4431 -1958 28281 END
START -3592 -2652 -1812 -6588 -1245 29316 END
START -792 -3104 -3384 -9360 -909 29121 END
START 412 -3656 -4136 -12055 -2516 28764 END
START 3524 -3888 -3520 -14418 -5129 28543 END
START 7124 -4164 -3368 -16888 -5315 28079 END
START 10728 -3440 -2804 -20194 -5039 27245 END
START 17288 -2228 -1056 -23780 -2819 24879 END
START 22300 -600 1608 -27077 551 20483 END
START 21440 2404 6636 -28927 434 14796 END
START 24568 2108 9884 -29078 217 10051 END
START 29632 3492 12328 -29404 -1229 5857 END
START 32328 6076 16876 -29917 1193 875 END
START 32767 6512 18560 -30692 6835 -6624 END
START 32767 5500 20552 -31673 11316 -14818 END
START 29948 3452 26348 -32213 12469 -22601 END
START 24012 404 32752 -30761 12170 -29793 END
START 19844 -3312 32767 -27984 10600 -32768 END
START 8732 -8832 32767 -20452 5751 -32768 END
START -2408 -12252 32767 -9714 -770 -32768 END
START -9320 -13232 32767 589 -4757 -32768 END
START -11700 -13792 32767 6507 -2222 -31547 END
START -15516 -14176 32767 10882 2370 -26046 END
START -20144 -15324 32767 16917 5047 -19950 END
START -23284 -15452 32767 24972 3340 -12795 END
START -22844 -14548 32767 31900 1435 -6155 END
START -20928 -12692 29764 32767 1258 276 END
START -17720 -10988 21292 32767 1837 5772 END
START -12764 -9544 14868 32767 2266 9117 END
START -12008 -8576 12612 32767 1559 11570 END
START -6072 -6992 6952 32767 -2583 11803 END
START -2224 -5104 2048 32767 -6245 10364 END
START 748 -3128 -3032 30306 -7780 8492 END
START 3184 -1416 -7260 26762 -7701 6867 END
START 4368 -908 -10068 22252 -6519 5768 END
START 4824 88 -13608 17404 -5397 5309 END
START 4936 536 -16952 12117 -5352 4848 END
START 5412 1200 -18164 6604 -7435 4305 END
START 7936 1476 -17300 2442 -10246 2980 END
START 11280 2060 -16016 -1166 -12195 -99 END
START 12440 1920 -14604 -3980 -12629 -4440 END
START 11436 1048 -15216 -7374 -12564 -8262 END
START 8396 -656 -14336 -12044 -11533 -10454 END
START 6992 -1644 -14520 -17462 -9608 -11372 END
START 5772 -2924 -13976 -24620 -5215 -12307 END
START 2704 -5600 -12680 -32016 -2462 -13384 END
START -892 -8752 -9016 -32768 -4212 -13749 END
START -2952 -11796 -5184 -32768 -3516 -13452 END
START -8980 -15704 -188 -32768 2261 -10801 END
START -16732 -19136 8024 -32768 6983 -5593 END
START -24584 -24412 20068 -32768 4421 295 END
START -24384 -27620 29940 -32768 589 7890 END
START -23008 -30724 32767 -32768 5451 14402 END
START -26040 -32768 32767 -32768 4145 21361 END
START -22656 -32768 32767 -32768 3043 26277 END
START -25204 -32768 32767 -32768 3688 32588 END
START -30392 -32768 32767 -30863 -2794 32767 END
START -24920 -32768 32767 -20270 -11749 32767 END
START -9128 -32768 32767 -11510 -11627 32767 END
START 5764 -32768 32767 -4923 -5283 32767 END
START 16624 -31204 32767 103 4053 32767 END