START -12364 -948 14872 22159 -8299 -13377 END
START -8440 -7360 -2508 24222 -6207 -12209 END
START -10164 244 8916 22012 -6642 -11181 END
START -17696 -1612 17640 23102 -5453 -9754 END
START -13100 -816 9804 22704 -5597 -8392 END
START -17124 -764 13100 22627 -5338 -6969 END
START -15568 -456 10272 22417 -4314 -5304 END
START -15536 -468 9780 22229 -3808 -3747 END
START -16948 -836 11024 22075 -2931 -2036 END
START -15572 -912 9220 21942 -2734 -473 END
START -17112 -1084 10908 21809 -2233 1114 END
START -15284 -732 8660 21648 -2129 2632 END
START -16080 -760 9976 21549 -1695 4064 END
START -14648 -704 8428 21448 -1476 5419 END
START -14788 -936 8788 21352 -1335 6702 END
START -13932 -916 8144 21242 -1126 7938 END
START -13492 -896 7688 21104 -1138 9057 END
START -13180 -1044 7192 20923 -918 10179 END
START -12172 -1132 6492 20729 -862 11190 END
START -12136 -1292 6816 20550 -684 12122 END
START -11008 -1492 5956 20395 -816 13074 END
START -11168 -1912 6436 20301 -820 14034 END
START -10280 -2040 5460 20210 -1072 14803 END
START -10460 -1968 5536 20127 -1217 15626 END
START -10088 -1864 4756 20058 -1440 16397 END
START -9684 -1852 4008 20019 -1623 17215 END
START -9828 -2040 3528 19983 -1871 18074 END
START -9932 -2032 2768 19869 -2111 18967 END
START -9916 -2024 2064 19787 -2320 19923 END
START -10084 -2144 1316 19641 -2547 21016 END
START -9764 -2084 152 19456 -2734 22168 END
START -9872 -2004 -696 19210 -2829 23411 END
START -9500 -1896 -1980 18852 -2797 24624 END
START -9152 -1892 -3044 18395 -2716 25872 END
START -8440 -1972 -4528 17791 -2417 27150 END
START -7816 -2092 -6068 17095 -2050 28351 END
START -6952 -2284 -8056 16263 -1554 29553 END
START -5944 -2228 -10076 15167 -930 30686 END
START -4980 -1952 -12108 13850 -184 31816 END
START -3756 -1808 -14096 12255 538 32767 END
START -2436 -1720 -16120 10397 1350 32767 END
START -864 -1508 -18288 8093 2409 32767 END
START 760 -872 -20276 5637 3678 32767 END
START 2464 -984 -20932 2643 5169 32767 END
START 4488 -1336 -21220 -383 6653 32767 END
START 6900 -1860 -21340 -3782 8364 32767 END
START 9356 -1776 -20752 -7180 10170 32767 END
START 11788 -1240 -19324 -10630 12048 32767 END
START 14060 -460 -17296 -13655 13710 32767 END
START 15888 248 -15188 -16194 15348 32767 END
START 17724 600 -13120 -18188 16627 31921 END
START 19192 708 -11112 -19756 17618 30227 END
START 19736 436 -8584 -20898 18343 28342 END
START 20816 528 -7452 -21587 18530 26432 END
START 20336 544 -4808 -22066 18172 24499 END
START 19544 944 -2508 -22268 17195 22624 END
START 18880 1276 -824 -22275 15705 21027 END
START 18280 1440 72 -22160 13875 19579 END
START 17620 1444 1252 -21976 12046 18423 END
START 17340 1648 2088 -21771 10036 17479 END
START 17500 1756 2860 -21512 8098 16656 END
START 18008 1956 3224 -21259 6410 15997 END
START 18744 2140 3408 -21079 4996 15395 END
START 19528 2132 3552 -20871 3905 14785 END
START 20216 2088 3692 -20621 3066 14214 END
START 20748 2196 3836 -20489 2525 13710 END
START 21284 2428 4016 -20423 2242 13248 END
START 21680 2880 3740 -20478 2074 12798 END
START 22304 3404 3776 -20688 2167 12507 END
START 23212 3788 3912 -21032 2512 12486 END
START 24144 4140 3928 -21534 2969 11891 END
START 25040 4516 4648 -22135 3554 11468 END
START 26152 4948 5392 -22757 4178 10852 END
START 27176 5212 6640 -23330 4816 10189 END
START 28008 5604 8028 -23857 5521 9311 END
START 29012 6024 9636 -24210 6025 8411 END
START 29940 6204 11476 -24367 6495 7505 END
START 31036 6508 13264 -24305 6706 6388 END
START 32092 6876 14724 -23944 6925 5205 END
START 32767 7352 16048 -23475 7146 3828 END
START 32767 7952 16968 -23062 7335 2220 END
START 32767 8496 17948 -22686 7384 456 END
START 32767 9352 19152 -22504 7490 -1477 END
START 32767 9880 20100 -22328 7531 -3623 END
START 32767 10252 21484 -22272 7528 -5865 END
START 32767 10068 22820 -22194 7556 -8290 END
START 32767 9952 24088 -22073 7671 -10726 END
START 32767 9680 25452 -21957 7732 -13137 END
START 32767 9420 26916 -21777 7737 -15369 END
START 32767 9016 28156 -21548 7703 -17433 END
START 32767 8696 29756 -21277 7510 -19448 END
START 31304 8244 31272 -20941 7273 -21288 END
START 29708 7572 32767 -20468 6952 -23036 END
START 28036 6832 32767 -19988 6620 -24570 END
START 26176 6092 32767 -19363 6252 -26083 END
START 24128 5496 32767 -18788 5845 -27366 END
START 21296 4596 32767 -17954 5366 -28583 END
START 19200 4060 32767 -17063 4838 -29582 END
START 17024 3408 32767 -15965 4255 -30351 END
START 14744 2788 32767 -14851 3649 -30963 END
START 12636 1956 32767 -13292 2948 -31337 END
START 10436 1272 32767 -11758 2201 -31536 END
START 8348 652 32767 -10010 1426 -31464 END
START 6328 388 32767 -8318 770 -31247 END
START 4488 316 32767 -6545 371 -30894 END
START 3084 288 32767 -4656 120 -30391 END
START 1800 184 32767 -2827 86 -29819 END
START 688 68 32767 -999 286 -29153 END
START 40 -40 32767 732 478 -28501 END
START -804 -420 32767 2504 784 -27744 END
START -1664 -680 32767 4270 1073 -27049 END
START -2748 -736 32767 6059 1363 -26291 END
START -3520 -944 32767 7847 1547 -25485 END
START -4292 -1136 32767 9564 1611 -24673 END
START -5172 -1224 32767 11151 1672 -23784 END
START -5804 -1412 32767 12641 1676 -22939 END
START -6356 -1608 32767 14110 1696 -21971 END
START -7168 -1580 32767 15343 1562 -21047 END
START -7652 -1548 32767 16570 1464 -20084 END
START -8160 -1540 32767 17596 1405 -19134 END
START -8596 -1668 32767 18527 1340 -18148 END
START -9420 -1364 31776 19414 1202 -17096 END
START -10028 -1320 30596 20165 1046 -16028 END
START -10344 -1232 29044 20946 810 -14891 END
START -10488 -1092 27680 21639 616 -13677 END
START -10608 -840 26188 22301 500 -12559 END
START -10752 -676 24716 22841 415 -11442 END
START -10516 -532 23584 23345 251 -10322 END
START -10364 -380 22332 23785 52 -9277 END
START -10252 -88 20972 24189 -112 -8262 END
START -9868 28 19868 24535 -340 -7367 END
START -9644 196 18560 24844 -555 -6466 END
START -9276 504 17304 25159 -736 -5609 END
START -8772 612 16084 25371 -967 -4756 END
START -8668 628 15316 25549 -1134 -3924 END
START -8092 432 13716 25671 -1201 -3080 END
START -7764 572 12368 25764 -1189 -2260 END
START -7304 720 10800 25794 -1051 -1446 END
START -6836 836 9100 25660 -919 -604 END
START -6368 964 7736 25472 -892 167 END
START -5584 1268 6284 25161 -848 867 END
START -4680 1692 4528 24745 -932 1485 END
START -3804 1784 2972 24302 -1060 2001 END
START -2728 2040 1576 23658 -1161 2464 END
START -1580 2196 108 22978 -1378 2818 END
START -416 2244 -1328 22239 -1529 2974 END
START 648 2432 -2736 21385 -1774 3071 END
START 1348 2768 -3940 20495 -1997 3061 END
START 1988 3108 -5368 19513 -2244 2944 END
START 2672 3288 -6592 18497 -2485 2860 END
START 2916 3488 -7800 17428 -2695 2693 END
START 3404 3584 -9072 16314 -3025 2574 END
START 3516 3628 -9704 15203 -3247 2448 END
START 3740 3496 -10776 14009 -3564 2285 END
START 3892 3628 -11716 12723 -3863 2114 END
START 4080 3740 -12644 11446 -4172 1984 END
START 3968 3844 -13028 10101 -4526 1798 END
START 4124 4032 -13588 8731 -4761 1698 END
START 4172 4080 -13996 7404 -4878 1651 END
START 4232 3956 -13760 6071 -4985 1567 END
START 4248 3836 -13904 4811 -4951 1549 END
START 4180 3872 -13644 3707 -4965 1545 END
START 4036 3652 -13056 2615 -4919 1626 END
START 4016 3732 -12704 1668 -4862 1695 END
START 4004 3692 -12400 813 -4753 1868 END
START 3952 3532 -11964 -8 -4578 2071 END
START 3932 3608 -11364 -669 -4392 2306 END
START 3900 3540 -11052 -1359 -4160 2625 END
START 4020 3456 -10508 -1989 -3874 2979 END
START 4176 3388 -10024 -2551 -3572 3361 END
START 4264 3392 -9588 -3102 -3248 3768 END
START 4464 3268 -9568 -3563 -2889 4167 END
START 4420 3164 -9236 -4095 -2437 4585 END
START 4732 2868 -9124 -4583 -2025 4955 END
START 4872 2624 -8996 -5144 -1565 5325 END
START 5124 2436 -8820 -5601 -1150 5645 END
START 5440 2348 -8704 -6169 -803 5940 END
START 5672 2204 -8896 -6755 -475 6164 END
START 6144 2072 -8792 -7303 -212 6302 END
START 6528 1832 -8656 -7939 30 6367 END
START 6952 1684 -8524 -8540 224 6348 END
START 7276 1556 -8168 -9189 367 6295 END
START 7612 1420 -7872 -9854 505 6173 END
START 7960 1192 -7676 -10434 573 5971 END
START 8272 1000 -7416 -11053 649 5661 END
START 8532 804 -7124 -11673 700 5315 END
START 8840 668 -6944 -12312 759 4927 END
START 9108 564 -6548 -12969 827 4404 END
START 9132 428 -6104 -13577 840 3924 END
START 9212 208 -5668 -14160 898 3398 END
START 9168 168 -5316 -14878 871 2881 END
START 8872 100 -4568 -15319 861 2352 END
START 8496 -156 -4024 -15910 823 1868 END
START 8068 -200 -3288 -16456 673 1385 END
START 7504 -276 -2868 -16876 533 984 END
START 7372 -284 -2480 -17275 442 600 END
START 6972 -352 -2288 -17663 385 229 END
START 6372 -548 -1788 -18016 405 -67 END
START 5608 -580 -1296 -18453 476 -334 END
START 4840 -672 -1028 -18862 568 -497 END
START 4256 -664 -676 -19385 672 -577 END
START 3388 -608 -340 -19927 879 -631 END
START 2820 -620 108 -20522 1061 -600 END
START 2092 -524 328 -21128 1285 -505 END
START 1484 -328 932 -21716 1566 -343 END
START 672 -328 1164 -22401 1890 -106 END
START 96 -292 1528 -23084 2327 112 END
START -376 -104 1800 -23768 2782 401 END
START -944 -112 2592 -24516 3290 713 END
START -1392 32 2748 -25309 3803 1075 END
START -1868 112 3264 -26156 4252 1472 END
START -2556 248 4268 -27072 4667 1887 END
START -2940 304 4824 -27877 5176 2307 END
START -3372 272 5544 -28752 5499 2794 END
START -3708 236 6424 -29560 5927 3227 END
START -4108 236 7340 -30303 6176 3635 END
START -4492 176 8380 -31037 6293 4057 END
START -4904 52 9548 -31687 6248 4501 END
START -5496 -60 10792 -32359 6147 4906 END
START -6072 -200 11876 -32768 5794 5369 END
START -6512 -292 13276 -32768 5240 5817 END
START -7268 -304 14868 -32768 4418 6329 END
START -7600 -636 16616 -32768 3367 6790 END
START -7888 -720 18524 -32768 2144 7285 END
START -7972 -808 20136 -32768 844 7800 END
START -8116 -888 21344 -32768 -402 8262 END
START -8052 -1160 22868 -32768 -1620 8736 END
START -7928 -1204 24520 -32768 -2589 9280 END
START -7684 -1472 26220 -32768 -3284 9866 END
START -7292 -1636 28396 -32768 -3585 10437 END
START -6976 -1464 30268 -32768 -3580 11100 END
START -6592 -1616 32184 -32768 -3232 11733 END
START -6480 -1780 32767 -32768 -2633 12254 END
START -6364 -2148 32767 -32754 -2003 12864 END
START -6312 -2624 32767 -31884 -1365 13599 END
START -6216 -2988 32767 -30763 -775 14210 END
START -6108 -3644 32767 -29428 -146 14838 END
START -6488 -4048 32767 -27864 465 15475 END
START -6916 -4540 32767 -26101 541 16111 END
START -7212 -4876 32767 -24237 490 16806 END
START -7724 -5196 32767 -22107 -113 17626 END
START -8140 -5460 32767 -19976 -1182 18482 END
START -8484 -5792 32767 -17813 -2570 19357 END
START -8504 -6080 32767 -15354 -4374 20240 END
START -8400 -6332 32767 -12891 -6557 21131 END
START -7948 -6672 32767 -10437 -8691 21979 END
START -7012 -7524 32767 -7795 -10779 22795 END
START -6164 -7140 32767 -4975 -12647 23711 END
START -4824 -6552 32767 -2466 -14011 24648 END
START -3412 -7008 32767 -210 -14841 25616 END
START -1256 -6596 32767 2036 -14835 26484 END
START 160 -6340 32767 4132 -14539 27268 END
START 2804 -6092 32767 6091 -13637 27990 END
START 4448 -6180 32767 7839 -12474 28610 END
START 6336 -6116 32767 9493 -11042 29159 END
START 7924 -5948 32767 11155 -9510 29618 END