START -5416 520 -768 7532 15096 15006 END
START -9940 -6188 -4300 7823 9273 18651 END
START -11004 -6452 -2192 7090 6864 21483 END
START -9296 -5832 -2696 5735 5811 23985 END
START -5696 -4752 -3636 3561 5871 23793 END
START -4652 -4608 -5092 726 5934 22613 END
START -4744 -3956 -7736 -3046 4198 21964 END
START -5684 -4224 -9508 -7757 -333 22369 END
START -5436 -3996 -11840 -13492 -5736 24342 END
START -3064 -4380 -10808 -20001 -8765 25904 END
START 408 -5268 -7220 -25253 -8496 26697 END
START 3352 -5488 -5124 -29011 -7647 26773 END
START 8064 -5224 -1248 -31762 -8118 25027 END
START 11252 -4740 2504 -32768 -10083 21828 END
START 17132 -2932 7064 -32768 -11753 17526 END
START 22988 -2276 13980 -32768 -10383 12099 END
START 27196 -1788 21488 -32768 -5105 5756 END
START 28348 -308 28660 -32768 1857 -1374 END
START 28504 364 32767 -30914 9823 -9008 END
START 24112 736 32767 -26377 14330 -16063 END
START 19344 624 32767 -21255 16852 -23270 END
START 12280 48 32767 -16686 16564 -30173 END
START 5264 -2088 32767 -12289 15222 -32768 END
START -6712 -8420 32767 -6918 13159 -32768 END
START -20144 -13152 32767 1375 8331 -32768 END
START -28780 -15244 32767 10113 3469 -32768 END
START -31744 -16236 32767 17188 3349 -25517 END
START -32768 -16496 32767 22716 2168 -16006 END
START -31652 -15204 32544 26361 1953 -6413 END
START -29028 -13272 26444 28404 2762 1647 END
START -25528 -11068 20620 29755 2181 8178 END
START -21464 -9384 15452 30586 902 12789 END
START -17248 -8192 10752 30833 -845 16310 END
START -12728 -6544 5996 29915 -2293 17550 END
START -9948 -5748 2556 28383 -3830 17822 END
START -7140 -4224 -368 25923 -5495 18372 END
START -4832 -2856 -2412 22602 -6443 18136 END
START -2428 -1528 -5236 18446 -6876 18217 END
START -632 -716 -5644 14139 -7321 17876 END
START 3808 -256 -5300 10769 -6967 16304 END
START 5108 108 -4220 9021 -7801 13452 END
START 5084 -60 -4500 8536 -10003 11591 END
START 6208 332 -6184 7753 -12065 10213 END
START 8040 1512 -8904 5235 -14217 8041 END
START 11048 2428 -9752 1730 -15859 5004 END
START 12784 3184 -9208 -2812 -13720 438 END
START 12724 2500 -9556 -6977 -9734 -3916 END
START 12368 1452 -9284 -11634 -5981 -8357 END
START 11600 184 -9584 -16133 -2200 -13408 END
START 9400 -1512 -10660 -21833 539 -17959 END
START 7012 -3812 -9924 -27794 320 -22069 END
START 4600 -6240 -8388 -32768 480 -25091 END
START 1140 -10128 -6664 -32768 867 -26925 END
START -3196 -13148 -2216 -32768 -1503 -27312 END
START -5936 -17200 2728 -32768 -121 -27054 END
START -12300 -22504 10696 -32768 4717 -24679 END
START -20240 -28168 19560 -32768 8747 -20584 END
START -29392 -32768 26012 -32768 9564 -14222 END
START -32768 -32768 32767 -32768 4776 -5701 END
START -32768 -32768 32767 -32768 -3507 5236 END
START -32768 -32768 32767 -25996 -15077 18531 END
START -32768 -32768 32767 -17117 -23597 32040 END
START -24972 -32768 29896 -17698 -19711 32767 END
START -15068 -31128 31952 -21484 -11082 32767 END
START -3568 -31888 32767 -21312 -2681 32767 END
START 11432 -28000 32767 -14439 2997 32767 END
START 20720 -21028 32767 -4073 7295 32767 END