START -7768 3816 9016 12727 3927 261 END
START -3692 -2880 -7512 14703 4955 1312 END
START -9332 3792 5528 12928 5273 2055 END
START -7444 4772 6464 13654 5284 2968 END
START -11968 2764 9676 13503 4592 3729 END
START -7640 3508 4232 13431 4468 4577 END
START -10488 2420 7184 13242 4416 5213 END
START -7572 2668 3368 13018 4798 5986 END
START -9508 2220 5632 12760 4891 6756 END
START -9096 2244 4256 12506 4849 7532 END
START -9316 1872 4176 12240 4963 8416 END
START -9924 1420 4256 11940 4914 9361 END
START -9676 1236 3736 11700 5019 10364 END
START -10684 1040 4608 11520 4742 11400 END
START -10132 1088 3592 11406 4678 12431 END
START -10488 1096 3576 11255 4474 13677 END
START -10096 1104 3140 11159 4356 14788 END
START -9680 824 2852 10977 4113 15912 END
START -9632 824 3028 10687 3809 16877 END
START -9168 744 3172 10398 3310 17798 END
START -8580 600 2900 10150 2855 18545 END
START -8036 660 2588 9904 2567 19311 END
START -7768 556 2540 9620 2339 19910 END
START -7460 316 2392 9452 2192 20465 END
START -7432 180 2592 9261 2056 21055 END
START -7344 -32 2312 9160 2000 21612 END
START -7312 -252 1936 9053 2013 22298 END
START -7924 -488 1676 9040 2012 23080 END
START -8528 -752 1064 9005 1763 24000 END
START -8828 -812 76 8970 1453 25036 END
START -8816 -808 -904 8896 1183 26115 END
START -8436 -504 -2692 8584 1071 27190 END
START -7672 -360 -3956 8084 1058 28328 END
START -7060 -248 -4896 7297 1215 29305 END
START -5660 -20 -6004 6219 1432 30170 END
START -4584 216 -6944 4925 1844 30898 END
START -3112 324 -7764 3452 2402 31544 END
START -1560 536 -8528 1892 3198 32027 END
START -172 136 -8872 337 4118 32457 END
START 764 -144 -8968 -1173 4968 32767 END
START 1708 -204 -8932 -2648 5789 32767 END
START 2744 -96 -8704 -4098 6550 32767 END
START 3868 132 -8320 -5399 7261 32767 END
START 4696 248 -7692 -6737 7797 32767 END
START 5644 436 -6908 -7857 8227 32767 END
START 6012 336 -6228 -8929 8515 32767 END
START 6780 228 -5632 -9943 8648 32767 END
START 7184 184 -4736 -10732 8713 32767 END
START 7620 20 -3728 -11374 8606 32767 END
START 8320 140 -2744 -11876 8482 32676 END
START 9064 616 -1944 -12226 8286 32582 END
START 10092 1020 -1024 -12523 8045 32449 END
START 11224 1496 -592 -12686 7681 32337 END
START 12888 1596 92 -12916 7370 31991 END
START 14508 1860 340 -13014 6855 31478 END
START 16092 2084 816 -13094 6356 30722 END
START 17528 2356 1052 -13224 5838 29776 END
START 18556 2564 1252 -13359 5295 28738 END
START 19212 2840 1232 -13507 4775 27661 END
START 19532 2976 1064 -13713 4258 26614 END
START 19640 3132 560 -13942 3890 25687 END
START 19544 3336 332 -14196 3637 24942 END
START 19676 3616 -168 -14837 3474 24309 END
START 19856 3744 -460 -15121 3411 23777 END
START 19964 3932 -512 -16047 3342 23272 END
START 20132 4176 -312 -16854 3437 22846 END
START 20360 4136 40 -17709 3652 22409 END
START 20788 4156 536 -18499 3882 21996 END
START 21728 4140 1180 -19303 4286 21566 END
START 23068 4300 1988 -19958 4723 21048 END
START 24924 4340 3064 -20537 5229 20429 END
START 26424 4864 4152 -20963 5688 19619 END
START 28040 4956 5284 -21262 6132 18551 END
START 29160 5184 6184 -21495 6505 17314 END
START 29944 5332 6920 -21583 6821 15896 END
START 30704 5480 7648 -21689 6985 14415 END
START 31292 5968 8816 -21768 7162 12704 END
START 31660 6372 9556 -21846 7277 11393 END
START 32008 6480 10152 -21978 7420 9889 END
START 32748 6824 10360 -22028 7665 8371 END
START 32767 6896 10984 -22047 7826 6904 END
START 32767 7048 11572 -22193 7960 5370 END
START 32767 7436 12244 -22323 7839 3700 END
START 32767 7548 12908 -22479 7576 1975 END
START 32767 7916 13940 -22684 7002 264 END
START 32767 7996 14708 -22850 6273 -1528 END
START 32767 7944 15372 -22944 5596 -3281 END
START 32767 7896 16588 -22957 4867 -5096 END
START 32767 7732 17560 -22938 4132 -6833 END
START 32767 7672 18432 -22794 3323 -8595 END
START 32767 7628 19220 -22616 2720 -10308 END
START 32767 7548 20112 -22371 2310 -12082 END
START 32767 7336 20768 -22092 2043 -13783 END
START 32660 7252 21420 -21830 2016 -15365 END
START 31784 7156 22176 -21566 2108 -16919 END
START 30812 7044 23104 -21315 2248 -18316 END
START 29764 6976 24064 -21021 2541 -19701 END
START 28912 6852 24468 -20774 2984 -20949 END
START 27948 6708 25240 -20461 3454 -22153 END
START 26800 6620 26084 -20242 3963 -23259 END
START 25928 6436 27060 -19996 4451 -24373 END
START 24832 6348 28024 -19599 4887 -25415 END
START 23676 6032 29000 -19237 5281 -26326 END
START 22680 5464 30068 -18653 5531 -27236 END
START 21332 5016 30940 -17964 5674 -28158 END
START 20020 4344 31988 -17171 5520 -28945 END
START 18748 3932 32767 -16314 5199 -29649 END
START 17408 3568 32767 -15380 4802 -30332 END
START 16584 3436 32767 -14276 4445 -31030 END
START 15812 3284 32767 -13542 4068 -31689 END
START 14928 2840 32767 -12625 3680 -32418 END
START 13900 2188 32767 -11741 3081 -32768 END
START 12544 1476 32767 -10845 2312 -32768 END
START 11292 804 32767 -9846 1314 -32768 END
START 9928 480 32767 -8773 307 -32768 END
START 8700 244 32767 -7612 -661 -32768 END
START 7560 4 32767 -6311 -1493 -32768 END
START 6548 -152 32767 -5000 -2067 -32768 END
START 5460 -460 32767 -3649 -2468 -32768 END
START 4224 -772 32767 -2364 -2760 -32768 END
START 3020 -1156 32767 -1012 -3019 -32768 END
START 1596 -1476 32767 305 -3099 -32768 END
START 140 -1924 32767 1665 -3141 -32768 END
START -1388 -2252 32767 3018 -3158 -32768 END
START -3116 -2592 32767 4416 -3169 -32768 END
START -4812 -2684 32767 5742 -3272 -32768 END
START -6324 -2544 32767 7050 -3462 -32768 END
START -7496 -2312 32767 8281 -3619 -32768 END
START -8308 -1860 32767 9460 -3657 -32185 END
START -8784 -1648 32767 10610 -3537 -31083 END
START -9400 -1380 32767 11714 -3305 -30078 END
START -9860 -1276 32767 12809 -2976 -28991 END
START -10392 -1144 32767 13915 -2553 -27883 END
START -10968 -1204 32767 15084 -2052 -26724 END
START -11484 -1204 32767 16200 -1552 -25525 END
START -12260 -1212 32060 17450 -1021 -24211 END
START -12880 -1072 31088 18703 -524 -22791 END
START -13552 -1228 29756 19940 -130 -21284 END
START -14156 -1036 28528 21104 98 -19578 END
START -14684 -932 27068 22102 233 -17990 END
START -14820 -568 25508 23053 207 -16324 END
START -14800 -208 23760 23817 179 -14746 END
START -14360 200 21952 24429 138 -13202 END
START -13812 380 20056 24852 88 -11765 END
START -13572 616 18392 25092 134 -10398 END
START -13256 952 16800 25171 200 -9010 END
START -12780 1380 15508 25108 280 -7709 END
START -12292 1548 13852 24974 422 -6436 END
START -11916 1916 12324 24766 585 -5229 END
START -11348 2116 10904 24456 804 -3997 END
START -11076 2068 9560 24138 1028 -2869 END
START -10536 2124 8152 23696 1260 -1776 END
START -10184 2408 6892 23295 1323 -770 END
START -9600 2452 6152 22828 1369 164 END
START -8796 2488 4880 22322 1271 981 END
START -7896 2712 4180 21742 1086 1761 END
START -6876 2936 2932 21021 910 2468 END
START -5844 3076 1984 20370 802 3092 END
START -5104 3224 1232 19628 788 3582 END
START -4084 2760 808 19066 852 4048 END
START -2684 3248 220 18092 313 4386 END
START -1620 3372 -1136 17185 69 4554 END
START -404 3520 -2004 16272 -113 4702 END
START 648 3652 -2364 15330 -248 4779 END
START 1464 3980 -2676 14447 -500 4728 END
START 2092 4264 -3016 13519 -859 4642 END
START 2628 4440 -2936 12784 -1245 4503 END
START 2852 4416 -3060 11978 -1610 4270 END
START 3212 4252 -3340 11381 -1918 4046 END
START 3180 4224 -3540 10802 -2175 3792 END
START 3128 4060 -3488 10369 -2518 3542 END
START 3172 4072 -3608 10004 -2912 3375 END
START 3356 4136 -4064 9650 -3321 3225 END
START 3684 4276 -4660 9266 -3681 3118 END
START 4000 4248 -5144 8865 -4053 2981 END
START 4188 4376 -5572 8296 -4404 2815 END
START 4432 4492 -6100 7657 -4701 2715 END
START 4556 4764 -6352 6949 -4956 2605 END
START 4412 4836 -6716 6178 -5190 2512 END
START 4364 4888 -6740 5414 -5304 2486 END
START 4320 4880 -6828 4645 -5454 2509 END
START 4588 4820 -6536 3978 -5460 2525 END
START 4904 4700 -6440 3372 -5497 2567 END
START 5424 4596 -6288 2849 -5480 2594 END
START 5912 4576 -6124 2380 -5512 2532 END
START 5996 4600 -6164 1938 -5564 2472 END
START 6552 4716 -6244 1512 -5516 2281 END
START 6852 4688 -6148 1048 -5479 2035 END
START 7360 4812 -6692 566 -5309 1712 END
START 7792 4668 -6864 72 -5051 1393 END
START 7908 4700 -6936 -457 -4781 1064 END
START 8020 4780 -7240 -1044 -4396 746 END
START 8292 4640 -7480 -1652 -4006 422 END
START 8236 4652 -7624 -2336 -3604 149 END
START 8412 4488 -8100 -2954 -3192 -99 END
START 8400 4432 -8156 -3629 -2815 -336 END
START 8668 4424 -8656 -4392 -2345 -653 END
START 9008 4208 -8928 -5204 -1825 -981 END
START 9204 3836 -9476 -6144 -1286 -1353 END
START 9244 3620 -9520 -7054 -766 -1719 END
START 9224 3492 -9972 -8084 -221 -2168 END
START 9028 3184 -10016 -9090 193 -2604 END
START 8628 2984 -9756 -10191 579 -3074 END
START 7948 2568 -9564 -11121 854 -3509 END
START 7268 2132 -9096 -12106 1027 -3917 END
START 6236 1600 -8756 -12961 1033 -4230 END
START 5364 1372 -8408 -13719 937 -4464 END
START 4448 1096 -8244 -14352 745 -4659 END
START 3584 944 -7956 -14931 398 -4836 END
START 2820 732 -7684 -15823 17 -4923 END
START 2344 676 -7300 -16499 -466 -5011 END
START 1356 504 -6980 -17191 -1043 -4974 END
START 552 272 -6564 -18024 -1640 -4925 END
START -288 -36 -6028 -18810 -2214 -4731 END
START -1040 -184 -5164 -19656 -2810 -4431 END
START -1772 -488 -4600 -20392 -3447 -4036 END
START -2480 -872 -3760 -21105 -4103 -3593 END
START -2884 -1192 -3236 -21688 -4588 -3073 END
START -3404 -1656 -2840 -22307 -4947 -2555 END
START -3864 -1896 -2096 -22880 -5269 -1981 END
START -4468 -1916 -1600 -23492 -5597 -1353 END
START -4680 -1916 -924 -24141 -5793 -675 END
START -4764 -1960 -332 -24850 -5853 116 END
START -4892 -2004 400 -25536 -5741 874 END
START -5308 -1664 1436 -26280 -5529 1677 END
START -5284 -1924 1908 -26944 -5074 2561 END
START -5388 -2008 2668 -27500 -4421 3501 END
START -5604 -2444 3468 -27996 -3578 4432 END
START -5852 -2492 4060 -28471 -2678 5341 END
START -6104 -2452 4680 -28938 -1725 6286 END
START -6592 -2404 5420 -29471 -895 7195 END
START -6984 -2184 6256 -30017 -111 8178 END
START -7188 -1788 7192 -30613 532 9124 END
START -7248 -1560 7500 -31212 1223 10032 END
START -7068 -1332 8484 -31844 2004 10905 END
START -7204 -1512 9536 -32507 2760 11745 END
START -7408 -1640 10836 -32768 3408 12615 END
START -8264 -2068 12376 -32768 3732 13163 END
START -8692 -2452 13840 -32768 3890 14202 END
START -8972 -2540 15520 -32768 3884 15053 END
START -9068 -2644 17012 -32768 3798 15950 END
START -9432 -2800 18760 -32768 3650 16870 END
START -9192 -3096 20412 -32768 3609 17797 END
START -9364 -3588 22140 -32768 3370 18693 END
START -9616 -3976 24528 -32768 3047 19546 END
START -9328 -4156 25900 -32768 3055 20424 END
START -9712 -4052 28628 -32638 3160 21240 END
START -9728 -3816 31332 -32088 3725 21984 END
START -9752 -3980 32728 -31102 3352 22733 END
START -9864 -4148 32767 -30046 3975 23548 END
START -9880 -4080 32767 -28850 3983 24403 END
START -10676 -4432 32767 -27493 3341 25313 END
START -10428 -4660 32767 -25769 2530 26320 END
START -9656 -4928 32767 -24102 1904 27124 END
START -9340 -5616 32767 -22561 1454 27690 END
START -9044 -6004 32767 -20970 999 28232 END
START -8532 -6468 32767 -19609 874 28643 END
START -8480 -6156 32767 -18300 437 29040 END
START -8144 -4228 32767 -17026 -116 29290 END
START -6488 -6416 32767 -15119 844 29628 END
START -7484 -5884 32767 -13824 797 30180 END
START -7360 -5788 32767 -12429 -174 30903 END
START -7452 -6228 32767 -11033 -1720 31561 END
START -6872 -6680 32767 -9482 -2544 32175 END
START -6700 -6880 32767 -7779 -3552 32767 END
START -5680 -7120 32767 -6186 -4060 32767 END
START -4860 -7152 32767 -4718 -4349 32767 END
START -4128 -7432 32767 -3442 -4566 32767 END
START -2536 -7848 32767 -2496 -4465 32767 END
START -348 -7964 32767 -1867 -4429 32767 END
START -84 -9080 32767 -1338 -4565 32767 END
START 1788 -8620 32767 -970 -3975 32767 END
START 4952 -7204 32767 -565 -2060 32767 END
START 6056 -5264 32767 -197 -63 32767 END
START 7236 -3116 32767 162 1901 32767 END
START 8792 -2552 32767 598 3392 32767 END
START 11156 -3408 32767 1043 4878 32767 END
START 12420 -4040 32767 1189 6889 32767 END
START 13624 -4436 32767 1875 7254 32767 END
START 15088 -4908 32767 2554 7732 32767 END
START 16568 -5148 32767 3740 6781 32767 END
START 21080 -5764 32767 4289 9755 32767 END
START 20680 -4884 32767 4985 10391 32767 END
START 21136 -4656 32767 5962 10477 32767 END
START 23780 -4680 32767 7214 10149 32767 END
START 25588 -4068 32767 8107 10535 32767 END
START 26912 -3728 32767 8910 10416 32767 END
START 28596 -3316 32767 9674 9938 31885 END
START 30516 -2864 31424 10215 9304 30439 END
START 32412 -2128 29480 10580 8762 28641 END
START 32767 -740 27652 10809 8292 26754 END
START 32420 1060 26264 11120 8072 24922 END
START 32767 1304 25252 11289 7719 23250 END
START 32767 4 24088 11281 7297 21400 END
START 32767 -1648 23988 11061 6447 19526 END
START 32767 -3016 23744 10717 4737 17091 END
START 32767 -2496 22496 10355 3385 14596 END
START 32767 -740 21088 10137 2349 12120 END
START 32767 1020 20024 9956 1770 10366 END
START 32767 1812 19452 9835 1586 8676 END
START 32767 1964 18920 9774 1648 7222 END
START 32496 1636 18684 9755 1855 5919 END
START 31876 1088 18676 9789 2244 4642 END
START 31272 944 18132 9861 2788 3458 END
START 30636 808 18084 10025 3480 2402 END
START 30032 696 17840 10238 4329 1346 END
START 29256 792 17628 10548 5257 317 END
START 28296 688 17596 10850 6058 -596 END
START 27372 296 17472 11162 6820 -1510 END
START 26500 296 17284 11589 7553 -2317 END
START 25676 412 17072 11992 8240 -3077 END
START 24632 360 17072 12430 8763 -3800 END
START 23656 272 16544 12901 9168 -4447 END
START 22620 -112 16300 13414 9260 -5070 END
START 21536 -340 15972 13969 9139 -5680 END
START 20524 -484 15260 14477 8823 -6290 END
START 19724 -540 14340 14942 8392 -6826 END
START 18880 -464 13796 15329 7834 -7333 END
START 17912 -572 13212 15626 7016 -7765 END
START 16908 -516 12160 15805 6131 -8155 END
START 16232 -372 11324 15853 5132 -8552 END
START 15348 -436 10984 15790 4098 -8917 END
START 14308 -352 10568 15706 2718 -9205 END
START 13352 -264 9564 15528 1429 -9490 END
START 11792 -136 9120 15253 349 -9654 END
START 10928 -420 8760 14869 -778 -9613 END
START 10456 -156 9492 14439 -2778 -9423 END
START 9908 -108 9072 13885 -4473 -9311 END
START 9280 -168 8588 13442 -5975 -9298 END
START 8760 84 7932 13051 -7184 -9166 END
START 8444 32 6864 12697 -7732 -9074 END
START 8252 -352 6308 12278 -8189 -8940 END
START 8076 -220 5828 11885 -8338 -8758 END
START 7824 -172 4760 11318 -8047 -8478 END
START 7312 92 4536 10597 -7643 -8182 END
START 6952 360 4160 9745 -7106 -7843 END
START 6528 1204 3160 8901 -6116 -7445 END
START 5632 2128 4224 7746 -5215 -6972 END