START 520 1640 -10476 19812 11072 9395 END
START -6976 -1464 -14516 15461 7377 13052 END
START -8036 608 -16216 10172 5034 16625 END
START -7668 552 -14956 3645 3094 16897 END
START -7308 -780 -11424 -1243 3150 17819 END
START -6444 -1336 -8400 -5637 5397 18248 END
START -6096 -3080 -6164 -9314 7705 18179 END
START -10448 -4632 -3380 -10883 5422 19655 END
START -10780 -5532 -3952 -12119 1069 24262 END
START -6384 -6216 -5252 -14899 -2722 28753 END
START -108 -6484 -5096 -18527 -5135 30972 END
START 5740 -7332 -3704 -23114 -4539 32254 END
START 17976 -6432 1212 -26567 -1953 29550 END
START 20236 -5760 4044 -29340 -412 23348 END
START 21016 -5752 8916 -31089 -2244 19239 END
START 24792 -4600 14632 -32243 -2946 15025 END
START 29816 -2132 20792 -32087 708 8983 END
START 32767 776 26176 -30796 5342 1050 END
START 31932 3836 29440 -29528 10656 -8869 END
START 27656 4608 32767 -27124 13905 -18617 END
START 19440 2952 32767 -23975 14263 -27844 END
START 9096 72 32767 -19187 10745 -32768 END
START -908 -3300 32767 -13067 6400 -32768 END
START -7524 -6320 32767 -5571 5305 -32768 END
START -12580 -8312 32767 377 9752 -32768 END
START -23880 -11428 32767 7153 9206 -32768 END
START -30452 -12088 32767 15136 3138 -27329 END
START -31484 -12816 32767 23220 -800 -18134 END
START -29276 -12056 32767 29057 -755 -8992 END
START -25420 -10512 28416 31984 2653 -1161 END
START -21988 -9388 20964 32635 5353 5187 END
START -18336 -8688 15108 32767 5261 9741 END
START -15384 -7176 10344 32613 3478 12356 END
START -12072 -6972 6652 31773 2434 14424 END
START -9188 -5936 3320 30543 2198 15936 END
START -6880 -5028 -1668 28372 1040 17181 END
START -3896 -3148 -7996 23944 -2707 18559 END
START 1736 -964 -10328 17112 -6725 17978 END
START 4536 24 -8324 12135 -6429 15363 END
START 5444 248 -7400 9567 -6095 13432 END
START 6836 748 -7624 7958 -6358 11665 END
START 8924 1924 -8636 5531 -5891 9198 END
START 9636 2780 -9976 1906 -4200 6650 END
START 9592 3104 -10088 -1999 -3578 4771 END
START 12016 3124 -8560 -5172 -4389 2444 END
START 13460 3388 -7676 -7909 -4666 -2345 END
START 11668 1924 -7608 -11273 -4300 -6762 END
START 11052 736 -7156 -15579 -2624 -10270 END
START 7564 -992 -5780 -20020 -315 -13588 END
START 4364 -2376 -5688 -24755 -469 -15342 END
START 1900 -4040 -3272 -29441 -2457 -17157 END
START 688 -6388 -656 -32768 -4513 -18696 END
START -928 -8816 2964 -32768 -4015 -19992 END
START -4220 -11508 6728 -32768 -1009 -20338 END
START -8460 -14936 11028 -32768 3414 -18973 END
START -12424 -17004 14548 -32768 8004 -16626 END
START -17108 -21276 19648 -32768 5526 -13922 END
START -19476 -24184 21000 -32768 1870 -11052 END
START -25012 -28060 23272 -32768 -633 -7568 END
START -31772 -29728 26164 -32768 -3468 331 END
START -32768 -31080 24056 -32768 -3223 10874 END
START -32768 -32768 22920 -32768 -6357 24122 END
START -32284 -32768 23320 -32768 -6360 32767 END
START -28528 -32768 27072 -32768 -6287 32767 END
START -22832 -32768 32767 -32768 -10382 32767 END
START -13804 -32768 32767 -25419 -15583 32767 END
START -1844 -32768 32767 -14396 -16612 32767 END