START -8352 1440 5320 19324 2916 4105 END
START -5768 -4072 -10780 21214 3957 5038 END
START -9980 1276 356 18534 3458 5643 END
START -8668 2320 3064 19312 2666 6586 END
START -12744 984 4988 18672 2121 7405 END
START -9628 2060 600 18272 1726 8382 END
START -11672 1336 1912 17834 1556 9207 END
START -10460 1396 460 17368 1668 10194 END
START -11212 1344 908 16836 1456 11135 END
START -12076 1200 812 16400 1191 12132 END
START -11616 1272 -444 15944 1276 13230 END
START -12744 1060 604 15516 1137 14321 END
START -11836 1196 -736 15077 1215 15535 END
START -12616 884 -216 14691 1092 16721 END
START -12332 716 -744 14311 1172 17855 END
START -11852 488 -1540 13927 1143 19024 END
START -11468 244 -2096 13453 1195 20107 END
START -11216 16 -2804 12915 1367 21213 END
START -10424 -56 -3740 12287 1562 22303 END
START -10096 -104 -4208 11485 1915 23318 END
START -9504 -244 -4796 10612 2294 24321 END
START -8924 -204 -5444 9615 2723 25280 END
START -8544 -416 -5620 8577 3257 26192 END
START -7688 -492 -5980 7547 3738 27011 END
START -7136 -888 -6016 6489 4277 27781 END
START -6360 -1180 -6136 5513 4813 28443 END
START -5696 -1372 -6240 4480 5375 29060 END
START -5180 -1536 -6120 3522 5845 29681 END
START -4596 -1640 -6172 2546 6344 30253 END
START -4272 -1800 -6212 1626 6856 30769 END
START -4004 -1900 -5960 691 7197 31285 END
START -3804 -1984 -5300 -227 7576 31893 END
START -3664 -1968 -4828 -1047 7759 32394 END
START -3512 -2152 -4232 -1877 7990 32767 END
START -3432 -2148 -3456 -2485 8158 32767 END
START -3144 -2280 -2892 -3027 8245 32767 END
START -3056 -2356 -2168 -3460 8253 32767 END
START -2744 -2492 -1840 -3822 8247 32767 END
START -2412 -2716 -1404 -4061 8254 32767 END
START -2160 -2860 -1060 -4293 8202 32767 END
START -1804 -3044 -652 -4429 8113 32767 END
START -888 -3292 -632 -4569 7887 32767 END
START 352 -3536 -564 -4655 7617 32767 END
START 1876 -3720 -928 -4751 7411 32767 END
START 3792 -3700 -1276 -4926 7181 32767 END
START 5644 -3332 -1604 -5145 7034 32767 END
START 7400 -2860 -1936 -5462 6856 32767 END
START 9284 -2320 -2700 -5818 6621 32767 END
START 11236 -2064 -3160 -6306 6391 32767 END
START 13644 -1876 -4300 -6944 6247 32767 END
START 15536 -1372 -4940 -7800 6270 32767 END
START 17500 -996 -5324 -8790 6201 32767 END
START 19912 -428 -6092 -10022 6179 32767 END
START 22376 232 -5872 -11411 6186 32767 END
START 24580 1312 -6120 -12932 6199 32767 END
START 26160 2928 -5992 -14609 6502 31339 END
START 27740 2516 -4548 -15915 6904 29567 END
START 29872 548 -3500 -17575 6321 27239 END
START 31612 504 -2816 -18943 6248 24710 END
START 32676 1344 -1960 -20171 6331 22158 END
START 32767 2296 -572 -21186 6410 19587 END
START 32767 3460 1128 -21971 6411 17139 END
START 32316 4188 2576 -22561 6397 14822 END
START 31636 4244 4048 -23002 6204 12472 END
START 30912 3900 5268 -23241 5980 10708 END
START 30196 3448 6348 -23334 5766 8967 END
START 29092 2976 7232 -23314 5546 7477 END
START 28076 2640 8144 -23173 5218 6204 END
START 27052 2832 8784 -23055 4937 5123 END
START 26260 2896 9444 -22865 4646 4235 END
START 25740 3068 9784 -22721 4477 3405 END
START 25524 3016 10228 -22653 4376 2712 END
START 25524 3092 10652 -22639 4439 2032 END
START 25548 3280 11204 -22663 4540 1367 END
START 25728 3196 11916 -22790 4770 776 END
START 25956 3404 12604 -22768 5120 126 END
START 26348 3400 13332 -22811 5584 -512 END
START 26656 3592 14132 -22742 6142 -1172 END
START 27164 3696 14976 -22657 6756 -1922 END
START 27788 3892 15712 -22479 7391 -2791 END
START 28212 4092 16760 -22202 7973 -3734 END
START 28484 4348 17612 -21857 8368 -4723 END
START 28932 4284 18344 -21358 8679 -5843 END
START 29148 4528 18748 -20825 8829 -6956 END
START 29216 4708 18940 -20376 8877 -8124 END
START 29256 5068 19312 -19909 8670 -9396 END
START 29116 5400 19432 -19646 8362 -10654 END
START 28964 5712 19628 -19434 7889 -11957 END
START 28968 5908 19652 -19359 7348 -13322 END
START 28940 5900 19900 -19262 6872 -14658 END
START 29148 6028 20116 -19285 6418 -16093 END
START 29396 5888 20440 -19386 6106 -17530 END
START 29296 5856 21056 -19435 5845 -19115 END
START 29084 5644 21920 -19495 5622 -20755 END
START 28700 5552 22664 -19562 5461 -22461 END
START 27720 5412 23860 -19540 5263 -24060 END
START 26704 5052 24892 -19454 5079 -25687 END
START 25704 4708 25916 -19239 4924 -27269 END
START 24420 4320 26940 -18936 4829 -28663 END
START 22564 3764 28296 -18582 4643 -30033 END
START 21340 3504 29440 -18176 4378 -31261 END
START 19984 3212 30600 -17690 4139 -32330 END
START 18728 2892 31720 -17171 3845 -32768 END
START 17416 2620 32736 -16560 3497 -32768 END
START 16072 2100 32767 -15753 3037 -32768 END
START 14624 1728 32767 -14978 2444 -32768 END
START 12800 1612 32767 -14142 1707 -32768 END
START 11364 1340 32767 -12960 808 -32768 END
START 9824 1100 32767 -11922 -80 -32768 END
START 8216 848 32767 -10747 -946 -32768 END
START 6612 508 32767 -9546 -1780 -32768 END
START 4780 216 32767 -8339 -2625 -32768 END
START 3472 284 32767 -7071 -3387 -32768 END
START 2016 192 32767 -5825 -4000 -32768 END
START 1048 312 32767 -4402 -4509 -32768 END
START 0 28 32767 -2883 -4923 -32768 END
START -1148 -224 32767 -1395 -5226 -32768 END
START -2012 -484 32767 326 -5516 -32768 END
START -2828 -856 32767 1922 -5713 -32768 END
START -3720 -1068 32767 3625 -5854 -32768 END
START -4320 -1204 32767 5316 -5890 -32092 END
START -4860 -1280 32767 6859 -5833 -31288 END
START -5376 -1420 32767 8300 -5658 -30420 END
START -5744 -1440 32767 9658 -5226 -29568 END
START -6244 -1484 32767 10959 -4639 -28655 END
START -6652 -1452 32767 12150 -3956 -27755 END
START -7144 -1440 32767 13327 -3197 -26700 END
START -7692 -1392 32767 14367 -2385 -25704 END
START -8236 -1264 32767 15400 -1656 -24531 END
START -8824 -1372 32767 16326 -872 -23382 END
START -9548 -1296 32767 17159 -233 -22107 END
START -10032 -1188 31684 17924 263 -20847 END
START -10368 -960 30864 18645 664 -19512 END
START -10828 -756 29824 19314 909 -18218 END
START -11068 -648 28936 19952 1085 -16917 END
START -11504 -436 28160 20649 1067 -15596 END
START -11788 -160 27172 21247 937 -14339 END
START -12140 240 26272 21803 633 -13086 END
START -12208 528 25460 22397 328 -11840 END
START -12152 900 24384 22881 -110 -10613 END
START -11988 860 23512 23374 -533 -9309 END
START -11636 1040 22612 23820 -885 -8157 END
START -11292 880 21624 24289 -1167 -6989 END
START -10784 848 20452 24714 -1330 -5866 END
START -10228 1028 19544 25104 -1446 -4771 END
START -9732 1196 18516 25514 -1457 -3693 END
START -9432 1264 17368 25832 -1494 -2670 END
START -8912 1312 16308 26120 -1542 -1691 END
START -8520 1484 15244 26307 -1617 -747 END
START -8072 1644 14312 26473 -1677 148 END
START -7380 1836 13232 26554 -1810 1008 END
START -6572 1820 12228 26582 -1910 1798 END
START -5808 1868 11120 26577 -2080 2512 END
START -4888 1872 10088 26478 -2237 3116 END
START -3776 1920 9252 26396 -2378 3622 END
START -2636 2092 8316 26215 -2544 3996 END
START -1620 2396 7432 26060 -2606 4264 END
START -588 2456 6508 25926 -2692 4402 END
START 304 2528 5484 25734 -2743 4482 END
START 1424 2536 4372 25527 -2773 4457 END
START 2412 2524 3244 25280 -2803 4253 END
START 3444 2608 2268 24938 -2836 4055 END
START 4512 2724 956 24560 -2910 3719 END
START 5292 2968 -260 24132 -2990 3293 END
START 5700 3004 -1088 23579 -3155 2887 END
START 6104 3196 -2304 22941 -3369 2314 END
START 6440 3352 -3272 22251 -3608 1854 END
START 6236 3432 -4432 21493 -4007 1429 END
START 5992 3424 -5564 20673 -4493 1129 END
START 5648 3676 -6948 19717 -5096 887 END
START 5184 3976 -8244 18642 -5738 728 END
START 4944 4376 -9376 17468 -6373 597 END
START 4612 4540 -10080 16167 -7001 503 END
START 4152 4656 -10604 14733 -7628 477 END
START 3872 4856 -10816 13234 -8138 538 END
START 3492 4824 -10916 11779 -8538 645 END
START 3268 4768 -10628 10420 -8793 816 END
START 2944 4864 -10412 9185 -8911 1119 END
START 2676 4760 -9796 8056 -8860 1428 END
START 2428 4612 -9248 7203 -8719 1803 END
START 2448 4596 -8776 6431 -8448 2205 END
START 2692 4624 -8452 5795 -8122 2599 END
START 2996 4504 -8224 5326 -7679 2937 END
START 3292 4400 -8052 4906 -7134 3209 END
START 3888 4184 -8448 4467 -6593 3490 END
START 4700 3916 -8680 3952 -6061 3657 END
START 5748 3732 -9112 3430 -5669 3810 END
START 6904 3752 -9620 2804 -5351 3820 END
START 8116 3896 -10180 2098 -5163 3692 END
START 9040 4212 -10980 1294 -5093 3356 END
START 9884 4416 -11564 437 -5116 2839 END
START 10616 4440 -11908 -604 -5105 2226 END
START 10964 4544 -12192 -1724 -5101 1477 END
START 11392 4468 -12444 -2888 -5036 724 END
START 11248 4480 -12564 -4062 -4950 -9 END
START 11164 4240 -12368 -5206 -4849 -670 END
START 10756 4212 -11804 -6346 -4650 -1235 END
START 10504 4028 -11676 -7405 -4407 -1760 END
START 9944 3764 -11392 -8362 -4088 -2204 END
START 9488 3384 -11044 -9305 -3733 -2570 END
START 8764 3048 -10864 -10154 -3422 -2798 END
START 8132 2752 -10476 -10951 -3188 -3010 END
START 7380 2524 -10016 -11771 -3000 -3159 END
START 6628 2180 -9580 -12477 -2889 -3213 END
START 5940 1860 -8984 -13091 -2931 -3223 END
START 5312 1588 -8840 -13682 -2994 -3142 END
START 4848 1368 -8520 -14318 -3030 -3031 END
START 4260 1128 -8668 -14561 -3099 -2917 END
START 3724 948 -8324 -15075 -3275 -2780 END
START 3072 660 -8200 -15792 -3624 -2626 END
START 2404 512 -7976 -16400 -4106 -2459 END
START 1732 312 -7528 -17050 -4807 -2218 END
START 1096 240 -7492 -17715 -5574 -1867 END
START 580 60 -7344 -18446 -6326 -1490 END
START 224 -36 -7168 -19119 -7066 -1079 END
START -28 -216 -7132 -19899 -7663 -572 END
START -84 -288 -6804 -20706 -8179 -55 END
START -180 -400 -6224 -21549 -8589 449 END
START -80 -372 -5836 -22396 -8817 931 END
START 128 -692 -5272 -23203 -8697 1429 END
START 536 -840 -5092 -24067 -8239 1823 END
START 1072 -988 -4804 -24920 -7422 2164 END
START 1476 -1272 -4304 -25901 -6131 2438 END
START 1704 -1464 -3768 -26926 -4610 2660 END
START 1636 -1548 -3032 -28004 -2931 2889 END
START 1436 -1584 -2172 -29067 -1178 3100 END
START 1160 -1548 -1560 -30133 583 3350 END
START 584 -1676 -880 -31106 2268 3606 END
START 116 -1808 -176 -32064 3992 3934 END
START -364 -1792 292 -32768 5506 4255 END
START -840 -1900 1224 -32768 6916 4622 END
START -1704 -1692 2116 -32768 8140 5017 END
START -2168 -1580 3144 -32768 9106 5405 END
START -3064 -1600 4736 -32768 9724 5812 END
START -3652 -1684 5744 -32768 10169 6326 END
START -4572 -1876 7604 -32768 10039 6879 END
START -5012 -1908 8744 -32768 10045 7430 END
START -5260 -2004 10304 -32768 9727 7991 END
START -5612 -2176 12020 -32768 9364 8626 END
START -5700 -2300 13892 -32768 8898 9149 END
START -5748 -2528 15608 -32768 8384 9720 END
START -5648 -2528 17312 -32768 7954 10140 END
START -5600 -2636 19420 -32768 7465 10550 END
START -5592 -2792 21940 -32768 7105 10851 END
START -5692 -2724 24204 -32768 6842 11199 END
START -5708 -2840 26008 -32768 6663 11520 END
START -5668 -2760 27752 -32768 6700 11871 END
START -5596 -2752 29352 -32768 6884 12150 END
START -5548 -2924 30704 -32768 7238 12696 END
START -5204 -3136 31776 -32768 7807 12841 END
START -5168 -3376 32767 -32768 8424 12792 END
START -5404 -3508 32767 -32175 8953 13338 END
START -5572 -3636 32767 -31272 9504 13465 END
START -5848 -3852 32767 -30396 9970 13825 END
START -6276 -4056 32767 -29618 10308 14215 END
START -6836 -4428 32767 -28803 10363 14713 END
START -7292 -4812 32767 -27974 10275 15319 END
START -7548 -4984 32767 -27159 9975 15897 END
START -8260 -5112 32767 -26222 9435 16542 END
START -8500 -5408 32767 -25153 8616 17198 END
START -9028 -5604 32767 -23955 7669 17873 END
START -9408 -5804 32767 -22525 6515 18612 END
START -9588 -5904 32767 -21038 5322 19340 END
START -9812 -6040 32767 -19402 4124 20118 END
START -9612 -5960 32767 -17790 3072 20925 END
START -9388 -5912 32767 -16152 2243 21752 END
START -9072 -5852 32767 -14705 1639 22572 END
START -8548 -6020 32767 -13119 1249 23495 END
START -8112 -6188 32767 -11730 1087 24428 END
START -7748 -6404 32767 -10330 1129 25380 END
START -7156 -6724 32767 -9062 1336 26393 END
START -6612 -6896 32767 -7861 1658 27428 END
START -5696 -7020 32767 -6725 2100 28463 END
START -4724 -7236 32767 -5718 2681 29499 END
START -3496 -7416 32767 -4752 3391 30484 END
START -2436 -7436 32767 -4047 4141 31423 END
START -860 -7432 32767 -3371 4907 32273 END
START 892 -7148 32767 -2871 5778 32767 END
START 3200 -7108 32767 -2476 6687 32767 END
START 5444 -7040 32767 -1960 7785 32767 END
START 7944 -6912 32767 -1463 8846 32767 END
START 10324 -6844 32767 -801 9937 32767 END
START 12708 -6960 32767 15 10939 32767 END
START 14844 -6948 32767 902 11867 32767 END
START 16796 -6696 32767 1898 12509 32767 END
START 18424 -6464 32767 2986 12818 32261 END
START 20380 -5776 32767 4178 13319 31147 END
START 21492 -5076 32767 5331 13230 30008 END
START 22432 -4612 32767 6539 13227 28692 END
START 23192 -4036 32767 7706 13250 27353 END
START 23688 -3688 32767 8847 13165 25961 END
START 24412 -3460 32767 9963 13130 24608 END
START 24996 -3176 32767 11174 13154 23200 END