START -3132 7512 3096 6241 2346 9561 END
START -11392 5196 1700 5793 -2285 11046 END
START -13076 2532 4224 4012 -983 12324 END
START -14648 1040 5704 2056 1005 14384 END
START -14752 -140 6892 710 3436 16498 END
START -13936 -1712 6556 611 3974 18928 END
START -13984 -2728 5712 1308 2059 21630 END
START -12676 -2664 2080 1431 -885 24334 END
START -10284 -2944 -2528 -529 -3193 26369 END
START -7768 -3156 -6324 -4125 -5475 28631 END
START -860 -2472 -8644 -8892 -4606 29197 END
START 3076 -2236 -10132 -14171 -796 27458 END
START 3160 -2892 -11672 -20247 1694 26074 END
START 5516 -3048 -11076 -26269 938 25030 END
START 11712 -2624 -6164 -31426 691 22736 END
START 17788 -1664 844 -32768 -1134 20021 END
START 27032 1996 8156 -32768 -629 14752 END
START 32767 4044 14828 -32768 2482 7753 END
START 32767 6432 21004 -32768 5444 -920 END
START 32767 8532 32240 -32768 8508 -11248 END
START 32767 9040 32767 -29564 11164 -21860 END
START 26508 6300 32767 -23726 10536 -30687 END
START 13500 1628 32767 -14493 7485 -32768 END
START -784 -5080 32767 -3512 2073 -32768 END
START -12860 -9992 32767 9137 -5135 -32768 END
START -22228 -12972 32767 21894 -11275 -32768 END
START -22440 -12780 32767 30967 -11099 -26358 END
START -21020 -11776 32767 32767 -4303 -17820 END
START -19700 -10108 28440 32767 1188 -10220 END
START -18340 -8976 20308 32767 2041 -4689 END
START -17068 -8068 12448 32767 -1781 -436 END
START -15608 -6140 6564 32767 -7628 2554 END
START -12316 -4392 -1268 32767 -10611 4324 END
START -9132 -2596 -6668 30824 -10752 6093 END
START -6940 -512 -10540 24565 -9410 8000 END
START -4584 576 -12876 18232 -7378 9908 END
START -3040 1824 -16532 11537 -6154 11390 END
START -952 2348 -18340 4539 -6858 12928 END
START 3860 2772 -17892 -1716 -9390 13336 END
START 9028 3704 -15116 -5926 -9790 10022 END
START 9480 4184 -14412 -9357 -9514 5131 END
START 9008 3344 -14564 -13375 -9006 1683 END
START 9396 2136 -12868 -17857 -8485 -1273 END
START 11084 1008 -10544 -21639 -7005 -4524 END
START 11416 -848 -9484 -25677 -4388 -8444 END
START 10648 -3536 -8056 -30024 -2127 -12252 END
START 9044 -6120 -5832 -32768 1289 -15604 END
START 6520 -8824 -3628 -32768 7473 -18378 END
START 4 -13160 1596 -32768 11614 -19963 END
START -7752 -17140 9364 -32768 10809 -19826 END
START -16120 -19908 17804 -32768 4949 -18097 END
START -22500 -23328 24856 -32768 3145 -13635 END
START -31824 -27536 27956 -32768 8896 -4370 END
START -32768 -31900 31128 -32768 12337 10442 END
START -32768 -32768 32767 -32768 9608 25786 END
START -32768 -32768 32767 -32768 4593 32767 END
START -32768 -32768 32767 -28508 1047 32767 END
START -27472 -32768 32340 -27925 3452 32767 END
START -25408 -32768 32767 -31547 6314 32767 END