START 6416 10972 -1196 14591 -1320 16771 END
START -4992 -1132 -2552 12339 -2143 15810 END
START -5972 -732 -2088 8855 -622 17276 END
START -8256 -488 -1408 5392 625 19730 END
START -11412 -1228 568 2769 668 23052 END
START -8168 -1272 940 186 625 26547 END
START -2620 -1444 1404 -1897 950 27321 END
START 876 -848 976 -3235 455 26343 END
START 956 -632 360 -4239 -1240 24838 END
START -328 -944 -1440 -5846 -2752 23953 END
START -696 -948 -3788 -9163 -4995 25631 END
START 1040 -1280 -4524 -13757 -7027 27266 END
START 6256 -1512 -3752 -18735 -6835 28304 END
START 12372 -1092 -1624 -23142 -3069 26604 END
START 19416 96 140 -27774 1015 22471 END
START 22960 1340 2412 -31530 5255 16874 END
START 22360 1468 6768 -32768 4937 11045 END
START 24420 796 11536 -32768 3516 6526 END
START 30212 3380 14100 -32768 6459 2543 END
START 31992 5604 16012 -32768 15014 -3811 END
START 31276 6048 19172 -32768 25746 -11719 END
START 28752 4108 25284 -32768 32767 -21163 END
START 23364 -1280 31348 -32768 32767 -32768 END
START 8360 -12172 32767 -32125 32767 -32768 END
START -9512 -22528 32767 -18600 24679 -32768 END
START -27284 -26996 32767 -485 14569 -32768 END
START -32768 -26852 32767 13532 6405 -32768 END
START -30328 -24148 32767 20290 5240 -22160 END
START -27404 -20952 32767 22180 9232 -13567 END
START -25940 -18760 32767 24251 11377 -6280 END
START -24092 -17408 30924 28943 8811 -1209 END
START -21524 -16652 25772 32767 3204 1841 END
START -19580 -15936 19648 32767 -2862 3787 END
START -17596 -14220 12252 32767 -5646 5983 END
START -16220 -12000 5972 32767 -5009 9513 END
START -13436 -9492 1896 32767 -2970 13287 END
START -9144 -6916 -708 31555 -495 16307 END
START -6000 -5212 -2008 27170 726 17500 END
START -4000 -3752 -2828 23659 -147 18053 END
START -1708 -2964 -3292 21166 -2965 17891 END
START 188 -1840 -4204 19649 -6707 17563 END
START 2988 -444 -5256 18222 -10294 16056 END
START 8004 1456 -8240 15935 -11564 13179 END
START 11788 3528 -11096 10963 -11036 8507 END
START 11288 4432 -11424 5537 -10408 4096 END
START 10572 5184 -11988 57 -11142 1563 END
START 12508 5560 -10640 -4552 -11755 -1173 END
START 15204 6392 -9440 -8319 -13257 -5582 END
START 19020 6512 -10376 -13504 -9587 -11831 END
START 16264 4220 -8800 -19218 -4903 -17192 END
START 14336 1832 -8048 -23738 -2468 -21396 END
START 10684 -1444 -7968 -28656 -596 -24968 END
START 5640 -5152 -6048 -32768 -1236 -27733 END
START 1268 -8396 -3868 -32768 -3084 -29267 END
START -2312 -12772 -2352 -32768 -1853 -29325 END
START -6400 -17368 1496 -32768 3168 -27995 END
START -13884 -23968 7324 -32768 9875 -25570 END
START -24952 -31992 20188 -32768 3877 -20282 END
START -29828 -32768 32767 -32768 -1375 -11257 END
START -32768 -32768 32767 -32768 469 -73 END
START -32768 -32768 32767 -32768 -2706 8957 END
START -31460 -32768 29408 -28009 -7900 16492 END
START -31500 -32768 28696 -26152 -7915 22713 END
START -32768 -32768 28408 -22759 -9812 31085 END
START -27104 -32032 25528 -19690 -13220 32767 END
START -18692 -30312 24960 -19590 -13109 32767 END