START -10808 6212 1604 7710 2428 -1462 END
START -12144 -1468 5980 7579 1028 -282 END
START -20776 -2056 12672 8401 1049 4933 END
START -20604 -2832 11520 10045 -500 10587 END
START -16104 -3208 8560 10384 -1155 15535 END
START -13768 -2568 6392 9532 -2045 18075 END
START -10088 -2888 3924 8055 -3272 19932 END
START -8656 -2584 2356 6402 -4319 22488 END
START -8108 -2672 396 4383 -5618 25717 END
START -6384 -2808 -1292 1663 -6497 29232 END
START -3276 -3984 -2584 -1799 -5890 32151 END
START 424 -3740 -6464 -6272 -4973 32767 END
START 4504 -4512 -8884 -12011 -5661 32767 END
START 9192 -4040 -6184 -17698 -6054 31475 END
START 12084 -4328 -3632 -21527 -3507 28853 END
START 14028 -4876 -1880 -24637 -3694 27948 END
START 21548 -3996 336 -27537 -4770 25090 END
START 30148 -3008 4656 -29493 -866 18746 END
START 31548 -1804 8496 -30061 -526 13244 END
START 32767 44 11740 -31033 1129 6268 END
START 32767 572 17244 -30709 3457 -693 END
START 32767 1232 20940 -29773 5353 -7707 END
START 32767 2256 25868 -28535 6915 -14406 END
START 29136 1652 31464 -26457 9503 -21154 END
START 20952 156 32767 -23599 10657 -26275 END
START 14452 -1836 32767 -20187 10888 -29912 END
START 6820 -3756 32767 -14752 10543 -32768 END
START -1232 -6524 32767 -7726 9409 -32768 END
START -9704 -8340 32767 1187 4572 -32768 END
START -13496 -8512 32767 8795 1054 -29891 END
START -16668 -9020 32767 15088 70 -25409 END
START -17824 -9420 32767 20730 -451 -19800 END
START -17512 -8544 32767 26167 -1459 -13619 END
START -14616 -7288 31756 30480 -1804 -8042 END
START -9988 -6180 25580 32767 -1869 -4765 END
START -7316 -5148 19844 32767 -1315 -3147 END
START -5624 -3864 13920 32767 -1344 -2184 END
START -4824 -2672 9872 32767 -1391 -1204 END
START -4128 -1732 6232 32767 -1667 -172 END
START -3852 -944 3596 30747 -1786 1449 END
START -2464 -304 1352 28285 -1019 3358 END
START -1200 732 -912 25763 -193 4389 END
START -944 1624 -4304 22523 -1481 4979 END
START 28 1884 -6320 19052 -3754 5478 END
START 2384 3380 -8000 14157 -6840 4505 END
START 4156 4040 -8932 10513 -9055 3199 END
START 4604 3796 -8872 6307 -9275 1680 END
START 6412 3580 -9828 2458 -7314 190 END
START 7376 3892 -11168 -2552 -5619 -1747 END
START 7272 3288 -10824 -7918 -3610 -3252 END
START 6336 2664 -10160 -12169 -3025 -4450 END
START 8460 1992 -9024 -16979 -3164 -6102 END
START 9520 608 -7332 -21818 -522 -8752 END
START 9356 -1424 -4344 -25597 1962 -10672 END
START 7900 -2776 -2292 -29920 3942 -14175 END
START 6828 -5712 3916 -31513 442 -17428 END
START 4988 -6916 10276 -30542 -4459 -20597 END
START 160 -7236 13268 -28945 -5875 -22677 END
START -812 -6672 11604 -30686 -1737 -22109 END
START -6484 -7608 10156 -32768 6061 -20657 END
START -13816 -11236 13268 -32768 7157 -17614 END
START -19536 -14892 20008 -32768 3532 -12737 END
START -24204 -16552 26200 -32768 6718 -5996 END
START -31576 -19216 31232 -32768 10663 4691 END
START -32768 -20184 29428 -32768 13228 17732 END
START -32768 -23496 27336 -32768 9567 29801 END
START -28012 -25844 28020 -32768 4007 32767 END
START -22572 -29696 32420 -32768 2192 32767 END
START -12712 -31180 32767 -32768 4273 32767 END
START -3856 -31828 32767 -32768 5757 32767 END