START -5496 2472 3664 15371 3199 4137 END
START -3288 -4260 -12172 17014 4814 4870 END
START -5912 5188 696 14542 4417 5432 END
START -7004 3316 2460 15070 5409 6249 END
START -9836 2124 2960 14509 4227 6955 END
START -7884 2976 -180 14010 4252 7832 END
START -10624 2072 2016 13491 3612 8581 END
START -8040 2704 -1744 13016 3661 9465 END
START -10228 2444 288 12455 3528 10320 END
START -8980 2856 -1628 11785 3207 11199 END
START -10056 2568 -800 11089 3031 12126 END
START -9800 2568 -1304 10408 2663 13061 END
START -9612 2664 -1928 9694 2695 13792 END
START -9960 2316 -1728 8923 2538 14738 END
START -9336 2368 -2748 8240 2527 15581 END
START -9208 2308 -2848 7482 2613 16424 END
START -8896 2416 -3060 6694 2679 17250 END
START -8412 2556 -3456 5881 2953 17992 END
START -8068 2348 -3568 4986 3232 18733 END
START -7712 2196 -3564 4128 3612 19421 END
START -7404 2132 -3524 3224 4063 20102 END
START -7296 2012 -3356 2441 4631 20777 END
START -7292 1924 -3168 1709 5251 21511 END
START -7340 1868 -3264 1022 5982 22324 END
START -7192 1696 -3340 425 6667 23184 END
START -7244 1632 -3308 -227 7467 24138 END
START -7176 1604 -3392 -909 8281 25177 END
START -7092 1456 -3416 -1594 9104 26209 END
START -7104 1200 -3292 -2346 9906 27288 END
START -6820 1144 -2916 -3147 10671 28387 END
START -6448 892 -2680 -3883 11423 29534 END
START -6132 716 -2244 -4566 12115 30721 END
START -5664 420 -1880 -5191 12740 31909 END
START -5136 96 -1552 -5691 13443 32767 END
START -4532 -216 -1156 -6162 13488 32767 END
START -3916 -672 -1016 -6538 14012 32767 END
START -3052 -1044 -1356 -6857 14027 32767 END
START -1952 -1120 -1060 -7207 13881 32767 END
START -492 -1076 -1380 -7520 13630 32767 END
START 1420 -844 -1568 -7950 13114 32767 END
START 3480 -556 -1868 -8468 13010 32767 END
START 5684 -224 -2324 -9011 12362 32767 END
START 7720 -228 -2720 -9680 11925 32767 END
START 9932 156 -2876 -10393 11556 32767 END
START 12008 748 -3328 -11143 11267 32767 END
START 13952 1568 -3600 -12039 11011 32767 END
START 15804 2412 -3992 -12975 10942 32767 END
START 17792 3668 -5076 -13976 11415 32767 END
START 20028 1872 -3468 -14907 11008 32767 END
START 21728 1344 -3148 -16232 10782 32750 END
START 22580 1228 -2788 -17424 10345 30787 END
START 22952 1476 -2520 -18385 9915 28904 END
START 23048 2284 -2020 -19360 9383 27063 END
START 22776 3084 -1136 -20124 8916 25524 END
START 22792 3664 -424 -20873 8417 24074 END
START 23164 4020 644 -21575 7908 22849 END
START 23496 4212 1944 -22191 7321 21764 END
START 24100 4524 3116 -22774 6721 20665 END
START 24664 4784 4560 -23240 5995 19538 END
START 24992 4884 5848 -23508 5227 18339 END
START 25332 4848 6924 -23671 4363 17041 END
START 25572 4836 7824 -23552 3553 15709 END
START 25576 4736 8452 -23305 2757 14442 END
START 25764 4628 8896 -22921 2090 13111 END
START 26020 4676 9200 -22557 1585 11949 END
START 26344 4912 9520 -22213 1224 10700 END
START 26508 5272 9644 -22068 984 9532 END
START 26712 5776 9948 -22098 843 8417 END
START 26800 6216 10524 -22272 732 7397 END
START 27196 6604 11340 -22474 703 6347 END
START 27616 6684 11860 -22690 752 5377 END
START 28216 6896 12448 -22827 888 4328 END
START 29232 7032 13192 -22934 1295 3258 END
START 30100 6976 13808 -22989 1821 2039 END
START 30604 7380 15036 -22985 2412 650 END
START 31112 7492 16128 -22921 2929 -728 END
START 31440 7688 17152 -22759 3496 -2137 END
START 31568 8028 18492 -22509 3869 -3609 END
START 31836 8184 19428 -22173 4293 -5126 END
START 31948 8452 20332 -21777 4671 -6689 END
START 31832 8508 21276 -21309 4920 -8218 END
START 31496 8552 22268 -20745 5079 -9853 END
START 31248 8632 22844 -20166 5127 -11377 END
START 30884 8836 23640 -19613 5068 -12990 END
START 30560 8924 23748 -18997 4961 -14624 END
START 30288 8820 24052 -18589 4835 -16212 END
START 29840 8776 24444 -18226 4560 -17882 END
START 29352 8452 24824 -17966 4258 -19613 END
START 28728 8220 25524 -17820 3880 -21334 END
START 28016 7896 26068 -17716 3473 -22956 END
START 27180 7556 26956 -17697 3062 -24645 END
START 26116 6980 27860 -17533 2605 -26207 END
START 24896 6480 28924 -17328 2176 -27739 END
START 23700 5928 30224 -17014 1571 -29216 END
START 22200 5144 31420 -16560 966 -30556 END
START 20616 4256 32767 -15996 245 -31711 END
START 18248 3352 32767 -15321 -628 -32768 END
START 16344 2928 32767 -14329 -1594 -32768 END
START 14524 2652 32767 -13448 -2510 -32768 END
START 12700 2424 32767 -12262 -3497 -32768 END
START 11592 2120 32767 -10993 -4162 -32768 END
START 10436 1632 32767 -9654 -4501 -32768 END
START 9552 1136 32767 -8271 -4450 -32768 END
START 8652 680 32767 -6917 -4094 -32768 END
START 7600 388 32767 -5484 -3337 -32768 END
START 6392 -188 32767 -4019 -2470 -32768 END
START 4640 -752 32767 -2595 -1531 -32768 END
START 2948 -1304 32767 -1068 -548 -32768 END
START 1176 -1672 32767 468 465 -32768 END
START -748 -1884 32767 1967 1552 -32768 END
START -2340 -1840 32767 3321 2466 -32768 END
START -3916 -1752 32767 4690 3419 -32768 END
START -5400 -1692 32767 5995 4325 -32768 END
START -6616 -1652 32767 7144 5087 -32334 END
START -7576 -1524 32767 8329 5698 -31091 END
START -8476 -1584 32767 9379 6286 -29805 END
START -9140 -1432 32767 10386 6750 -28451 END
START -9912 -1440 32767 11406 7000 -27093 END
START -10532 -1224 32767 12350 7103 -25756 END
START -10948 -1068 32767 13281 7164 -24385 END
START -11444 -952 32767 14187 6989 -22964 END
START -11972 -708 31716 15007 6780 -21610 END
START -12348 -524 30636 15821 6450 -20256 END
START -12540 -184 29404 16559 6011 -18798 END
START -12484 28 28432 17378 5524 -17398 END
START -12244 20 27596 18059 5078 -16064 END
START -12056 220 26616 18761 4587 -14798 END
START -12048 492 25868 19439 4125 -13504 END
START -11928 600 24824 20059 3586 -12324 END
START -11700 652 24196 20664 2990 -11103 END
START -11736 916 23228 21304 2418 -9856 END
START -11720 1172 22480 21859 1899 -8717 END
START -11496 1412 21652 22422 1363 -7551 END
START -11168 1552 20780 22922 936 -6436 END
START -10684 1664 19832 23483 527 -5400 END
START -10352 1668 19040 23977 181 -4359 END
START -9940 1568 18004 24429 -199 -3427 END
START -9724 1872 16852 24878 -532 -2563 END
START -9304 2092 15876 25147 -890 -1766 END
START -8736 1896 14956 25419 -1180 -1010 END
START -7960 1916 13884 25606 -1359 -221 END
START -7368 1780 12804 25764 -1402 482 END
START -6812 1892 11764 25831 -1330 1222 END
START -6236 2012 10792 25855 -1305 1891 END
START -5752 2140 9940 25745 -1219 2543 END
START -5176 2428 9232 25589 -1233 3204 END
START -4708 2644 8600 25354 -1303 3811 END
START -4116 2792 7808 25104 -1314 4397 END
START -3368 2904 7304 24902 -1420 4967 END
START -2516 2980 6608 24638 -1522 5413 END
START -1596 3096 5696 24437 -1611 5822 END
START -536 3296 4772 24206 -1705 6145 END
START 536 3420 3908 23954 -1716 6337 END
START 1128 3580 3148 23671 -1841 6411 END
START 1924 3712 2136 23342 -1975 6432 END
START 2660 3736 948 22928 -2198 6397 END
START 3368 4012 -92 22434 -2573 6314 END
START 4136 4184 -1340 21853 -2910 6190 END
START 4700 4436 -2620 21182 -3316 5997 END
START 5016 4692 -3876 20425 -3708 5804 END
START 5148 4928 -4968 19563 -4176 5548 END
START 5388 5176 -5988 18664 -4654 5334 END
START 5548 5272 -7032 17683 -5164 5097 END
START 5504 5280 -7916 16685 -5612 4893 END
START 5512 5648 -8912 15647 -5989 4682 END
START 5440 5720 -9560 14552 -6354 4535 END
START 5280 5876 -10420 13419 -6622 4344 END
START 5240 6056 -10604 12179 -6845 4257 END
START 5056 6264 -11168 10985 -7035 4142 END
START 4996 6284 -11344 9789 -7143 4123 END
START 5244 6452 -11416 8636 -7205 4134 END
START 5488 6380 -11516 7509 -7243 4197 END
START 5860 6540 -11468 6497 -7156 4154 END
START 6408 6648 -11756 5453 -6879 4109 END
START 6972 6692 -11776 4434 -6487 3986 END
START 7520 6724 -11820 3463 -5885 3733 END
START 8148 6680 -11696 2557 -5238 3424 END
START 8532 6640 -11584 1586 -4539 3088 END
START 8980 6564 -11308 739 -3826 2706 END
START 9048 6548 -11192 28 -3266 2301 END
START 9240 6572 -11056 -690 -2770 1899 END
START 9412 6348 -11112 -1397 -2332 1513 END
START 9468 6272 -11112 -2073 -1976 1107 END
START 9420 6300 -11120 -2712 -1709 695 END
START 9316 6256 -11276 -3334 -1555 315 END
START 9256 6212 -11412 -4022 -1488 -113 END
START 9132 6152 -11636 -4659 -1492 -528 END
START 8908 6104 -11800 -5370 -1585 -969 END
START 8856 5792 -11912 -6069 -1697 -1400 END
START 8552 5684 -12056 -6790 -1837 -1811 END
START 8000 5604 -11968 -7535 -2076 -2161 END
START 7500 5400 -12024 -8281 -2406 -2423 END
START 7224 5312 -11912 -9052 -2816 -2618 END
START 7100 5216 -11992 -9828 -3300 -2756 END
START 7064 5080 -11800 -10689 -3861 -2936 END
START 7232 4888 -11340 -11572 -4381 -3111 END
START 7220 4692 -10968 -12431 -4951 -3367 END
START 7152 4548 -10456 -13322 -5490 -3636 END
START 6992 4188 -9972 -14060 -5937 -3867 END
START 6664 3876 -9312 -14945 -6412 -4057 END
START 6204 3504 -8964 -15353 -6899 -4204 END
START 5408 3080 -8444 -15956 -7437 -4225 END
START 4856 2704 -8196 -16458 -7956 -4205 END
START 4260 2632 -8340 -16997 -8504 -4066 END
START 3812 2560 -7876 -17628 -9061 -3957 END
START 3468 2688 -7540 -18403 -9606 -3803 END
START 2980 2684 -7116 -19240 -10092 -3644 END
START 2704 2724 -6312 -20177 -10553 -3493 END
START 2132 2820 -5264 -21098 -10968 -3345 END
START 1916 2676 -4392 -21936 -11220 -3156 END
START 1668 2380 -3412 -22676 -11331 -2945 END
START 1416 1988 -2568 -23269 -11258 -2684 END
START 1128 1652 -1652 -23725 -11046 -2425 END
START 856 1396 -1024 -24142 -10665 -2203 END
START 852 1176 -104 -24512 -10172 -1944 END
START 732 1112 552 -24922 -9394 -1748 END
START 620 968 1084 -25350 -8514 -1604 END
START 204 908 1692 -25828 -7531 -1412 END
START -296 784 2108 -26293 -6412 -1254 END
START -992 540 2568 -26831 -5219 -969 END
START -2076 420 3472 -27274 -4295 -575 END
START -3056 172 4116 -27745 -3406 -102 END
START -4140 52 5040 -28190 -2835 477 END
START -5036 -24 5748 -28559 -2478 1169 END
START -5500 52 6432 -28928 -2313 1911 END
START -6420 8 7536 -29294 -2338 2778 END
START -6784 -156 8168 -29565 -2545 3625 END
START -7488 -296 9648 -29837 -2952 4525 END
START -7792 -540 10992 -30044 -3669 5524 END
START -8188 -624 12844 -30165 -4636 6570 END
START -8340 -944 14204 -30120 -5607 7670 END
START -8304 -900 15768 -29992 -6671 8804 END
START -8068 -1056 17516 -29660 -7738 9884 END
START -7744 -1032 19484 -29191 -8848 10926 END
START -7136 -1060 20872 -28587 -9870 11846 END
START -6472 -1212 22368 -27791 -10790 12951 END
START -5868 -1548 24112 -26818 -11576 13550 END
START -5248 -1688 25528 -25789 -12257 14282 END
START -4164 -1792 27160 -24580 -12765 15017 END
START -3108 -1568 28084 -23339 -12928 15617 END
START -1988 -1164 28700 -22111 -12786 16076 END
START -892 -988 29236 -20927 -12209 16416 END
START -176 -828 29428 -19835 -11449 16619 END
START 320 -572 29908 -18776 -10430 16816 END
START 556 -376 29988 -17860 -9306 16998 END
START 520 -416 30192 -17018 -8168 17247 END
START 508 -588 29976 -16322 -7086 17624 END
START 420 -532 30032 -15678 -5990 18086 END
START 184 -476 29908 -15339 -5119 18641 END
START 76 -620 30408 -15111 -4388 19168 END
START 108 -560 31012 -14658 -3912 19729 END
START 160 -600 31864 -14525 -3711 20283 END
START 252 -424 32640 -14518 -3742 20804 END
START 440 -580 32767 -14127 -3893 21226 END
START 756 -568 32767 -13515 -3967 21634 END
START 1036 -728 32767 -12799 -4060 22044 END
START 1464 -576 32767 -12000 -4012 22383 END
START 1716 -508 32767 -11209 -3890 22677 END
START 2000 -336 32767 -10364 -3666 22965 END
START 2144 28 32767 -9582 -3405 23216 END
START 2316 268 32767 -8790 -3133 23502 END
START 2200 416 32767 -8069 -2916 23811 END
START 2348 612 32767 -7234 -2696 24163 END
START 2516 724 32767 -6371 -2283 24581 END
START 2872 800 32767 -5484 -1772 25047 END
START 3048 852 32767 -4587 -1180 25486 END
START 3384 1012 32767 -3730 -503 26022 END
START 3720 980 32767 -2955 255 26524 END
START 4336 972 32767 -2121 1105 27000 END
START 4848 1172 32767 -1419 2181 27561 END
START 5268 1144 32767 -773 3197 28085 END
START 5632 1204 32767 -238 4199 28585 END
START 5924 1236 32767 305 5244 29105 END
START 6492 1160 32767 850 6217 29552 END
START 7016 1084 32767 1423 7256 29958 END
START 7596 804 32767 1963 8154 30254 END
START 7924 632 32767 2482 8827 30503 END
START 8484 416 32416 2986 9361 30684 END
START 8844 388 32052 3409 9686 30824 END
START 9368 500 31384 3776 9820 30957 END
START 10128 484 30920 4112 9944 31058 END
START 11104 352 30640 4438 10075 31070 END
START 11888 404 30240 4719 10094 31030 END
START 12840 380 30436 5034 10019 30861 END
START 13764 284 30228 5390 9764 30623 END
START 14716 52 30500 5747 9451 30308 END
START 15624 -132 30460 6212 9062 29957 END
START 16616 -396 30572 6752 8677 29584 END
START 17288 -640 30452 7399 8285 29202 END