START -2564 5400 11208 13914 347 -1407 END
START 2148 1108 -3044 15932 1290 -678 END
START -4216 3196 7844 13929 166 -350 END
START -4280 4036 10576 15273 -85 -14 END
START -4404 4136 10640 15114 -36 516 END
START -1920 4972 8016 15353 -1237 885 END
START -5332 4432 11420 15445 -1701 1311 END
START -2452 4616 8036 15646 -1772 1777 END
START -4712 4020 10408 15941 -2562 2220 END
START -4460 4016 9876 16337 -2858 2810 END
START -4932 4064 9720 16754 -3660 3324 END
START -5824 3916 10372 17224 -4058 3915 END
START -5352 4060 9052 17719 -4677 4520 END
START -6648 3828 10048 18135 -5184 5101 END
START -5820 3716 8236 18565 -5515 5734 END
START -6844 3248 8952 18893 -5931 6319 END
START -6216 3224 7788 19169 -6038 6956 END
START -6968 3108 7620 19417 -6251 7611 END
START -6752 3068 6668 19530 -6174 8354 END
START -7072 2992 6160 19589 -6101 9093 END
START -7444 2896 5400 19616 -5836 9882 END
START -7196 2968 4528 19550 -5474 10707 END
START -7848 3056 4420 19337 -5203 11497 END
START -7480 3220 3396 19037 -4767 12386 END
START -7828 3196 3336 18660 -4331 13111 END
START -7384 3328 2036 18242 -3667 13964 END
START -7496 3196 1948 17747 -2978 14807 END
START -6988 2876 908 17235 -2040 15684 END
START -7116 2752 568 16677 -1130 16597 END
START -6788 2628 -316 16034 -39 17536 END
START -6396 2624 -1016 15450 1032 18402 END
START -6332 2516 -1708 14665 2284 19386 END
START -6080 2380 -2572 13855 3616 20348 END
START -5904 2456 -2860 12895 4937 21306 END
START -5580 2464 -3476 11886 6309 22282 END
START -5588 2152 -3896 10865 7547 23275 END
START -5196 1820 -4660 9819 8766 24197 END
START -5168 1604 -5316 8770 9816 25110 END
START -5116 1556 -6208 7676 10787 26017 END
START -4780 1660 -7008 6548 11656 26900 END
START -4672 1760 -7996 5293 12366 27759 END
START -4416 1744 -8952 3910 13011 28541 END
START -4420 1788 -9712 2428 13008 29311 END
START -4424 1552 -9792 854 13191 30119 END
START -4256 1344 -9924 -761 13083 30892 END
START -3748 1520 -10204 -2349 12479 31634 END
START -3240 1316 -9784 -4039 12074 32402 END
START -2344 760 -9592 -5516 11457 32767 END
START -1272 352 -9420 -6909 10752 32767 END
START -120 132 -9120 -8221 10078 32767 END
START 1112 -20 -8608 -9409 9352 32767 END
START 1980 -76 -8180 -10444 8745 32767 END
START 3080 -72 -7740 -11512 8192 32767 END
START 4392 4 -7144 -12477 7644 32767 END
START 5576 136 -6436 -13363 7273 32767 END
START 6864 428 -5792 -14169 7025 32767 END
START 8020 620 -5088 -14971 6782 32767 END
START 9304 740 -4164 -15571 6660 32680 END
START 10644 796 -3380 -16158 6608 32159 END
START 12288 892 -2988 -16677 6655 31505 END
START 13860 956 -2312 -17016 6832 30738 END
START 15160 1040 -1800 -17417 7033 29816 END
START 16272 1076 -1292 -17696 7249 28777 END
START 17208 1136 -612 -17984 7379 27601 END
START 17900 1140 -12 -18230 7467 26497 END
START 18452 1220 244 -18448 7625 25382 END
START 18820 1220 980 -18686 7717 24347 END
START 19040 1280 1220 -18797 7881 23386 END
START 19444 1388 1360 -18928 8072 22559 END
START 19804 1516 1440 -19054 8351 21751 END
START 19928 1660 1912 -19205 8505 20997 END
START 20204 1560 1828 -19373 8577 20243 END
START 20084 1372 2340 -19532 8518 19585 END
START 20260 1304 2380 -19628 8307 18955 END
START 20140 1224 2588 -19775 7938 18355 END
START 20208 1476 2668 -19982 7459 17842 END
START 21280 1876 2592 -20284 6952 17301 END
START 22188 2284 2520 -20700 6518 16656 END
START 23536 2596 2252 -21323 6112 15923 END
START 24504 2940 2840 -21945 5940 15106 END
START 25784 3336 3300 -22780 5840 14121 END
START 26868 3252 4072 -23608 5673 12887 END
START 27788 3652 5328 -24296 5503 11875 END
START 28540 3876 6724 -24874 5262 10614 END
START 29200 4056 8156 -25290 5024 9336 END
START 30048 4064 9180 -25497 4817 7994 END
START 30364 4160 10432 -25566 4565 6597 END
START 30736 4224 11928 -25473 4334 5141 END
START 30704 4468 13064 -25312 4009 3759 END
START 30740 4540 14444 -25101 3522 2416 END
START 30280 4828 15500 -24763 3023 1078 END
START 30172 5120 16384 -24429 2457 -232 END
START 30020 5460 16952 -24087 1953 -1414 END
START 29832 5680 17516 -23685 1457 -2573 END
START 29880 5976 18064 -23354 1006 -3768 END
START 30064 6304 18560 -23120 712 -4886 END
START 30244 6688 18872 -23025 488 -6077 END
START 30736 7104 19548 -23012 359 -7305 END
START 30952 7284 20324 -23048 269 -8674 END
START 31052 7476 21264 -23123 209 -10116 END
START 30980 7460 22548 -23201 98 -11635 END
START 30904 7436 23596 -23168 57 -13155 END
START 30620 7208 24664 -23019 156 -14625 END
START 30132 7128 25908 -22847 306 -16095 END
START 29548 6856 27072 -22547 505 -17548 END
START 28692 6756 28564 -22195 740 -18856 END
START 27724 6576 29616 -21778 1012 -20125 END
START 25988 6096 31060 -21294 1201 -21294 END
START 24900 5668 32308 -20703 1383 -22402 END
START 23424 5200 32767 -19979 1571 -23389 END
START 22004 4692 32767 -19250 1543 -24223 END
START 20596 4428 32767 -18494 1522 -24995 END
START 18892 4112 32767 -17552 1382 -25667 END
START 17464 3888 32767 -16641 1342 -26104 END
START 15900 3668 32767 -15570 1183 -26471 END
START 14444 3536 32767 -14335 985 -26653 END
START 13124 3376 32767 -13373 744 -26732 END
START 12040 3152 32767 -12178 500 -26723 END
START 11048 2976 32767 -10942 274 -26672 END
START 10504 2864 32767 -9759 85 -26652 END
START 9848 2608 32767 -8571 -39 -26659 END
START 9472 2456 32767 -7451 -174 -26639 END
START 9120 2236 32767 -6311 -227 -26697 END
START 8868 2160 32767 -5133 -193 -26818 END
START 8548 2068 32767 -3977 -126 -26968 END
START 8036 2052 32767 -2811 -84 -27128 END
START 7456 1828 32767 -1636 17 -27346 END
START 6748 1644 32767 -416 75 -27487 END
START 5956 1388 32767 852 97 -27611 END
START 5060 1140 32767 2085 54 -27669 END
START 4168 908 32767 3334 -74 -27653 END
START 3068 684 32767 4615 -194 -27546 END
START 2168 676 32767 5808 -371 -27392 END
START 1664 592 32767 7042 -582 -27125 END
START 736 636 32767 8250 -820 -26771 END
START -68 548 32767 9323 -1061 -26383 END
START -748 500 32767 10450 -1341 -25935 END
START -1380 468 32767 11449 -1676 -25491 END
START -2088 468 32360 12479 -1984 -24954 END
START -2532 448 31144 13483 -2330 -24377 END
START -3084 620 30080 14448 -2607 -23756 END
START -3580 424 29000 15285 -2829 -23098 END
START -4212 412 28124 16163 -3061 -22342 END
START -4892 448 27092 16968 -3245 -21547 END
START -5540 556 26080 17798 -3448 -20618 END
START -6164 884 25216 18566 -3591 -19656 END
START -6624 1152 24224 19351 -3734 -18551 END
START -7088 1140 23292 20054 -3825 -17436 END
START -7248 1204 22468 20708 -3876 -16305 END
START -7532 1232 21352 21394 -3870 -15099 END
START -7600 1244 20632 21971 -3851 -13888 END
START -7632 1356 19644 22604 -3752 -12596 END
START -7764 1356 18680 23174 -3614 -11324 END
START -7788 1448 17748 23793 -3494 -10016 END
START -7608 1472 16924 24319 -3329 -8796 END
START -7524 1680 16044 24808 -3264 -7637 END
START -7020 1740 14904 25244 -3210 -6526 END
START -6504 1708 13664 25611 -3153 -5534 END
START -5832 1656 12468 25854 -3047 -4691 END
START -5080 1784 11108 26003 -2887 -3905 END
START -4432 2108 9672 26056 -2704 -3243 END
START -3820 2648 8464 25881 -2616 -2652 END
START -3108 2656 6916 25672 -2508 -2205 END
START -2240 2744 5404 25294 -2357 -1874 END
START -1192 2728 3944 24815 -2180 -1681 END
START -668 2940 2844 24214 -2073 -1532 END
START -164 3180 1676 23443 -2075 -1448 END
START 324 3620 916 22533 -2227 -1336 END
START 960 3976 136 21534 -2373 -1309 END
START 1352 4360 -348 20512 -2475 -1262 END
START 2156 4504 -944 19332 -2561 -1313 END
START 2724 4716 -1200 18094 -2583 -1443 END
START 3452 4856 -1524 16870 -2550 -1631 END
START 3744 5004 -1672 15666 -2460 -1928 END
START 4144 5048 -1400 14567 -2403 -2259 END
START 4188 5020 -804 13552 -2501 -2588 END
START 4180 5096 -76 12577 -2673 -2902 END
START 4236 5196 400 11825 -2871 -3179 END
START 4000 5008 992 11246 -3012 -3391 END
START 3796 5016 1480 10875 -3199 -3515 END
START 3276 5052 2228 10613 -3410 -3605 END
START 2820 4908 2900 10613 -3760 -3564 END
START 2412 4788 3124 10669 -4027 -3464 END
START 1860 4476 3396 10868 -4361 -3262 END
START 1548 4428 3412 11134 -4543 -2945 END
START 1480 4328 3060 11453 -4625 -2566 END
START 1432 4384 2608 11725 -4644 -2124 END
START 1524 4456 2028 11958 -4512 -1579 END
START 1768 4484 1456 12120 -4383 -1014 END
START 1964 4512 744 12220 -4238 -447 END
START 2236 4612 -148 12242 -4057 86 END
START 2584 4636 -600 12141 -3902 577 END
START 3056 4768 -1560 11973 -3792 1037 END
START 3568 4956 -2544 11646 -3697 1456 END
START 4252 4796 -3400 11319 -3713 1844 END
START 4896 4880 -4372 10847 -3714 2185 END
START 5612 5124 -5288 10284 -3737 2484 END
START 6288 5304 -6408 9697 -3816 2678 END
START 6980 5516 -7300 9028 -3873 2848 END
START 7768 5604 -8432 8234 -3935 2907 END
START 8532 5792 -9176 7383 -4006 2891 END
START 9356 6128 -9892 6404 -4105 2773 END
START 10224 6240 -10672 5295 -4122 2582 END
START 11136 6496 -11472 4111 -4039 2288 END
START 11888 6604 -11948 2838 -3868 1922 END
START 12492 6704 -12212 1567 -3615 1412 END
START 12884 6744 -12412 275 -3384 954 END
START 12924 6752 -12608 -944 -3189 451 END
START 13144 6880 -12668 -2230 -2941 -71 END
START 13136 7024 -12684 -3449 -2656 -517 END
START 12924 7000 -12520 -4687 -2321 -1052 END
START 12804 7004 -12308 -5936 -1859 -1570 END
START 12676 6748 -12136 -7120 -1353 -2066 END
START 12376 6572 -12084 -8243 -827 -2548 END
START 12156 6176 -11764 -9370 -259 -3010 END
START 11644 5816 -11648 -10360 280 -3403 END
START 11064 5484 -11740 -11407 820 -3832 END
START 10456 5228 -11560 -12459 1346 -4183 END
START 9676 4928 -11428 -13500 1802 -4533 END
START 8968 4576 -11420 -14684 2190 -4827 END
START 8276 4068 -11132 -15444 2546 -5123 END
START 7488 3512 -11004 -16673 2844 -5318 END
START 6696 3052 -10596 -17699 3036 -5505 END
START 5836 2712 -10000 -18755 3161 -5587 END
START 5040 2448 -9456 -19721 3172 -5695 END
START 4328 2164 -8704 -20656 3108 -5737 END
START 3676 1792 -7980 -21538 2998 -5750 END
START 3172 1392 -7060 -22361 2762 -5756 END
START 2344 1024 -6224 -23061 2478 -5722 END
START 1580 652 -5396 -23697 2117 -5642 END
START 912 292 -4548 -24225 1730 -5484 END
START 376 -8 -4020 -24741 1355 -5244 END
START -36 -96 -3612 -25242 1054 -4980 END
START -400 -276 -3056 -25751 844 -4671 END
START -600 -492 -2700 -26349 794 -4336 END
START -796 -756 -2360 -26964 821 -3985 END
START -1088 -1060 -1748 -27626 985 -3589 END
START -1380 -1284 -1332 -28356 1246 -3077 END
START -1600 -1488 -904 -29151 1643 -2562 END
START -1768 -1748 -476 -29988 2173 -1980 END
START -1956 -1992 4 -30891 3001 -1347 END
START -2052 -2240 808 -31773 3897 -686 END
START -2240 -2584 1508 -32721 4993 -14 END
START -2484 -2592 2216 -32768 6137 694 END
START -2752 -2692 3012 -32768 7421 1333 END
START -3192 -2832 4064 -32768 8870 2078 END
START -3516 -2944 5204 -32768 10235 2831 END
START -3940 -2996 6276 -32768 11667 3569 END
START -4388 -3200 7196 -32768 12934 4415 END
START -4972 -3536 8584 -32768 14186 5304 END
START -5204 -3700 10064 -32768 15300 6235 END
START -5744 -3892 11900 -32768 16255 7148 END
START -5860 -3992 13484 -32768 16941 8095 END
START -5940 -4060 15360 -32768 17568 8928 END
START -6156 -4144 17568 -32768 18031 9767 END
START -5952 -4476 19336 -32768 18382 10484 END
START -5624 -4556 21404 -32768 18750 11077 END
START -5164 -4728 23680 -32768 18976 11494 END
START -4848 -5016 25896 -32768 19209 11816 END
START -4692 -5224 28244 -32768 19365 12008 END
START -4552 -5424 30436 -32768 19544 12128 END
START -4544 -5564 32767 -32768 19528 12120 END
START -4624 -5588 32767 -32768 19343 12146 END
START -4444 -5668 32767 -32768 19219 11966 END
START -4356 -5720 32767 -32768 19075 11764 END
START -4568 -5740 32767 -32768 18848 11295 END
START -4628 -5676 32767 -32541 18508 10809 END
START -5152 -5552 32767 -30667 17956 10357 END
START -5684 -5256 32767 -28620 17184 9899 END
START -5600 -4924 32767 -26661 16299 9404 END
START -6952 -4840 32767 -24755 15674 9039 END
START -8224 -5040 32767 -22746 15389 9003 END
START -8668 -4416 32767 -20976 14555 9203 END
START -9908 -4272 32767 -19334 13395 9431 END
START -10408 -3992 32767 -17530 12128 9640 END
START -11124 -3656 32767 -15920 11087 10100 END
START -11572 -3440 32767 -14475 9749 10596 END
START -11748 -3148 32767 -12691 8388 11142 END
START -11428 -2920 32767 -11314 7366 11707 END
START -11192 -2656 32767 -10139 6663 12308 END
START -10980 -2216 32767 -9109 6260 12998 END
START -10728 -1904 32767 -8246 6164 13586 END
START -10716 -1524 32767 -7585 6200 14394 END
START -10548 -1212 32767 -6950 6336 15242 END
START -10132 -1032 32767 -6361 6563 16152 END
START -9728 -896 32767 -5759 6850 17105 END
START -9360 -720 32767 -5126 7232 18005 END
START -8684 -672 32767 -4527 7600 18882 END
START -8344 -544 32767 -3974 8035 19763 END
START -7904 -336 32767 -3429 8441 20626 END
START -7380 -180 32767 -2927 8803 21536 END
START -6848 -172 32767 -2511 9021 22431 END
START -6164 -184 32767 -2104 9206 23351 END
START -5536 -224 32767 -1770 9270 24281 END
START -4860 -256 32767 -1431 9262 25163 END