START 7752 9536 5772 2551 6755 -2954 END
START -4776 3216 6796 5235 -2766 -930 END
START -24340 1372 19112 8215 -6527 3512 END
START -21496 652 16916 9613 -7707 9186 END
START -15260 484 13864 9952 -4429 13593 END
START -12320 216 10524 8985 -1853 16668 END
START -10228 468 7044 7722 -1549 19546 END
START -7468 576 3280 5393 -1970 20720 END
START -7120 240 180 2741 -3006 22111 END
START -6548 -44 -3532 -1400 -3046 23937 END
START -5504 -356 -8324 -7622 -2676 26545 END
START -1964 -1180 -9924 -15540 -3279 28169 END
START 1008 -2988 -6548 -22735 -2259 29149 END
START 7068 -4172 -1544 -26029 -4376 29858 END
START 17624 -3588 3000 -27288 -6843 26758 END
START 22664 -1776 5052 -28598 -5210 21287 END
START 25728 20 7784 -31769 -2374 16285 END
START 29984 632 14564 -32768 1070 10747 END
START 32767 1936 19964 -32768 5021 3527 END
START 32767 2732 25948 -31764 7900 -5659 END
START 31948 2864 32767 -27568 10909 -15718 END
START 25092 2156 32767 -22876 12130 -24109 END
START 17004 -72 32767 -19185 13332 -29117 END
START 10820 -3064 32767 -14494 15869 -32411 END
START 2440 -6316 32767 -7540 16471 -32768 END
START -5612 -9404 32767 450 13341 -32768 END
START -12880 -11872 32767 8248 9438 -32768 END
START -19712 -13724 32767 15675 7995 -29768 END
START -23500 -14132 32767 21826 6224 -21048 END
START -22240 -12864 32767 26782 5329 -13011 END
START -20860 -11740 28236 30735 4641 -6235 END
START -18036 -9608 21852 32767 4013 -208 END
START -14940 -8032 16588 32767 3519 4161 END
START -12184 -6984 11744 32767 2543 7472 END
START -8932 -5192 6504 32767 1247 9709 END
START -6088 -3708 1876 32055 1068 10656 END
START -3792 -2240 -2172 28653 1340 10918 END
START -3064 -588 -6632 23901 302 11528 END
START -996 1716 -11060 17120 -2605 12150 END
START 2656 2876 -11000 9834 -3959 11075 END
START 5000 3052 -9220 4765 -3755 9696 END
START 6236 3848 -8552 1099 -2970 8041 END
START 5908 3840 -8988 -2603 -3116 6972 END
START 9396 4464 -8880 -6855 -4425 4926 END
START 11280 4320 -7040 -10657 -5319 2195 END
START 13364 4436 -5404 -14585 -5941 -1205 END
START 14216 3052 -2588 -18167 -4343 -4734 END
START 15948 2056 -1020 -21808 -1909 -9014 END
START 12864 -500 1248 -25445 1584 -13956 END
START 8376 -2356 2476 -27848 2500 -17078 END
START 6000 -3948 2184 -30768 1924 -20091 END
START 1628 -5988 4944 -32768 632 -23635 END
START -6248 -7124 6748 -32768 628 -23641 END
START -13940 -8728 10884 -32768 3045 -19081 END
START -18816 -11344 16080 -32768 6883 -13522 END
START -29312 -17436 24796 -32768 9398 -6877 END
START -32768 -22548 32767 -32768 6620 4573 END
START -32768 -25900 32767 -32567 1936 16645 END
START -31376 -24500 32767 -18010 -3948 27067 END
START -23208 -19944 32767 -7252 -7531 32767 END
START -16224 -15588 32767 -1246 -4738 32767 END
START -6496 -12560 31984 -226 525 32767 END