START -13876 2520 9196 12574 1855 7072 END
START -7980 -2184 -8568 14245 3071 8262 END
START -13072 1652 5008 11863 1748 8961 END
START -14908 2152 10152 12716 2041 9880 END
START -11688 1616 4512 12078 1647 10837 END
START -15840 1620 9540 11693 705 11814 END
START -12816 1644 5556 11336 695 12674 END
START -14232 1304 7328 11053 357 13743 END
START -13444 1012 6936 10975 602 14814 END
START -13480 916 6828 10882 448 15958 END
START -14172 528 7512 10864 587 17022 END
START -13140 460 5956 10838 707 18181 END
START -14332 288 7140 10790 669 19323 END
START -13072 252 5448 10674 881 20469 END
START -13792 168 6088 10529 779 21578 END
START -12900 -16 4668 10320 908 22618 END
START -12744 64 4592 10064 715 23622 END
START -12888 -148 4312 9741 577 24627 END
START -12380 -156 3564 9335 502 25607 END
START -11708 -164 2772 8901 396 26465 END
START -11544 -360 2308 8348 553 27302 END
START -10600 -568 1108 7746 709 28172 END
START -10300 -776 720 7089 940 28967 END
START -9288 -912 -388 6316 1273 29723 END
START -9012 -1020 -824 5509 1636 30505 END
START -8052 -1140 -1880 4511 2145 31277 END
START -7464 -1204 -2256 3444 2615 32017 END
START -6356 -1140 -3024 2279 3196 32710 END
START -5104 -1272 -3364 1173 3690 32767 END
START -3420 -1160 -3836 -104 4343 32767 END
START -1848 -1288 -4136 -1369 5015 32767 END
START -328 -1640 -4332 -2570 5606 32767 END
START 1164 -1888 -4428 -3745 6061 32767 END
START 2440 -1896 -4632 -4865 6405 32767 END
START 3968 -1600 -4692 -6007 6722 32767 END
START 5444 -1320 -4712 -7195 7063 32767 END
START 6476 -888 -4604 -8425 7491 32549 END
START 7104 -744 -4568 -9588 7866 31794 END
START 7736 -660 -4024 -10658 8070 30928 END
START 8364 -784 -3600 -11663 8286 30104 END
START 8764 -808 -2940 -12511 8397 29325 END
START 9060 -916 -2348 -13280 8453 28549 END
START 9232 -972 -1340 -13848 8315 27853 END
START 9292 -920 -204 -14533 7972 27119 END
START 9476 -904 580 -14625 7524 26364 END
START 9472 -1148 1224 -15052 6844 25688 END
START 9456 -1312 1820 -14629 5940 25077 END
START 9412 -1240 2080 -14654 4899 24457 END
START 9676 -1308 2008 -14639 3837 23992 END
START 10000 -1092 2352 -14719 2875 23534 END
START 10476 -996 2188 -15254 1939 23121 END
START 11084 -1020 2000 -15406 1215 22800 END
START 11736 -1128 1916 -15812 660 22503 END
START 12180 -1084 2164 -16201 196 22243 END
START 12880 -1176 2344 -16647 -119 21963 END
START 13280 -1236 2712 -17049 -399 21725 END
START 13612 -1220 3288 -17427 -666 21456 END
START 13940 -1340 3544 -17748 -956 21272 END
START 14328 -1276 4036 -18067 -1165 21124 END
START 14992 -1232 4204 -18359 -1190 21007 END
START 16740 -832 4612 -18726 -984 20834 END
START 17796 -616 4748 -19135 -568 20555 END
START 19692 -284 5160 -19581 197 20113 END
START 21644 -100 5912 -20060 1132 19483 END
START 23712 44 6596 -20532 2256 18621 END
START 25552 344 7416 -20991 3522 17561 END
START 27268 104 8524 -21371 4794 16307 END
START 28352 536 10036 -21634 5922 14912 END
START 29328 1040 11032 -21749 6973 13447 END
START 29920 1684 12952 -21770 7677 11817 END
START 30208 2232 14012 -21710 8178 10087 END
START 30324 2768 14828 -21523 8514 8394 END
START 30268 3180 15756 -21346 8572 6693 END
START 29844 3756 16560 -21138 8463 5073 END
START 29604 4352 17180 -20949 8144 3516 END
START 29144 4688 18036 -20776 7668 1987 END
START 28800 4928 18640 -20580 7052 551 END
START 28292 5096 19276 -20391 6297 -810 END
START 27864 5396 19868 -20234 5628 -2051 END
START 27484 5872 20444 -20103 4857 -3231 END
START 27216 6148 21376 -20037 4196 -4392 END
START 27032 6612 22112 -19940 3537 -5603 END
START 27056 6936 23184 -19892 3071 -6729 END
START 27124 7240 24196 -19852 2736 -7960 END
START 27108 7196 25356 -19688 2628 -9173 END
START 26924 7236 26692 -19522 2642 -10423 END
START 26576 7236 27900 -19248 2719 -11807 END
START 26088 7228 29616 -18882 2792 -13128 END
START 25344 7044 31240 -18365 2769 -14379 END
START 24068 6720 32767 -17717 2636 -15664 END
START 22888 6484 32767 -16981 2378 -16883 END
START 21656 6320 32767 -16151 1908 -18097 END
START 20284 6108 32767 -15329 1302 -19161 END
START 19404 6008 32767 -14317 478 -20322 END
START 17912 5596 32767 -13515 -396 -21356 END
START 17164 5272 32767 -12519 -1362 -22452 END
START 15996 4900 32767 -11525 -2340 -23520 END
START 15028 4388 32767 -10560 -3261 -24560 END
START 14060 4056 32767 -9516 -4084 -25632 END
START 12864 3576 32767 -8493 -4875 -26559 END
START 11600 2872 32767 -7472 -5692 -27477 END
START 10188 2388 32767 -6391 -6436 -28259 END
START 8216 1600 32767 -5220 -7263 -28958 END
START 6576 1224 32767 -4006 -7920 -29449 END
START 5240 820 32767 -2729 -8442 -29829 END
START 3736 412 32767 -1338 -8808 -30052 END
START 2540 36 32767 86 -9035 -30111 END
START 1496 -232 32767 1406 -9076 -30057 END
START 220 -516 32767 2868 -8963 -29853 END
START -1056 -760 32767 4263 -8756 -29556 END
START -2140 -888 32767 5721 -8319 -29085 END
START -3216 -1004 32767 7213 -7726 -28564 END
START -4120 -1000 32767 8643 -6913 -27861 END
START -5004 -1360 32767 10042 -6048 -27082 END
START -6112 -1492 32767 11411 -5063 -26066 END
START -7012 -1628 32767 12706 -4182 -24956 END
START -8112 -1844 32767 13950 -3258 -23694 END
START -9040 -1860 32767 15132 -2440 -22367 END
START -9772 -1792 32767 16199 -1671 -21017 END
START -10392 -1584 32767 17164 -1068 -19602 END
START -10772 -1424 32767 18092 -540 -18199 END
START -11116 -1328 32612 18948 -143 -16822 END
START -11156 -1464 31176 19803 232 -15440 END
START -11392 -1600 29924 20569 474 -14119 END
START -11464 -1612 28792 21364 698 -12767 END
START -11340 -1412 27264 22088 932 -11491 END
START -11356 -1532 26044 22801 1095 -10125 END
START -10980 -1536 24564 23494 1296 -8869 END
START -10904 -1584 23384 24077 1382 -7702 END
START -10964 -1640 22124 24651 1290 -6549 END
START -10992 -1552 20256 25167 952 -5364 END
START -10892 -1776 18780 25683 373 -4244 END
START -10640 -2004 16972 26117 -401 -3136 END
START -10332 -1848 15032 26529 -1247 -2116 END
START -9728 -1816 12900 26743 -2089 -1078 END
START -9316 -1812 11056 26803 -3135 -214 END
START -8764 -1680 9000 26683 -4167 615 END
START -8368 -1644 6944 26544 -5215 1394 END
START -7836 -1724 4904 26158 -6308 2128 END
START -7056 -1656 2996 25612 -7398 2911 END
START -5984 -1632 776 24878 -8386 3561 END
START -5068 -1576 -1212 23928 -9198 4202 END
START -4132 -1396 -3260 22834 -9840 4793 END
START -3324 -1332 -5228 21600 -10359 5338 END
START -2480 -1164 -7112 20120 -10704 5941 END
START -1768 -932 -8552 18539 -10913 6525 END
START -992 -596 -9876 16861 -11029 7054 END
START -44 -288 -11156 15163 -10939 7505 END
START 756 -204 -11836 13373 -10717 7973 END
START 1728 156 -12644 11547 -10235 8347 END
START 2312 376 -13084 9670 -9532 8712 END
START 2500 268 -13404 7999 -8610 9028 END
START 2908 364 -13624 6429 -7413 9499 END
START 2736 308 -13404 5050 -6327 10111 END
START 2504 144 -13436 3704 -5186 10830 END
START 2556 348 -13576 2458 -4104 11573 END
START 2596 672 -13900 1182 -2821 12312 END
START 3112 856 -14920 13 -1472 12976 END
START 3364 700 -14400 -1239 -529 13831 END
START 4028 640 -14836 -2466 449 14406 END
START 4952 848 -14892 -3694 1400 14890 END
START 6372 764 -15140 -4958 2328 15173 END
START 7740 876 -15452 -6266 3272 15251 END
START 9356 992 -15344 -7468 4212 15061 END
START 10872 856 -15088 -8559 4869 14606 END
START 12304 808 -14804 -9617 5495 13910 END
START 13548 796 -14572 -10549 6044 12963 END
START 14468 296 -13936 -11493 6057 11719 END
START 15244 356 -13660 -12259 5939 10272 END
START 15616 72 -12912 -13035 5523 8763 END
START 16088 -172 -13280 -13648 4768 7071 END
START 16124 136 -12408 -14186 3835 5458 END
START 16056 148 -12620 -14868 2868 3834 END
START 15604 376 -12440 -15408 1775 2220 END
START 14936 200 -11944 -15993 634 722 END
START 14548 176 -11648 -16582 -655 -707 END
START 13956 152 -11240 -17147 -1755 -1929 END
START 13512 84 -11012 -17765 -2905 -3218 END
START 13012 -180 -10484 -18360 -4043 -4306 END
START 12520 -632 -10224 -18937 -5097 -5399 END
START 11876 -984 -9796 -19522 -6208 -6368 END
START 11324 -1260 -9388 -20227 -7218 -7386 END
START 10672 -1748 -8828 -20992 -8131 -8277 END
START 10036 -2032 -7980 -21869 -8872 -9073 END
START 9328 -2536 -7000 -22887 -9588 -9873 END
START 8656 -3144 -5896 -23821 -9976 -10562 END
START 7420 -3848 -3912 -24775 -10400 -11119 END
START 6456 -4600 -2100 -25562 -10663 -11572 END
START 5624 -5168 -576 -26356 -10673 -11807 END
START 4488 -5680 1292 -26875 -10491 -11969 END
START 2992 -6272 4036 -27348 -10159 -12012 END
START 1832 -6540 5976 -27734 -9692 -11955 END
START 632 -6728 8040 -28063 -9227 -11843 END
START -752 -7340 10164 -28327 -8640 -11601 END
START -2384 -7744 12504 -28397 -8098 -11249 END
START -4068 -7976 14644 -28292 -7592 -10694 END
START -5684 -7996 16564 -28039 -7123 -9966 END
START -7256 -7944 18412 -27605 -6559 -9024 END
START -8648 -7908 20008 -27022 -6048 -7975 END
START -9936 -7644 21712 -26397 -5660 -6788 END
START -10908 -7500 22888 -25620 -5311 -5507 END
START -11940 -7204 24004 -24868 -4827 -4261 END
START -12224 -6680 24692 -24032 -4132 -2865 END
START -12856 -6452 25552 -23264 -3374 -1470 END
START -13332 -5956 26068 -22631 -2606 -104 END
START -13904 -5460 26732 -22070 -1807 1294 END
START -14732 -4856 27884 -21635 -1449 2635 END
START -14244 -4168 28208 -21319 -415 4058 END
START -14224 -3856 28656 -21085 295 5358 END
START -14160 -3572 29444 -20834 1215 6650 END
START -14384 -3420 30640 -20557 1962 7961 END
START -14632 -2884 31700 -20226 2542 9190 END
START -14176 -2600 32648 -19873 3063 10400 END
START -13844 -2468 32767 -19410 3684 11551 END
START -13508 -2256 32767 -18930 4207 12444 END
START -12940 -1904 32767 -18319 4674 13617 END
START -12852 -1828 32767 -17636 5066 14566 END
START -12176 -1660 32767 -16875 5389 15511 END
START -11716 -1676 32767 -15990 5711 16378 END
START -11020 -1532 32767 -15078 5903 17171 END
START -9748 -1492 32767 -14278 6214 17955 END
START -8884 -1096 32767 -13135 6509 18655 END
START -8064 -664 32767 -12181 6836 19204 END
START -7104 -452 32767 -11149 7201 19811 END
START -6116 -152 32767 -10184 7627 20272 END
START -5208 104 32767 -9176 8025 20665 END
START -4284 392 32767 -8274 8387 20969 END
START -3308 576 32767 -7290 8699 21259 END
START -2384 856 32767 -6367 9043 21464 END
START -1540 1120 32767 -5431 9341 21619 END
START -632 1252 32767 -4564 9600 21868 END
START 268 1380 32767 -3746 9906 22063 END
START 1400 1504 32767 -2992 10220 22272 END
START 2384 1728 32767 -2170 10473 22452 END
START 3788 1844 32767 -1357 10736 22570 END
START 5072 1880 32767 -542 10947 22534 END
START 6128 1944 32767 320 11172 22425 END