START -10312 3936 6752 8036 5888 7649 END
START -7924 -3540 -8488 10236 6849 8552 END
START -8616 7508 3640 7548 6001 9163 END
START -12052 4380 8660 8719 5757 10010 END
START -11440 4176 6628 8446 4935 10707 END
START -9960 4632 5516 8204 4803 11446 END
START -11384 3992 6692 8052 4680 12010 END
START -9056 4308 4352 7879 4749 12893 END
START -11028 3784 7072 7782 4630 13323 END
START -9068 3788 5032 7673 4477 14173 END
START -10180 3260 6484 7680 4667 14990 END
START -9120 3096 5056 7571 4738 15767 END
START -9388 2808 5516 7530 5090 16635 END
START -9584 2572 5424 7509 5227 17435 END
START -9204 2648 4512 7528 5556 18339 END
START -9624 2480 4608 7524 5744 19178 END
START -9384 2504 3856 7471 5889 20176 END
START -9412 2336 3724 7351 5972 21076 END
START -9336 2236 3308 7172 5947 21938 END
START -8936 2072 2804 6934 5838 22837 END
START -8868 1972 2136 6695 5568 23716 END
START -8456 2116 1784 6439 5074 24487 END
START -8328 2160 1428 6192 4443 25218 END
START -8852 1452 -744 6101 4170 26067 END
START -9412 1236 -1696 5899 3522 27188 END
START -9064 1220 -2460 5381 2465 28336 END
START -8040 1168 -3860 4566 1171 29269 END
START -6612 1508 -4868 3440 -33 30031 END
START -5432 1660 -6688 2199 -655 30526 END
START -4300 1976 -7952 647 -943 30972 END
START -3084 2032 -8532 -940 -952 31399 END
START -1788 1624 -8672 -2652 -618 31702 END
START -440 1172 -8816 -4321 -71 31934 END
START 912 652 -8596 -5966 786 32086 END
START 2192 300 -8220 -7509 1880 32167 END
START 3100 0 -7648 -8904 3137 32271 END
START 3776 -136 -7448 -10253 4484 32294 END
START 4568 -112 -6736 -11574 5966 32289 END
START 5176 -124 -5916 -12861 7457 32232 END
START 5408 -220 -5204 -13989 8607 32062 END
START 5160 -460 -4348 -15001 9343 32015 END
START 4624 -848 -3600 -15602 9543 32095 END
START 4096 -1256 -3312 -16203 9487 32302 END
START 3848 -1404 -3728 -16910 9435 32736 END
START 4168 -1060 -3584 -17682 9341 32767 END
START 4740 -640 -3184 -18563 9194 32767 END
START 5864 -48 -2440 -19543 8923 32767 END
START 7472 440 -1536 -20580 8639 32767 END
START 9256 632 -56 -21546 8195 32767 END
START 11304 476 1228 -22180 7828 32767 END
START 13600 492 2772 -22554 7352 32717 END
START 16076 732 3768 -22731 6766 31913 END
START 18624 968 4548 -22611 6493 30852 END
START 21312 848 4664 -22402 6270 29536 END
START 23664 640 4856 -22080 6186 28001 END
START 25520 936 4920 -21775 6077 26260 END
START 26948 1572 4952 -21571 5960 24418 END
START 28212 2288 5140 -21556 5729 22384 END
START 29208 2612 5188 -21690 5326 20322 END
START 29540 3152 5036 -21955 4862 18120 END
START 29404 3912 4996 -22326 4253 16082 END
START 29012 4368 5196 -22810 3574 14149 END
START 28476 4932 5684 -23278 2777 12271 END
START 28248 5424 6076 -23766 2163 10829 END
START 28216 5480 6516 -24220 1681 9380 END
START 28244 5444 7364 -24688 1438 8061 END
START 28388 5488 8228 -25120 1238 6734 END
START 28568 5656 9436 -25509 1088 5427 END
START 28692 5880 10824 -25790 1039 4091 END
START 28712 5896 12152 -25898 1067 2763 END
START 28476 6244 13960 -25924 1121 1540 END
START 28340 6392 15240 -25774 1220 325 END
START 27880 6428 16816 -25463 1324 -840 END
START 27672 6592 18292 -25052 1439 -1860 END
START 27656 6848 19892 -24474 1725 -2913 END
START 27924 7112 21016 -23848 1913 -3860 END
START 28028 7408 21776 -23193 2286 -4905 END
START 28332 7508 22360 -22591 2510 -5981 END
START 28444 7512 23188 -21941 2674 -7155 END
START 28460 7468 23664 -21315 2723 -8280 END
START 28260 7376 23872 -20763 2799 -9482 END
START 28388 7640 24168 -20319 2868 -10680 END
START 28644 8072 24272 -19995 3045 -11916 END
START 28724 8472 24776 -19827 3133 -13352 END
START 29036 8964 25296 -19709 3328 -14963 END
START 29104 8920 25992 -19690 3460 -16646 END
START 28880 8696 26932 -19573 3449 -18505 END
START 28528 8408 27772 -19443 3564 -20325 END
START 27656 8184 28780 -19230 3527 -22057 END
START 26324 7748 30088 -18883 3483 -23791 END
START 25068 7280 31140 -18503 3348 -25500 END
START 23888 6684 32264 -18120 3133 -27042 END
START 22120 6144 32767 -17647 2757 -28578 END
START 20488 5796 32767 -17017 2299 -29980 END
START 18792 5480 32767 -16282 1786 -31193 END
START 17024 5308 32767 -15347 1237 -32323 END
START 15492 4900 32767 -14211 638 -32768 END
START 13952 4352 32767 -13016 -2 -32768 END
START 12364 3796 32767 -11772 -752 -32768 END
START 10864 3368 32767 -10438 -1545 -32768 END
START 9428 2868 32767 -9097 -2325 -32768 END
START 7992 2228 32767 -7800 -3075 -32768 END
START 6556 1592 32767 -6492 -3739 -32768 END
START 4788 1080 32767 -5215 -4318 -32768 END
START 3132 736 32767 -3902 -4790 -32768 END
START 1456 676 32767 -2606 -5082 -32768 END
START -144 500 32767 -1356 -5210 -32768 END
START -1964 192 32767 46 -5221 -32768 END
START -3652 -80 32767 1486 -5210 -32768 END
START -5432 -480 32767 3019 -5205 -32768 END
START -7076 -920 32767 4614 -5162 -32768 END
START -8336 -1284 32767 6173 -5062 -32768 END
START -9660 -1268 32767 7677 -4879 -32538 END
START -10620 -944 32767 9094 -4610 -31352 END
START -11492 -476 32767 10466 -4176 -30070 END
START -12012 -152 32767 11701 -3579 -28822 END
START -12408 -76 32767 12905 -2820 -27533 END
START -12680 -260 32767 14023 -1984 -26241 END
START -12976 -308 32767 15146 -1090 -25004 END
START -13360 -552 32767 16237 -166 -23665 END
START -13776 -592 32767 17293 684 -22334 END
START -14024 -476 32767 18383 1433 -20929 END
START -14328 -504 32212 19360 2136 -19597 END
START -14792 -280 30916 20261 2592 -18157 END
START -15148 -12 29868 21104 2906 -16669 END
START -15344 232 28316 21834 3061 -15252 END
START -15420 1004 26964 22445 3084 -13851 END
START -15548 1032 25652 22856 2951 -12470 END
START -15248 1072 24492 23253 2658 -11156 END
START -15072 1076 23644 23542 2296 -9957 END
START -14704 1004 22396 23881 1928 -8729 END
START -14496 1268 21672 24248 1598 -7571 END
START -14220 1536 20744 24610 1379 -6323 END
START -13828 1772 19792 24987 1220 -5143 END
START -13460 2008 18676 25357 1163 -3979 END
START -12944 2140 17544 25660 1031 -2866 END
START -12448 2288 16564 25870 854 -1884 END
START -11892 2444 15676 26077 636 -981 END
START -11112 2560 14584 26164 327 -185 END
START -10576 2644 13748 26227 -64 554 END
START -9828 2680 12848 26235 -574 1203 END
START -9188 2668 11896 26248 -1105 1833 END
START -8464 2496 11040 26258 -1711 2412 END
START -7832 2568 10156 26341 -2481 2981 END
START -7416 2336 9000 26441 -3329 3484 END
START -6604 2376 7440 26528 -4318 3927 END
START -5736 2600 6044 26458 -5241 4275 END
START -4764 2796 4272 26208 -6045 4478 END
START -3712 3004 2580 25872 -6651 4574 END
START -2892 3032 1180 25238 -6979 4573 END
START -2136 3272 -360 24551 -7203 4487 END
START -1688 3472 -1296 23696 -7237 4375 END
START -1104 3576 -2212 22793 -7209 4325 END
START -836 3612 -3148 21794 -7025 4244 END
START -484 3684 -4104 20757 -6742 4294 END
START 36 3868 -4976 19716 -6415 4327 END
START 436 4184 -5848 18562 -5961 4338 END
START 876 4368 -6568 17373 -5461 4334 END
START 1264 4580 -7244 16156 -4999 4312 END
START 1380 4776 -7776 14865 -4539 4265 END
START 1672 4920 -7884 13577 -4164 4233 END
START 1604 4948 -8148 12258 -3896 4188 END
START 1644 4972 -8360 10967 -3622 4129 END
START 1628 5036 -8440 9732 -3453 4109 END
START 1588 4956 -8368 8564 -3358 4146 END
START 1412 5056 -8072 7476 -3406 4195 END
START 1136 4884 -7836 6519 -3462 4336 END
START 880 4660 -7596 5651 -3565 4518 END
START 644 4584 -7408 4998 -3625 4759 END
START 376 4472 -7256 4387 -3741 5043 END
START 192 4588 -7212 3854 -3776 5349 END
START 276 4528 -7092 3324 -3822 5672 END
START 412 4648 -7272 2801 -3842 5948 END
START 648 4604 -7368 2197 -3746 6257 END
START 956 4640 -7252 1607 -3679 6509 END
START 1352 4512 -7004 958 -3527 6800 END
START 2088 4412 -6916 330 -3477 7077 END
START 3176 4328 -6600 -191 -3399 7240 END
START 4260 4260 -6856 -732 -3338 7342 END
START 5312 4216 -6588 -1219 -3364 7250 END
START 6372 4128 -6704 -1694 -3448 7093 END
START 7360 4048 -6860 -2138 -3471 6730 END
START 8360 4244 -7252 -2661 -3434 6262 END
START 9304 4108 -7596 -3252 -3290 5736 END
START 9880 4180 -7728 -3822 -3099 5068 END
START 10368 4156 -7856 -4555 -2863 4384 END
START 10768 4260 -8104 -5280 -2581 3677 END
START 11076 4344 -8032 -6075 -2338 2941 END
START 11140 4480 -8040 -6870 -2098 2287 END
START 11020 4440 -8020 -7654 -1914 1598 END
START 10932 4312 -7980 -8423 -1738 983 END
START 10424 4152 -7564 -9109 -1640 437 END
START 10024 3912 -7588 -9749 -1684 -40 END
START 9700 3688 -7576 -10323 -1785 -476 END
START 9528 3548 -7588 -10952 -1910 -884 END
START 9404 3416 -7872 -11640 -2095 -1295 END
START 9456 3300 -8124 -12370 -2287 -1698 END
START 9796 3260 -8080 -13177 -2532 -2164 END
START 10008 3164 -8344 -14049 -2693 -2673 END
START 10316 2948 -8664 -15080 -2749 -3219 END
START 10540 2660 -8836 -16092 -2575 -3882 END
START 10368 2256 -8532 -17157 -2426 -4573 END
START 10140 1684 -8696 -18250 -2189 -5206 END
START 9432 1232 -8288 -19193 -2050 -5849 END
START 8632 776 -8420 -20214 -1859 -6333 END
START 7880 440 -8308 -21245 -1773 -6872 END
START 7108 464 -7936 -22332 -1763 -7340 END
START 6112 224 -7828 -23473 -1726 -7731 END
START 5216 156 -7248 -24674 -1828 -8158 END
START 4288 -216 -6960 -25854 -1940 -8446 END
START 3448 -388 -6544 -27062 -1995 -8729 END
START 2420 -612 -6084 -28284 -1996 -8885 END
START 1604 -836 -5556 -29489 -1845 -9059 END
START 804 -1016 -4856 -30692 -1586 -9170 END
START -24 -1164 -3920 -31920 -1225 -9209 END
START -744 -1248 -2748 -32768 -790 -9131 END
START -1656 -1260 -1368 -32768 -200 -9032 END
START -2532 -1280 72 -32768 453 -8734 END
START -3332 -1352 1680 -32768 1216 -8381 END
START -4184 -1616 2900 -32768 2043 -7890 END
START -5104 -1808 4448 -32768 2908 -7362 END
START -6156 -2248 6064 -32768 3640 -6738 END
START -7136 -2720 7428 -32768 4192 -5934 END
START -8184 -3064 8992 -32768 4439 -5042 END
START -8840 -3184 10160 -32768 4594 -4068 END
START -9156 -3156 11172 -32768 4734 -3143 END
START -9460 -3160 12108 -32768 5024 -2245 END
START -9700 -3328 12996 -32768 5507 -1436 END
START -9960 -3216 14080 -32768 6046 -719 END
START -10196 -3440 15264 -32768 6656 17 END
START -10896 -3624 16744 -32768 7177 687 END
START -11604 -3988 17992 -32768 7622 1443 END
START -12288 -4408 19536 -32768 7876 2332 END
START -12844 -4660 20776 -32768 7941 3254 END
START -13276 -5024 21980 -32768 7986 4185 END
START -13436 -5196 22772 -32768 7962 5030 END
START -13508 -5308 23752 -32768 8032 5833 END
START -13704 -5516 24932 -32768 7936 6632 END
START -14004 -5624 26068 -32768 7784 7380 END
START -14528 -5960 27468 -32768 7410 8173 END
START -14812 -6180 28780 -32768 6962 9000 END
START -15172 -6416 30060 -32768 6383 9933 END
START -15328 -6728 31432 -32768 5769 10822 END
START -15604 -7044 32568 -32118 5111 11743 END
START -15640 -7188 32767 -31083 4557 12761 END
START -15768 -7340 32767 -29822 3989 13652 END
START -15912 -7472 32767 -28611 3607 14586 END
START -16000 -7492 32767 -27336 3179 15581 END
START -16204 -7716 32767 -26055 2851 16578 END
START -16088 -7972 32767 -24741 2526 17617 END
START -16112 -8152 32767 -23383 2210 18682 END
START -16164 -8400 32767 -22043 1879 19683 END
START -16176 -8580 32767 -20656 1403 20677 END
START -16100 -8748 32767 -19365 839 21688 END
START -15956 -8732 32767 -18167 284 22665 END
START -15624 -8856 32767 -17060 -117 23733 END
START -15388 -9088 32767 -16155 -330 24828 END
START -15356 -9116 32767 -15359 -449 25968 END
START -15220 -9268 32767 -14563 -508 27113 END
START -14860 -9416 32767 -14270 -452 28303 END
START -14612 -9528 32767 -13421 -218 29550 END
START -14068 -9208 32767 -12724 258 30754 END
START -13012 -8576 32767 -12011 944 31811 END
START -12660 -10516 32767 -11089 2779 32767 END
START -13792 -11112 32767 -10475 3409 32767 END
START -13412 -10928 32767 -10021 2901 32767 END
START -13004 -11108 32767 -9511 3217 32767 END
START -13252 -10720 32767 -8915 3652 32767 END
START -12908 -10696 32767 -8287 3794 32767 END
START -12128 -11052 32767 -7614 3879 32767 END
START -10720 -11816 32767 -6867 4027 32767 END
START -8916 -12192 32767 -6009 4381 32767 END
START -6912 -12508 32767 -5112 5017 32767 END
START -4344 -12580 32767 -4321 5890 32767 END
START -1188 -12688 32767 -3372 7135 32767 END
START 2272 -12816 32767 -2451 8491 32767 END
START 5936 -12760 32767 -1481 9952 32767 END
START 9764 -12408 32767 -546 11337 32767 END
START 13092 -12008 32767 427 12623 32767 END
START 16432 -11540 32767 1443 13376 32767 END
START 20496 -10568 32767 2621 13823 32767 END
START 23300 -9888 32767 3843 13985 32767 END
START 26108 -8936 32767 5273 13585 32767 END
START 28224 -7872 32767 6762 12890 32767 END
START 30368 -6840 32767 8413 12359 32767 END
START 31708 -5876 32767 10148 11172 32767 END
START 32767 -4996 32767 11788 9918 32091 END
START 32767 -4268 32767 13372 8421 29152 END
START 32767 -3516 32767 14872 6810 26214 END
START 32767 -2900 32767 16155 5216 23525 END
START 32448 -2664 32767 17269 3614 20891 END
START 31604 -2220 32767 18196 2280 18574 END
START 30068 -1656 30492 18987 989 16498 END
START 28852 -1080 28844 19607 -15 14714 END
START 28084 -560 26620 20095 -673 13155 END
START 27304 -272 24304 20439 -823 12001 END
START 26704 -72 22356 20654 -621 10782 END
START 26000 40 20672 20638 -219 9845 END
START 25492 88 19572 20464 393 9018 END
START 24944 152 18100 20188 1215 8252 END
START 24252 324 16628 19772 2169 7579 END
START 23492 528 15484 19316 3149 6986 END
START 22680 752 14628 18814 4133 6459 END