START -12588 -2316 -432 17640 8926 11964 END
START -13028 -5912 -5424 14701 4649 16462 END
START -15116 -6332 -2948 11325 2938 20143 END
START -14156 -5808 -1592 8022 2600 23777 END
START -10364 -4684 -1912 5829 2060 26330 END
START -8356 -4516 -1784 4423 1220 27726 END
START -3744 -4256 -2020 3722 -690 28806 END
START -1136 -3344 -3440 2469 184 28294 END
START -2392 -3144 -6260 -349 -1023 29146 END
START -1500 -2660 -8392 -4887 -3688 31302 END
START 1936 -2280 -7784 -10474 -4258 32767 END
START 7272 -2312 -5468 -16225 -2244 32767 END
START 14752 -72 -1616 -20180 -527 30013 END
START 18320 1380 1476 -22754 380 24617 END
START 18592 2216 4812 -24303 -2288 20432 END
START 20224 2652 8596 -25653 -4605 18385 END
START 25948 3940 12544 -27067 -4005 15497 END
START 32767 6564 17556 -28539 2662 8268 END
START 32767 7300 23008 -28836 11516 -1606 END
START 30104 7144 25372 -27723 13719 -11604 END
START 23780 6020 30912 -24903 12064 -21070 END
START 15748 3720 32767 -21219 9156 -27673 END
START 8884 1164 32767 -16569 9075 -30892 END
START 3692 -1104 32767 -12214 11676 -32768 END
START -4676 -4796 32767 -6256 11436 -32768 END
START -11596 -6976 32767 1361 5018 -32627 END
START -13800 -8364 32767 8284 1316 -29982 END
START -17168 -9488 32767 13148 1697 -26058 END
START -20848 -9912 32767 18022 1670 -19322 END
START -20184 -9380 31308 22058 3664 -13240 END
START -19940 -9016 26020 24756 4364 -7641 END
START -19840 -8288 21600 27481 3941 -2494 END
START -18416 -7448 16160 29631 3678 2864 END
START -16728 -6368 9944 29745 2565 7635 END
START -14508 -4876 3128 28066 -1142 12123 END
START -7536 -1968 -504 24412 -4429 14159 END
START -2568 -96 -2844 19620 -3617 13163 END
START 164 908 -2624 16056 -3273 11849 END
START 4232 1940 -3084 13720 -2398 9700 END
START 4600 2428 -5976 11239 -2236 7268 END
START 3748 2712 -7592 8099 -4286 6684 END
START 5864 3304 -7720 5479 -7646 6822 END
START 10184 4512 -7744 3027 -10236 4727 END
START 13060 5152 -6840 880 -11329 776 END
START 13896 5056 -6424 -495 -12029 -3025 END
START 15080 5300 -8828 -3524 -9793 -7319 END
START 13572 4332 -10764 -8604 -5971 -11789 END
START 9412 2176 -11000 -14583 -3943 -14649 END
START 7204 244 -9508 -19785 -3777 -16707 END
START 4688 -1888 -7020 -24120 -5150 -18378 END
START 5536 -4064 -5072 -29391 -5268 -20718 END
START 2280 -7108 -1604 -32768 -3677 -23149 END
START -3248 -11000 4296 -32768 -1532 -23840 END
START -12204 -16948 13736 -32768 -769 -21065 END
START -16288 -19496 21316 -32768 1472 -13637 END
START -21120 -21188 26056 -32768 5571 -6006 END
START -26060 -24148 30740 -32768 7367 1122 END
START -28340 -27008 32767 -32768 6613 7932 END
START -32680 -29176 32767 -32768 3689 15614 END
START -32768 -29852 32767 -27633 -2908 24508 END
START -32768 -30992 32767 -21130 -7995 32767 END
START -30240 -30744 32767 -15424 -12092 32767 END
START -18700 -29580 32767 -13017 -9828 32767 END
START -3176 -28316 32767 -12753 -1302 32767 END