START -13660 1456 1752 13546 4671 11145 END
START -12856 -6136 -9868 15097 6972 12686 END
START -15892 1024 -1052 11657 5714 13787 END
START -13056 1976 -172 12438 6385 15064 END
START -13632 588 -2344 11288 6182 16536 END
START -15864 688 -200 10431 5703 17861 END
START -12864 700 -5344 9537 5939 19337 END
START -15528 464 -2968 8638 5402 20685 END
START -15072 664 -3628 7697 5250 22097 END
START -13408 732 -5932 6670 4937 23509 END
START -13720 724 -5972 5559 4487 24793 END
START -13088 676 -6516 4335 4207 26051 END
START -12368 444 -7356 3127 3517 27238 END
START -12632 68 -7052 1922 3206 28405 END
START -11240 36 -8432 647 2582 29564 END
START -11236 -268 -7900 -628 2418 30593 END
START -9384 -188 -9096 -2010 2311 31575 END
START -9136 -468 -8468 -3340 2391 32359 END
START -6984 -196 -9352 -4742 2867 32767 END
START -5572 -256 -8852 -6138 3312 32767 END
START -3796 -352 -8892 -7539 4029 32767 END
START -2192 -684 -8656 -8923 4826 32767 END
START -464 -840 -8188 -10220 5643 32767 END
START 1312 -692 -7944 -11527 6560 32767 END
START 3052 -572 -7436 -12819 7525 32767 END
START 5216 -416 -7216 -13995 8558 32767 END
START 7148 -148 -6776 -15152 9540 32380 END
START 8968 216 -6224 -16282 10602 31410 END
START 10456 372 -5808 -17368 11500 30302 END
START 11552 584 -5052 -18452 12206 28926 END
START 12244 784 -4208 -19406 12550 27595 END
START 12652 1116 -3100 -20280 12439 26249 END
START 13028 1488 -2544 -21044 12089 24782 END
START 13448 1788 -1708 -21731 11461 23295 END
START 13596 2228 -404 -22248 10592 21880 END
START 13868 2292 864 -22594 9486 20451 END
START 13760 2332 1708 -22778 8314 19154 END
START 13784 2548 2752 -22915 7009 17917 END
START 13860 2756 3704 -22972 5603 16749 END
START 13896 2920 4516 -22960 4254 15609 END
START 14268 3060 5104 -23005 3021 14551 END
START 14460 3024 5952 -22987 1896 13679 END
START 14764 2880 6712 -22943 1004 12944 END
START 15164 2884 7576 -22927 290 12389 END
START 15524 3016 8224 -22931 -290 11730 END
START 16272 3208 8748 -22916 -584 11285 END
START 17024 3396 9348 -22964 -651 10847 END
START 17740 3724 9984 -23040 -431 10417 END
START 18708 3980 10580 -23162 35 9932 END
START 19636 4356 11580 -23312 679 9451 END
START 20312 4628 13080 -23472 1374 8858 END
START 21040 4816 13696 -23511 2125 8259 END
START 21680 5188 15176 -23505 2847 7605 END
START 22300 5380 16432 -23410 3567 6810 END
START 22848 5640 17624 -23184 4145 6026 END
START 23440 5912 18516 -22836 4598 5108 END
START 24232 6480 19472 -22516 4932 4150 END
START 24976 7168 20152 -22189 5369 3017 END
START 26208 7908 21120 -21889 5595 1723 END
START 27132 8320 21912 -21694 6033 312 END
START 27948 8672 22780 -21481 6415 -1213 END
START 28596 8928 23864 -21264 6798 -2993 END
START 29052 9180 24928 -21016 7143 -4864 END
START 29220 9272 26124 -20704 7324 -6930 END
START 29156 9228 27012 -20323 7453 -8980 END
START 28584 9144 28312 -19886 7396 -11026 END
START 27664 9212 29416 -19369 7244 -13114 END
START 26516 8976 30512 -18831 6903 -15184 END
START 25312 8900 31364 -18180 6412 -17097 END
START 23820 8404 32512 -17527 5724 -18975 END
START 22200 8108 32767 -16837 4985 -20685 END
START 20524 7704 32767 -16117 4105 -22305 END
START 18788 7252 32767 -15285 3096 -23769 END
START 17000 6624 32767 -14722 2091 -25040 END
START 14960 5760 32767 -13770 1010 -26206 END
START 13288 5144 32767 -12774 -102 -27228 END
START 11860 4476 32767 -11736 -1229 -28113 END
START 10232 3776 32767 -10476 -2258 -28899 END
START 8912 3280 32767 -9105 -3216 -29565 END
START 7416 2684 32767 -7706 -3987 -30061 END
START 6004 2132 32767 -6245 -4636 -30485 END
START 4252 1728 32767 -4774 -5163 -30678 END
START 2600 1240 32767 -3239 -5577 -30727 END
START 1160 980 32767 -1528 -5884 -30658 END
START -336 792 32767 -4 -5983 -30464 END
START -1524 492 32767 1590 -5952 -30149 END
START -2756 224 32767 3194 -5788 -29670 END
START -3936 -48 32767 4732 -5500 -29139 END
START -5156 -144 32767 6085 -5261 -28476 END
START -6200 -208 32767 7396 -4963 -27769 END
START -7016 -204 32767 8632 -4610 -26980 END
START -7816 -292 32767 9688 -4321 -26074 END
START -8616 -480 32767 10691 -4015 -25138 END
START -9404 -476 32767 11583 -3811 -24164 END
START -9816 -596 32767 12465 -3585 -23108 END
START -10240 -560 32767 13246 -3478 -22055 END
START -10600 -472 32188 14022 -3246 -20946 END
START -11232 -612 31324 14624 -3264 -19858 END
START -11624 -620 30332 15259 -3390 -18665 END
START -12036 -496 29544 15892 -3581 -17544 END
START -12108 -448 28392 16574 -3866 -16370 END
START -12156 -288 27632 17192 -4076 -15287 END
START -12088 -280 26768 17869 -4371 -14194 END
START -12100 -172 25884 18464 -4668 -13205 END
START -11932 -12 24828 19115 -5011 -12222 END
START -11796 76 23940 19669 -5293 -11329 END
START -11564 140 22824 20236 -5518 -10409 END
START -11388 256 21768 20734 -5717 -9554 END
START -11084 412 20392 21230 -5871 -8626 END
START -10972 312 19368 21621 -6125 -7819 END
START -10524 484 17956 21999 -6252 -6989 END
START -10308 600 17064 22256 -6432 -6253 END
START -10124 524 16040 22457 -6615 -5449 END
START -9960 692 14928 22545 -6764 -4744 END
START -9764 532 13780 22605 -6889 -3995 END
START -9604 572 12748 22554 -7014 -3291 END
START -9452 808 11708 22483 -7130 -2561 END
START -9168 1116 10552 22346 -7227 -1871 END
START -9004 1236 9744 22138 -7367 -1180 END
START -8772 1340 8388 21832 -7509 -449 END
START -8756 1436 7940 21503 -7658 217 END
START -8440 1540 7004 21050 -7922 977 END
START -8272 1840 6112 20540 -8228 1684 END
START -8024 2148 5288 19929 -8760 2428 END
START -7460 2256 4392 19257 -9116 3130 END
START -6876 2460 3192 18464 -9449 3831 END
START -6196 2772 2324 17657 -9553 4511 END
START -5592 3096 1512 16747 -9605 5184 END
START -5268 3232 864 15781 -9583 5898 END
START -4972 3492 500 14917 -9589 6594 END
START -4496 3656 -32 13980 -9557 7338 END
START -4036 3816 -436 13079 -9437 7990 END
START -3296 3924 -768 12136 -9154 8622 END
START -2444 4052 -1256 11239 -8740 9211 END
START -1800 4000 -1464 10246 -8082 9789 END
START -832 4360 -1664 9274 -7215 10340 END
START 608 4752 -1804 8343 -6181 10771 END
START 2440 5032 -2260 7405 -4794 11104 END
START 4052 5560 -2312 6346 -3042 11223 END
START 5796 5596 -2432 5385 -1331 11127 END
START 7140 5580 -2432 4430 510 10879 END
START 7672 5464 -2108 3569 2137 10543 END
START 8336 5352 -2168 2764 3570 10130 END
START 8488 5272 -1824 2079 4652 9652 END
START 8216 5224 -1560 1552 5256 9220 END
START 8208 5104 -1364 1145 5430 8860 END
START 8172 5092 -1404 851 5191 8500 END
START 8120 5004 -1348 600 4767 8110 END
START 8656 5068 -2032 361 4207 7716 END
START 9008 5240 -2448 113 3686 7203 END
START 9400 5308 -2752 -212 3086 6679 END
START 9480 5428 -2976 -583 2507 6146 END
START 9832 5428 -3140 -976 1862 5539 END
START 10140 5460 -3408 -1383 1221 4984 END
START 10380 5504 -3692 -1780 632 4425 END
START 10608 5520 -3960 -2172 101 3831 END
START 10664 5536 -4212 -2624 -381 3288 END
START 10552 5560 -4412 -3067 -842 2665 END
START 10308 5392 -4452 -3432 -1322 2155 END
START 10000 5456 -4720 -3845 -1965 1677 END
START 9620 5272 -4848 -4242 -2558 1252 END
START 9524 5324 -5540 -4658 -3026 910 END
START 9304 5416 -5668 -5190 -3384 525 END
START 9316 5452 -6288 -5760 -3565 158 END
START 9288 5364 -6792 -6376 -3567 -217 END
START 9380 5188 -6964 -7091 -3392 -598 END
START 9196 5156 -7288 -7897 -3089 -955 END
START 8868 4868 -7600 -8765 -2665 -1274 END
START 8804 4712 -7756 -9660 -2197 -1612 END
START 8336 4492 -7800 -10556 -1686 -1891 END
START 8000 4176 -8276 -11465 -1071 -2187 END
START 7696 3836 -8388 -12424 -399 -2458 END
START 7504 3572 -8436 -13392 264 -2745 END
START 6640 3188 -8540 -14362 757 -2999 END
START 6056 3028 -8568 -15481 1178 -3207 END
START 5388 2656 -8632 -16697 1453 -3342 END
START 4944 2364 -8496 -17885 1769 -3446 END
START 4504 2008 -8372 -19136 2062 -3514 END
START 3960 1528 -7944 -20323 2314 -3519 END
START 3476 1164 -7416 -21477 2528 -3535 END
START 3180 632 -6728 -22691 2753 -3508 END
START 2804 256 -6084 -23834 3009 -3480 END
START 2280 -276 -5112 -24923 3252 -3404 END
START 1760 -904 -4028 -25962 3540 -3301 END
START 1256 -1524 -2824 -26855 3747 -3142 END
START 460 -2064 -1380 -27667 3900 -2975 END
START -120 -2396 -120 -28289 3992 -2727 END
START -564 -2940 1288 -28817 4026 -2473 END
START -1056 -3500 2520 -29204 4034 -2156 END
START -1556 -4012 3820 -29484 4029 -1853 END
START -1744 -4560 4700 -29670 4059 -1498 END
START -2020 -5128 5876 -29787 4097 -1126 END
START -2320 -5392 6952 -29856 4175 -775 END
START -2568 -5676 7476 -29926 4247 -354 END
START -3080 -5948 8588 -29952 4247 1 END
START -3468 -6236 9288 -30053 4355 466 END
START -3824 -6344 10200 -30130 4489 946 END
START -4184 -6580 11084 -30273 4669 1476 END
START -4588 -6632 11896 -30434 4893 2049 END
START -4960 -6804 13060 -30628 5138 2668 END
START -5128 -6952 14016 -30831 5517 3391 END
START -5128 -7000 14976 -31062 6059 4137 END
START -5444 -7092 16260 -31275 6653 4890 END
START -5524 -7092 17372 -31478 7386 5619 END
START -5392 -7148 19104 -31653 8125 6385 END
START -5708 -7340 20892 -31748 8927 7063 END
START -5624 -7496 22516 -31821 9700 7652 END
START -5864 -7680 24628 -31794 10387 8236 END
START -6148 -8056 26628 -31546 10937 8794 END
START -6336 -8344 29620 -31250 11565 9317 END
START -6476 -8688 31676 -30724 12090 9867 END
START -6896 -8952 32767 -30070 12471 10399 END
START -7392 -9192 32767 -29284 12719 11018 END
START -7824 -9396 32767 -28323 13006 11627 END
START -8332 -9436 32767 -27207 12772 12199 END
START -8676 -9636 32767 -25892 12454 12869 END
START -8932 -9496 32767 -24407 11977 13471 END
START -9116 -9576 32767 -22849 11386 14025 END
START -9264 -9652 32767 -20285 10989 14747 END
START -9760 -8264 32767 -18956 9718 15448 END
START -9388 -8400 32767 -17218 9083 16145 END
START -9340 -8392 32767 -15260 8354 16817 END
START -9672 -8040 32767 -13354 7392 17410 END
START -9252 -8064 32767 -11307 6440 18094 END
START -9160 -8000 32767 -8992 5448 18834 END
START -9528 -7332 32767 -6429 4551 19745 END
START -9304 -6944 32767 -4207 3562 20637 END
START -8828 -6852 32767 -2052 2781 21606 END
START -8368 -6652 32767 152 2009 22553 END
START -8004 -6168 32767 1992 1346 23420 END
START -7556 -5460 32767 3721 801 24365 END
START -6928 -4960 32767 5328 393 25324 END