START -6140 3208 -2552 17320 10056 3653 END
START -15256 788 -4208 14736 6135 8936 END
START -14460 -356 -792 10432 6796 14277 END
START -12124 -1308 2340 8359 8266 15863 END
START -11588 -1188 2736 7811 8262 14259 END
START -14884 -1952 2096 7210 8055 13578 END
START -17032 -3064 384 5812 7996 16201 END
START -16996 -3576 -1628 3635 8229 21258 END
START -14636 -3784 -3172 132 7625 26508 END
START -11400 -4464 -4248 -3516 6312 30378 END
START -5708 -4952 -3340 -6397 5888 31983 END
START -1420 -5292 -3056 -8291 6279 30567 END
START -2408 -6456 -4240 -10462 6208 29680 END
START -3064 -7972 -5392 -13207 5180 31438 END
START -2168 -9000 -6676 -17884 4769 32767 END
START -136 -10460 -6540 -23549 4532 32767 END
START 8356 -11068 -1564 -27699 3108 32767 END
START 17212 -8548 2140 -29874 4428 32767 END
START 20576 -9696 4216 -31698 5378 27637 END
START 21524 -9112 7028 -32768 3071 23524 END
START 26768 -8276 12692 -32768 1652 19279 END
START 32767 -7136 20408 -32768 4446 14354 END
START 32767 -3832 26176 -32768 10661 6075 END
START 32767 -1280 29716 -30566 15498 -3831 END
START 32767 452 29796 -27774 16729 -13394 END
START 31612 2192 30012 -26061 15066 -21410 END
START 26580 2896 32767 -24368 12448 -29965 END
START 21824 1528 32767 -21615 10384 -32768 END
START 13024 -2704 32767 -19178 9549 -32768 END
START -376 -5864 32767 -13597 4161 -32768 END
START -8428 -7268 32767 -6514 2729 -32768 END
START -18540 -12144 32767 181 7792 -32768 END
START -31708 -16472 32767 9500 10185 -32768 END
START -32768 -16064 32767 20356 9525 -20418 END
START -32768 -14604 32767 31257 6766 -8210 END
START -24292 -12312 32767 32767 4189 -883 END
START -17980 -11464 24296 32767 2270 1599 END
START -15668 -10952 15128 32767 1174 3220 END
START -14676 -10780 8612 32767 1265 6057 END
START -12900 -9512 2020 32767 1067 9869 END
START -9852 -7836 -2936 32767 1626 13415 END
START -7348 -6200 -6172 30828 395 16187 END
START -3440 -4320 -8808 26193 -2518 17524 END
START 1388 -2296 -9444 21919 -4823 16549 END
START 5588 56 -10448 17829 -4964 13836 END
START 5844 468 -10224 13911 -3746 11557 END
START 5276 1600 -11256 10255 -3185 11195 END
START 7400 2028 -11700 6216 -3935 10597 END
START 9628 2316 -11220 2365 -4474 9451 END
START 10868 2272 -9656 -738 -5262 7425 END
START 11268 1940 -9532 -3179 -5939 5189 END
START 12884 2072 -10352 -7604 -5137 2376 END
START 12868 1496 -8908 -12327 -1747 -1768 END
START 11328 148 -7332 -16273 1690 -5442 END
START 8880 -832 -6984 -19689 3467 -9222 END
START 6360 -2360 -6644 -22910 2932 -12347 END
START 4624 -3704 -5504 -26114 1241 -15520 END
START 3024 -5264 -4280 -28975 -352 -18194 END
START 2212 -5908 -3040 -32023 -1042 -20745 END
START 1240 -7140 -2316 -32768 642 -24325 END
START -772 -9204 -1568 -32768 4144 -27826 END
START -8744 -13404 1724 -32768 6210 -29645 END
START -16980 -15956 6312 -32768 1137 -27114 END
START -19332 -21816 13432 -32768 -4435 -23694 END
START -23388 -26716 22700 -32768 -1924 -17567 END
START -32660 -29188 32767 -32768 5103 -7315 END
START -32768 -32248 32767 -32768 8335 2317 END
START -32768 -32768 32767 -32768 2424 11374 END
START -32768 -32768 32767 -31191 -5970 23273 END
START -32768 -32768 32767 -27061 -5444 32767 END
START -32768 -32768 32767 -25241 -308 32767 END
START -30200 -32768 32767 -22749 -953 32767 END
START -20596 -32768 32767 -20654 -3806 32767 END
START -6216 -32768 32767 -16014 -4817 32767 END