START -1452 2692 8924 -2051 8930 8431 END
START 11188 4260 -2624 -5810 8920 7350 END
START 10384 2916 -1232 -12954 3427 3612 END
START 15884 2248 4068 -17662 -3401 -2552 END
START 16044 1068 8848 -18270 -7430 -10942 END
START 20920 -284 8588 -20418 -8093 -15697 END
START 23156 -2244 15204 -21895 -2733 -20371 END
START 23680 -3908 22824 -20955 3997 -24352 END
START 24328 -5368 27504 -17778 10943 -29513 END
START 20164 -9308 29560 -15436 15657 -32768 END
START 12176 -15040 32767 -11796 14323 -32768 END
START -344 -22396 32767 -4142 8778 -32768 END
START -10692 -25416 32767 4380 5506 -32768 END
START -18032 -27104 32767 10780 5274 -32768 END
START -22808 -27204 32767 15846 5402 -32768 END
START -22884 -26948 32767 21952 4625 -31816 END
START -22532 -26936 32767 27266 4136 -26416 END
START -21900 -26216 32767 30854 4943 -21223 END
START -22656 -25820 30208 32767 6783 -15161 END
START -23200 -25236 25484 32767 6735 -7817 END
START -20844 -23504 19024 32767 5239 -1540 END
START -18224 -21320 13088 32767 4065 2776 END
START -17268 -19444 8476 32767 2471 6103 END
START -16952 -18060 5240 32767 862 9272 END
START -16488 -16700 2044 32767 -355 12577 END
START -15344 -14964 -1692 32767 -782 15865 END
START -14968 -13552 -4300 31820 -1357 19056 END
START -15968 -11684 -5636 29369 -3119 23170 END
START -13564 -11156 -8376 26441 -5129 26508 END
START -9908 -9440 -12456 22847 -5741 30275 END
START -6300 -7964 -15932 16772 -6912 32767 END
START -2212 -6152 -16144 9283 -5348 32767 END
START 1668 -4840 -15024 3310 -2290 32767 END
START 5200 -3960 -12772 -1970 160 32767 END
START 7640 -2636 -11388 -5563 29 32767 END
START 10592 -1812 -12200 -8999 -2850 32767 END
START 14540 -1076 -11072 -14434 -5563 32053 END
START 19780 -1404 -4688 -18255 -7815 31127 END
START 32767 804 648 -21276 -4602 27571 END
START 32767 2668 5312 -23514 3309 20329 END
START 32767 3524 9976 -24742 6275 13223 END
START 32767 5028 14572 -24881 5952 5178 END
START 32767 5888 18892 -24277 6043 -4684 END
START 32767 5272 23448 -23188 5795 -14140 END
START 32767 3252 30108 -20512 7516 -22676 END
START 27284 216 32767 -16957 13699 -29326 END
START 17764 -2336 32767 -12853 17293 -32768 END
START 7532 -6260 32767 -7563 16914 -32768 END
START -3416 -9620 32767 1510 8798 -32768 END
START -11776 -10164 32767 11472 1513 -32768 END
START -18416 -10244 32767 19700 2058 -31589 END
START -20764 -8452 28688 23620 3040 -20313 END
START -19128 -5232 20452 24529 4594 -10673 END
START -16380 -2740 13380 22812 6964 -4162 END
START -14860 -1208 8696 20861 7275 436 END
START -13628 -336 5656 19219 4886 3794 END