START 1168 6064 -1076 14300 202 13782 END
START -6616 -1068 -3664 12123 -4504 15525 END
START -7324 -1160 -816 8706 -535 16691 END
START -8168 -776 -128 6099 1356 17743 END
START -8472 -480 -28 3664 1630 18298 END
START -5612 -620 -1424 894 1812 18648 END
START -7068 -1920 -1740 -907 -51 19784 END
START -6988 -2008 -2108 -2641 -4368 22373 END
START -4052 -1840 -2564 -4885 -6477 24673 END
START -564 -1396 -3820 -8047 -5670 25956 END
START 2652 -1576 -4152 -12099 -4707 25963 END
START 4628 -1332 -3580 -16116 -5592 25829 END
START 8844 -1236 -2976 -19972 -7117 25076 END
START 13004 -860 -1540 -24486 -7568 23600 END
START 18484 -232 2740 -29595 -5664 21396 END
START 25900 1084 9808 -32768 -1485 17048 END
START 32767 1240 14544 -32768 2918 9614 END
START 31756 2888 21296 -32768 3633 2438 END
START 32767 4712 27136 -31935 3926 -5458 END
START 32460 4700 32767 -28681 7498 -14279 END
START 28200 3664 32767 -25566 12308 -22572 END
START 21228 380 32767 -22287 15444 -30190 END
START 12864 -3528 32767 -15775 14763 -32768 END
START -1284 -9440 32767 -7426 11016 -32768 END
START -12480 -13284 32767 2662 5283 -32768 END
START -18808 -15320 32767 11098 3157 -32768 END
START -24084 -15872 32767 18180 2497 -26545 END
START -24396 -14644 32767 24668 2293 -18213 END
START -21932 -12696 32767 28820 2358 -11084 END
START -19796 -10652 25608 31428 2136 -5894 END
START -18404 -9512 19080 32767 48 -1908 END
START -16332 -8688 13716 32767 -2698 1554 END
START -13616 -7108 8228 32767 -4378 4549 END
START -11208 -5700 3776 32696 -4943 6812 END
START -8788 -4188 -232 29650 -4816 8932 END
START -5784 -2448 -2928 26138 -5120 10158 END
START -3420 -996 -5160 22430 -5119 10891 END
START -136 268 -7732 18013 -5050 11056 END
START 2524 1528 -8984 13462 -5784 9857 END
START 4288 2364 -8144 9891 -7014 8024 END
START 6024 3172 -8456 7666 -8164 5830 END
START 6636 3836 -10752 4744 -9280 3809 END
START 8452 4904 -13048 -200 -9492 1577 END
START 9296 4580 -12812 -5907 -7823 -652 END
START 11564 4604 -12712 -11342 -5749 -3891 END
START 10428 2896 -11328 -16832 -4533 -8431 END
START 8844 808 -9640 -21139 -4208 -11818 END
START 6792 -868 -8664 -25218 -3750 -14800 END
START 5044 -3132 -7648 -29713 -2969 -17090 END
START 3072 -4908 -6900 -32768 -667 -18357 END
START 1140 -8496 -5692 -32768 4197 -19668 END
START -5804 -14104 -256 -32768 7552 -20267 END
START -15124 -21656 10992 -32768 5969 -16729 END
START -19076 -27504 21648 -32768 4490 -8648 END
START -26792 -32332 32332 -32768 8221 511 END
START -32540 -32768 32767 -32768 11726 10461 END
START -32768 -32768 32767 -32768 5977 22261 END
START -32768 -32768 32767 -29738 -6438 32767 END
START -28124 -32768 32767 -22231 -12108 32767 END
START -19724 -32268 32767 -20052 -9627 32767 END
START -8884 -30028 32767 -19775 -5324 32767 END