START -5912 1400 7912 20510 349 3100 END
START -3328 -6816 -9344 22533 1217 3760 END
START -2440 2448 1412 20167 -342 4015 END
START -10904 1048 12808 21331 -989 4422 END
START -5680 644 4392 21154 -1135 5073 END
START -8004 748 6988 21140 -2323 5472 END
START -8124 276 6600 21130 -2200 6015 END
START -6288 344 4044 21142 -2107 6505 END
START -8680 -204 6516 21218 -2200 7030 END
START -6956 -228 3580 21278 -1721 7695 END
START -8872 -500 4872 21301 -1809 8412 END
START -7736 -608 3040 21255 -1272 9212 END
START -8112 -764 2740 21220 -777 9983 END
START -8412 -840 2048 21069 -204 10848 END
START -8928 -840 1448 20892 617 11728 END
START -8568 -660 80 20603 1192 12479 END
START -9356 -788 -288 20260 2174 13513 END
START -8940 -936 -2484 19802 3002 14516 END
START -10104 -1496 -2512 19207 3913 15659 END
START -9720 -1680 -4508 18534 4643 16994 END
START -10888 -1764 -5036 17718 5233 18296 END
START -10676 -1736 -6648 16794 5746 19681 END
START -10980 -1684 -7568 15817 6109 21140 END
START -10880 -1532 -8784 14798 6392 22681 END
START -10952 -1836 -10404 13755 6244 24193 END
START -10428 -1988 -12176 12641 6080 25666 END
START -9148 -1952 -14948 11269 5772 27011 END
START -7288 -1436 -17208 9455 5843 28211 END
START -5972 -1100 -18480 7265 5967 29098 END
START -4460 -984 -19776 4640 6241 29811 END
START -2784 -552 -20296 1710 6697 30296 END
START -1076 -272 -20904 -1370 7368 30592 END
START 424 -388 -20568 -4430 8248 30686 END
START 2232 -732 -20184 -7479 9484 30620 END
START 3192 -864 -19444 -10296 10587 30404 END
START 5448 -1020 -17184 -13038 11947 30101 END
START 7104 -788 -15628 -15293 13523 29662 END
START 8512 -384 -14072 -17426 14695 28996 END
START 9552 8 -12076 -19089 16014 28160 END
START 10496 72 -10192 -20518 16931 27132 END
START 11124 216 -7968 -21604 17648 25937 END
START 11172 112 -5964 -22494 17983 24669 END
START 11076 40 -3928 -23065 17939 23544 END
START 10508 280 -2192 -23369 17520 22478 END
START 9852 472 -312 -23422 16768 21553 END
START 9240 864 1060 -23316 15816 20822 END
START 8804 900 2352 -22952 14659 20267 END
START 8364 812 3340 -22460 13304 19790 END
START 8200 616 4168 -21878 12186 19506 END
START 8132 512 4512 -21237 10778 19300 END
START 8092 600 5044 -20641 9433 19167 END
START 8372 952 5140 -20106 8089 19159 END
START 9296 1300 4972 -19679 6889 19155 END
START 10648 1456 4596 -19429 5910 19133 END
START 12180 1856 4240 -19373 5232 19010 END
START 13600 2212 4316 -19541 4775 18767 END
START 14940 2420 4204 -19856 4473 18352 END
START 16292 2660 4524 -20290 4281 17932 END
START 17728 2876 5028 -20764 4140 17371 END
START 19232 3120 5236 -21269 4201 16675 END
START 20708 3152 5608 -21842 4432 15857 END
START 22120 3416 6112 -22431 4789 14945 END
START 23016 3584 7020 -23013 5236 13992 END
START 23688 3732 8008 -23616 5671 12855 END
START 24204 3780 9312 -24207 6001 12019 END
START 24556 3828 10740 -24754 6124 10867 END
START 25296 4172 11568 -25141 6437 9852 END
START 25484 4300 13588 -25429 6219 8720 END
START 25820 4424 15232 -25595 6513 7620 END
START 26984 4648 16032 -25606 6364 6500 END
START 26740 4680 18260 -25534 6625 5278 END
START 28196 5008 18760 -25310 6560 4017 END
START 27964 4996 20908 -25020 6611 2628 END
START 29216 5344 21364 -24637 6559 1200 END
START 29072 5472 23000 -24186 6573 -296 END
START 29800 5676 23296 -23756 6629 -1859 END
START 29584 5792 24420 -23311 6608 -3525 END
START 29080 5732 25296 -22846 6470 -5125 END
START 28488 5896 25928 -22478 6284 -6634 END
START 27936 5996 26516 -22046 5986 -8031 END
START 26936 5992 27440 -21714 5553 -9450 END
START 26232 6016 27748 -21431 5058 -10744 END
START 25068 5800 28720 -21172 4387 -11992 END
START 24060 5788 29636 -20891 3640 -13120 END
START 23000 5736 30544 -20649 2747 -14145 END
START 22160 5696 31500 -20295 1860 -15159 END
START 21408 5640 32580 -19880 874 -16117 END
START 20584 5500 32767 -19427 -37 -17041 END
START 20000 5380 32767 -18912 -840 -17971 END
START 19508 5276 32767 -18301 -1700 -18969 END
START 18884 5164 32767 -17661 -2462 -19899 END
START 18180 4776 32767 -16844 -3217 -20988 END
START 17560 4572 32767 -16005 -3798 -21996 END
START 16712 4232 32767 -14834 -4326 -23043 END
START 15508 4076 32767 -14025 -4792 -24047 END
START 14376 3784 32767 -12732 -5184 -24973 END
START 13040 3560 32767 -11558 -5514 -25786 END
START 11720 3272 32767 -10379 -5796 -26493 END
START 10368 3028 32767 -9147 -5947 -27071 END
START 8956 2852 32767 -8063 -6016 -27529 END
START 7504 2616 32767 -6908 -5959 -27856 END
START 6176 2320 32767 -5801 -5811 -28090 END
START 4760 1976 32767 -4818 -5614 -28167 END
START 3540 1724 32767 -3810 -5269 -28155 END
START 2408 1364 32767 -2832 -4923 -28068 END
START 1016 1264 32767 -1927 -4534 -27907 END
START -140 952 32767 -1020 -4068 -27619 END
START -1208 856 32767 -126 -3554 -27235 END
START -2156 576 32767 806 -3018 -26818 END
START -3288 340 32767 1659 -2524 -26409 END
START -4232 0 32767 2704 -2132 -25847 END
START -5376 -148 32767 3792 -1762 -25335 END
START -6428 -524 32767 4904 -1561 -24674 END
START -7568 -644 32767 6189 -1440 -23949 END
START -8480 -780 32767 7509 -1334 -23150 END
START -9348 -948 32767 8887 -1312 -22255 END
START -10132 -968 32767 10297 -1283 -21342 END
START -10704 -1228 32767 11750 -1374 -20308 END
START -11124 -1136 32767 13199 -1448 -19231 END
START -11660 -1132 32767 14525 -1510 -18178 END
START -12356 -1260 32767 15888 -1633 -16970 END
START -12840 -1192 32767 17099 -1752 -15814 END
START -13332 -1376 32767 18253 -1956 -14528 END
START -13680 -1344 32384 19449 -2048 -13184 END
START -14040 -1216 31104 20552 -2196 -11808 END
START -14224 -960 29964 21637 -2343 -10369 END
START -14368 -888 28628 22628 -2526 -8916 END
START -14188 -920 27172 23484 -2663 -7532 END
START -14012 -960 25684 24325 -2823 -6124 END
START -13644 -788 24256 25000 -2975 -4824 END
START -13136 -572 22684 25604 -3165 -3582 END
START -12408 -284 21220 26060 -3328 -2404 END
START -11660 -132 19776 26512 -3416 -1370 END
START -10792 36 17840 26771 -3442 -349 END
START -10352 60 16936 26982 -3441 450 END
START -9624 260 15552 27109 -3425 1247 END
START -8704 288 14212 27117 -3363 1994 END
START -7772 352 12872 27049 -3295 2618 END
START -6916 460 11648 26859 -3168 3142 END
START -6144 668 10380 26628 -3019 3621 END
START -5432 836 9440 26323 -2891 3996 END
START -4736 944 8252 25875 -2799 4415 END
START -4216 1000 7468 25509 -2788 4747 END
START -3608 1492 6344 25053 -2769 5129 END
START -2860 1472 5456 24484 -2804 5445 END
START -1976 1560 4456 24012 -2823 5696 END
START -1236 1540 3588 23451 -2832 5865 END
START -652 1428 2876 22905 -2945 6056 END
START -228 1452 2248 22400 -3146 6225 END
START 108 1676 1432 21862 -3536 6366 END
START 428 1964 548 21318 -3983 6550 END
START 948 2288 -360 20734 -4504 6641 END
START 1316 2420 -876 20077 -5013 6746 END
START 1752 2536 -1732 19295 -5585 6870 END
START 2196 2668 -2572 18520 -6065 6903 END
START 2540 2672 -3240 17672 -6597 7011 END
START 2580 2840 -3868 16785 -7209 7106 END
START 2952 2780 -4644 15872 -7714 7265 END
START 3124 3020 -5344 14879 -8142 7432 END
START 3784 3212 -5928 13760 -8491 7489 END
START 4132 3540 -6096 12533 -8732 7592 END
START 4680 3820 -6264 11306 -8936 7618 END
START 4980 4024 -6420 10063 -9019 7586 END
START 5660 4064 -6556 8877 -8983 7510 END
START 6152 3908 -6608 7744 -8769 7434 END
START 6452 3712 -6420 6647 -8468 7255 END
START 6660 3704 -6048 5654 -8090 7185 END
START 6780 3552 -5780 4711 -7736 7060 END
START 6404 3432 -5416 3870 -7452 7001 END
START 6064 3404 -4812 3053 -7264 7039 END
START 5880 3452 -4612 2332 -7238 7095 END
START 6124 3500 -4276 1690 -7045 7149 END
START 6620 3496 -4272 1023 -6662 7091 END
START 7220 3588 -4304 443 -6101 6979 END
START 7548 3464 -4112 -60 -5438 6831 END
START 8012 3468 -3840 -558 -4742 6593 END
START 8412 3440 -3728 -998 -3987 6338 END
START 8884 3700 -3720 -1488 -3155 6033 END
START 9012 3848 -3780 -1958 -2348 5721 END
START 9048 3940 -3640 -2477 -1536 5392 END
START 8816 4044 -3296 -2940 -797 5040 END
START 8744 3904 -3544 -3380 -196 4744 END
START 8548 3932 -3220 -3772 261 4484 END
START 8144 3788 -3216 -4146 615 4313 END
START 7944 3780 -3292 -4458 813 4156 END
START 7616 3804 -3380 -4797 924 4005 END
START 7356 3776 -3372 -5126 1003 3881 END
START 7256 3952 -3588 -5469 958 3746 END
START 7192 3924 -3608 -5814 822 3643 END
START 7500 3956 -4096 -6224 725 3519 END
START 7524 3748 -4272 -6648 625 3391 END
START 7688 3756 -4460 -7138 602 3265 END
START 7640 3696 -4416 -7743 525 3109 END
START 7708 3724 -4304 -8389 495 2921 END
START 7884 3676 -4424 -9007 453 2764 END
START 7888 3668 -4228 -9627 471 2543 END
START 8188 3584 -4220 -10178 480 2336 END
START 8340 3412 -4096 -10816 560 2030 END
START 8756 3256 -3960 -11346 684 1709 END
START 8844 3104 -3900 -11855 827 1305 END
START 8888 2972 -3976 -12391 991 907 END
START 8880 2836 -4048 -12914 1226 411 END
START 9060 2796 -4164 -13560 1519 -52 END
START 8792 2688 -4176 -14254 1779 -640 END
START 8244 2612 -4036 -14985 2005 -1203 END
START 7904 2096 -3760 -15568 2233 -1811 END
START 7348 1720 -3560 -16304 2351 -2349 END
START 6444 1256 -3336 -16976 2480 -2884 END
START 5456 896 -3256 -17605 2490 -3314 END
START 4524 484 -2728 -18231 2376 -3645 END
START 3336 -108 -2236 -18793 2197 -3953 END
START 2188 -552 -1808 -19332 1780 -4133 END
START 764 -972 -1356 -19807 1166 -4190 END
START -528 -1116 -596 -20263 420 -4125 END
START -1396 -1280 -112 -20714 -410 -3957 END
START -2376 -1456 524 -21061 -1319 -3712 END
START -3108 -1656 1168 -21479 -2262 -3431 END
START -3700 -2064 1680 -21811 -3122 -3059 END
START -4084 -2292 2224 -22140 -3859 -2603 END
START -4368 -2580 2808 -22489 -4535 -2140 END
START -4848 -2620 3384 -22850 -5073 -1583 END
START -4996 -2852 3972 -23239 -5465 -962 END
START -5088 -2876 4696 -23632 -5664 -252 END
START -5172 -2988 5112 -24064 -5615 499 END
START -5132 -3060 5860 -24400 -5378 1188 END
START -4960 -3248 6344 -24807 -4981 1970 END
START -4940 -3124 7080 -25203 -4326 2782 END
START -4848 -3104 7792 -25647 -3570 3589 END
START -4908 -2944 8472 -26165 -2732 4403 END
START -4828 -2896 9328 -26711 -1619 5263 END
START -4780 -2796 9892 -27279 -413 6144 END
START -4760 -2644 11096 -27864 880 6977 END
START -4800 -2568 11868 -28388 2389 7903 END
START -4804 -2452 13132 -28934 3842 8757 END
START -4808 -2296 14208 -29346 5544 9708 END
START -4528 -1896 15124 -29740 7149 10563 END
START -4572 -1688 16316 -30143 8669 11347 END
START -4604 -1348 17464 -30478 10252 12138 END
START -4616 -952 18964 -30871 11636 13035 END
START -4804 -568 20308 -31319 12853 13594 END
START -4692 -556 21860 -31760 13667 14409 END
START -4460 -448 23556 -32166 14829 15106 END
START -4416 -364 25724 -32426 15568 15772 END
START -4008 -332 27528 -32569 16247 16409 END
START -3780 -236 29884 -32459 16807 16914 END
START -3152 -280 32060 -32249 17318 17384 END
START -2728 -216 32767 -31747 17763 17696 END
START -2128 -180 32767 -31141 18180 17888 END
START -1672 -228 32767 -30295 18513 17990 END
START -1428 -252 32767 -29298 18761 17997 END
START -1140 -128 32767 -28030 18865 17903 END
START -1044 76 32767 -26536 18793 17753 END
START -1028 208 32767 -24810 18532 17547 END
START -904 524 32767 -22840 18031 17210 END
START -1196 928 32767 -20825 17382 16865 END
START -1380 1436 32767 -18620 16538 16493 END