START -5076 5860 2660 5396 5639 5836 END
START -1944 416 -12048 6784 6656 6484 END
START -4936 7232 316 4441 6205 6878 END
START -5032 6196 1412 5316 6884 7431 END
START -8148 5116 3336 4578 5958 7828 END
START -5736 6008 736 4281 5968 8414 END
START -8024 5360 2952 3893 5274 8832 END
START -7896 5460 2572 3612 5552 9380 END
START -7052 5460 1200 3405 5439 9932 END
START -7740 5236 1412 3212 5588 10595 END
START -8620 4904 2020 3031 5487 11316 END
START -8532 4836 1228 2852 5371 12182 END
START -9612 4740 1688 2718 5275 12876 END
START -9288 4824 468 2402 4920 14052 END
START -9716 4572 192 2091 4620 15078 END
START -9428 4564 -156 1629 4280 16072 END
START -9180 4532 -600 1094 3983 17075 END
START -8884 4380 -456 425 3741 18015 END
START -8272 4296 -736 -241 3524 18860 END
START -7880 4216 -552 -999 3542 19809 END
START -7620 4076 -236 -1657 3563 20636 END
START -7540 3968 -172 -2242 3736 21432 END
START -7132 3884 352 -2865 4056 22258 END
START -6696 3588 500 -3317 4389 23082 END
START -6460 3268 748 -3753 4833 23922 END
START -6324 3028 996 -4136 5207 24765 END
START -6084 2688 1412 -4469 5569 25641 END
START -5896 2232 1264 -4715 5868 26509 END
START -5780 1964 1408 -4918 6069 27412 END
START -5412 1904 928 -5093 6086 28384 END
START -4872 1680 352 -5245 6068 29346 END
START -3856 1420 -768 -5545 6095 30242 END
START -2584 1360 -1932 -6008 6151 31043 END
START -912 1432 -2920 -6737 6306 31690 END
START 960 1424 -3864 -7702 6513 32165 END
START 2912 1192 -4636 -8823 6710 32448 END
START 4900 1164 -5264 -10107 6904 32584 END
START 6912 1076 -5900 -11549 7267 32546 END
START 8800 1116 -6000 -13082 7623 32389 END
START 10296 1360 -6244 -14465 8040 31960 END
START 12028 1680 -6156 -16178 8560 31427 END
START 13456 2112 -5980 -17727 8978 30688 END
START 14752 2444 -5560 -19299 9481 29751 END
START 15756 2600 -4964 -20659 9806 28703 END
START 16604 2836 -4164 -21982 10041 27493 END
START 16988 2872 -2980 -23053 10057 26246 END
START 17400 3064 -1956 -24036 9957 24970 END
START 17700 3344 -1052 -24804 9815 23739 END
START 18300 3716 0 -25495 9599 22492 END
START 18824 4040 1188 -26040 9323 21343 END
START 19116 4208 2524 -26434 8897 20121 END
START 19324 4332 3908 -26736 8213 18860 END
START 19500 4564 5112 -26862 7397 17634 END
START 19660 4688 6112 -26909 6541 16493 END
START 19552 4668 6872 -26766 5687 15423 END
START 19736 4800 7732 -26595 4903 14429 END
START 20048 4948 8216 -26398 4190 13483 END
START 20332 5164 8912 -26225 3634 12455 END
START 20772 5700 9908 -26104 3196 11853 END
START 21120 6140 10776 -26053 2845 10971 END
START 21500 6364 11428 -25909 2575 10113 END
START 21792 6448 12204 -25757 2293 9301 END
START 22196 6488 12896 -25460 2199 8504 END
START 22776 6576 13420 -25166 2187 7716 END
START 23788 6852 14024 -24804 2348 6785 END
START 24508 7216 14508 -24576 2659 5826 END
START 25124 7628 14996 -24407 3034 4784 END
START 25852 8004 15424 -24334 3528 3595 END
START 26204 8336 15868 -24311 3973 2354 END
START 26532 8500 16556 -24357 4387 1137 END
START 26836 8628 17360 -24403 4594 -122 END
START 27360 8824 18216 -24359 4881 -1415 END
START 27740 9008 19168 -24281 5084 -2808 END
START 28296 9252 20192 -24202 5420 -4221 END
START 28764 9260 21476 -24019 5762 -5727 END
START 29268 9456 22560 -23825 6064 -7322 END
START 29620 9516 23880 -23527 6325 -8988 END
START 29784 9508 25412 -23153 6390 -10775 END
START 29652 9400 26828 -22697 6377 -12595 END
START 29576 9196 28196 -22040 6130 -14523 END
START 29224 9052 29436 -21308 5779 -16474 END
START 28708 9008 30680 -20522 5274 -18364 END
START 28048 8764 31792 -19674 4566 -20306 END
START 27168 8392 32767 -18786 3752 -22165 END
START 25692 7916 32767 -17836 2755 -24153 END
START 24276 7464 32767 -16946 1835 -25864 END
START 22944 7104 32767 -15957 980 -27525 END
START 21388 6556 32767 -14950 259 -29042 END
START 19740 6084 32767 -14106 -352 -30353 END
START 18228 5564 32767 -13078 -840 -31508 END
START 16720 5024 32767 -12116 -1234 -32469 END
START 15356 4168 32767 -11194 -1483 -32768 END
START 13704 3580 32767 -10158 -1768 -32768 END
START 11808 2984 32767 -9178 -2086 -32768 END
START 10108 2648 32767 -8159 -2523 -32768 END
START 8280 2324 32767 -7035 -3065 -32768 END
START 6676 2084 32767 -5863 -3518 -32768 END
START 5164 1628 32767 -4532 -3850 -32768 END
START 3712 1124 32767 -3126 -4047 -32768 END
START 2336 576 32767 -1579 -4148 -32768 END
START 840 48 32767 53 -4231 -32768 END
START -684 -528 32767 1595 -4297 -32768 END
START -2280 -956 32767 3356 -4512 -32768 END
START -3608 -1424 32767 5124 -4787 -32768 END
START -5060 -1600 32767 6814 -4969 -32768 END
START -6020 -1724 32767 8491 -5140 -32768 END
START -7328 -2020 32767 10078 -5236 -32103 END
START -8168 -1804 32767 11610 -5109 -31228 END
START -9108 -1728 32767 13163 -4806 -30245 END
START -9924 -1836 32767 14668 -4354 -29212 END
START -10812 -1812 32767 16187 -3628 -28118 END
START -11564 -1832 32767 17660 -2789 -26892 END
START -12332 -1776 32767 19073 -1837 -25598 END
START -13148 -1600 32767 20361 -869 -24211 END
START -14112 -1540 32767 21569 -27 -22780 END
START -14924 -1308 32767 22540 633 -21325 END
START -15584 -1132 32767 23449 1020 -19871 END
START -16220 -1096 31508 24262 1328 -18376 END
START -16780 -1024 30156 25079 1499 -16849 END
START -17300 -732 29068 25789 1554 -15273 END
START -17812 -492 27812 26418 1477 -13711 END
START -18152 -180 26568 27016 1316 -12156 END
START -18132 76 24752 27591 1233 -10455 END
START -17948 212 23608 28053 1179 -8872 END
START -17716 320 22116 28539 1219 -7303 END
START -17340 592 20720 28906 1332 -5803 END
START -17024 680 19572 29223 1467 -4346 END
START -16424 912 18080 29464 1540 -2875 END
START -15952 980 16772 29670 1601 -1553 END
START -15508 912 15784 29786 1602 -282 END
START -15036 1128 14712 29847 1471 879 END
START -14464 1380 13492 29789 1278 2045 END
START -13832 1556 12616 29756 888 3190 END
START -13044 1656 11372 29640 496 4150 END
START -12148 1564 10376 29520 16 5065 END
START -11076 1336 9544 29447 -534 5850 END
START -10452 1300 8868 29376 -1125 6476 END
START -9452 1356 8284 29277 -1779 7026 END
START -8308 1324 7288 29186 -2415 7490 END
START -7068 1360 6480 29162 -3038 7836 END
START -5816 1576 5272 29036 -3524 8040 END
START -4616 1612 4084 28970 -3966 8175 END
START -3420 1668 2968 28785 -4334 8132 END
START -2096 1796 1708 28490 -4747 7962 END
START -956 1892 236 28112 -5248 7683 END
START -336 1948 -1000 27596 -5732 7346 END
START 388 2180 -2388 27006 -6272 6967 END
START 860 2252 -3592 26321 -6919 6553 END
START 1068 2588 -4904 25557 -7576 6196 END
START 1204 2864 -6256 24627 -8206 5835 END
START 1304 3152 -7420 23582 -8896 5478 END
START 1252 3532 -8268 22530 -9510 5194 END
START 1052 3752 -9260 21331 -10010 4947 END
START 968 4136 -9880 20093 -10441 4784 END
START 832 4184 -10628 18828 -10687 4704 END
START 920 4376 -10824 17561 -10780 4643 END
START 816 4544 -11144 16321 -10766 4670 END
START 792 4620 -11492 15089 -10547 4682 END
START 760 4712 -11312 13941 -10248 4746 END
START 572 4712 -11468 12851 -9842 4865 END
START 380 4736 -11348 11769 -9455 5009 END
START 392 4628 -11188 10808 -9081 5237 END
START 284 4456 -11024 9943 -8724 5489 END
START 444 4216 -10836 9126 -8405 5762 END
START 480 4236 -10748 8394 -8149 6039 END
START 680 4224 -10516 7682 -7827 6314 END
START 952 4164 -10448 6981 -7638 6585 END
START 1244 4084 -10472 6350 -7442 6815 END
START 1984 3972 -10496 5693 -7284 7041 END
START 2704 3876 -10628 5040 -7108 7155 END
START 3508 3916 -10848 4415 -6889 7258 END
START 4512 4052 -11476 3756 -6656 7194 END
START 5468 4016 -11764 3044 -6369 7105 END
START 6512 4252 -12188 2208 -6028 6847 END
START 7744 4440 -12800 1353 -5654 6539 END
START 8780 4444 -13172 319 -5180 6102 END
START 9824 4460 -13652 -778 -4616 5593 END
START 10700 4448 -13884 -1879 -4095 5011 END
START 11448 4428 -14220 -3079 -3568 4376 END
START 12336 4416 -14400 -4307 -3047 3657 END
START 13080 4332 -14412 -5658 -2539 2858 END
START 13352 4436 -14240 -6933 -2130 1994 END
START 13720 4264 -14148 -8261 -1827 1086 END
START 13596 4136 -13824 -9504 -1652 212 END
START 13556 4068 -13648 -10724 -1601 -660 END
START 13136 3816 -13300 -11863 -1621 -1470 END
START 12736 3620 -13032 -12939 -1643 -2220 END
START 12036 3388 -12772 -14028 -1697 -2910 END
START 11364 3280 -12176 -15043 -1804 -3515 END
START 10860 3324 -11528 -16120 -1926 -3951 END
START 10216 3204 -11156 -17128 -1970 -4437 END
START 9824 2972 -10684 -18046 -2025 -4835 END
START 9300 2700 -10276 -18910 -2010 -5212 END
START 8200 2236 -9628 -19826 -2102 -5603 END
START 7524 1792 -8996 -20599 -2298 -5929 END
START 7012 1576 -8720 -21279 -2606 -6240 END
START 6460 1204 -8352 -22057 -2915 -6565 END
START 6172 1004 -8200 -22831 -3161 -6914 END
START 5628 788 -8040 -23672 -3358 -7303 END
START 5020 560 -7780 -24578 -3524 -7715 END
START 4220 184 -7476 -25507 -3674 -8062 END
START 3340 -444 -7252 -26474 -3853 -8356 END
START 2232 -708 -7000 -27414 -4097 -8529 END
START 1368 -1156 -6932 -28487 -4222 -8646 END
START 324 -1412 -6692 -29593 -4286 -8717 END
START -536 -1780 -6360 -30744 -4172 -8700 END
START -1652 -2008 -5640 -31928 -4082 -8619 END
START -2588 -2292 -4944 -32768 -3954 -8423 END
START -3732 -2216 -4364 -32768 -3711 -8111 END
START -4580 -2280 -3776 -32768 -3340 -7743 END
START -5604 -2432 -2804 -32768 -2938 -7246 END
START -6552 -2652 -1856 -32768 -2559 -6562 END
START -7760 -3012 -632 -32768 -2335 -5786 END
START -8764 -3116 576 -32768 -2275 -4856 END
START -9536 -3408 1444 -32768 -2275 -3898 END
START -9876 -3276 2364 -32768 -2155 -2892 END
START -9728 -3124 3232 -32768 -1818 -2004 END
START -9360 -3128 4256 -32768 -1223 -1196 END
START -9068 -3224 5188 -32768 -342 -496 END
START -8756 -3292 6324 -32768 733 160 END
START -8648 -3640 7816 -32768 2096 823 END
START -8816 -3840 9356 -32768 3531 1426 END
START -8752 -4312 10800 -32768 5209 2087 END
START -9068 -4628 12264 -32768 6869 2756 END
START -9008 -4848 13588 -32768 8582 3401 END
START -9332 -5224 14860 -32768 10240 4015 END
START -9412 -5632 16060 -32768 11832 4583 END
START -9588 -6144 17412 -32768 12880 5031 END
START -10108 -6536 19316 -32768 13708 5535 END
START -10628 -6856 20952 -32768 14250 6001 END
START -11076 -7272 23016 -32768 14409 6559 END
START -11724 -7896 24756 -32768 13819 7106 END
START -12248 -8640 26652 -32768 12996 7729 END
START -12348 -8744 27944 -32768 11599 8397 END
START -12436 -8772 29500 -32768 10280 8944 END
START -12192 -8976 30964 -32768 9023 9357 END
START -11844 -9080 32368 -32768 7872 9675 END
START -11728 -9128 32767 -32768 6877 9901 END
START -11508 -9272 32767 -32768 5993 10120 END
START -11512 -9808 32767 -32768 5307 10380 END
START -11844 -10332 32767 -32768 4650 10716 END
START -12400 -10720 32767 -32768 3984 11218 END
START -12856 -11276 32767 -32768 3302 11818 END
START -13628 -11484 32767 -32768 2646 12628 END
START -14464 -11592 32767 -32405 1899 13200 END
START -15392 -11644 32767 -30625 986 14275 END
START -15928 -11460 32767 -28810 109 15328 END
START -16624 -11448 32767 -26964 -812 16587 END
START -17264 -11300 32767 -25055 -1579 17880 END
START -17820 -10984 32767 -23002 -2162 19404 END
START -17904 -10928 32767 -20914 -2435 20948 END
START -17812 -11016 32767 -18711 -2487 22585 END
START -17896 -10988 32767 -16412 -2356 24350 END
START -17796 -10956 32767 -14329 -2066 26134 END
START -17668 -10900 32767 -12108 -1741 28018 END
START -17420 -10752 32767 -10191 -1388 29916 END
START -16768 -10572 32767 -8501 -965 31858 END
START -15948 -10396 32767 -7066 -409 32767 END
START -14896 -10132 32767 -5808 327 32767 END
START -13620 -9948 32767 -4875 1128 32767 END
START -12312 -9848 32767 -4059 2117 32767 END
START -10632 -9852 32767 -3366 3323 32767 END
START -9040 -9884 32767 -2716 4459 32767 END
START -7436 -10248 32767 -2115 5653 32767 END
START -5864 -10500 32767 -1512 6709 32767 END
START -3964 -10576 32767 -869 7652 32767 END
START -2004 -10644 32767 -177 8520 32767 END
START 212 -10948 32767 566 9225 32767 END
START 2712 -11264 32767 1250 9759 32767 END
START 5364 -11412 32767 2102 10289 32767 END
START 8172 -11572 32767 2969 10777 32767 END
START 11028 -11656 32767 4055 11073 32767 END
START 13764 -11720 32767 5278 11051 32767 END
START 17416 -11632 32767 6711 10785 32767 END
START 19696 -11556 32767 8314 10221 32767 END
START 21796 -11240 32767 10046 9249 32767 END
START 23848 -10836 32767 11931 7931 32767 END
START 25876 -10288 32767 13990 6420 32767 END
START 27984 -9700 32767 15979 4847 32767 END