START -14268 -2640 -3492 18676 9439 -6898 END
START -20872 -4304 -2184 12432 1920 -1456 END
START -25076 -6744 5328 11314 -1163 7435 END
START -19616 -6248 6740 10642 -1102 16018 END
START -15192 -5364 6756 11042 1385 20483 END
START -12460 -4620 5592 10784 3221 23208 END
START -10388 -3724 3836 10325 3345 24773 END
START -9248 -4060 1204 9457 1424 26131 END
START -8656 -3688 -1592 7230 -989 28556 END
START -6248 -3364 -2816 3710 -1484 30895 END
START -4400 -3856 -4564 -382 -572 32767 END
START -936 -3948 -5596 -4720 -1122 32767 END
START 4164 -3504 -4936 -8527 -997 32767 END
START 7816 -2328 -6748 -12195 -1078 31554 END
START 8160 -2384 -6096 -15746 -2238 29107 END
START 9096 -3216 -4636 -19239 -3787 28805 END
START 13460 -3124 -3008 -22156 -4620 28456 END
START 18072 -3432 -1180 -25878 -4463 27610 END
START 27268 -856 6892 -29652 -757 22534 END
START 32767 1380 13516 -30436 4710 14956 END
START 32767 4836 16804 -29474 7848 4719 END
START 32767 5776 20192 -28172 6076 -4243 END
START 32767 7304 24420 -27505 7116 -12495 END
START 32767 6548 30220 -26923 11858 -21560 END
START 29576 3844 32767 -23762 13316 -31923 END
START 21160 -1736 32767 -18555 10069 -32768 END
START 9188 -8444 32767 -10489 3741 -32768 END
START -1400 -13208 32767 -1042 -256 -32768 END
START -8272 -15864 32767 6384 2555 -32768 END
START -15372 -16624 32767 12186 6032 -32768 END
START -19684 -15432 32767 17803 8898 -26659 END
START -20292 -13740 32767 23012 9215 -17714 END
START -18808 -11556 26704 27411 7604 -10012 END
START -16464 -9416 19260 31050 4215 -4229 END
START -13396 -7324 12036 32767 985 -862 END
START -11600 -5932 6200 32767 -1084 1917 END
START -8796 -3996 -132 30381 -2722 4113 END
START -6524 -2872 -4408 26916 -4252 6033 END
START -3440 -1404 -5592 22385 -4857 7701 END
START -1904 252 -8848 17696 -6815 7548 END
START 636 1044 -9892 13285 -8951 7502 END
START 3964 2248 -10580 8763 -9889 6885 END
START 8432 3652 -10668 4304 -9272 5039 END
START 10924 4532 -10180 245 -8510 1309 END
START 10252 4432 -10572 -2973 -8647 -1816 END
START 10372 4216 -11068 -6966 -10404 -4257 END
START 11552 3848 -11492 -11613 -9962 -7580 END
START 10616 2116 -12456 -18219 -6930 -10537 END
START 10328 292 -11808 -25887 -3326 -13297 END
START 7904 -2424 -9248 -32768 1906 -16549 END
START 3292 -5920 -5968 -32768 3547 -19092 END
START -420 -10260 -1972 -32768 2723 -20497 END
START -6380 -15604 4516 -32768 3047 -19494 END
START -12164 -20040 13492 -32768 5349 -15495 END
START -19556 -24724 22648 -32768 8702 -10002 END
START -26712 -29816 29668 -32768 11350 -1600 END
START -30992 -32768 32767 -32768 13248 7989 END
START -32768 -32768 32767 -32768 8270 18096 END
START -32768 -32768 32767 -32768 627 26538 END
START -31924 -32768 32767 -26045 -4045 32767 END
START -27392 -32768 32767 -21693 -5435 32767 END
START -17588 -30916 32767 -20619 -1755 32767 END