START -11228 -2228 11876 30997 -5563 4991 END
START -6348 -10288 -7940 32767 -4612 6130 END
START -9080 432 4444 31173 -6592 6912 END
START -16216 -2076 13648 32448 -7137 7819 END
START -9296 -1408 3864 32168 -7756 8805 END
START -13516 -1756 7836 32073 -8852 9551 END
START -10952 -1608 3512 31753 -8202 10474 END
START -10308 -1640 1788 31401 -8347 11267 END
START -11912 -1652 2724 30885 -7798 12324 END
START -9548 -1308 -644 30267 -7808 13125 END
START -11288 -1488 196 29530 -7359 14075 END
START -8840 -1004 -3320 28602 -6840 14983 END
START -9520 -1148 -3340 27537 -6005 15869 END
START -8048 -1100 -6228 26200 -4818 16799 END
START -7796 -924 -7440 24650 -3450 17615 END
START -7288 -700 -9124 22887 -1716 18472 END
START -6788 -452 -10340 20913 -155 19299 END
START -7048 -248 -11048 18757 1587 20188 END
START -6516 -104 -12192 16500 3172 21092 END
START -6988 -92 -12072 14167 4984 22054 END
START -6552 -92 -12956 11845 6620 23057 END
START -7220 -324 -12068 9620 8323 24146 END
START -6852 -200 -12104 7496 9850 25260 END
START -7384 -412 -10944 5570 11230 26410 END
START -6772 -576 -10540 3595 12694 27585 END
START -6684 -1132 -9412 1861 13895 28771 END
START -6232 -1332 -8296 310 15154 29875 END
START -5420 -1452 -7232 -1098 15958 30872 END
START -4536 -1856 -6268 -2362 16770 31766 END
START -3496 -2080 -5224 -3564 17183 32518 END
START -2412 -2492 -4052 -4482 17449 32767 END
START -444 -2680 -2664 -5339 17298 32767 END
START 1512 -2584 -2520 -6071 17021 32767 END
START 2888 -2804 -1956 -6697 16544 32767 END
START 4772 -2760 -1824 -7264 16033 32767 END
START 6036 -2680 -1700 -7929 15318 32767 END
START 7376 -2496 -1396 -8456 14516 32767 END
START 8512 -2372 -1376 -9062 13736 32366 END
START 9800 -2144 -1680 -9655 12817 31846 END
START 10980 -1572 -1960 -10276 11735 31196 END
START 11996 -904 -2168 -10986 10748 30368 END
START 13036 -480 -2372 -11888 9709 29425 END
START 13736 -168 -2364 -12766 8769 28538 END
START 14348 -192 -2572 -13753 7884 27632 END
START 14840 68 -2484 -15027 6990 26865 END
START 15152 40 -2364 -15828 6184 26168 END
START 15724 320 -2256 -16980 5430 25612 END
START 16704 844 -2344 -18106 4813 25058 END
START 18032 1276 -2040 -19287 4503 24552 END
START 19704 1656 -1824 -20543 4468 23950 END
START 21540 2112 -1316 -21910 4652 23186 END
START 23296 2448 -412 -23183 4970 22254 END
START 24808 2792 700 -24434 5350 21204 END
START 26176 3024 1920 -25624 5897 19965 END
START 27076 3204 3160 -26675 6358 18659 END
START 27860 3304 4572 -27623 6973 17293 END
START 28052 3544 6036 -28389 7404 15970 END
START 27904 3688 7612 -29007 7809 14730 END
START 27440 3836 9252 -29426 7999 13587 END
START 27048 4136 10764 -29590 8040 12772 END
START 26448 4360 12600 -29664 7865 11774 END
START 26260 4600 13772 -29555 7660 11090 END
START 26012 5076 15532 -29363 7383 10341 END
START 26160 5596 17668 -29003 7009 9676 END
START 26320 5836 19392 -28627 6791 8996 END
START 27388 6252 20552 -28049 6541 8292 END
START 28536 6536 22284 -27426 6355 7494 END
START 30088 7076 24012 -26619 6217 6437 END
START 31760 7408 25804 -25696 5970 5117 END
START 32767 7764 27168 -24526 5676 3409 END
START 32767 8088 28324 -23318 5393 1544 END
START 32767 8552 29332 -21963 5022 -503 END
START 32767 8948 29988 -20663 4645 -2640 END
START 32767 9228 30876 -19231 4136 -4955 END
START 32767 9428 30960 -18016 3505 -7241 END
START 32767 9552 31332 -16879 2837 -9519 END
START 32767 9472 31320 -15808 1988 -11796 END
START 32767 9244 31464 -14858 1182 -13967 END
START 32416 9100 31560 -14294 276 -16119 END
START 30992 8816 31500 -13851 -689 -18053 END
START 29680 8692 31764 -13469 -1725 -19938 END
START 28064 8332 32068 -13119 -2721 -21680 END
START 26736 8024 32600 -12898 -3590 -23272 END
START 24916 7336 32767 -12691 -4382 -24794 END
START 23432 6732 32767 -12430 -4943 -26162 END
START 21860 6080 32767 -12110 -5286 -27444 END
START 20164 5328 32767 -11717 -5499 -28545 END
START 18476 4720 32767 -11192 -5621 -29568 END
START 16648 4196 32767 -10565 -5575 -30425 END
START 14836 3536 32767 -9848 -5444 -31201 END
START 12984 3064 32767 -8922 -5147 -31753 END
START 11012 2640 32767 -7923 -4772 -32209 END
START 9368 2200 32767 -6809 -4134 -32496 END
START 7424 1536 32767 -5549 -3541 -32606 END
START 5436 1040 32767 -4165 -2795 -32489 END
START 3452 596 32767 -2738 -2081 -32194 END
START 1356 524 32767 -1269 -1488 -31723 END
START -424 480 32767 20 -941 -31129 END
START -2184 116 32767 1436 -500 -30397 END
START -3632 -36 32767 2838 -8 -29515 END
START -5104 -236 32767 4166 357 -28670 END
START -6344 -392 32767 5621 596 -27635 END
START -7496 -208 32767 6984 704 -26537 END
START -8384 -272 32767 8396 754 -25370 END
START -9060 -320 32767 9689 715 -24174 END
START -9492 -256 32767 11034 585 -23010 END
START -10152 -768 32767 12272 552 -21837 END
START -10996 -952 32767 13545 586 -20592 END
START -11812 -888 32767 14611 54 -19275 END
START -12300 -780 32152 15642 -720 -17965 END
START -12484 -552 30684 16590 -1549 -16723 END
START -12928 -236 29380 17648 -2114 -15385 END
START -13160 -120 28580 18630 -2818 -14058 END
START -13060 -44 27284 19584 -3520 -12766 END
START -13128 -240 26340 20562 -4331 -11488 END
START -12984 -236 24948 21442 -5037 -10303 END
START -12500 84 23580 22347 -5713 -9130 END
START -12140 236 22080 23079 -6241 -8058 END
START -11860 200 20680 23713 -6724 -7083 END
START -11244 432 19244 24207 -7045 -6146 END
START -10624 528 17456 24625 -7276 -5286 END
START -10324 544 16080 24909 -7412 -4421 END
START -9864 740 14616 25146 -7461 -3569 END
START -9632 740 13540 25195 -7613 -2786 END
START -8984 880 12136 25257 -7760 -2028 END
START -8608 992 10708 25251 -7942 -1337 END
START -7820 1112 9424 25184 -8200 -645 END
START -7068 1224 8184 25030 -8352 -97 END
START -6448 1160 6920 24822 -8571 403 END
START -5736 1108 5436 24629 -8724 910 END
START -5208 1032 4224 24324 -8899 1372 END
START -4728 1400 2748 24038 -9095 1830 END
START -4112 1416 1864 23596 -9253 2262 END
START -3812 1652 600 23054 -9540 2635 END
START -3300 1940 -484 22440 -9865 2956 END
START -2952 2256 -1464 21708 -10350 3232 END
START -2620 2300 -2276 20908 -10885 3476 END
START -2068 2212 -3568 20149 -11516 3719 END
START -1800 2080 -4968 19325 -12168 3958 END
START -1792 2016 -6296 18434 -12992 4234 END
START -1900 1928 -7900 17560 -13884 4520 END
START -1708 2084 -9584 16561 -14816 4868 END
START -1364 2212 -11412 15379 -15641 5240 END
START -588 2628 -13100 13885 -16177 5591 END
START -108 2940 -14524 12207 -16457 5941 END
START 336 3268 -15368 10296 -16583 6219 END
START 792 3512 -15716 8319 -16572 6525 END
START 1092 3732 -16132 6205 -16493 6808 END
START 1680 3992 -16508 4215 -16157 7096 END
START 2104 3776 -16488 2265 -15776 7369 END
START 2696 3660 -16552 450 -15175 7671 END
START 3400 3544 -15860 -1333 -14598 7894 END
START 4148 3540 -15380 -2897 -14007 8139 END
START 5232 3464 -14988 -4349 -13309 8243 END
START 6236 3568 -14488 -5723 -12495 8217 END
START 6952 3492 -13880 -6958 -11710 7980 END
START 7288 3120 -12688 -8010 -11068 7697 END
START 7652 2892 -11752 -8907 -10678 7329 END
START 7528 2752 -10644 -9577 -10502 6928 END
START 7284 2616 -10028 -10048 -10639 6573 END
START 6968 2288 -9448 -10341 -10969 6244 END
START 6712 1748 -9656 -10485 -11396 6011 END
START 6308 1500 -9704 -10582 -11882 5767 END
START 6088 1432 -10016 -10591 -12311 5631 END
START 5724 1628 -9932 -10690 -12729 5478 END
START 5584 1856 -9976 -10886 -13067 5435 END
START 5384 1740 -10296 -11214 -13234 5441 END
START 5232 1808 -10716 -11689 -13141 5531 END
START 5300 1744 -11356 -12287 -12851 5644 END
START 5156 1776 -11548 -13036 -12266 5865 END
START 5124 1716 -11900 -13937 -11497 6132 END
START 5004 1624 -12100 -14882 -10633 6422 END
START 5116 1620 -12068 -15917 -9652 6758 END
START 4992 1584 -11848 -17073 -8547 7086 END
START 4860 1436 -11476 -18214 -7524 7356 END
START 4696 1276 -11020 -19428 -6522 7650 END
START 4436 964 -10448 -20555 -5552 7943 END
START 4280 708 -9712 -21691 -4582 8155 END
START 3916 276 -8836 -22796 -3715 8407 END
START 3596 -44 -7532 -23926 -2904 8631 END
START 3176 -320 -6556 -25038 -2295 8907 END
START 2884 -552 -5444 -26140 -1682 9130 END
START 2596 -688 -4132 -27240 -1128 9395 END
START 2312 -940 -2900 -28359 -573 9600 END
START 1888 -1096 -1240 -29529 -132 9778 END
START 1700 -1328 1376 -30560 191 9942 END
START 1264 -1432 3784 -31493 407 10067 END
START 664 -1764 6444 -32292 478 10185 END
START 248 -2044 9344 -32768 454 10316 END
START -532 -2372 12468 -32768 365 10484 END
START -1044 -2548 15444 -32768 334 10706 END
START -1416 -2640 18192 -32768 142 10961 END
START -1904 -2952 21408 -32768 103 11235 END
START -1784 -3512 23872 -32257 333 11626 END
START -2528 -3700 26812 -31504 508 11919 END
START -3012 -3464 29668 -30527 595 12211 END
START -3412 -3116 32308 -29520 679 12784 END
START -3480 -3012 32767 -28397 929 12854 END
START -3568 -2952 32767 -27251 1478 13390 END
START -3648 -3344 32767 -26038 2279 13603 END
START -4308 -3644 32767 -24727 2999 14039 END
START -4668 -4052 32767 -23382 4031 14537 END
START -5660 -3944 32767 -21939 4939 15187 END
START -6356 -3772 32767 -20575 5806 15987 END
START -6980 -3692 32767 -19181 6602 16905 END
START -7288 -3556 32767 -17950 7448 17741 END
START -7476 -3372 32767 -16608 8244 18684 END
START -7884 -3412 32767 -15215 8769 19535 END
START -8004 -3420 32767 -13910 9123 20546 END
START -8508 -3544 32767 -12318 9171 21529 END
START -8392 -3628 32767 -10737 9318 22681 END
START -8188 -3452 32767 -9207 9348 23823 END
START -8084 -3292 32767 -7774 9286 24954 END
START -7444 -3124 32767 -6328 9136 26152 END
START -6540 -3020 32767 -5040 9124 27270 END
START -5412 -3016 32767 -3801 9070 28322 END
START -4208 -2880 32767 -2628 9187 29289 END
START -2680 -3004 32767 -1528 9383 30181 END
START -1144 -2896 32767 -506 9700 30934 END
START 128 -2560 32767 361 10154 31553 END
START 2104 -2316 32767 1090 10672 32046 END
START 4008 -2124 32767 1699 11286 32417 END
START 6056 -2052 32767 2284 12093 32687 END
START 7976 -2104 32767 2838 12903 32767 END