START -5204 5236 3152 23168 11691 -4416 END
START -14492 -3916 1284 23689 5697 583 END
START -17420 -4596 3448 22933 3584 5521 END
START -17028 -4496 2340 21141 4699 11466 END
START -13536 -3940 256 18128 5809 15006 END
START -13308 -3884 -472 15943 4202 17878 END
START -12432 -3484 -1028 14705 1802 20418 END
START -10732 -2668 -3076 12181 2432 23136 END
START -10220 -2516 -4524 8951 2731 26127 END
START -9188 -2408 -5352 5872 711 29582 END
START -5596 -2072 -7188 3136 -1245 32084 END
START -1984 -1380 -8564 -900 -1943 32767 END
START 1884 -1276 -8480 -5246 -1938 32767 END
START 6160 -816 -7724 -9667 -1124 32256 END
START 7580 -476 -7156 -13456 -856 31280 END
START 11344 284 -7364 -18063 -2258 31169 END
START 15956 944 -5436 -23100 -1365 29637 END
START 21376 1244 -384 -27059 -757 28767 END
START 32400 4084 4784 -29197 925 23911 END
START 32767 4808 7140 -31638 3753 15308 END
START 32767 6808 17876 -32231 5603 7934 END
START 32767 7784 21780 -31792 7114 289 END
START 32468 8048 26480 -30390 8151 -6430 END
START 31368 7696 32767 -27600 7573 -14160 END
START 26980 6340 32767 -21735 7477 -23176 END
START 18972 3736 32767 -15375 6071 -30418 END
START 12084 1576 32767 -10841 2392 -32768 END
START 5660 -1568 32767 -4526 2125 -32768 END
START -3468 -4732 32767 2827 3428 -32768 END
START -9556 -6400 32767 8806 3669 -32768 END
START -12476 -7120 32767 14449 3623 -30137 END
START -15408 -7752 32767 20190 4020 -25312 END
START -17368 -7432 29664 25157 1701 -19068 END
START -16840 -6772 23048 28819 256 -13887 END
START -16764 -6156 16864 30549 -13 -8135 END
START -16020 -5020 10804 30401 37 -2908 END
START -15056 -4000 5384 29563 -1110 2175 END
START -12484 -2392 -436 27101 -4283 6720 END
START -8000 -384 -4072 23240 -6578 9500 END
START -3924 1088 -5984 18935 -7228 10528 END
START -1004 1888 -6968 15159 -7506 10515 END
START 1588 2884 -8012 11920 -7606 9942 END
START 3508 3280 -9744 8256 -6807 8666 END
START 3092 3356 -11156 4748 -6780 8169 END
START 3516 3804 -12860 463 -6506 8360 END
START 5940 3888 -13444 -3838 -7273 8244 END
START 10672 4656 -13256 -8583 -6372 6351 END
START 13544 4768 -12680 -13353 -3664 2173 END
START 14704 4092 -13056 -18213 -1819 -3629 END
START 12160 2148 -12056 -23180 -939 -8938 END
START 9024 -212 -11176 -28006 -1179 -12535 END
START 7764 -2596 -10044 -32768 1139 -15999 END
START 3452 -6632 -8564 -32768 5641 -17952 END
START -364 -11684 -3392 -32768 10498 -18586 END
START -8464 -17932 5980 -32768 14025 -18203 END
START -17716 -21856 17976 -32768 11538 -14713 END
START -24436 -25444 27144 -32768 10297 -8201 END
START -29992 -28536 32520 -32768 12240 2020 END
START -32768 -30556 32767 -32768 10412 12067 END
START -32768 -32760 32767 -32768 7425 22542 END
START -32652 -32768 32767 -32768 2188 31451 END
START -29224 -32260 32767 -26347 -3023 32767 END
START -23796 -30684 32767 -18972 -6735 32767 END
START -13660 -29096 32767 -12775 -7362 32767 END
START -220 -27200 32767 -8390 -1806 32767 END
START 12948 -23592 32767 -2706 5157 32767 END