START -21272 176 4404 12019 2849 3255 END
START -28220 -3264 4928 10459 -2025 10153 END
START -22424 -4812 4244 7369 666 16353 END
START -21368 -4924 6072 5930 2179 21429 END
START -20072 -5092 6652 5995 2084 25467 END
START -17924 -5296 5980 7597 -183 28992 END
START -14136 -4664 2376 8083 -1955 31536 END
START -10912 -3544 -1476 6669 -4120 32767 END
START -7384 -2472 -5948 2769 -4646 32767 END
START -2840 -2760 -8136 -3407 -3076 32767 END
START -412 -3556 -7912 -9114 -1251 32767 END
START 4580 -4008 -7272 -14336 -1143 32767 END
START 7340 -4384 -4068 -17681 -131 32767 END
START 9672 -3816 -3440 -19386 -1432 32386 END
START 12808 -3204 -3116 -21529 -2216 29496 END
START 18492 -1596 -2244 -24695 -2508 25628 END
START 21280 884 1692 -28489 -1598 20317 END
START 25372 1100 7572 -30682 -193 16168 END
START 30500 3188 13452 -30713 2578 10828 END
START 32767 5264 18536 -30553 7370 3232 END
START 32767 7880 22868 -28749 11596 -5841 END
START 31744 9040 26424 -26712 13208 -16269 END
START 27392 7008 31940 -24404 14315 -26195 END
START 19208 3504 32767 -21183 16824 -32768 END
START 12204 -1836 32767 -16661 17557 -32768 END
START -200 -6744 32767 -10334 16338 -32768 END
START -13968 -11936 32767 -2718 13608 -32768 END
START -26812 -15064 32767 7437 4127 -32768 END
START -23152 -13664 32767 16398 -2439 -31268 END
START -21788 -12308 32767 21343 -1602 -24275 END
START -20660 -10504 30848 24655 1232 -16702 END
START -18520 -8728 23748 24912 3890 -10590 END
START -17124 -7056 20280 24822 7030 -5627 END
START -16784 -6556 17688 26561 7100 -1162 END
START -15476 -6004 13248 28926 3768 2887 END
START -13700 -5324 8020 29758 572 6321 END
START -12392 -3984 2852 28375 -1582 9625 END
START -10128 -2312 -1636 24566 -3056 12815 END
START -6640 0 -3780 19494 -4014 14692 END
START -4624 836 -3416 15620 -3970 15341 END
START -1936 1716 -4252 11862 -4437 16566 END
START 3672 2908 -3948 8506 -4677 15901 END
START 5524 3492 -3484 6478 -5635 13807 END
START 7552 4316 -3480 5150 -7567 12245 END
START 9768 5220 -4420 3684 -10071 10464 END
START 13396 6456 -5696 1207 -11710 7811 END
START 15480 7376 -6320 -2136 -10842 4132 END
START 15232 7036 -6960 -6419 -8592 343 END
START 15412 6260 -7860 -10919 -6515 -3485 END
START 14680 4532 -7336 -16285 -3330 -8425 END
START 11244 2060 -5972 -20519 -2460 -13645 END
START 6728 -1148 -3956 -23541 -4469 -17695 END
START 1684 -4016 -1292 -25881 -7866 -19524 END
START -1472 -5568 -400 -29285 -10299 -19892 END
START -3504 -8376 1064 -32768 -7781 -19836 END
START -9348 -12072 5476 -32768 -5745 -18559 END
START -13084 -14944 9272 -32768 -2899 -15318 END
START -18340 -18476 14740 -32768 -463 -11254 END
START -23532 -21292 20820 -32768 -266 -4835 END
START -25496 -23048 26224 -32768 1425 2663 END
START -26384 -25952 28352 -32768 2258 9649 END
START -27144 -28812 31216 -32768 -1111 16533 END
START -27500 -30880 32767 -32768 -5458 23412 END
START -28316 -32768 32767 -27622 -7400 31697 END
START -27092 -32768 32767 -21384 -10162 32767 END
START -20976 -32768 32767 -17771 -11096 32767 END
START -8792 -32588 32767 -17086 -8614 32767 END
START 4800 -31764 32767 -14759 284 32767 END