START -6792 168 4316 25071 903 4467 END
START -6536 -5520 4204 26181 -3399 4744 END
START -7276 -5376 4812 26015 -1214 5509 END
START -10568 -4452 5240 25078 -238 7630 END
START -8972 -4316 1152 23480 1773 11606 END
START -5668 -4892 -1940 19492 4706 14638 END
START -4904 -4348 -5504 13203 8067 16632 END
START -8160 -3816 -6452 6618 9775 18531 END
START -11648 -4092 -7600 2303 9104 22818 END
START -11556 -3472 -7776 -2052 6597 27987 END
START -8924 -3188 -9380 -6183 4000 32477 END
START -5176 -3060 -9644 -10666 2418 32767 END
START 1120 -2428 -11144 -16370 -263 32767 END
START 5440 -3060 -8656 -22141 -1567 32767 END
START 12008 -3044 -6012 -27509 -1303 32767 END
START 18036 -2700 -2388 -32768 742 31385 END
START 28224 -1380 4532 -32768 4329 25608 END
START 30444 -144 13004 -32768 7429 16104 END
START 31116 1100 17560 -32768 6478 8235 END
START 32767 1620 23784 -32768 5267 1839 END
START 32767 4132 32767 -32768 6499 -6568 END
START 32767 5124 32767 -28818 10304 -17903 END
START 24396 4064 32767 -23753 9026 -26363 END
START 14960 780 32767 -18520 5162 -32768 END
START 4152 -3808 32767 -10839 92 -32768 END
START -5756 -6928 32767 -1486 -3667 -32768 END
START -10992 -8436 32767 7638 -2570 -32405 END
START -15452 -9200 32767 14270 -754 -27040 END
START -16900 -9380 32767 20661 -784 -20916 END
START -16328 -9076 32767 27085 -2110 -15079 END
START -14388 -8228 30208 32303 -3863 -9836 END
START -11524 -7236 21512 32767 -5535 -6310 END
START -9492 -6980 13716 32767 -6583 -3874 END
START -7768 -5684 7888 32767 -6544 -1749 END
START -5460 -4432 2516 32767 -4353 -562 END
START -5408 -3276 -1628 29496 -2505 889 END
START -5128 -2392 -6004 25467 -3606 2906 END
START -2320 -1024 -8816 21146 -6447 4157 END
START 716 124 -10888 16249 -7646 3849 END
START 3348 1340 -12436 10966 -7097 2401 END
START 4888 2296 -12024 5838 -5986 425 END
START 5396 2740 -11520 1978 -4903 -1138 END
START 4880 2780 -12120 -1689 -5366 -2246 END
START 5212 2896 -11992 -5524 -7063 -2682 END
START 7600 3380 -12292 -9611 -8095 -3988 END
START 10668 2920 -11740 -14803 -7337 -6920 END
START 12532 1744 -10852 -20400 -4114 -11919 END
START 8240 -336 -10360 -25711 -1549 -16093 END
START 5084 -2244 -10468 -32308 1051 -18131 END
START 848 -5532 -8880 -32768 2794 -18352 END
START -320 -8896 -6312 -32768 4689 -18622 END
START -3248 -13652 -2340 -32768 11520 -19125 END
START -12084 -21736 7476 -32768 17448 -18960 END
START -25012 -31220 23412 -32768 15352 -14650 END
START -32768 -32768 32767 -32768 9666 -3628 END
START -32768 -32768 32767 -32768 10750 9822 END
START -32768 -32768 32767 -32768 2827 22595 END
START -32768 -32768 32767 -24116 -5926 31576 END
START -27728 -32768 32767 -19380 -5290 32767 END