START -3176 6672 -13612 -1376 1789 5888 END
START 564 -160 -12860 -3598 -1367 5888 END
START 6288 728 -20308 -9677 -4490 7200 END
START 5412 -100 -16816 -17258 -7035 7152 END
START 5588 -756 -9988 -22191 -1567 5991 END
START 3308 -1556 -6348 -24010 3197 4772 END
START 1832 -2768 -6648 -24836 2746 3584 END
START 656 -4016 -6608 -26210 -1049 3072 END
START 1556 -5340 -6156 -27893 -4729 3217 END
START 2080 -6096 -6068 -31260 -5351 3703 END
START 4056 -7136 -4892 -32768 -1897 3895 END
START 3232 -9788 -1752 -32768 2679 3026 END
START 964 -11868 3388 -32768 2104 1778 END
START -2124 -12616 9460 -32768 -2203 1706 END
START -924 -12132 15056 -32768 -5411 2582 END
START 372 -12488 22076 -32768 -3176 2858 END
START 884 -12548 32767 -32768 -1352 3183 END
START 3632 -11636 32767 -32768 1426 1745 END
START 464 -10988 32767 -32768 3367 -350 END
START -1004 -10180 32767 -25760 770 -315 END
START -560 -8732 32767 -16753 -1279 840 END
START 2244 -6288 32767 -9038 274 1796 END
START 2272 -5140 32767 -2381 2681 2595 END
START 4988 -3696 32767 4516 3427 3119 END
START 6384 -2424 32767 10557 3613 1193 END
START 6076 -2592 32767 16086 1541 -691 END
START 5908 -3528 32767 21934 -1284 -2407 END
START 4484 -4452 32767 28247 -5725 -4032 END
START 5808 -5028 32767 32767 -8735 -5210 END
START 8864 -5512 31348 32767 -8997 -7422 END
START 9964 -5600 25216 32767 -7362 -10506 END
START 8544 -7836 14944 32767 -4390 -12441 END
START 4476 -5008 15208 32767 -6269 -11484 END
START 8620 -4816 7608 32767 -3616 -14858 END
START 6980 -4348 4056 32767 -3320 -15788 END
START 5816 -3660 316 32767 -4751 -18322 END
START 3864 -3380 -2640 30506 -8177 -20572 END
START 3076 -2352 -5224 26024 -9620 -21612 END
START 2868 -1652 -6964 20481 -8682 -21405 END
START 3116 -836 -8340 13770 -5868 -21560 END
START 2364 -1012 -8948 7228 -3486 -21228 END
START 2380 -1132 -8244 2013 -3628 -21804 END
START 760 -1888 -6936 -1325 -5481 -22773 END
START -1620 -2576 -6344 -3725 -9030 -22455 END
START -2620 -3152 -6332 -6030 -13172 -20936 END
START -1304 -2672 -8360 -10358 -13711 -20131 END
START -2952 -3356 -10868 -17566 -12134 -18401 END
START -3912 -4284 -11712 -25595 -11768 -16278 END
START -4560 -6028 -9600 -32768 -13250 -14023 END
START -4304 -7920 -6592 -32768 -14915 -11361 END
START -1880 -8940 -3352 -32768 -11977 -8903 END
START -3328 -10876 1108 -32768 -8297 -7242 END
START -6020 -13776 8044 -32768 -7994 -4711 END
START -8700 -17172 22100 -32768 -10096 -662 END
START -6312 -18572 32767 -32768 -5066 2330 END