START 2508 4448 -6616 14904 -1533 3354 END
START 6936 20 -21412 15882 -221 3406 END
START 1556 3976 -10180 12556 -1797 3178 END
START 1088 3888 -7252 12730 -1593 3073 END
START 2656 3640 -11808 11057 -1830 3183 END
START -784 3696 -8016 10059 -2571 3192 END
START -644 3676 -8936 8968 -2170 3345 END
START 2048 4200 -12540 7928 -2168 3513 END
START -120 3676 -10684 7062 -1713 3698 END
START 992 3672 -12128 6132 -1265 3932 END
START 32 3436 -12088 5295 -1218 4156 END
START -176 3388 -12320 4392 -779 4421 END
START -28 3200 -13284 3433 -745 4648 END
START -1096 2880 -13172 2414 -450 4987 END
START -596 3128 -15124 1376 -262 5335 END
START -1948 3020 -14680 287 -206 5718 END
START -1328 3200 -16728 -990 101 6255 END
START -1372 3312 -17524 -2309 204 6661 END
START -1944 3136 -17436 -3906 529 7240 END
START -1440 3024 -18468 -5663 885 7718 END
START -1648 2928 -18276 -7439 1187 8200 END
START -1412 2784 -18468 -9424 1691 8640 END
START -964 2672 -18480 -11378 2199 9012 END
START -980 2440 -17860 -13265 2968 9350 END
START -252 2084 -17440 -15135 3699 9561 END
START -348 1760 -15956 -16510 4548 9767 END
START 140 1388 -15744 -17890 5258 9847 END
START -32 820 -14420 -19085 6077 9969 END
START 552 468 -13936 -20101 6830 9948 END
START 184 128 -12688 -20993 7408 9933 END
START 408 -232 -12120 -21681 8035 9970 END
START -88 -372 -10960 -22321 8324 9980 END
START -524 -672 -9984 -22801 8376 10031 END
START -868 -788 -9160 -23169 8121 10140 END
START -496 -1512 -8636 -23395 8038 10301 END
START -596 -1840 -7964 -23339 7639 10443 END
START -1248 -1908 -7056 -23319 7008 10589 END
START -1432 -2028 -6588 -23234 6065 10731 END
START -1736 -2068 -6272 -23005 5039 10886 END
START -1516 -2112 -6388 -22855 3943 11057 END
START -1464 -2380 -6436 -22649 2851 11227 END
START -1372 -2556 -6480 -22518 1706 11375 END
START -1352 -2620 -6740 -22457 608 11531 END
START -1324 -2824 -6848 -22583 -465 11737 END
START -1000 -2848 -7120 -22779 -1445 11903 END
START -808 -3048 -7180 -23109 -2327 12092 END
START -488 -3232 -7284 -23562 -2935 12312 END
START -308 -3572 -7244 -24000 -3468 12674 END
START -116 -3812 -7168 -24433 -3845 12788 END
START -4 -4012 -6728 -24915 -4120 12947 END
START 12 -4332 -6516 -25343 -4308 13361 END
START 52 -4708 -6368 -25776 -4473 13750 END
START 36 -4920 -6408 -26290 -4575 14149 END
START 48 -5176 -6324 -26822 -4637 14611 END
START 276 -5292 -6380 -27437 -4656 15130 END
START 860 -5356 -6328 -28182 -4626 15683 END
START 1284 -5456 -6128 -29044 -4544 16274 END
START 2032 -5708 -5628 -30006 -4359 16769 END
START 2952 -5756 -5124 -31056 -3999 17213 END
START 3984 -6012 -4508 -32203 -3462 17593 END
START 4980 -6156 -3784 -32768 -2737 17868 END
START 6124 -6424 -2868 -32768 -1865 18067 END
START 6908 -6624 -1728 -32768 -845 18231 END
START 7684 -6720 -608 -32768 130 18291 END
START 8220 -6848 936 -32768 1180 18281 END
START 8544 -7140 2300 -32768 2075 18251 END
START 8844 -7240 3580 -32768 3033 18125 END
START 9208 -7292 5128 -32768 3880 17912 END
START 9232 -7420 6744 -32768 4639 17686 END
START 9580 -7452 7804 -32768 5392 17369 END
START 9700 -7776 9468 -32768 6009 17047 END
START 9752 -7748 11072 -32768 6539 16662 END
START 9728 -7796 12800 -32768 6930 16338 END
START 9628 -8096 14572 -32768 7038 15898 END
START 9132 -8104 16652 -32768 6970 15498 END
START 9288 -8036 17800 -32768 6878 15157 END
START 9168 -8176 19584 -32768 6666 14831 END
START 8972 -8108 21240 -32768 6339 14520 END
START 8896 -8156 22792 -32768 5971 14257 END
START 8968 -8236 24308 -32768 5707 14028 END
START 9204 -8424 25688 -32768 5380 13750 END
START 9268 -8460 27296 -32768 5142 13482 END
START 9400 -8588 28856 -32768 4920 13165 END
START 9540 -8528 30224 -32768 4821 12905 END
START 9608 -8548 31740 -32768 4908 12596 END
START 9816 -8316 32767 -32768 5079 12563 END
START 10176 -8284 32767 -32768 5435 12611 END
START 10536 -8012 32767 -32768 5909 12557 END
START 10900 -8132 32767 -32768 6531 12193 END
START 11244 -8008 32767 -32768 7090 12221 END
START 11632 -7860 32767 -32768 7742 11867 END
START 11972 -7916 32767 -32768 8314 11592 END
START 12276 -7780 32767 -31640 8757 11179 END
START 12436 -7664 32767 -30393 9198 10771 END
START 12724 -7468 32767 -29160 9486 10343 END
START 12804 -7168 32767 -27831 9703 9924 END
START 12756 -7004 32767 -26485 9699 9489 END
START 12772 -6776 32767 -25156 9563 9121 END
START 12848 -6648 32767 -23793 9208 8730 END
START 13132 -6368 32767 -22360 8818 8347 END
START 13676 -6096 32767 -20818 8413 7942 END
START 14224 -5948 32767 -19327 8079 7562 END
START 14760 -5628 32767 -17715 7815 7106 END
START 14896 -4732 32767 -16487 7440 6681 END
START 15268 -5112 32767 -14888 7373 6180 END
START 15740 -4820 32767 -13113 7014 5670 END
START 15992 -4280 32767 -11830 6887 5149 END
START 16264 -3984 32767 -10422 6623 4706 END
START 16300 -3752 32767 -9193 6421 4265 END
START 16656 -3428 32767 -7996 6252 3881 END
START 16552 -3216 32767 -6868 6246 3528 END
START 16812 -2824 32767 -5799 6296 3271 END
START 16812 -2724 32767 -4758 6372 2989 END
START 17192 -2460 32767 -3789 6606 2758 END
START 17364 -2224 32767 -2811 6922 2523 END
START 17556 -1908 32767 -1925 7397 2321 END
START 17792 -1804 32767 -1054 7886 2032 END
START 17872 -1632 32767 -240 8353 1809 END
START 17896 -1612 32767 604 8753 1539 END
START 18108 -1536 32767 1434 9100 1250 END
START 18188 -1452 32767 2273 9356 926 END
START 18232 -1408 32767 3176 9508 583 END
START 18208 -1332 32767 4004 9579 176 END
START 18052 -1216 32767 4885 9524 -266 END
START 18020 -1232 32767 5797 9387 -773 END
START 17936 -1132 32767 6631 9143 -1274 END
START 17904 -1340 32767 7485 8842 -1844 END
START 17932 -1488 32767 8340 8427 -2471 END
START 17672 -1524 32767 9195 7976 -3115 END
START 17476 -1472 32767 10031 7458 -3820 END
START 17148 -1640 32767 10851 6973 -4489 END
START 17096 -1732 32767 11629 6514 -5218 END
START 16712 -1892 32767 12377 6166 -5965 END
START 16508 -1912 32767 13076 5975 -6651 END
START 15924 -1896 32767 13747 5847 -7327 END
START 15288 -2064 32767 14425 5743 -7935 END
START 14872 -2200 32767 15060 5708 -8541 END
START 14068 -2336 32064 15637 5641 -9049 END
START 13408 -2336 31192 16178 5623 -9474 END
START 12752 -2628 30196 16686 5542 -9895 END
START 12224 -2648 29392 17112 5426 -10284 END
START 11704 -2872 28408 17576 5354 -10594 END
START 11092 -3012 27736 17987 5229 -10877 END
START 10608 -2968 26824 18445 5140 -11198 END
START 10092 -3328 26324 18878 5023 -11429 END
START 9408 -3472 25204 19364 4867 -11683 END
START 8844 -3660 24492 19857 4654 -11916 END
START 8372 -3680 23740 20382 4434 -12073 END
START 7956 -3880 23028 20905 4187 -12236 END
START 7720 -3900 22084 21399 3986 -12404 END
START 7492 -4024 21276 21834 3790 -12505 END
START 7420 -4024 20432 22264 3657 -12649 END
START 7296 -4048 19428 22596 3566 -12783 END
START 7200 -4176 18460 22935 3505 -12915 END
START 7028 -4084 17752 23171 3363 -13096 END
START 6716 -4176 16932 23416 3210 -13255 END
START 6496 -4332 16256 23620 3044 -13491 END
START 6100 -4520 15476 23834 2815 -13645 END
START 5696 -4508 14680 23994 2410 -13831 END
START 5352 -4540 13700 24222 1966 -13955 END
START 5192 -4428 12516 24396 1574 -14105 END
START 4868 -4272 11484 24452 1146 -14206 END
START 4872 -4160 10152 24430 786 -14398 END
START 4544 -3908 9168 24238 341 -14565 END
START 4472 -3736 8024 23923 39 -14761 END
START 4276 -3676 7000 23539 -295 -14977 END
START 3904 -3432 6524 23031 -711 -15157 END
START 3960 -3080 5276 22479 -975 -15379 END
START 3708 -3236 4636 21834 -1228 -15589 END
START 3564 -3192 4072 21234 -1343 -15831 END
START 3356 -3120 3572 20657 -1330 -16021 END
START 3196 -3012 2736 20070 -1251 -16193 END
START 2840 -2916 2240 19457 -1121 -16281 END
START 2588 -2868 1296 18855 -882 -16302 END
START 2448 -2688 568 18174 -655 -16293 END
START 1988 -2504 92 17452 -383 -16281 END
START 1800 -2232 -564 16714 -189 -16287 END
START 1544 -2104 -1000 15839 6 -16248 END
START 1300 -1864 -1340 14963 146 -16172 END
START 976 -1812 -1272 14075 239 -16086 END
START 812 -1824 -1104 13209 234 -15991 END
START 680 -1748 -1356 12395 173 -15854 END
START 488 -1692 -1004 11641 69 -15721 END
START 516 -1660 -856 11041 -77 -15562 END
START 508 -1636 -412 10514 -279 -15430 END
START 452 -1620 -296 10141 -485 -15293 END
START 628 -1600 -160 9810 -734 -15226 END
START 716 -1596 -64 9586 -987 -15254 END
START 848 -1596 -88 9387 -1184 -15290 END
START 1076 -1504 -96 9205 -1365 -15404 END
START 940 -1436 -392 9028 -1568 -15486 END
START 868 -1408 -480 8835 -1831 -15593 END
START 680 -1404 -416 8649 -2081 -15642 END
START 508 -1348 -824 8449 -2400 -15770 END
START 408 -1416 -1160 8232 -2710 -15838 END
START 332 -1376 -1492 7991 -3018 -15926 END
START 240 -1364 -1768 7716 -3230 -16002 END
START 124 -1352 -2012 7454 -3485 -16047 END
START 88 -1448 -2656 7210 -3673 -16076 END
START 112 -1428 -3056 6908 -3873 -16124 END
START 4 -1568 -3572 6538 -4022 -16107 END
START -188 -1596 -4104 6163 -4190 -16159 END
START -284 -1576 -4684 5743 -4330 -16163 END
START -456 -1460 -5688 5190 -4445 -16152 END
START -708 -1408 -6404 4595 -4596 -16124 END
START -948 -1536 -7112 3796 -4731 -16088 END
START -1088 -1580 -7812 2959 -4791 -16065 END
START -1424 -1472 -8760 1974 -4817 -15974 END
START -1956 -1596 -9348 863 -4867 -15831 END
START -2464 -1604 -9772 -222 -4972 -15551 END
START -3052 -1436 -10264 -1469 -5220 -15221 END
START -3528 -1408 -10828 -2790 -5408 -14817 END
START -4176 -1348 -11096 -4257 -5690 -14355 END
START -4660 -1396 -11336 -5731 -5934 -13885 END
START -4852 -1416 -11384 -7339 -6226 -13417 END
START -4940 -1488 -11436 -8944 -6437 -12871 END
START -5144 -1544 -10956 -10570 -6588 -12351 END
START -5204 -1640 -10476 -12071 -6635 -11831 END
START -5276 -1728 -9520 -13632 -6649 -11277 END
START -5264 -1980 -8676 -14807 -6559 -10727 END
START -5252 -1952 -7984 -16345 -6444 -10137 END
START -5004 -2112 -7084 -17505 -6214 -9612 END
START -4852 -2128 -6096 -18668 -5871 -9063 END
START -4824 -2260 -4968 -19658 -5623 -8572 END
START -4568 -2376 -4028 -20516 -5257 -8160 END
START -4332 -2388 -3308 -21335 -4839 -7730 END
START -4352 -2672 -2348 -22079 -4326 -7352 END
START -4540 -2772 -1656 -22647 -3814 -7003 END
START -4528 -2652 -1220 -23285 -3306 -6610 END
START -4784 -2528 -232 -23805 -2870 -6205 END
START -5064 -2572 352 -24315 -2422 -5756 END
START -5456 -2660 940 -24820 -2139 -5277 END
START -5664 -2744 1492 -25329 -1961 -4839 END
START -5704 -2712 2036 -25827 -1843 -4351 END
START -5872 -2564 2628 -26367 -1730 -3928 END
START -5920 -2444 3192 -26955 -1623 -3515 END
START -6172 -2152 3888 -27584 -1510 -3088 END
START -6440 -2128 4588 -28240 -1427 -2660 END
START -6512 -2068 5460 -28870 -1377 -2271 END
START -6672 -2044 6256 -29464 -1315 -1807 END
START -6980 -2160 7468 -30045 -1326 -1330 END
START -7112 -1996 8208 -30584 -1267 -833 END
START -7140 -2028 9312 -31031 -1241 -285 END
START -7084 -1976 10356 -31490 -1170 271 END
START -6916 -1932 11724 -31942 -1144 801 END
START -6888 -1964 12884 -32395 -1071 1298 END
START -6728 -2108 14300 -32768 -1017 1800 END
START -6764 -2156 15752 -32768 -831 2269 END
START -6768 -2224 17252 -32768 -717 2717 END
START -6668 -2508 18804 -32768 -508 3153 END
START -6396 -2588 20840 -32768 -345 3519 END
START -6116 -2724 22228 -32768 115 3871 END
START -5700 -2776 24204 -32768 631 4170 END
START -5336 -2956 25984 -32768 1272 4376 END
START -4732 -3160 27912 -32768 1833 4512 END
START -4364 -3436 29964 -32768 2560 4620 END
START -3940 -3752 32000 -32574 3156 4606 END
START -3680 -4188 32767 -31908 3593 4483 END
START -3244 -4536 32767 -30970 4033 4336 END
START -2908 -4736 32767 -29975 4188 4139 END
START -2828 -5100 32767 -28821 4093 3831 END
START -2908 -5436 32767 -27562 3652 3466 END
START -2932 -5656 32767 -26086 2842 3043 END
START -2700 -5872 32767 -24505 1731 2522 END
START -2784 -6040 32767 -22784 338 1923 END