START 8944 5596 -10596 9347 -2217 3679 END
START 11412 2352 -12444 9116 -3370 3203 END
START 6508 792 -12800 5044 -58 4482 END
START 60 852 -10936 -390 1092 5705 END
START 8436 816 -15424 -6211 2552 4995 END
START 7640 652 -12416 -10576 1492 3184 END
START 5632 -188 -9936 -12561 1127 1452 END
START 3748 -584 -10136 -14125 1587 967 END
START 2532 -968 -11112 -16620 2285 835 END
START 2120 -2060 -11444 -19900 2582 986 END
START 2060 -3260 -11292 -23589 2530 1243 END
START 2860 -4748 -11488 -28417 2269 1263 END
START 3040 -6772 -9068 -32768 1709 1000 END
START 1912 -8628 -5568 -32768 1246 1341 END
START 1688 -10616 -1928 -32768 995 2502 END
START 1532 -11440 2568 -32768 1383 3940 END
START 2532 -12240 7560 -32768 2568 5149 END
START 1956 -13208 16376 -32768 2261 5102 END
START 1292 -13284 28220 -32768 364 4958 END
START 3736 -12932 32767 -32768 1737 4398 END
START 3664 -12016 32767 -32768 3714 2348 END
START 436 -11652 32767 -32768 4825 1722 END
START -160 -10968 32767 -29929 4382 4166 END
START 2216 -9060 32767 -22544 4078 7453 END
START 8260 -6600 32767 -14268 5780 8891 END
START 8368 -4948 32767 -6262 7026 8779 END
START 9472 -4344 32767 759 8415 8130 END
START 7728 -3716 32767 6802 8691 7445 END
START 6528 -3568 32767 12611 4979 6593 END
START 7752 -4236 32767 18426 -1151 5538 END
START 9772 -4680 32767 23137 -6118 3962 END
START 11344 -5328 32767 27299 -9893 803 END
START 12908 -5572 28760 30606 -10352 -3306 END
START 11420 -6540 23620 32767 -7058 -7551 END
START 9328 -7344 18876 32767 -3646 -9966 END
START 7348 -7948 15212 32767 -1563 -11691 END
START 6648 -7996 11572 32767 -1003 -13715 END
START 5260 -8148 8760 32767 -143 -15334 END
START 3896 -8104 5572 32767 90 -15975 END
START 2748 -7352 2780 32767 1113 -15744 END
START 2352 -7576 816 31119 -744 -15158 END
START 1756 -6960 -1160 29872 -1944 -14453 END
START 1456 -6156 -2908 28192 -4507 -13866 END
START 2576 -5540 -5768 26685 -7313 -13743 END
START 2780 -3496 -9600 22220 -9137 -14850 END
START 1496 -2768 -11720 15701 -10255 -16543 END
START 3244 -1324 -13080 6448 -9701 -18451 END
START 1992 -2192 -12404 -838 -7398 -20216 END
START 920 -2352 -10660 -6881 -4627 -20749 END
START 228 -2548 -11788 -12739 -2288 -21812 END
START -1468 -2632 -14928 -20690 -2577 -22456 END
START -1188 -4116 -17172 -32768 -5606 -23633 END
START -3164 -7464 -13848 -32768 -8993 -24034 END
START -4176 -10204 -9448 -32768 -10355 -22778 END
START -4768 -13944 -4212 -32768 -7277 -21515 END
START -6156 -18236 2452 -32768 -1312 -19916 END
START -12836 -24328 14796 -32768 2018 -18482 END
START -18932 -26608 32767 -32768 3262 -12654 END
START -22964 -25736 32767 -32768 10734 -5563 END
START -27024 -22532 32767 -32768 6408 843 END