START 15596 5128 -8420 8968 6962 2573 END
START 10628 1384 -10136 9031 5082 -597 END
START 3696 -636 -10408 7646 6183 -2608 END
START -2768 544 -15264 502 6980 -1095 END
START -4948 368 -16416 -7310 6124 2241 END
START -2300 44 -14912 -13238 2570 5029 END
START 3896 -296 -15340 -18034 1778 6375 END
START 6632 -756 -13660 -22503 4588 6041 END
START 8608 -1652 -11856 -25920 6944 3969 END
START 8212 -3184 -10444 -28994 9171 -11 END
START 3732 -6288 -8768 -30904 8180 -2819 END
START -276 -8548 -7844 -32768 2345 -3423 END
START -1880 -10608 -5680 -32768 -2505 -2059 END
START -1784 -12856 -1888 -32768 -3369 1494 END
START 192 -14984 3712 -32768 -155 4748 END
START 2444 -15800 8768 -32768 4029 6862 END
START 4096 -16692 17264 -32768 6966 6861 END
START 1780 -15908 25796 -32768 6837 7427 END
START 2244 -15732 32767 -32768 4286 9095 END
START 9236 -14788 32767 -32768 1688 10255 END
START 15396 -10780 32767 -32768 4652 5754 END
START 12236 -8724 32767 -30199 5192 -270 END
START 2600 -7552 32767 -19960 -1917 -1976 END
START -304 -6684 32767 -12028 -8762 1976 END
START 2620 -6084 32767 -5978 -5700 8171 END
START 6328 -5652 32767 364 -696 12372 END
START 11060 -4504 32767 8263 -390 12975 END
START 16536 -3496 32767 15959 -2806 9602 END
START 16788 -3728 32767 21655 -4865 5363 END
START 17204 -4668 32767 26036 -6497 833 END
START 15928 -5204 32432 29731 -6790 -4083 END
START 12136 -6708 25516 32451 -6383 -8254 END
START 9664 -7616 18288 32767 -5814 -11067 END
START 8724 -7908 12824 32767 -6399 -14032 END
START 8920 -8000 8896 32767 -6439 -17251 END
START 7384 -7896 6148 32767 -5952 -20425 END
START 5636 -7940 3132 32446 -5361 -23078 END
START 3272 -7940 896 30450 -5956 -22781 END
START 2168 -6956 -304 28345 -7098 -21034 END
START 3624 -6124 -1276 26416 -8421 -19340 END
START 6868 -4536 -2824 23956 -6369 -19223 END
START 9944 -3532 -5328 19587 263 -21477 END
START 10668 -2888 -8412 14292 6497 -25257 END
START 7528 -3368 -10424 8185 9288 -29109 END
START 2540 -3920 -10120 3915 6402 -30878 END
START -1432 -4740 -10108 361 909 -30442 END
START -3700 -4452 -9852 -2506 -5724 -28581 END
START -2960 -3632 -10564 -6361 -11653 -26880 END
START -252 -3292 -12004 -12530 -11719 -26524 END
START -124 -4252 -14164 -20897 -8104 -26321 END
START -3108 -5944 -13108 -29361 -6674 -24653 END
START -5256 -7132 -10868 -32768 -9212 -22109 END
START -4696 -8900 -9940 -32768 -11308 -19119 END
START -5936 -12284 -7272 -32768 -13128 -15634 END
START -5620 -15252 -3436 -32768 -10100 -11219 END
START -9876 -21816 6884 -32768 -4642 -7334 END
START -16528 -27856 27516 -32768 -6614 -2404 END
START -13136 -30712 32767 -32768 -8525 2947 END
START -10736 -28252 32767 -32768 1821 4807 END