START 11996 4924 -10740 9370 -2144 5733 END
START 10756 4460 -13680 3259 -8616 4919 END
START 10260 2812 -5848 -1174 -7688 3269 END
START 7564 2776 -180 -2390 -910 2658 END
START 2648 1024 1200 -1604 1298 1224 END
START 1712 -60 -3020 -1538 -2348 70 END
START 4300 -240 -7092 -2820 -5976 -682 END
START 3324 -1280 -7744 -5358 -5759 -1303 END
START 3024 -1740 -9560 -9242 -5374 -1178 END
START 2252 -2184 -9840 -12793 -2794 -296 END
START 2624 -1876 -11244 -17108 212 15 END
START 2120 -2460 -11508 -21230 2068 -286 END
START 2184 -3068 -10432 -25139 2013 -1384 END
START 900 -3920 -9552 -28748 936 -2815 END
START -756 -5796 -7032 -32312 -2073 -3255 END
START -916 -6424 -2048 -32768 -3107 -2682 END
START -684 -7680 4968 -32768 -1558 -1678 END
START -360 -8800 13132 -32768 152 -1523 END
START 220 -11328 25092 -32768 2437 -2662 END
START -2932 -12400 32767 -32768 2951 -3906 END
START -6644 -12832 32767 -32768 2418 -2624 END
START -7992 -11256 32767 -27004 1762 301 END
START -5548 -9272 32767 -20705 2567 2512 END
START -3400 -7652 32767 -13622 1545 3091 END
START -1868 -5204 32767 -5950 -195 2140 END
START -3068 -2904 32767 1196 -3140 1910 END
START -2820 -2692 32767 7730 -4656 3404 END
START 1060 -2080 32767 12554 -3736 4826 END
START 4492 -2716 32767 16538 -2113 4454 END
START 4344 -3952 32767 21294 -1458 2940 END
START 4648 -4908 32767 25865 -896 1493 END
START 3944 -5900 29748 28624 -1329 150 END
START 3636 -6144 24176 30603 -2970 -536 END
START 4072 -6140 20216 31645 -2992 -971 END
START 4416 -5840 16824 32707 -2910 -1139 END
START 7424 -4944 12552 32767 -1680 -2435 END
START 9780 -3448 8000 31496 1782 -5624 END
START 8484 -2892 2792 29095 2041 -8637 END
START 8196 -2056 -608 25817 -246 -11789 END
START 7276 -1396 -3700 22103 -2029 -14680 END
START 6012 -1112 -5268 17321 -1943 -16775 END
START 5168 -864 -6608 12722 -180 -18235 END
START 3392 -1152 -7488 8763 1620 -19029 END
START 1216 -1700 -8432 5134 1387 -18803 END
START 1356 -1896 -9416 1245 -377 -18480 END
START 1920 -2124 -10460 -3394 -2105 -19424 END
START 1480 -3172 -10124 -8974 -2570 -20115 END
START 352 -4308 -9532 -14955 -1694 -20369 END
START -900 -5684 -8468 -20029 -378 -19736 END
START -2468 -6720 -8648 -25265 841 -18522 END
START -4308 -7792 -6916 -31754 1485 -17462 END
START -5608 -9532 -2892 -32768 2749 -16247 END
START -6604 -10776 2440 -32768 4188 -15865 END
START -8940 -12712 11532 -32768 6453 -16710 END
START -14680 -14192 22928 -32768 8177 -16718 END
START -20924 -15396 32767 -32768 7352 -15097 END