START 22920 11556 -24368 3267 -11470 1894 END
START 9184 1436 -16516 -3232 -9071 -1213 END
START 8656 572 -15648 -7422 1905 -2024 END
START 5228 -672 -16156 -11711 8989 -673 END
START 2404 -1996 -15096 -14779 9084 373 END
START 2024 -2756 -14820 -17269 6988 926 END
START 3680 -3548 -15152 -20983 4206 222 END
START 4324 -5012 -14644 -25921 3182 -1117 END
START 4320 -6972 -12184 -31458 4550 -3097 END
START 2472 -9744 -10104 -32768 7271 -4206 END
START -644 -12856 -7592 -32768 7829 -3719 END
START -1832 -15596 -3652 -32768 6016 -2095 END
START -2892 -17888 3052 -32768 3545 309 END
START -3388 -18884 11476 -32768 2547 3597 END
START 1444 -18684 22448 -32768 1415 6960 END
START 7792 -15236 30308 -32768 7044 6273 END
START 4116 -13168 32767 -32768 10809 3011 END
START 984 -13212 32767 -32768 6208 1354 END
START -2280 -14676 32767 -32768 -2578 145 END
START -3692 -16276 32767 -32768 -7787 966 END
START -4248 -14620 32767 -24689 -6727 3850 END
START -2724 -11788 32767 -14279 -3017 7763 END
START 448 -7532 32767 -6279 -619 10915 END
START 4592 -4420 32767 1405 -2626 12256 END
START 11344 -1568 32767 9346 -5486 10689 END
START 15600 -1136 32767 16875 -7573 6327 END
START 17048 -2104 32767 21998 -6298 310 END
START 11960 -4192 32767 26162 -5214 -4213 END
START 8064 -6480 32767 29893 -3625 -7354 END
START 3804 -7984 28972 32767 -2491 -8592 END
START 2492 -8816 23480 32767 -2256 -8758 END
START 1412 -9252 17924 32767 -2281 -9105 END
START 1392 -9284 13540 32767 -3185 -9227 END
START 2984 -8656 9836 32767 -4090 -10083 END
START 4716 -7376 6160 32767 -4290 -11938 END
START 4460 -7124 2468 32767 -4026 -13242 END
START 4392 -5984 -1468 32767 -5776 -13740 END
START 6216 -4644 -5544 32767 -8207 -13767 END
START 7888 -3044 -10616 28075 -10107 -14779 END
START 8680 -888 -17132 19794 -12251 -16986 END
START 7272 44 -18404 9293 -13596 -20236 END
START 2408 -2076 -14220 2112 -14429 -21074 END
START -2820 -3116 -11512 -1153 -16187 -18660 END
START -5244 -3208 -12184 -4683 -17138 -14108 END
START -5892 -3796 -14776 -11043 -15452 -8774 END
START -6660 -5648 -16408 -20271 -11938 -2447 END
START -6764 -7604 -15596 -30124 -9337 3032 END
START -4768 -10840 -12464 -32768 -6656 6795 END
START -2328 -14500 -7944 -32768 -1370 9234 END
START -2448 -18028 -3308 -32768 4517 10215 END
START -1608 -20720 1792 -32768 12478 9423 END
START -5044 -22952 6184 -32768 18315 7599 END
START -9236 -24220 14532 -32768 13829 6465 END
START -8784 -22812 25068 -32768 7778 5075 END
START -7624 -21256 32767 -32768 10718 3291 END
START -9448 -19764 32767 -32768 15342 2949 END