START 32767 11712 -29344 3963 13467 3532 END
START 27784 7012 -20112 2205 2408 1519 END
START 944 5052 -1860 1231 -3381 1677 END
START 1048 5424 -3260 -1832 -3676 1696 END
START 3092 5288 -4204 -6457 -4930 -327 END
START 2556 5008 -4792 -11197 -3622 -1671 END
START 804 3760 -4272 -15733 -1879 -2959 END
START -888 2348 -4460 -18944 -752 -2652 END
START -1736 952 -5036 -22073 -671 -2101 END
START -1588 -248 -4164 -25136 -2762 -1168 END
START -1140 -1428 -1908 -27919 -4565 -932 END
START -1636 -2384 452 -31497 -3377 -575 END
START -1128 -3060 1940 -32768 -1547 -190 END
START -472 -3352 4188 -32768 -2782 -258 END
START 420 -4508 8920 -32768 -3246 -320 END
START 4060 -5140 12044 -32768 -113 -352 END
START 4524 -5788 16976 -32768 2955 -1520 END
START 2508 -6324 22024 -32768 4314 -3795 END
START -3188 -6912 27860 -32768 3167 -4367 END
START -6752 -7344 32767 -32768 2673 -3054 END
START -6764 -7344 32767 -30994 4458 -1092 END
START -6876 -6728 32767 -25552 5352 917 END
START -4680 -4964 32767 -21695 4907 1149 END
START -4512 -4044 32767 -18557 4395 1116 END
START -4664 -3504 32767 -14469 3744 1197 END
START -4368 -3036 32767 -9968 2676 1576 END
START -3248 -2524 32767 -5655 1575 2363 END
START -3264 -2500 32767 -1280 314 2660 END
START -2820 -2608 32767 3189 -784 3364 END
START -2052 -2936 32767 7658 -571 3910 END
START -1828 -3516 32767 12070 -1016 4646 END
START -1036 -3700 32767 16285 -1564 5387 END
START 340 -3888 32767 20547 -1467 5556 END
START 1768 -4092 29588 24193 -1390 4590 END
START 2500 -4252 25300 26770 -1768 2875 END
START 2644 -4388 21996 28232 -2036 1462 END
START 3224 -4008 18236 28734 -1608 -265 END
START 3048 -4004 14828 28116 103 -1657 END
START 3000 -3868 11696 26506 2422 -2306 END
START 3536 -3396 9908 24825 3579 -3473 END
START 3128 -2888 8120 23688 3501 -4910 END
START 3276 -2168 5384 22403 1518 -6496 END
START 4512 -956 2868 20280 -488 -9004 END
START 3992 -100 1468 17237 -486 -11009 END
START 3112 504 436 13914 942 -12273 END
START 1812 996 -492 10693 2608 -12446 END
START 1200 1408 -1124 7429 3982 -12321 END
START 580 1632 -1364 4546 3112 -12690 END
START 416 1748 -1408 2323 1236 -13423 END
START 364 1724 -2532 -52 -571 -14605 END
START -1300 1840 -4340 -3805 -1144 -15000 END
START -2684 1652 -4092 -9112 -1038 -14522 END
START -3236 892 -2644 -14203 -665 -13900 END
START -3496 -204 -1068 -18707 -131 -13046 END
START -2600 -1548 1912 -22253 623 -12957 END
START -3916 -2504 4520 -24380 977 -13690 END
START -5748 -3492 6320 -26066 160 -13610 END
START -7352 -4496 8508 -27888 -749 -12612 END
START -8144 -5616 12168 -29388 -763 -10898 END
START -8068 -6440 16572 -29985 1012 -9841 END
START -9164 -7116 20740 -29035 1838 -9466 END
START -11744 -7564 25160 -26875 1007 -9278 END
START -13856 -8180 28792 -23026 -669 -8014 END
START -16308 -8076 32767 -18320 -1738 -5154 END
START -16040 -7560 32767 -12571 -1676 -1395 END
START -12932 -6828 32767 -6390 66 2143 END
START -11664 -5792 32767 -1648 -217 4041 END