START 14152 9684 -20652 4249 10283 5127 END
START 11588 -128 -16404 -582 6449 5714 END
START 10732 -124 -14524 -3804 3858 3245 END
START 6304 -980 -12468 -6163 1518 2397 END
START 1052 -828 -9532 -7104 731 3188 END
START 3576 -280 -12764 -9561 3047 3556 END
START 5372 -360 -15612 -14108 5938 3063 END
START 4660 -1248 -16352 -19035 6883 2442 END
START 5492 -1996 -17180 -24612 6054 1493 END
START 6276 -3664 -15800 -31033 6430 -881 END
START 4864 -6264 -13676 -32768 8176 -3599 END
START 2400 -9760 -10320 -32768 8248 -5976 END
START -3068 -12848 -8712 -32768 6439 -6034 END
START -5184 -16000 -2556 -32768 2652 -1758 END
START -2804 -17680 8508 -32768 1561 2373 END
START -1000 -17796 25856 -32768 3584 4066 END
START 4872 -15648 32767 -32768 3789 2501 END
START 3868 -11664 32767 -32768 5104 -2305 END
START 192 -10292 32767 -32768 2517 -4741 END
START -3152 -10240 32767 -30828 -565 -4819 END
START -3500 -10092 32767 -25257 1084 -1167 END
START -616 -7464 32767 -16566 5199 2007 END
START 2300 -4640 32767 -9661 9272 2477 END
START 3524 -4552 32767 -3302 7335 1650 END
START 2388 -5528 32767 4448 496 -1018 END
START 1464 -7176 32767 13446 -6228 -1932 END
START 1408 -8504 32767 21850 -10245 -1464 END
START 3376 -8856 32767 28217 -10024 -233 END
START 4828 -9180 32767 32706 -7560 350 END
START 6620 -10004 30380 32767 -6777 245 END
START 8844 -10060 23520 32767 -6616 -1332 END
START 9152 -9868 17660 32767 -7502 -4051 END
START 8340 -10084 12884 32767 -9189 -6737 END
START 6812 -9588 7892 32767 -10426 -9062 END
START 5640 -8800 3576 32767 -10763 -10943 END
START 5060 -7444 -792 32767 -8669 -12375 END
START 4016 -6316 -3592 30545 -4959 -13078 END
START 3792 -4972 -6180 26615 -2035 -13611 END
START 4496 -3444 -9900 21490 493 -14613 END
START 3848 -2028 -14476 14948 1072 -15835 END
START 3972 -1704 -16684 6419 -2173 -17282 END
START 2872 -2428 -13752 1031 -7580 -19125 END
START 2472 -3036 -13220 -2477 -10763 -20440 END
START 1812 -3580 -15456 -7632 -11127 -20806 END
START 264 -3972 -16680 -15175 -9903 -19405 END
START 352 -4948 -16692 -23382 -5199 -17743 END
START -444 -6412 -15460 -31824 -715 -15893 END
START -2984 -9012 -14156 -32768 1629 -14230 END
START -5396 -11880 -11956 -32768 -292 -11939 END
START -6760 -14096 -8196 -32768 -2344 -8275 END
START -6128 -16284 -6408 -32768 -389 -5882 END
START -7080 -19260 -1684 -32768 2374 -4203 END
START -8716 -22036 10640 -32768 5915 -2989 END
START -12044 -25320 28476 -32768 4843 -1513 END