START 18012 5584 -7560 5376 1676 -6 END
START -13196 4796 5932 2538 -4948 -539 END
START -8544 3380 764 -1329 -2294 315 END
START 2244 1444 -4560 -5435 32 185 END
START -1496 520 -1460 -7707 -1169 161 END
START -1004 -160 -2120 -9425 -961 -372 END
START -80 -1500 -4140 -11342 -777 -597 END
START 84 -1960 -6476 -14207 -651 15 END
START 860 -1968 -8296 -18128 -1035 145 END
START 1536 -2064 -7400 -22627 -1356 -406 END
START 2424 -2120 -5808 -27074 -724 -1435 END
START 2548 -2332 -3532 -30547 -55 -2840 END
START 2816 -3068 -748 -32768 99 -4797 END
START 2412 -4904 3408 -32768 847 -6453 END
START 1388 -5076 7576 -32768 597 -7715 END
START -56 -5828 14720 -32768 882 -9154 END
START -3772 -6780 24168 -32768 1766 -9731 END
START -5912 -6740 32767 -32768 2587 -9010 END
START -9452 -6416 32767 -32642 2765 -8235 END
START -12392 -4960 32767 -26478 400 -5790 END
START -12608 -3708 32767 -20256 -2567 -2746 END
START -10544 -2072 32767 -14952 -1153 425 END
START -10232 -1388 32767 -9429 2196 3090 END
START -10716 -2044 32767 -2903 2796 6104 END
START -10016 -880 32767 4079 1313 8759 END
START -8508 -280 32767 9562 -1722 10278 END
START -4764 4 32767 15231 -3798 11252 END
START 72 100 32767 19761 -3553 10128 END
START 2368 92 32767 22618 -2571 8265 END
START 3236 -96 28684 24377 -1718 6407 END
START 4464 -368 24372 26098 -1117 4521 END
START 4652 -876 20848 27842 -1449 2509 END
START 6652 -520 15868 28763 -1325 134 END
START 6696 -436 11316 28483 -855 -2591 END
START 6956 -180 7124 27159 -427 -5294 END
START 6536 -20 3184 25117 56 -7952 END
START 5484 -192 456 22646 412 -9956 END
START 2836 -700 -1412 20042 374 -10878 END
START 1396 -584 -2828 17451 -1124 -11000 END
START 2044 -692 -4304 14470 -2912 -11737 END
START 3156 -468 -5624 10811 -4543 -13335 END
START 3204 -560 -5816 6489 -4459 -15806 END
START 1248 -1116 -5660 2159 -2632 -17160 END
START -928 -1832 -6440 -2190 -1139 -17104 END
START -4020 -2580 -6020 -6734 -1859 -14866 END
START -3364 -2588 -5952 -11316 -3140 -12972 END
START -1372 -3080 -5708 -16974 -3061 -11935 END
START 800 -3860 -5044 -23150 -1571 -13006 END
START -792 -6232 -3012 -28607 165 -14539 END
START -3760 -7568 -68 -32579 317 -14482 END
START -5776 -9160 1848 -32768 -362 -13967 END
START -7516 -10344 5260 -32768 -1025 -13129 END
START -9796 -12060 10720 -32768 122 -11419 END
START -11952 -14140 18900 -32768 3852 -9011 END
START -16272 -16096 27008 -32768 6778 -6057 END