START 4952 3460 -11124 14433 2651 52 END
START 6068 -660 -21288 14471 3186 85 END
START 8400 7096 -14256 11425 2657 -2 END
START 1688 3600 -10992 11141 3578 -79 END
START 4612 4636 -14060 9425 3241 0 END
START 2228 4116 -12068 7978 2712 -21 END
START 2576 4144 -12580 6620 2345 -26 END
START 3320 3964 -14068 5213 2608 -18 END
START 3648 3740 -14044 3910 2587 -35 END
START 2204 3304 -11888 2723 3014 -37 END
START 3468 3320 -13264 1554 3032 23 END
START 2088 2928 -11428 479 3074 54 END
START 3264 2880 -12172 -507 3349 151 END
START 2492 2620 -10880 -1376 3230 212 END
START 2976 2284 -11172 -2167 3456 316 END
START 2624 2084 -10516 -2812 3440 438 END
START 2680 1976 -10352 -3446 3382 522 END
START 3020 1976 -10300 -4103 3385 567 END
START 3168 1860 -10100 -4725 3217 548 END
START 2884 1768 -9436 -5257 3161 533 END
START 3160 1592 -9664 -5812 2879 457 END
START 2656 1416 -9092 -6311 2583 453 END
START 2856 1188 -9080 -6762 2272 429 END
START 2612 1028 -8708 -7122 1815 410 END
START 2872 904 -8988 -7575 1473 372 END
START 2816 852 -8568 -7973 1026 391 END
START 2928 704 -8520 -8388 690 387 END
START 2904 576 -8244 -8749 391 465 END
START 3092 484 -8204 -9163 110 495 END
START 2848 424 -7932 -9526 -59 543 END
START 2768 456 -7808 -9887 -262 579 END
START 2496 396 -7480 -10197 -412 663 END
START 2356 380 -7532 -10559 -537 752 END
START 2368 260 -7504 -10897 -756 908 END
START 1864 236 -7244 -11221 -929 1042 END
START 1688 36 -7376 -11556 -1219 1256 END
START 1296 -84 -7488 -11897 -1561 1434 END
START 952 -292 -7504 -12258 -2006 1727 END
START 584 -344 -7688 -12610 -2521 2030 END
START 140 -444 -8028 -13042 -3088 2372 END
START -36 -488 -8340 -13528 -3660 2824 END
START -112 -236 -8596 -14146 -4172 3209 END
START -112 -160 -8548 -15009 -4616 3685 END
START -84 -4 -8680 -15665 -4962 4125 END
START 368 -168 -8576 -16528 -5098 4585 END
START 872 -144 -8444 -17445 -5034 5033 END
START 1296 -288 -8320 -18319 -4767 5438 END
START 2056 -524 -8108 -19236 -4242 5840 END
START 2492 -636 -7872 -20111 -3628 6159 END
START 3028 -736 -7576 -21072 -2870 6441 END
START 3172 -968 -7332 -21990 -2098 6662 END
START 3080 -1108 -6760 -22944 -1439 6845 END
START 3128 -1128 -6268 -23829 -782 7041 END
START 3036 -1368 -5908 -24714 -213 7188 END
START 3072 -1644 -5384 -25531 256 7304 END
START 3148 -1860 -4716 -26327 619 7464 END
START 3220 -2128 -4324 -27066 864 7526 END
START 3276 -2296 -3476 -27739 1028 7572 END
START 3256 -2440 -3024 -28365 1045 7574 END
START 3324 -2660 -2428 -28978 932 7534 END
START 3124 -2900 -1728 -29540 665 7488 END
START 2952 -2808 -840 -30069 267 7472 END
START 2732 -2956 -128 -30536 -156 7485 END
START 2616 -3068 568 -31009 -569 7587 END
START 2624 -3136 1284 -31504 -957 7729 END
START 2724 -3212 1816 -32007 -1282 7882 END
START 2836 -3320 2660 -32586 -1542 8061 END
START 2952 -3348 3468 -32768 -1718 8256 END
START 3040 -3416 4412 -32768 -1825 8388 END
START 3088 -3484 5520 -32768 -1842 8496 END
START 3264 -3412 6472 -32768 -1792 8640 END
START 3272 -3404 7460 -32768 -1665 8713 END
START 3412 -3368 8324 -32768 -1477 8790 END
START 3512 -3636 9336 -32768 -1198 8805 END
START 3812 -3804 10152 -32768 -918 8731 END
START 3888 -3884 11000 -32768 -630 8602 END
START 3776 -3824 11724 -32768 -280 8393 END
START 3500 -3744 12636 -32768 62 8162 END
START 3048 -3660 13484 -32768 253 7886 END
START 2688 -3600 14288 -32768 446 7582 END
START 2532 -3584 14948 -32768 644 7292 END
START 2232 -3656 15740 -32768 803 7019 END
START 1972 -3764 16316 -32768 918 6752 END
START 1768 -3760 17376 -32768 931 6633 END
START 1572 -3808 18048 -32768 1101 6594 END
START 1660 -3532 18940 -32768 1333 6650 END
START 2104 -3312 19840 -32768 1722 6798 END
START 2260 -3172 20956 -32768 2387 6870 END
START 2968 -2944 21904 -32768 3210 6915 END
START 3140 -2960 23296 -32768 4271 6910 END
START 3720 -2952 24636 -32768 5455 6759 END
START 3384 -3060 26264 -32768 6556 6543 END
START 3184 -3152 27820 -32768 7512 6268 END
START 2816 -3336 29132 -32768 8344 5958 END
START 2112 -3352 30536 -32768 8924 5690 END
START 1556 -3380 31720 -32768 9369 5471 END
START 596 -3368 32767 -32768 9466 5314 END
START -248 -3556 32767 -32768 9350 5272 END
START -900 -3428 32767 -32768 9048 5332 END
START -1272 -3416 32767 -32768 8609 5420 END
START -1616 -3520 32767 -32768 8085 5663 END
START -1596 -3564 32767 -32551 7665 5934 END
START -1364 -3600 32767 -31904 7358 6289 END
START -1012 -3632 32767 -31258 7127 6738 END
START -612 -3652 32767 -30559 6962 7260 END
START 236 -3600 32767 -29798 6957 7796 END
START 1008 -3608 32767 -28908 7029 8367 END
START 2224 -3616 32767 -27863 7211 8947 END
START 3732 -3292 32767 -26616 7581 9413 END
START 5320 -2920 32767 -25291 8089 9785 END
START 6768 -2584 32767 -23775 8674 10020 END
START 8136 -2440 32767 -22092 9248 10031 END
START 9292 -2016 32767 -20179 9658 9934 END
START 9888 -1508 32767 -18331 9844 9660 END
START 10492 -1044 32767 -16358 9566 9240 END
START 10732 -608 32767 -14533 8997 8768 END
START 11184 -280 32767 -12452 8200 8239 END
START 11436 36 32767 -10567 7161 7652 END
START 11740 584 32767 -8746 6003 7094 END
START 12148 920 32767 -7167 4841 6545 END
START 12512 1264 32767 -5546 3641 5914 END
START 12924 1292 32767 -4033 2500 5309 END
START 13340 1744 32767 -2546 1308 4693 END
START 13856 1928 32767 -1219 308 4075 END
START 14312 2100 32767 2 -457 3422 END
START 14708 2288 32767 1046 -952 2810 END
START 15308 2372 32767 2073 -1191 2246 END
START 15764 2456 32767 3027 -1168 1659 END
START 16100 2316 32767 3875 -927 1085 END
START 16208 2452 32767 4656 -549 614 END
START 16036 2564 32767 5397 -113 110 END
START 16076 2728 32767 6077 450 -305 END
START 16036 2696 32767 6689 1014 -718 END
START 15824 2740 32767 7314 1593 -1148 END
START 15576 2764 32767 7853 2138 -1493 END
START 15328 2724 32767 8332 2622 -1833 END
START 15036 2560 32767 8779 2961 -2196 END
START 14640 2524 32767 9238 3228 -2502 END
START 14192 2312 32767 9675 3329 -2804 END
START 13896 2140 32767 10194 3321 -3051 END
START 13464 1824 32767 10816 3103 -3265 END
START 13156 1512 32767 11445 2736 -3460 END
START 12940 1376 32767 12092 2304 -3620 END
START 12940 1360 32767 12739 1830 -3826 END
START 12940 1260 32767 13308 1332 -4160 END
START 13304 1120 32767 13783 941 -4492 END
START 13364 956 32520 14248 576 -4993 END
START 13624 796 31684 14678 278 -5481 END
START 13840 636 31204 15166 33 -6071 END
START 13744 320 30528 15674 -140 -6640 END
START 13564 -32 29924 16212 -384 -7272 END
START 13460 -252 29304 16784 -538 -7897 END
START 13320 -396 28172 17333 -683 -8476 END
START 12920 -648 27536 17916 -844 -9076 END
START 12616 -780 26816 18428 -959 -9638 END
START 12168 -820 25668 18914 -1098 -10188 END
START 11856 -920 24796 19345 -1229 -10750 END
START 11328 -1168 23672 19727 -1369 -11275 END
START 11004 -1316 22584 20088 -1439 -11747 END
START 10508 -1360 21480 20352 -1507 -12158 END
START 10068 -1488 20340 20601 -1538 -12545 END
START 9780 -1600 19108 20727 -1506 -12858 END
START 9448 -1556 18112 20726 -1359 -13167 END
START 9156 -1588 16840 20665 -1205 -13406 END
START 8868 -1624 15736 20540 -1023 -13624 END
START 8508 -1520 14608 20349 -796 -13860 END
START 8344 -1612 13836 20075 -568 -14083 END
START 8036 -1504 13036 19812 -282 -14306 END
START 7756 -1748 11924 19556 -31 -14532 END
START 7576 -1900 11512 19320 205 -14750 END
START 6980 -2112 11024 19194 271 -14926 END
START 6564 -2136 10172 19038 194 -15030 END
START 5988 -2140 9068 18928 82 -15109 END
START 5784 -2048 8476 18732 -155 -15224 END
START 5344 -1996 7604 18495 -510 -15259 END
START 4916 -2016 7128 18206 -911 -15367 END
START 4584 -1868 6180 17863 -1443 -15428 END
START 4172 -1936 5664 17501 -1990 -15507 END
START 3884 -1964 5180 17079 -2533 -15581 END
START 3680 -1988 4612 16643 -3005 -15660 END
START 3692 -1832 4104 16193 -3441 -15715 END
START 3624 -1800 3572 15778 -3781 -15796 END
START 3692 -1868 2904 15296 -3901 -15874 END
START 3716 -1616 2576 14910 -3981 -15996 END
START 3664 -1696 2056 14423 -3862 -16118 END
START 3836 -1696 1296 13998 -3575 -16300 END
START 3896 -1528 1020 13512 -3196 -16430 END
START 3764 -1560 384 13001 -2713 -16609 END
START 3604 -1464 108 12481 -2273 -16757 END
START 3368 -1544 -440 11902 -1939 -16931 END
START 2992 -1668 -836 11335 -1664 -17052 END
START 2496 -1744 -1084 10769 -1514 -17168 END
START 2036 -1668 -1384 10206 -1511 -17218 END
START 1596 -1840 -1628 9666 -1594 -17228 END
START 1072 -1900 -1788 9171 -1789 -17181 END
START 588 -1880 -2104 8735 -2035 -17088 END
START 228 -1932 -2400 8276 -2317 -16955 END
START 156 -1964 -2580 7850 -2659 -16808 END
START -64 -1940 -3004 7426 -2869 -16678 END
START -216 -1888 -3260 6974 -3058 -16523 END
START -312 -1800 -3484 6542 -3334 -16381 END
START -584 -1992 -3896 6105 -3641 -16221 END
START -776 -1920 -4152 5692 -3965 -16005 END
START -904 -1860 -4592 5257 -4229 -15828 END
START -980 -1912 -5004 4753 -4486 -15675 END
START -1120 -1640 -5412 4171 -4736 -15521 END
START -1176 -1540 -5892 3513 -4948 -15329 END
START -1424 -1432 -6280 2808 -5135 -15111 END
START -1492 -1316 -6548 2082 -5435 -14935 END
START -1468 -1228 -6688 1301 -5834 -14714 END
START -1184 -1160 -6800 497 -6207 -14568 END
START -892 -1116 -7084 -275 -6464 -14463 END
START -612 -960 -7232 -1121 -6646 -14339 END
START -476 -908 -7148 -1984 -6717 -14276 END
START -400 -852 -7100 -2774 -6760 -14112 END
START -704 -1180 -7096 -3668 -6865 -13835 END
START -1016 -1184 -6876 -4460 -6977 -13529 END
START -1508 -660 -7060 -5283 -7017 -13172 END
START -1680 -504 -7140 -6141 -7011 -12794 END
START -1724 -180 -7108 -7019 -6711 -12507 END
START -1532 -112 -7092 -7868 -6367 -12216 END
START -1608 -92 -7072 -8711 -5989 -11892 END
START -1664 -252 -6876 -9612 -5568 -11521 END
START -1960 -172 -6744 -10453 -5261 -11192 END
START -2196 -200 -6340 -11415 -4907 -10815 END
START -2496 4 -6000 -12333 -4658 -10459 END
START -2788 -24 -5904 -13245 -4343 -10106 END
START -2736 -36 -5652 -14304 -4089 -9784 END
START -3204 0 -4952 -15148 -3916 -9406 END
START -3480 -56 -4552 -16017 -3804 -9040 END
START -3776 52 -3868 -16833 -3796 -8685 END
START -3960 224 -3324 -17646 -3782 -8283 END
START -4224 208 -2888 -18464 -3825 -7899 END
START -4396 280 -2264 -19256 -3890 -7493 END
START -4484 212 -1528 -20062 -4005 -7132 END
START -4732 264 -1068 -20934 -4095 -6783 END
START -4724 300 -412 -21778 -4112 -6436 END
START -4904 364 412 -22768 -4105 -6107 END
START -4944 420 1284 -23668 -3994 -5810 END
START -5312 476 2476 -24645 -3819 -5450 END
START -5556 476 3776 -25533 -3550 -5157 END
START -5832 364 5248 -26382 -3284 -4851 END
START -6156 344 6804 -27190 -2981 -4511 END
START -6332 236 8188 -27958 -2612 -4170 END
START -6592 104 9880 -28587 -2253 -3859 END
START -6924 -196 11884 -29232 -1876 -3518 END
START -7052 -512 13636 -29758 -1505 -3160 END
START -7060 -852 15564 -30271 -1190 -2852 END
START -6916 -1268 17444 -30641 -681 -2550 END
START -6832 -1652 19416 -30978 -130 -2278 END
START -7072 -2124 22100 -31174 437 -1980 END
START -7168 -2512 24128 -31198 1046 -1698 END
START -7088 -2964 26248 -31035 1646 -1455 END
START -7140 -3212 28180 -30675 2201 -1237 END
START -7188 -3516 30092 -30228 2736 -1024 END
START -7260 -3816 32136 -29665 3196 -831 END
START -7364 -4048 32767 -29067 3369 -704 END
START -7748 -4404 32767 -28279 3361 -522 END
START -7884 -4524 32767 -27363 3153 -353 END
START -8512 -4892 32767 -26280 2603 -153 END
START -8580 -5256 32767 -25086 1833 19 END
START -8788 -5384 32767 -23733 919 181 END
START -8608 -5464 32767 -22171 -4 308 END
START -8540 -5704 32767 -20473 -950 502 END
START -8572 -5568 32767 -18660 -1951 613 END
START -8392 -5616 32767 -16747 -2962 757 END
START -8344 -5428 32767 -14871 -3856 906 END
START -8056 -5260 32767 -12873 -4606 1076 END
START -7880 -4976 32767 -10976 -5166 1205 END
START -7964 -4452 32767 -9096 -5643 1491 END
START -7640 -3936 32767 -7367 -6000 1851 END
START -7440 -3652 32767 -5685 -6139 2291 END