START 13868 17780 -8840 3226 5701 3488 END
START 7580 2348 -14408 -4577 -1150 259 END
START 3156 1508 -9904 -10486 -9060 -1541 END
START 3628 -2092 -2104 -15706 -6472 -1679 END
START 3016 -4208 -1040 -17360 -1447 -705 END
START 592 -3864 -2372 -19049 3094 2146 END
START 2480 -5336 -5220 -22216 5957 3580 END
START -828 -4824 -4488 -26585 4182 5002 END
START -524 -4928 -3088 -30081 2212 5271 END
START -528 -4864 4 -32768 1895 4839 END
START 896 -6812 4416 -32768 4355 4643 END
START -416 -5356 7544 -32768 5279 6251 END
START 192 -3816 11308 -32768 5895 7193 END
START 2232 -3040 17716 -32768 6133 7474 END
START 3176 -1160 25212 -32768 6036 6316 END
START 1356 1060 32767 -32768 3418 5254 END
START 3560 248 32767 -29935 -1678 4345 END
START 5908 872 32767 -23421 -3645 2675 END
START 4648 2780 32767 -17952 -1228 2197 END
START 2900 4272 32767 -13776 895 3416 END
START 4692 4108 32767 -9409 1682 4578 END
START 9128 3048 32767 -3288 3256 3653 END
START 10200 1576 32767 3356 3787 1116 END
START 9440 -424 32767 9737 1890 -1217 END
START 6896 -2576 32767 15501 139 -2064 END
START 5920 -3704 32767 21099 -2502 -998 END
START 9128 -4044 32767 25101 -2456 -702 END
START 10480 -4012 27320 27413 -648 -1899 END
START 11340 -3968 21424 28706 -3 -3779 END
START 10932 -3632 16660 28915 -942 -6473 END
START 11168 -2748 11848 28046 -2707 -9368 END
START 10104 -2936 9936 26458 -3937 -12021 END
START 9892 -2340 7340 24691 -3502 -14045 END
START 9380 -2124 4512 22164 -905 -16251 END
START 8260 -1816 708 19075 1161 -18282 END
START 5100 -2256 -824 16049 1417 -19635 END
START 1824 -2652 -2808 13640 -103 -19255 END
START 120 -2072 -7056 9772 -3158 -17484 END
START 1368 -1212 -7892 3790 -4584 -16226 END
START 1264 -1748 -7572 -1509 -1817 -15686 END
START 292 -2004 -8392 -6833 1270 -15723 END
START -2328 -3220 -10024 -11844 1422 -14913 END
START -3812 -4352 -9356 -18086 510 -14030 END
START -7864 -5520 -7668 -22772 -353 -11844 END
START -8848 -6796 -6344 -27745 -319 -8283 END
START -8880 -8384 -4564 -32383 2955 -4961 END
START -11976 -9800 -1588 -32768 5741 -1274 END
START -13452 -10032 2424 -32768 4955 2341 END
START -10976 -9464 10564 -32768 2851 4999 END
START -9692 -9308 21628 -32768 3266 5703 END
START -11392 -9204 32767 -32768 3007 7384 END
START -2240 -7244 32767 -27061 6893 7009 END
START -1252 -4868 32767 -17289 13597 3022 END