START 18568 9440 -14512 1343 -990 10985 END
START 10408 4388 -19396 -4675 -4476 9351 END
START 9056 2176 -15296 -11624 -6931 7415 END
START 8320 2064 -11560 -16824 -4146 6365 END
START 7748 1136 -8180 -20764 2675 5001 END
START 5332 -524 -6244 -23329 6874 3338 END
START 3288 -1748 -6860 -25180 7139 1639 END
START 1220 -3484 -6464 -27169 4142 -478 END
START -836 -5420 -5780 -28733 -911 -611 END
START -180 -6932 -4752 -30656 -4870 293 END
START 528 -8016 -4196 -32768 -6182 1899 END
START 3156 -9300 -2968 -32768 -4308 3247 END
START 5352 -12024 1548 -32768 319 2613 END
START 4420 -15004 8916 -32768 3998 1655 END
START 1872 -17660 21152 -32768 3638 1441 END
START -280 -18100 32767 -32768 112 523 END
START 544 -17636 32767 -32768 -3437 -1013 END
START -2216 -16000 32767 -32768 -4615 -1337 END
START -4540 -13888 32767 -26459 -2887 1274 END
START -2672 -10688 32767 -21413 2500 4332 END
START -2080 -8420 32767 -16332 7435 6299 END
START -2984 -6756 32767 -9553 6058 7403 END
START -380 -5344 32767 -750 1345 7861 END
START 3128 -4196 32767 7842 -2477 7256 END
START 5996 -3740 32767 14532 -4706 5820 END
START 7820 -4216 32767 19727 -5356 3328 END
START 7896 -5156 32767 24157 -3239 649 END
START 5700 -6292 32767 27369 -1302 -1394 END
START 4256 -7504 27892 29930 -201 -2595 END
START 2944 -7952 22912 31680 483 -3537 END
START 2900 -7748 18748 32767 320 -4032 END
START 3724 -7548 14656 32767 497 -5044 END
START 4516 -7148 11208 32767 703 -6757 END
START 4728 -6512 8532 32179 920 -8644 END
START 4748 -6188 5676 31169 1605 -10609 END
START 4460 -5672 2708 29566 2144 -12634 END
START 3688 -4896 76 27393 2106 -14523 END
START 2068 -4432 -2292 24923 1223 -15648 END
START 1004 -3824 -4156 21949 -608 -15933 END
START 260 -2860 -5536 18808 -2684 -16050 END
START 648 -1696 -7428 14894 -3808 -16406 END
START 316 -1244 -8436 10187 -3593 -16846 END
START 280 -888 -9000 5387 -3324 -17222 END
START -488 -816 -8872 1077 -3231 -17335 END
START -964 -896 -9032 -3041 -3391 -17142 END
START -360 -1136 -9408 -7711 -3287 -17033 END
START -668 -1628 -9468 -12641 -3600 -17168 END
START 84 -2500 -9160 -17542 -4282 -17458 END
START 764 -4036 -9244 -22551 -5296 -18072 END
START 2036 -5976 -8712 -28158 -4907 -19051 END
START 2280 -8988 -8668 -32768 -3164 -20286 END
START 2276 -12656 -6884 -32768 -864 -21823 END
START -172 -17768 -2736 -32768 1195 -23990 END
START -5972 -23816 5360 -32768 -2494 -24609 END
START -13736 -28104 21968 -32768 -13213 -21893 END