START 14300 8608 -8876 4611 4734 4522 END
START 8292 2788 -15660 487 2540 3896 END
START -2196 280 -8804 -2562 1992 4491 END
START 1612 340 -10508 -7010 2729 4786 END
START 3104 24 -10968 -10188 3035 4419 END
START 4564 -776 -11536 -12970 2354 3959 END
START 3060 -1112 -11308 -15479 1811 3685 END
START 2720 -1996 -11536 -18540 1454 3392 END
START 3200 -2724 -12656 -22414 2080 3014 END
START 1880 -4464 -12024 -26948 2526 2595 END
START 1184 -6684 -11816 -31697 2315 2959 END
START 1800 -9392 -10256 -32768 1299 3280 END
START 1756 -12336 -8656 -32768 927 3399 END
START 1356 -15412 -5304 -32768 749 3876 END
START 1448 -17648 -172 -32768 542 5122 END
START 2796 -19468 6008 -32768 684 5657 END
START 1984 -20092 17232 -32768 -1174 5802 END
START 1380 -19492 30788 -32768 -7975 6265 END
START 6452 -17332 32767 -32768 -11309 6637 END
START 12596 -14508 32767 -32768 -6535 3980 END
START 8412 -13824 32767 -32768 349 982 END
START 4564 -12984 32767 -29563 -290 2324 END
START 5880 -10192 32767 -19714 -3071 3987 END
START 6000 -7684 32767 -10173 -4865 4965 END
START 9844 -4204 32767 -1207 -5445 4854 END
START 10740 -2660 32767 5226 -2974 3955 END
START 7992 -2296 32767 10837 -2492 4336 END
START 7068 -3576 32767 17413 -5930 5316 END
START 9312 -5348 32767 23900 -10613 5213 END
START 13464 -6936 32767 29203 -12294 2607 END
START 13456 -8264 32767 32767 -11169 -819 END
START 11904 -9540 32767 32767 -10026 -3305 END
START 10692 -10628 30400 32767 -8210 -4865 END
START 10136 -11536 25848 32767 -5965 -6189 END
START 9352 -11972 21300 32767 -5607 -7902 END
START 7512 -11688 15408 32767 -6889 -10255 END
START 4636 -10964 9616 32767 -9799 -11431 END
START 5884 -9832 3888 32767 -11636 -12411 END
START 6688 -8112 -2764 32767 -10122 -13578 END
START 7420 -6116 -9780 31112 -6006 -14718 END
START 6464 -4592 -11608 22330 -2424 -16407 END
START 4008 -4264 -11236 16280 -167 -18021 END
START 2048 -4460 -11896 12536 -1197 -18499 END
START 720 -3828 -12268 9390 -4334 -18672 END
START 1000 -3364 -12704 6444 -6862 -19067 END
START 1152 -2820 -13716 3102 -8160 -20225 END
START 508 -3472 -13316 -1097 -7039 -21008 END
START -1296 -3848 -12724 -4567 -4909 -20331 END
START -3488 -3840 -12652 -8332 -3167 -18156 END
START -4328 -4328 -12520 -12064 -2840 -15613 END
START -3792 -4180 -14008 -16643 -3327 -12847 END
START -1816 -4956 -13688 -22479 -3891 -11422 END
START -700 -6344 -13408 -28673 -2922 -11038 END
START -616 -8424 -12892 -32768 -580 -10041 END
START -832 -9968 -12556 -32768 1522 -9944 END
START -2192 -12708 -10908 -32768 2862 -10354 END
START -8324 -15756 -5816 -32768 -538 -9231 END
START -13904 -19616 1024 -32768 -6886 -4619 END
START -20508 -23468 14508 -32768 -14266 5110 END
START -12668 -27928 32767 -32768 -15696 17149 END
START 5420 -24248 32767 -32768 -375 19185 END
START 7636 -20524 32767 -32768 13261 9171 END
START -9572 -18416 32767 -23074 5419 3481 END