START 24868 7944 -20108 9292 7984 2938 END
START 9728 2548 -15656 2429 4557 876 END
START 508 -188 -7368 -1596 2940 -590 END
START 7164 -148 -10920 -5376 3680 -1862 END
START 5108 -464 -8332 -7623 3946 -2068 END
START 2864 -804 -8712 -8721 4311 -563 END
START 2216 -440 -9316 -10870 2444 675 END
START 4180 -624 -11284 -15229 3361 34 END
START 3688 -1748 -11448 -20189 5619 -1202 END
START 880 -3632 -11240 -25535 6849 -1749 END
START -2044 -5392 -10172 -29873 5487 -1603 END
START -3436 -7128 -8968 -32768 691 -841 END
START -3316 -7860 -5552 -32768 -1105 911 END
START -2112 -8736 -2276 -32768 -1068 2959 END
START 1728 -9504 4076 -32768 2988 3582 END
START 1604 -10232 10764 -32768 3823 1284 END
START 88 -11772 20532 -32768 -245 -1563 END
START -2912 -13080 32372 -32768 -2305 -2647 END
START -7208 -14308 32767 -32768 -2569 -870 END
START -8684 -13896 32767 -32768 -2136 2819 END
START -8116 -11912 32767 -26399 -3183 5997 END
START -5136 -9844 32767 -17556 -4235 8076 END
START -2780 -7344 32767 -8954 -3038 8690 END
START -1484 -5344 32767 -2242 258 9101 END
START -1896 -4052 32767 2753 4963 10208 END
START -2200 -2744 32767 6608 8693 11906 END
START -456 -2640 32767 10952 8575 11860 END
START 1356 -3904 32767 16850 5423 8589 END
START 1000 -4908 32767 22424 3210 5441 END
START 76 -5368 32767 26067 2432 3599 END
START 32 -6092 28732 28923 2579 2860 END
START 220 -6332 23072 31255 2898 2957 END
START 852 -6412 17096 32767 1777 3447 END
START 3168 -5412 11616 32767 -1982 3389 END
START 7236 -3784 9540 32767 -4747 950 END
START 9364 -2248 6392 32767 -4551 -3554 END
START 9040 -2488 1076 32767 -3085 -7515 END
START 7136 -1924 -9188 32767 -3555 -7621 END
START 8812 1732 -14608 24400 -8086 -7739 END
START 11136 3060 -11856 16198 -10155 -11117 END
START 12260 3248 -8884 10914 -8563 -16280 END
START 9804 1612 -7524 7767 -7880 -20872 END
START 7148 416 -7632 5216 -6834 -23728 END
START 3876 -1044 -8404 2102 -6042 -24759 END
START 836 -2364 -10124 -1254 -7438 -24326 END
START -516 -2892 -11312 -6426 -9266 -21976 END
START -388 -3588 -10688 -11648 -9488 -19686 END
START 1192 -4240 -10780 -17368 -9642 -18724 END
START 624 -5768 -9856 -22605 -9775 -18244 END
START 20 -7684 -11240 -27743 -11475 -16562 END
START 1068 -9792 -12704 -32768 -12449 -14902 END
START 1544 -13288 -12552 -32768 -7745 -13732 END
START -3308 -18396 -10876 -32768 -949 -12061 END
START -8984 -26396 -2392 -32768 3443 -9734 END
START -16900 -32768 13876 -32768 7682 -5733 END
START -24184 -32768 32767 -32768 11963 111 END