START 14884 5652 -20048 -613 7025 3722 END
START 4104 1108 -12372 -4334 958 2288 END
START 1340 -440 -9496 -7447 -1329 1774 END
START 1224 -48 -8452 -10330 -1917 1116 END
START 3944 -640 -8820 -13094 -416 -297 END
START 5148 -984 -10224 -16151 2344 -1541 END
START 4916 -1912 -10520 -20393 4004 -2954 END
START 2688 -3324 -9628 -24088 3635 -3841 END
START 2848 -4572 -9752 -28129 1948 -4658 END
START 2672 -6120 -8724 -32662 1073 -5596 END
START 2112 -7848 -6656 -32768 618 -6368 END
START 1156 -9496 -4004 -32768 602 -6233 END
START 412 -10740 224 -32768 1588 -5859 END
START -2124 -12280 6300 -32768 1649 -5251 END
START -2740 -13984 17464 -32768 -1493 -3775 END
START 1828 -14392 32767 -32768 -2621 -4130 END
START 4708 -13112 32767 -32768 -1709 -7971 END
START 696 -12604 32767 -32768 -921 -12104 END
START -7704 -12436 32767 -26709 -4093 -10465 END
START -11828 -9336 32767 -18757 -4884 -3440 END
START -7044 -7716 32767 -11838 -6 4147 END
START -2068 -6404 32767 -5173 6071 7507 END
START -1156 -5724 32767 2802 7238 8067 END
START -224 -5464 32767 11967 2879 7619 END
START 1704 -4476 32767 20207 -2230 6728 END
START 5864 -4568 32767 26264 -4085 5780 END
START 7660 -5044 32767 30266 -3029 3917 END
START 7924 -6096 31780 32767 -1775 1648 END
START 9308 -6532 25644 32767 -254 -1019 END
START 9024 -6788 18832 32767 1996 -4107 END
START 7252 -7320 13400 32767 2483 -6613 END
START 5388 -7140 8364 32767 2003 -8575 END
START 4316 -6740 4276 32767 767 -10038 END
START 4492 -5844 1000 32176 -252 -11697 END
START 4528 -5100 -1528 29627 -755 -13178 END
START 4900 -3908 -5968 25881 22 -14278 END
START 2840 -3572 -6872 21364 -172 -15231 END
START 3536 -2860 -8756 16275 -667 -16243 END
START 3200 -2212 -9008 11372 -643 -17455 END
START 1760 -2024 -9068 7131 -713 -18360 END
START 540 -1744 -9572 3220 -2415 -18952 END
START -964 -1988 -9712 -390 -4910 -18955 END
START -1312 -2092 -9560 -3972 -7204 -18242 END
START -228 -2008 -9240 -7877 -7517 -17829 END
START 388 -2620 -10668 -12385 -7370 -18207 END
START 1016 -3524 -10060 -17656 -8425 -18537 END
START -44 -5144 -9384 -22202 -9116 -18468 END
START 832 -6292 -9764 -27147 -10215 -17820 END
START 3188 -7860 -9992 -32768 -9204 -18687 END
START 3040 -10860 -8604 -32768 -6511 -19609 END
START 176 -14792 -4916 -32768 -4895 -20068 END
START -2368 -18652 -792 -32768 -4380 -19149 END
START -5704 -24704 10776 -32768 -4974 -18235 END
START -11316 -30940 28696 -32768 -9267 -16376 END
START -19476 -32768 32767 -32768 -15285 -11129 END