START 13848 8876 -16576 8679 10623 5159 END
START 12348 3872 -20412 2372 5663 2351 END
START 2132 2156 -11124 -2204 2601 754 END
START -1184 1144 -9280 -4622 683 711 END
START -308 712 -10544 -7125 863 1065 END
START 3440 384 -14240 -10303 1732 1439 END
START 3932 168 -14504 -14614 2890 1158 END
START 3160 -612 -14228 -19301 5191 427 END
START 2064 -2332 -14776 -24339 5782 -46 END
START 1624 -4132 -13976 -29441 4093 -705 END
START 1268 -6384 -11336 -32768 2183 -1484 END
START 856 -9512 -9616 -32768 249 -2026 END
START 1172 -12136 -7304 -32768 -2086 -2306 END
START 1812 -16084 -3648 -32768 -3233 -2229 END
START 3032 -18432 252 -32768 -332 -1705 END
START 2048 -21860 8812 -32768 4020 -2329 END
START 632 -22692 19508 -32768 4120 -3479 END
START -716 -21288 30972 -32768 3159 -3757 END
START -1300 -18144 32767 -32768 4705 -4455 END
START -3308 -18288 32767 -32768 5554 -6046 END
START -8928 -18392 32767 -32768 2419 -5992 END
START -11544 -16496 32767 -26082 -3867 -2430 END
START -10540 -13520 32767 -12877 -6770 2919 END
START -6104 -9588 32767 -1110 -5528 8969 END
START 2280 -5368 32767 8551 -2235 11651 END
START 8760 -2924 32767 16819 -761 10482 END
START 11544 -3192 32767 24146 -2027 6693 END
START 10704 -5024 32767 30191 -5661 2592 END
START 8940 -7092 32767 32767 -7807 -712 END
START 7544 -8464 30756 32767 -8146 -3264 END
START 6192 -9108 23656 32767 -5665 -4658 END
START 5676 -8684 18044 32767 -3593 -4754 END
START 7384 -8476 14188 32767 -3297 -4677 END
START 10272 -8160 9576 32767 -4340 -6436 END
START 12012 -7004 2528 32767 -4361 -10295 END
START 9780 -5456 -4136 32767 -4528 -14358 END
START 7384 -4204 -9820 32442 -5688 -16726 END
START 6760 -2416 -13728 23159 -6345 -18331 END
START 4188 -2748 -11928 14287 -5541 -19806 END
START 296 -3772 -9292 8307 -5026 -19237 END
START -2028 -3840 -7668 4344 -5454 -17572 END
START -3280 -3476 -6872 1076 -6200 -15678 END
START -3652 -3620 -6432 -2124 -6133 -13299 END
START -3748 -3432 -6292 -5471 -5517 -10784 END
START -3024 -3180 -6884 -8917 -4843 -9243 END
START -1504 -3156 -7408 -12780 -4499 -8556 END
START -356 -3544 -7820 -16733 -4253 -8770 END
START -220 -4336 -8552 -20704 -5077 -8973 END
START 1372 -4992 -8872 -25445 -5660 -9583 END
START 2332 -6780 -9496 -31016 -3770 -10281 END
START 1892 -9404 -10844 -32768 -1489 -10861 END
START 144 -13096 -11360 -32768 -2796 -11514 END
START -3624 -17900 -9324 -32768 -5930 -11018 END
START -8696 -21812 -52 -32768 -10009 -8894 END
START -17076 -25892 12900 -32768 -13776 -625 END
START -16592 -27700 30260 -32768 -11179 12688 END
START -4952 -29156 32767 -32768 1795 19747 END