START -220 5576 -6944 4498 -20 3649 END
START 244 592 -15420 5023 1224 4050 END
START 3944 8724 -11248 2050 580 4149 END
START -992 4096 -9372 1962 1353 4144 END
START 0 4512 -10004 467 1777 4328 END
START 760 4564 -11976 -548 1879 4409 END
START -1736 4164 -9836 -1896 1849 4526 END
START 740 4512 -13508 -3054 2617 4706 END
START -1076 4108 -11724 -4340 3060 4898 END
START 320 4060 -13696 -5650 4101 5148 END
START 92 3920 -13448 -7004 4898 5437 END
START -348 3624 -12860 -8503 5644 5705 END
START -544 3224 -12652 -9898 6600 5989 END
START -124 3004 -12892 -11336 7125 6253 END
START -724 2556 -12076 -12706 8058 6580 END
START 376 2400 -12768 -14111 8892 6894 END
START -136 1968 -11944 -15013 9930 7179 END
START 932 1712 -12988 -16515 11077 7416 END
START 0 1320 -12168 -17653 12247 7701 END
START 404 1020 -12516 -18765 13308 7894 END
START -104 764 -11988 -20110 13980 8090 END
START -504 588 -11360 -21325 14695 8289 END
START -864 528 -10752 -22610 15056 8507 END
START -1548 372 -9864 -23841 15336 8745 END
START -1500 0 -9808 -24970 15350 9015 END
START -2168 -552 -8672 -25954 15307 9348 END
START -2104 -972 -8148 -26704 15095 9685 END
START -2632 -1532 -7084 -27226 14794 10085 END
START -2440 -1900 -6820 -27664 14302 10436 END
START -2380 -2068 -6300 -27991 13712 10786 END
START -1980 -2228 -5828 -28301 13096 11051 END
START -1768 -2384 -5100 -28634 12747 11237 END
START -1732 -2516 -4436 -28852 11804 11319 END
START -1388 -2892 -3568 -29074 11074 11358 END
START -1308 -3212 -2732 -29280 10251 11389 END
START -1012 -3540 -2420 -29276 9497 11380 END
START -836 -3912 -1808 -29207 8732 11395 END
START -584 -4196 -1424 -29107 8085 11392 END
START -452 -4276 -1024 -28961 7582 11422 END
START -188 -4524 -920 -28739 7153 11364 END
START -292 -4588 -596 -28628 6819 11315 END
START -204 -4752 -232 -28485 6375 11312 END
START -560 -4864 -24 -28456 5871 11273 END
START -964 -5024 8 -28398 5329 11347 END
START -1460 -5180 308 -28460 4617 11485 END
START -1832 -5200 688 -28540 3782 11784 END
START -1992 -5436 540 -28505 2999 12118 END
START -1864 -5332 668 -28785 2336 12685 END
START -1604 -5596 564 -28932 1779 12902 END
START -852 -5724 400 -29298 1548 13501 END
START -232 -5904 496 -29772 1439 13880 END
START 356 -5860 1060 -30275 1484 14284 END
START 944 -5988 1412 -30829 1571 14628 END
START 1508 -6028 1876 -31372 1773 14932 END
START 1996 -6128 2460 -31894 1996 15180 END
START 2512 -6168 2948 -32350 2309 15351 END
START 2876 -6252 3548 -32730 2607 15522 END
START 3500 -6452 3868 -32768 2908 15585 END
START 3824 -6500 4440 -32768 3251 15616 END
START 3996 -6588 4960 -32768 3547 15607 END
START 3952 -6612 5516 -32768 3713 15603 END
START 3636 -6656 6384 -32768 3673 15672 END
START 3572 -6460 7124 -32768 3526 15803 END
START 3708 -6256 8416 -32768 3360 16074 END
START 3944 -5964 9424 -32768 3250 16357 END
START 4432 -6036 10416 -32768 3202 16649 END
START 5192 -6036 11908 -32768 3235 16895 END
START 5876 -6136 13464 -32768 3364 17146 END
START 6916 -5960 14796 -32768 3579 17290 END
START 7872 -5732 16120 -32768 4030 17318 END
START 8604 -5624 17788 -32768 4368 17205 END
START 9248 -5308 19260 -32768 4751 16998 END
START 9656 -5128 20372 -32768 5145 16713 END
START 10128 -5164 21844 -32768 5320 16291 END
START 10508 -4928 22804 -32768 5431 15913 END
START 11020 -4496 23732 -32768 5552 15509 END
START 11196 -3864 25056 -32768 5584 15029 END
START 11568 -3436 26012 -32768 5531 14562 END
START 12052 -2844 26812 -32768 5538 14044 END
START 12428 -2372 27872 -32768 5503 13426 END
START 12788 -2060 29000 -32416 5489 12643 END
START 13112 -1852 30392 -32039 5509 12279 END
START 13400 -1612 31688 -31612 5489 11379 END
START 13948 -1348 32767 -31063 5518 10618 END
START 14068 -1352 32767 -30432 5677 9804 END
START 14116 -1300 32767 -29693 5723 8933 END
START 14012 -1244 32767 -28858 5742 8143 END
START 13596 -1172 32767 -27902 5640 7389 END
START 13368 -1008 32767 -26885 5479 6718 END
START 13012 -876 32767 -25785 5298 6112 END
START 12780 -828 32767 -24735 5122 5557 END
START 12560 -584 32767 -23708 4902 5063 END
START 12272 -508 32767 -22787 4633 4634 END
START 12236 -260 32767 -21837 4431 4256 END
START 12260 -152 32767 -20966 4283 3944 END
START 12220 -220 32767 -20060 4171 3622 END
START 12156 -360 32767 -19154 4115 3390 END
START 12124 -296 32767 -18069 4080 3133 END
START 12016 -560 32767 -16962 4057 2933 END
START 11792 -764 32767 -15738 4042 2767 END
START 11316 -712 32767 -14185 3947 2659 END
START 11496 -900 32767 -13148 3884 2576 END
START 11408 -840 32767 -11771 3886 2583 END
START 11376 -804 32767 -10508 3879 2588 END
START 11484 -660 32767 -9129 3808 2566 END
START 11660 -788 32767 -7755 3703 2529 END
START 11828 -844 32767 -6406 3569 2411 END
START 11784 -788 32767 -5072 3350 2267 END
START 11912 -748 32767 -3778 2993 2091 END
START 11856 -752 32767 -2594 2554 1885 END
START 12068 -784 32767 -1381 2046 1660 END
START 12196 -736 32767 -260 1531 1412 END
START 12720 -708 32767 749 1115 1189 END
START 13104 -472 32767 1728 815 997 END
START 13480 -540 32767 2618 652 769 END
START 14060 -320 32767 3474 651 551 END
START 14436 -276 32767 4326 710 292 END
START 14660 -312 32767 5137 771 -2 END
START 14868 -340 32767 5982 822 -326 END
START 14916 -368 32767 6851 806 -706 END
START 15036 -436 32767 7783 802 -1134 END
START 15016 -560 32767 8714 705 -1557 END
START 14948 -548 32767 9637 595 -1985 END
START 14768 -648 32767 10513 404 -2409 END
START 14572 -628 32767 11440 240 -2835 END
START 14624 -724 32767 12339 26 -3242 END
START 14516 -780 32767 13134 -170 -3605 END
START 14588 -896 32767 13977 -318 -4035 END
START 14716 -824 32767 14809 -451 -4449 END
START 14656 -808 32767 15586 -585 -4915 END
START 14664 -1072 32767 16365 -695 -5377 END
START 14612 -1004 32767 17160 -831 -5882 END
START 14468 -1128 32767 17909 -907 -6409 END
START 14108 -1428 32767 18687 -1056 -6950 END
START 13784 -1504 32767 19584 -1247 -7481 END
START 13360 -1760 32767 20390 -1486 -7900 END
START 13064 -1980 32172 21254 -1748 -8362 END
START 12708 -2040 31268 22118 -1993 -8695 END
START 12364 -2224 30504 22990 -2271 -8999 END
START 12084 -2360 29640 23816 -2587 -9225 END
START 12040 -2480 28828 24634 -2929 -9429 END
START 11908 -2560 27860 25348 -3301 -9604 END
START 11832 -2648 27040 26069 -3705 -9798 END
START 11784 -2712 26284 26697 -4124 -9999 END
START 11680 -2696 25436 27343 -4577 -10196 END
START 11476 -2684 24196 27947 -5010 -10460 END
START 11392 -2824 23356 28511 -5518 -10690 END
START 11304 -2916 22536 29096 -6061 -10939 END
START 11124 -3052 21776 29647 -6623 -11180 END
START 11112 -3148 20832 30135 -7166 -11448 END
START 11132 -3156 20132 30665 -7636 -11706 END
START 11192 -3108 18920 31108 -8015 -12007 END
START 11332 -2952 17900 31498 -8217 -12348 END
START 11740 -3012 16652 31788 -8276 -12737 END
START 12120 -2968 15276 31980 -8200 -13221 END
START 12576 -2876 13780 32018 -7983 -13743 END
START 12996 -2624 12352 32012 -7523 -14367 END
START 13420 -2592 10868 31726 -6944 -14986 END
START 13488 -2580 10048 31443 -6446 -15686 END
START 13304 -2520 9180 30902 -6021 -16420 END
START 13072 -2380 8496 30331 -5700 -17195 END
START 12740 -2364 7700 29672 -5414 -17964 END
START 12416 -2308 6832 28997 -5161 -18599 END
START 12244 -2336 6228 28284 -4905 -19312 END
START 11916 -2412 5668 27629 -4642 -19903 END
START 11476 -2452 5128 26989 -4474 -20515 END
START 11032 -2792 4592 26406 -4320 -21036 END
START 10584 -2976 3920 25853 -4161 -21550 END
START 9896 -3144 3036 25318 -4146 -21960 END
START 9388 -3124 2612 24834 -4243 -22331 END
START 8500 -3176 1964 24366 -4433 -22600 END
START 7544 -3376 1112 23856 -4849 -22836 END
START 6720 -3384 216 23340 -5358 -22947 END
START 6204 -3284 -684 22769 -6014 -23023 END
START 5512 -3220 -1864 22165 -6730 -22998 END
START 5296 -2924 -3288 21359 -7360 -23023 END
START 4876 -2572 -4820 20310 -8050 -23012 END
START 4884 -2264 -5884 19230 -8621 -23049 END
START 4684 -2096 -6740 17968 -9152 -23100 END
START 4844 -1972 -7568 16418 -9584 -23226 END
START 4620 -1808 -8120 14848 -9839 -23368 END
START 4616 -1748 -8576 13174 -9942 -23536 END
START 4368 -1660 -8740 11467 -9956 -23709 END
START 3988 -1772 -8800 9804 -9749 -23899 END
START 3612 -1648 -8960 8267 -9498 -23988 END
START 3172 -1744 -8928 6854 -9120 -24053 END
START 2308 -1976 -8496 5630 -8901 -24028 END
START 1564 -2456 -8604 4613 -8601 -23957 END
START 808 -1736 -7588 3040 -7800 -23851 END
START 632 -2116 -8676 2200 -7397 -23713 END
START -352 -1876 -8064 1057 -6904 -23513 END
START -1264 -1656 -8092 65 -6616 -23206 END
START -2052 -1764 -7916 -843 -6450 -22810 END
START -2856 -1696 -7908 -1806 -6324 -22366 END
START -3484 -1668 -8016 -2682 -6150 -21814 END
START -4236 -1772 -7912 -3499 -6134 -21245 END
START -4524 -1744 -8204 -4360 -5973 -20658 END
START -5252 -1932 -8660 -5144 -5982 -19983 END
START -6012 -2240 -8868 -6006 -6010 -19303 END
START -6980 -1860 -8516 -7002 -5868 -18533 END
START -7316 -1712 -9364 -7907 -6082 -17743 END
START -8036 -1632 -9356 -8858 -6464 -16890 END
START -8564 -1184 -9484 -10083 -6652 -15979 END
START -8608 -1008 -9804 -11364 -6918 -15000 END
START -8784 -716 -9808 -12701 -7165 -14083 END
START -9028 -612 -9300 -14183 -7379 -13054 END
START -9144 -632 -9168 -15426 -7611 -12105 END
START -9024 -688 -8740 -16640 -7688 -11162 END
START -8964 -832 -8364 -17912 -7624 -10256 END
START -8920 -776 -7976 -19124 -7462 -9347 END
START -9108 -792 -7184 -20235 -7259 -8461 END
START -9056 -596 -6740 -21335 -7020 -7598 END
START -8928 -468 -6052 -22373 -6707 -6759 END
START -8600 -416 -5388 -23435 -6151 -5946 END
START -8304 -352 -4984 -24389 -5491 -5291 END
START -8032 -488 -4304 -25424 -4625 -4604 END
START -7756 -608 -3784 -26465 -3679 -4009 END
START -7616 -744 -2864 -27419 -2674 -3402 END
START -7816 -828 -2528 -28370 -1718 -2800 END
START -8008 -908 -1808 -29244 -888 -2215 END
START -8180 -860 -1184 -30182 -111 -1558 END
START -8116 -764 -456 -31158 519 -929 END
START -8100 -684 -116 -32088 1113 -315 END
START -7908 -540 872 -32768 1614 241 END
START -7936 -776 1592 -32768 2134 788 END
START -7568 -948 2932 -32768 2556 1261 END
START -7528 -1212 4016 -32768 2842 1746 END
START -7528 -1572 5288 -32768 3034 2198 END
START -7256 -1840 6432 -32768 3257 2616 END
START -6832 -2012 7692 -32768 3442 2965 END
START -6456 -2240 9056 -32768 3797 3276 END
START -5940 -2408 10156 -32768 4207 3503 END
START -5592 -2532 11788 -32768 4678 3716 END
START -5188 -2752 13396 -32768 5179 3807 END
START -5180 -3044 15160 -32768 5475 3951 END
START -5388 -3380 17096 -32768 5557 4022 END
START -5544 -3620 18712 -32768 5514 4156 END
START -6344 -3652 20584 -32768 5133 4337 END
START -5864 -3576 21568 -32768 5002 4578 END
START -5992 -3560 23272 -32768 4625 4750 END
START -5952 -3472 24524 -32768 4407 4876 END
START -5772 -3444 25996 -32768 4197 5057 END
START -5716 -3516 27536 -32768 3947 5135 END
START -5716 -3824 29028 -32768 3608 5275 END
START -5932 -3884 30188 -32768 3058 5424 END
START -5868 -4040 31264 -32001 2535 5627 END
START -5792 -3776 32408 -30953 1918 5868 END
START -5856 -3648 32767 -29923 1413 6126 END
START -5536 -3460 32767 -28878 918 6378 END
START -5276 -3340 32767 -27867 433 6603 END
START -4832 -3168 32767 -26936 17 6818 END
START -4296 -3160 32767 -25860 -378 6978 END
START -3832 -3192 32767 -24815 -883 7168 END
START -3276 -3216 32767 -23728 -1327 7289 END
START -2756 -2932 32767 -22593 -1758 7345 END
START -1924 -2824 32767 -21402 -2155 7393 END