START 6776 7852 -11924 8087 5991 4268 END
START 6792 1584 -12864 5246 2374 3876 END
START 3160 -16 -10916 1340 -115 3515 END
START -1292 -652 -8260 -2099 -83 3239 END
START 3232 -1404 -11216 -5645 -41 2413 END
START 2608 -2428 -11336 -8884 362 2198 END
START 1256 -3004 -11784 -12347 526 2755 END
START 2076 -3012 -12528 -17168 1292 2758 END
START 2524 -3804 -11812 -22452 2802 2346 END
START 2396 -4932 -10396 -27040 4361 1728 END
START 1972 -5636 -9076 -31419 5459 912 END
START 1344 -6876 -7024 -32768 5794 179 END
START 2192 -7880 -5748 -32768 6543 -442 END
START 4024 -8840 -5028 -32768 8046 -2604 END
START 3284 -10212 -1536 -32768 8895 -5384 END
START 912 -9840 5532 -32768 9013 -6676 END
START -1092 -8512 15328 -32768 9301 -7636 END
START -5520 -6868 26872 -32768 8037 -8693 END
START -6320 -7316 32767 -32768 9025 -10087 END
START -14268 -7828 32767 -32768 9483 -10370 END
START -19216 -7808 32767 -29841 6268 -8209 END
START -19832 -6824 32767 -16579 1019 -4270 END
START -17460 -4596 32767 -6387 -1167 759 END
START -13624 -2648 32767 1954 -1025 5441 END
START -8228 -1036 32767 9898 -1648 8098 END
START -4568 -464 32767 17504 -3918 9205 END
START -476 -528 32767 24233 -8552 9741 END
START 4396 -1136 32767 28838 -11493 8504 END
START 7428 -2072 32767 31842 -12818 5488 END
START 7300 -3248 28796 32767 -12807 1787 END
START 6804 -4284 21664 32767 -11974 -1269 END
START 5936 -4528 15036 32767 -9642 -3775 END
START 5104 -4356 10960 32767 -7709 -5871 END
START 4784 -4220 7584 32424 -6794 -8035 END
START 5852 -3524 3720 31363 -6648 -10385 END
START 7428 -2968 -1336 29347 -6779 -13818 END
START 6420 -2928 -4708 26419 -7288 -16986 END
START 5180 -3188 -7124 23210 -8371 -19253 END
START 4636 -3288 -8796 19498 -8357 -21243 END
START 3456 -3632 -9636 15589 -7283 -22939 END
START 2080 -3764 -10996 11051 -4757 -23541 END
START 216 -4136 -12892 5861 -3169 -22738 END
START -12 -3564 -13560 268 -3245 -22081 END
START -1172 -3580 -12308 -4413 -4176 -21727 END
START -1440 -4180 -11912 -8417 -5201 -20595 END
START -860 -3444 -12596 -12701 -7039 -19253 END
START 488 -3744 -12464 -17718 -7575 -19576 END
START -296 -5228 -12516 -22165 -8009 -18903 END
START 428 -6104 -13968 -27583 -9493 -18020 END
START 2364 -7796 -15316 -32768 -9672 -17861 END
START 4116 -10016 -15020 -32768 -5500 -18797 END
START 2580 -14784 -12616 -32768 1134 -21803 END
START -7384 -21644 -4108 -32768 -208 -23154 END
START -17364 -28568 13548 -32768 -5847 -20706 END
START -27336 -32768 32767 -32768 -11619 -11773 END
START -25580 -32768 32767 -32768 -11804 -714 END