START 20456 9840 -10268 1719 790 1208 END
START 13408 2272 -19360 -2438 -413 1076 END
START 7452 464 -15228 -8453 482 1687 END
START -3528 -888 -5184 -12002 1639 2340 END
START -2932 -1492 -4748 -14211 2904 2441 END
START -1488 -2036 -6760 -17301 2257 1778 END
START -772 -3364 -7824 -20461 1177 1503 END
START 92 -4180 -8704 -24127 594 1622 END
START 1588 -5640 -9804 -28309 1135 1802 END
START 916 -7320 -8388 -32768 1242 2274 END
START 1344 -9252 -6452 -32768 596 2882 END
START 2508 -11296 -2916 -32768 1302 2872 END
START 2412 -13100 1288 -32768 2030 2957 END
START 2932 -14996 5772 -32768 3351 3524 END
START 4428 -15120 12056 -32768 7798 3959 END
START 6128 -15764 21920 -32768 12160 1759 END
START 3880 -16972 32767 -32768 9725 -2980 END
START -1116 -18420 32767 -32768 2654 -6501 END
START -5104 -17852 32767 -32768 -1646 -5639 END
START -7580 -16208 32767 -28545 281 -1849 END
START -7060 -14720 32767 -22720 3089 2350 END
START -3992 -13288 32767 -18447 3579 4721 END
START -2360 -11956 32767 -13653 3604 4952 END
START -2448 -10180 32767 -6786 1661 4891 END
START -1576 -8700 32767 259 -658 5288 END
START -348 -7868 32767 6341 -2501 5978 END
START 1212 -8424 32767 11764 -4236 6855 END
START 4016 -9092 32767 17020 -5902 7283 END
START 7316 -9948 32767 21636 -5434 6283 END
START 9440 -11132 32767 25768 -2687 4474 END
START 9676 -11988 32767 28955 1125 2436 END
START 9372 -13100 29532 31648 4592 716 END
START 7176 -13484 24568 32767 5635 -1052 END
START 4828 -13488 19144 32767 3103 -2221 END
START 4168 -12884 13664 32767 -513 -2825 END
START 5860 -10892 7084 32767 -1699 -4034 END
START 6240 -9652 3280 32767 -819 -5621 END
START 5536 -8168 -648 32767 -974 -6847 END
START 4944 -6388 -3244 32767 -1349 -8292 END
START 3968 -4840 -5968 29725 -2163 -9768 END
START 4400 -2844 -9100 25310 -2558 -10809 END
START 3740 -1464 -11016 19402 -2832 -12292 END
START 2584 -568 -11152 13533 -3783 -13513 END
START 2028 -224 -10528 8357 -3402 -14404 END
START 652 -264 -9344 3948 -2459 -14743 END
START -72 -504 -9252 209 -1737 -14686 END
START -636 -752 -9892 -3329 -1500 -14624 END
START -1096 -1076 -11728 -7852 -3131 -14563 END
START -1296 -1848 -11524 -13443 -6680 -14556 END
START -172 -3564 -10792 -19064 -8320 -14000 END
START 256 -5280 -10116 -24785 -8141 -13217 END
START 1736 -7324 -9684 -31260 -6659 -12786 END
START 1848 -10272 -9104 -32768 -1916 -13312 END
START -1164 -14692 -6092 -32768 613 -14305 END
START -5520 -19544 -1340 -32768 -2558 -13581 END
START -9536 -24188 7944 -32768 -10551 -11433 END
START -11880 -28840 24564 -32768 -20159 -8449 END
START -11520 -28412 32767 -32768 -23248 -4868 END