START 720 1960 -10272 16051 1900 -2864 END
START 2536 -4368 -21844 16604 2480 -2317 END
START 3536 6104 -14500 13485 791 -2241 END
START -3364 2604 -9628 12795 774 -1869 END
START 496 2964 -14084 11170 -413 -1529 END
START -2252 2548 -11864 9770 -2058 -1264 END
START -2340 2792 -12092 8209 -3054 -885 END
START -1612 2788 -13008 6901 -4768 -523 END
START -3224 2432 -11064 5768 -5937 -151 END
START -1588 2388 -12604 4889 -7421 298 END
START -3548 1916 -10184 4095 -9003 696 END
START -2196 1928 -11612 3414 -10344 1177 END
START -3168 1756 -10320 2727 -11791 1542 END
START -2072 1916 -11396 2038 -12513 1922 END
START -1784 1972 -11224 1303 -13114 2268 END
START -1192 2076 -11748 466 -12852 2600 END
START -588 2052 -12220 -333 -12506 2874 END
START -868 2024 -11824 -1323 -11883 3097 END
START -116 2200 -12812 -2431 -11055 3335 END
START -680 2416 -11908 -3556 -10172 3527 END
START 76 2524 -12656 -4796 -8995 3771 END
START -560 2472 -11912 -5994 -7918 4022 END
START 128 2312 -12184 -7215 -6539 4349 END
START -408 2108 -11112 -8343 -5348 4678 END
START -148 1888 -10992 -9447 -3991 5040 END
START -308 1896 -10508 -10453 -2815 5411 END
START -304 1696 -10100 -11376 -1737 5760 END
START -388 1656 -9644 -12187 -783 6114 END
START -328 1436 -9448 -12912 -60 6490 END
START -732 1180 -8708 -13590 549 6851 END
START -492 1144 -8328 -14116 758 7162 END
START -1120 1088 -7484 -14832 793 7511 END
START -848 1068 -7308 -14969 643 7913 END
START -1112 1012 -6568 -15636 394 8279 END
START -1032 996 -6480 -15967 66 8628 END
START -772 992 -5900 -16343 -273 9009 END
START -524 776 -5768 -16639 -639 9313 END
START -232 712 -5224 -16897 -880 9664 END
START -120 560 -5048 -17175 -1229 9926 END
START 92 496 -4832 -17370 -1557 10251 END
START 344 328 -4552 -17538 -1934 10533 END
START 648 436 -4368 -17777 -2319 10816 END
START 976 424 -4316 -17987 -2647 11039 END
START 1388 408 -4052 -18333 -2929 11280 END
START 1932 500 -4096 -18616 -3120 11400 END
START 2132 280 -4148 -18952 -3326 11563 END
START 2528 68 -4032 -19312 -3457 11665 END
START 2648 -132 -4032 -19699 -3670 11746 END
START 2692 -48 -4020 -20162 -3906 11755 END
START 2532 -88 -4136 -20652 -4148 11875 END
START 2620 -224 -4068 -21291 -4307 11928 END
START 2776 -248 -4184 -22014 -4437 12050 END
START 2824 -376 -4052 -22839 -4419 12145 END
START 2936 -648 -3904 -23748 -4310 12607 END
START 3252 -904 -3600 -24705 -3994 12566 END
START 3608 -1036 -3304 -25629 -3574 12569 END
START 3984 -1312 -2776 -26587 -2920 12780 END
START 4616 -1680 -1952 -27463 -2112 13261 END
START 5232 -1988 -1536 -28332 -1096 13355 END
START 5680 -2324 -860 -29131 13 13402 END
START 5980 -2660 -112 -29817 1060 13391 END
START 6196 -2964 448 -30534 2083 13455 END
START 6140 -3296 1012 -31083 2944 13374 END
START 6124 -3480 1580 -31779 3786 13235 END
START 5976 -3704 2124 -32479 4421 13138 END
START 5632 -3832 2532 -32768 4925 13184 END
START 5524 -4024 3000 -32768 5344 12813 END
START 5208 -4208 3768 -32768 5638 13080 END
START 5032 -4412 4400 -32768 5887 12812 END
START 4972 -4648 5072 -32768 6089 13110 END
START 4864 -4804 6052 -32768 6182 13072 END
START 4940 -5296 6860 -32768 6265 12872 END
START 4996 -5696 8056 -32768 6326 13168 END
START 5076 -6252 9056 -32768 6132 12814 END
START 5044 -6784 9832 -32768 5954 13065 END
START 4940 -6892 10756 -32768 5675 12734 END
START 4836 -7124 11596 -32768 5371 12690 END
START 4776 -7364 12388 -32768 4968 12635 END
START 4712 -7416 13180 -32768 4641 12592 END
START 4700 -7400 13700 -32768 4376 12664 END
START 4572 -7556 14472 -32768 4243 12701 END
START 4552 -7832 15584 -32768 4210 12730 END
START 4840 -7872 16340 -32768 4284 12883 END
START 4940 -8152 17400 -32768 4480 13062 END
START 5404 -8136 18356 -32768 4841 13278 END
START 5880 -8300 19288 -32768 5332 13318 END
START 6620 -8412 20020 -32768 5985 13319 END
START 7120 -8400 21124 -32768 6684 13305 END
START 8108 -8564 22144 -32768 7523 13313 END
START 8656 -8576 23300 -32768 8415 13181 END
START 9564 -8708 24876 -32768 9300 12725 END
START 10160 -8924 26136 -32768 10186 12532 END
START 10312 -8952 27684 -32768 10912 12488 END
START 10724 -8976 29288 -32768 11501 11933 END
START 10884 -8992 30684 -32768 11989 11590 END
START 11508 -8968 32240 -32768 12594 11142 END
START 11972 -8864 32767 -32768 13345 10617 END
START 12572 -8928 32767 -32768 13644 10034 END
START 12796 -8748 32767 -32768 14417 9428 END
START 12988 -8360 32767 -32768 14993 8792 END
START 13028 -8324 32767 -32056 15556 8092 END
START 12804 -8104 32767 -30855 15906 7419 END
START 12304 -7872 32767 -29579 16139 6776 END
START 11740 -7564 32767 -28157 16136 6132 END
START 11060 -7124 32767 -26723 15915 5584 END
START 10248 -6840 32767 -25301 15489 5089 END
START 9540 -6668 32767 -23811 14778 4721 END
START 8580 -6324 32767 -22375 13720 4416 END
START 7996 -5936 32767 -20900 12967 4144 END
START 7456 -5632 32767 -19546 11531 3954 END
START 7152 -5244 32767 -18136 10282 3768 END
START 6984 -4992 32767 -16863 9102 3565 END
START 6872 -4620 32767 -15532 7922 3406 END
START 6936 -4404 32767 -14151 6901 3276 END
START 7076 -4220 32767 -12841 6068 3082 END
START 7056 -3888 32767 -11505 5351 2979 END
START 7104 -3572 32767 -10187 4830 2884 END
START 7204 -3228 32767 -8918 4421 2771 END
START 7064 -2884 32767 -7643 4187 2685 END
START 6984 -2620 32767 -6547 3954 2649 END
START 6748 -2256 32767 -5439 3749 2663 END
START 6796 -1964 32767 -4442 3597 2658 END
START 6772 -2396 32767 -3502 3468 2665 END
START 6876 -1348 32767 -2524 3420 2842 END
START 6828 -880 32767 -2167 3455 3057 END
START 7512 -1284 32767 -1612 3514 3116 END
START 7972 -1704 32767 -1049 3685 3064 END
START 8304 -1064 32767 -471 3657 2998 END
START 8264 -564 32767 -14 3662 2964 END
START 8548 -424 32767 349 3669 2926 END
START 8800 -360 32767 672 3699 2859 END
START 8992 -420 32767 1004 3733 2787 END
START 9084 -508 32767 1244 3763 2687 END
START 9456 -376 32767 1301 4219 2620 END
START 9520 268 32767 1148 4680 2631 END
START 9292 836 32767 1257 4312 2560 END
START 9020 -172 32767 1931 3476 2413 END
START 9468 -1204 32767 2743 2966 2079 END
START 9564 -1312 32767 3454 3004 1757 END
START 9592 -616 32767 3894 3042 1515 END
START 9580 0 32767 4169 2776 1429 END
START 9600 -92 32767 4438 2283 1329 END
START 10012 -724 32767 4828 1865 1134 END
START 10416 -1160 32767 5291 1583 808 END
START 10660 -1656 32767 5987 1296 469 END
START 10696 -1840 32767 6736 933 29 END
START 10516 -1900 32767 7538 447 -366 END
START 10348 -2280 32767 8361 -64 -773 END
START 9788 -2652 32767 9264 -656 -1133 END
START 9568 -2908 32767 10196 -1225 -1518 END
START 9076 -3104 32767 11096 -1827 -1764 END
START 8680 -3284 32767 12033 -2473 -1993 END
START 8416 -3364 32767 12958 -3088 -2151 END
START 8056 -3552 32767 13939 -3638 -2269 END
START 7868 -3764 32767 14873 -4125 -2337 END
START 7912 -3836 32767 15810 -4528 -2401 END
START 7932 -3900 32767 16720 -4816 -2478 END
START 7760 -4108 32767 17624 -5008 -2563 END
START 7756 -4268 32767 18424 -5086 -2626 END
START 7768 -4316 32767 19213 -5072 -2700 END
START 7732 -4308 32700 20021 -5058 -2793 END
START 7872 -4352 31924 20724 -4884 -2898 END
START 8132 -4476 31060 21414 -4698 -2971 END
START 8368 -4560 30268 22027 -4324 -3088 END
START 8752 -4552 29448 22637 -3902 -3229 END
START 9224 -4476 28488 23176 -3409 -3410 END
START 9312 -4384 27696 23692 -2865 -3635 END
START 9576 -4380 26576 24137 -2365 -3939 END
START 9720 -4248 25564 24503 -1882 -4250 END
START 9932 -4132 24612 24793 -1400 -4636 END
START 10140 -4004 23320 25016 -896 -5051 END
START 10468 -3892 22192 25082 -293 -5469 END
START 10792 -3720 20792 25114 343 -5978 END
START 10792 -3460 19620 25043 870 -6411 END
START 10816 -3352 18708 24891 1325 -6923 END
START 10868 -3016 17812 24691 1691 -7390 END
START 11032 -2916 17040 24452 1942 -7867 END
START 11204 -2752 16548 24249 2051 -8389 END
START 11560 -2604 15916 24037 2163 -8906 END
START 11840 -2360 15124 23921 2069 -9606 END
START 11856 -2172 14580 23829 1860 -10277 END
START 11864 -2280 14024 23804 1479 -11070 END
START 11720 -2116 13248 23839 909 -11913 END
START 11760 -1896 12612 23840 333 -12738 END
START 11464 -1624 12148 23762 -373 -13510 END
START 11432 -1512 11328 23690 -1109 -14338 END
START 11208 -1396 10628 23587 -1825 -15102 END
START 10768 -1376 9916 23499 -2545 -15895 END
START 10300 -1356 9396 23400 -3291 -16595 END
START 9784 -1244 8988 23280 -3969 -17249 END
START 9248 -1264 8460 23240 -4590 -17797 END
START 8860 -1192 7680 23119 -5063 -18317 END
START 8328 -1196 6972 23040 -5523 -18805 END
START 7816 -1084 6540 22860 -5863 -19193 END
START 7152 -1044 5504 22663 -6146 -19555 END
START 6636 -912 4788 22433 -6299 -19823 END
START 6240 -864 4296 22101 -6325 -20005 END
START 6140 -708 3732 21748 -6198 -20138 END
START 6060 -576 3100 21286 -5979 -20205 END
START 6204 -216 2388 20760 -5571 -20210 END
START 6336 -28 1728 20164 -5140 -20240 END
START 6324 124 1344 19538 -4678 -20268 END
START 6220 244 740 18865 -4125 -20314 END
START 6116 300 404 18185 -3606 -20410 END
START 5968 396 -32 17489 -3035 -20463 END
START 5920 472 -448 16832 -2542 -20539 END
START 5596 408 -1048 16210 -2051 -20523 END
START 5368 464 -1824 15543 -1563 -20526 END
START 5448 612 -2412 14894 -1111 -20473 END
START 5384 740 -3192 14120 -649 -20415 END
START 5376 980 -4008 13315 -297 -20358 END
START 5256 1052 -4508 12373 46 -20363 END
START 5408 1260 -5172 11379 307 -20413 END
START 5344 1336 -5552 10202 514 -20508 END
START 5332 1380 -5980 9074 708 -20650 END
START 5000 1364 -5864 7840 801 -20759 END
START 4856 1312 -6120 6664 815 -20878 END
START 4560 1308 -5820 5570 744 -21014 END
START 3968 1084 -5652 4475 672 -21093 END
START 3440 940 -5380 3489 479 -21088 END
START 2776 776 -5184 2600 265 -21095 END
START 2088 592 -4928 1833 -32 -20953 END
START 1412 492 -4644 1187 -423 -20814 END
START 876 436 -4684 585 -769 -20610 END
START 432 236 -4488 31 -1161 -20423 END
START 56 40 -4580 -537 -1642 -20217 END
START -148 128 -4872 -1141 -2008 -20028 END
START -616 -200 -4856 -1799 -2486 -19833 END
START -1116 -400 -5192 -2466 -2905 -19569 END
START -1556 -432 -5332 -3187 -3397 -19281 END
START -1896 -500 -5540 -3955 -3805 -18900 END
START -2148 -492 -5856 -4785 -4091 -18506 END
START -2528 -544 -6072 -5652 -4295 -18084 END
START -2896 -620 -6344 -6555 -4376 -17627 END
START -2944 -692 -6700 -7538 -4372 -17238 END
START -2916 -620 -6848 -8555 -4225 -16828 END
START -3116 -760 -6876 -9656 -4052 -16421 END
START -3096 -748 -7040 -10725 -3835 -16104 END
START -3260 -668 -6844 -11987 -3541 -15728 END
START -3516 -676 -6556 -13197 -3328 -15412 END
START -3868 -692 -6244 -14486 -3142 -14993 END
START -4264 -908 -6012 -15399 -2961 -14554 END
START -4548 -872 -5544 -16573 -2869 -14076 END
START -4776 -980 -4896 -17625 -2777 -13559 END
START -5108 -996 -4508 -18542 -2743 -13042 END
START -5336 -1128 -4104 -19396 -2699 -12528 END
START -5496 -1304 -3648 -20194 -2756 -12010 END
START -5760 -1576 -3372 -20969 -2836 -11435 END
START -5796 -1668 -3040 -21723 -2883 -10878 END
START -5636 -1564 -2896 -22438 -2911 -10332 END
START -5216 -1564 -2336 -23263 -2722 -9783 END
START -4784 -1604 -2348 -24066 -2473 -9331 END
START -4456 -1656 -1824 -24957 -2102 -8908 END
START -4188 -1892 -1344 -25717 -1760 -8545 END
START -4324 -2024 -816 -26492 -1452 -8236 END
START -4248 -2288 -228 -27158 -1214 -7910 END
START -4092 -2360 404 -27823 -937 -7697 END
START -4232 -2332 988 -28381 -740 -7484 END
START -4288 -2416 1572 -28920 -647 -7356 END
START -4820 -2436 2344 -29450 -714 -7149 END
START -5128 -2584 3032 -29877 -998 -6907 END
START -5668 -2720 3620 -30265 -1383 -6637 END
START -5828 -2752 4356 -30678 -1864 -6301 END
START -6176 -2844 5256 -31078 -2345 -5962 END
START -6276 -3016 5848 -31520 -2834 -5590 END
START -6288 -3080 6904 -31968 -3271 -5205 END
START -6432 -3284 7832 -32444 -3535 -4845 END
START -6352 -3336 8952 -32768 -3560 -4503 END
START -6384 -3632 10084 -32768 -3504 -4192 END
START -6576 -3940 11556 -32768 -3248 -3908 END
START -6756 -4348 13264 -32768 -2908 -3548 END
START -7260 -4800 14624 -32768 -2532 -3239 END
START -7736 -5040 15876 -32768 -2197 -2774 END
START -8360 -5380 17172 -32768 -1966 -2301 END
START -8848 -5572 18428 -32768 -1785 -1773 END
START -9604 -5824 19580 -32768 -1693 -1141 END
START -10036 -5868 20820 -32768 -1766 -464 END
START -10420 -6228 22136 -32768 -1995 281 END
START -10896 -6560 23864 -32662 -2462 1021 END
START -11096 -7000 25140 -32381 -2971 1767 END
START -10772 -6904 26456 -32017 -3521 2527 END
START -10500 -7440 28172 -31803 -3992 3160 END
START -10244 -7920 29892 -31514 -4505 3772 END
START -10020 -8108 31876 -31168 -4956 4310 END
START -9692 -8072 32767 -30786 -5156 4843 END
START -9376 -8200 32767 -30350 -5159 5321 END
START -8820 -8772 32767 -29656 -5136 5820 END
START -8244 -9196 32767 -28893 -4752 6222 END
START -7904 -9708 32767 -27954 -4500 6575 END
START -7616 -10508 32767 -26852 -4202 6916 END