START 17068 8964 -17516 4330 2916 4023 END
START 2876 2832 -11960 914 -2016 2631 END
START 648 992 -10812 -1652 -4587 3781 END
START -324 612 -9992 -4665 -4997 5773 END
START 6224 716 -11988 -8718 -3644 5977 END
START 7588 636 -10980 -11719 -261 4927 END
START 7772 600 -11584 -14786 2670 3017 END
START 6600 -160 -12472 -18053 4883 718 END
START 4560 -1756 -12896 -21914 5905 -786 END
START 2856 -3424 -11796 -25473 5145 -1408 END
START 2520 -5456 -10556 -29137 5355 -1944 END
START 1740 -7808 -9492 -32768 7399 -2788 END
START -476 -10584 -6728 -32768 9176 -3032 END
START -1516 -12864 -3868 -32768 9754 -3332 END
START -3404 -14904 -760 -32768 8393 -3714 END
START -5824 -15444 2980 -32768 3077 -2681 END
START -6156 -15932 10412 -32768 -2676 571 END
START -1552 -15560 22068 -32768 -2265 2764 END
START 1636 -15224 32767 -32768 3097 3180 END
START 3884 -13596 32767 -32768 12214 1404 END
START -1640 -12752 32767 -32768 15468 -1172 END
START -6104 -11924 32767 -32768 10643 -741 END
START -8232 -10256 32767 -27057 4407 2675 END
START -4776 -8356 32767 -18598 547 7299 END
START 2728 -5132 32767 -10893 100 8846 END
START 6016 -3556 32767 -3821 138 7813 END
START 5732 -3188 32767 2517 -3272 7393 END
START 7728 -3828 32767 9640 -8345 7343 END
START 10820 -4760 32767 16618 -12886 5857 END
START 11976 -5624 32767 23368 -15540 3876 END
START 11948 -6524 32767 29346 -15829 1311 END
START 11532 -6840 32767 32767 -15786 -1134 END
START 11148 -6876 26412 32767 -15067 -3867 END
START 9676 -7192 19436 32767 -13299 -5773 END
START 9192 -6448 15012 32767 -12715 -7569 END
START 9600 -5744 10052 32767 -11756 -10144 END
START 8784 -4908 5080 32767 -10117 -12647 END
START 6384 -4112 1216 32767 -9498 -13771 END
START 7208 -2656 -2760 31562 -11564 -14900 END
START 7208 -1488 -5436 27833 -13441 -17216 END
START 6652 -1304 -6128 23832 -13478 -19694 END
START 4732 -1408 -6764 19824 -10202 -21269 END
START 3660 -1688 -8356 15256 -5437 -22017 END
START 1788 -2028 -10224 10237 566 -21470 END
START -24 -1636 -14532 3446 4631 -19647 END
START -548 -1184 -18688 -4961 5039 -18365 END
START -1596 -2032 -17332 -13133 527 -18204 END
START -1892 -3400 -14408 -18483 -4026 -18077 END
START -1500 -4568 -12232 -22206 -6168 -17430 END
START 24 -4660 -12976 -27640 -3272 -16900 END
START -928 -6004 -12400 -32768 3693 -16449 END
START -3424 -7844 -13640 -32768 10006 -15572 END
START -8284 -11156 -12356 -32768 9223 -14934 END
START -11276 -15204 -12612 -32768 2466 -12507 END
START -13964 -20460 -7428 -32768 -2034 -8928 END
START -17344 -24780 4288 -32768 -2009 -2264 END
START -19460 -27412 17996 -32768 5807 6440 END