START -244 6580 -6200 5853 861 78 END
START -2280 2416 -9668 6122 1097 155 END
START 1772 10428 -5156 3396 415 394 END
START -48 4916 -9860 3608 811 289 END
START -2028 5068 -5892 2263 231 451 END
START 264 5500 -8232 1508 -568 601 END
START -2440 5092 -5624 605 -1387 652 END
START -1836 5184 -6592 -181 -1537 794 END
START -612 5224 -8504 -988 -1630 897 END
START -1400 4908 -7324 -1688 -1969 999 END
START -1472 4760 -6824 -2292 -2090 1179 END
START -1012 4464 -7284 -2984 -2503 1415 END
START -1320 4036 -6524 -3571 -2326 1628 END
START -644 3756 -7100 -4106 -2318 1824 END
START -940 3424 -6424 -4522 -2153 2020 END
START -576 3312 -6760 -4869 -1943 2253 END
START -848 3380 -6500 -5265 -1722 2460 END
START -124 3384 -7232 -5712 -1347 2745 END
START -400 3376 -6844 -6234 -1058 2981 END
START 56 3292 -7304 -6752 -637 3196 END
START 68 3380 -7568 -7340 -202 3332 END
START 8 3152 -7532 -7964 288 3438 END
START 32 3104 -7712 -8641 789 3535 END
START 44 3008 -7960 -9315 1314 3667 END
START -264 2988 -7724 -10030 1766 3815 END
START -392 2924 -7528 -10683 2192 4009 END
START -592 2896 -7424 -11262 2459 4197 END
START -1052 2876 -7332 -11788 2601 4480 END
START -1356 2868 -7128 -12212 2632 4769 END
START -1532 2752 -7120 -12658 2502 5008 END
START -1736 2832 -7020 -13079 2375 5250 END
START -1764 2644 -7196 -13485 2133 5477 END
START -1868 2556 -7020 -13864 1834 5701 END
START -1844 2260 -7036 -14200 1426 5917 END
START -1988 2212 -7144 -14553 997 6124 END
START -2232 2200 -6964 -14808 514 6236 END
START -2368 2304 -6956 -15029 -114 6403 END
START -2516 2348 -7120 -15603 -682 6580 END
START -2608 2336 -6920 -16037 -1320 6711 END
START -2540 2148 -6668 -16420 -1868 6902 END
START -2540 1860 -6584 -16752 -2438 7023 END
START -2532 1620 -6572 -17084 -3053 7208 END
START -2508 1776 -6464 -17453 -3560 7361 END
START -2744 1732 -6388 -17797 -4095 7549 END
START -2792 1872 -6152 -18156 -4599 7801 END
START -2660 1764 -6216 -18505 -4960 8043 END
START -2880 1728 -6200 -18881 -5363 8317 END
START -2832 1696 -6064 -19258 -5694 8612 END
START -3016 1596 -5664 -19702 -6130 8970 END
START -3136 1584 -5524 -20175 -6548 9312 END
START -3072 1420 -5220 -20676 -6888 9677 END
START -2456 920 -5464 -21157 -6858 10138 END
START -2752 1092 -5000 -21599 -6830 10578 END
START -2736 1220 -4832 -22159 -6802 11075 END
START -2816 1252 -4380 -22725 -6794 11569 END
START -2488 1040 -4476 -23349 -6678 12091 END
START -2296 876 -4260 -24066 -6378 12865 END
START -2132 532 -4352 -24807 -6023 13078 END
START -2244 232 -3976 -25626 -5810 13912 END
START -2064 44 -3724 -26487 -5564 14560 END
START -1880 36 -3540 -27386 -5216 15238 END
START -1348 -4 -3420 -28381 -4790 15980 END
START -1020 -248 -2708 -29358 -4393 16662 END
START -672 -160 -1880 -30414 -3867 17396 END
START -72 -124 -1552 -31304 -3442 18016 END
START 472 -120 -776 -32299 -2991 18576 END
START 1024 -236 104 -32768 -2534 19045 END
START 1484 -236 1228 -32768 -2199 19408 END
START 1936 -360 2352 -32768 -1951 19732 END
START 2432 -480 3528 -32768 -1744 20028 END
START 3196 -324 4784 -32768 -1540 20221 END
START 3584 -252 5940 -32768 -1326 20406 END
START 4432 -108 6980 -32768 -1116 20484 END
START 5336 -144 8496 -32768 -715 20510 END
START 5904 -140 9564 -32768 -416 20409 END
START 6008 344 10916 -32768 -103 20384 END
START 6628 -280 11680 -32768 326 20131 END
START 6992 44 13260 -32768 296 19759 END
START 8196 68 13760 -32768 634 19393 END
START 8748 136 14620 -32768 932 18969 END
START 9124 324 15544 -32768 1421 18590 END
START 9680 472 16864 -32768 1774 18158 END
START 10304 508 17640 -32768 2106 17687 END
START 10860 704 18772 -32768 2425 17107 END
START 11748 808 19388 -32768 2757 16445 END
START 12160 1028 20164 -32768 3052 15674 END
START 12448 1092 21124 -32768 3323 14826 END
START 12652 1104 22124 -32768 3592 13911 END
START 12600 940 22976 -32768 3783 13017 END
START 12180 1000 24284 -32768 3788 12367 END
START 11724 960 25196 -32768 3763 11398 END
START 11244 1172 26012 -32768 3670 10727 END
START 10832 1068 26940 -32768 3531 10070 END
START 10456 1156 27724 -32768 3502 9516 END
START 10112 1072 28460 -32768 3559 9038 END
START 9792 884 29356 -32768 3657 8615 END
START 9320 780 30276 -32768 3799 8315 END
START 8780 672 31388 -32768 3935 8095 END
START 8280 464 32200 -32768 4038 7940 END
START 7796 364 32767 -32486 4120 7912 END
START 7472 88 32767 -31818 4148 7861 END
START 7092 -72 32767 -31115 4203 7911 END
START 6724 -72 32767 -30354 4295 7997 END
START 6464 16 32767 -29512 4360 8107 END
START 6216 132 32767 -28707 4403 8256 END
START 6296 24 32767 -27798 4477 8454 END
START 6556 -16 32767 -26895 4559 8677 END
START 6892 144 32767 -25998 4687 8808 END
START 7092 236 32767 -25036 4840 8982 END
START 7424 240 32767 -24034 4923 9133 END
START 7804 408 32767 -23051 4990 9248 END
START 8240 416 32767 -22046 5052 9254 END
START 8828 468 32767 -21038 5106 9216 END
START 9192 704 32767 -19920 5237 9086 END
START 9740 672 32767 -18842 5306 8926 END
START 10304 684 32767 -17787 5469 8721 END
START 10844 892 32767 -16708 5602 8489 END
START 11208 1016 32767 -15601 5733 8229 END
START 12116 556 32767 -14639 5879 7734 END
START 11628 1696 32767 -13091 5961 7466 END
START 12388 2152 32767 -12454 6051 7356 END
START 12428 1632 32767 -11484 6123 7023 END
START 13224 1028 32767 -10618 6346 6495 END
START 13408 1096 32767 -9603 6219 5861 END
START 13396 1668 32767 -8636 6048 5318 END
START 13576 1956 32767 -7683 5799 4770 END
START 13420 1888 32767 -6758 5572 4230 END
START 13552 1904 32767 -5851 5364 3726 END
START 13176 1944 32767 -4864 5092 3219 END
START 13264 2060 32767 -3875 4833 2775 END
START 12892 2084 32767 -2872 4412 2387 END
START 13072 1964 32767 -1797 4097 1983 END
START 12808 1940 32767 -739 3773 1607 END
START 12808 1720 32767 326 3539 1201 END
START 12540 1752 32767 1351 3274 865 END
START 12360 1756 32767 2443 3015 547 END
START 12376 1668 32767 3373 2851 255 END
START 12304 1584 32767 4367 2757 -1 END
START 12128 1580 32767 5318 2650 -201 END
START 12204 1452 32767 6222 2626 -417 END
START 12096 1540 32767 7091 2568 -615 END
START 11972 1564 32767 7914 2493 -818 END
START 11832 1468 32767 8761 2428 -1019 END
START 11888 1408 32767 9567 2309 -1226 END
START 11496 1140 32767 10363 2194 -1444 END
START 11680 960 32767 11174 2020 -1673 END
START 11528 808 32767 11950 1869 -1930 END
START 11408 584 32767 12732 1714 -2118 END
START 11176 436 32767 13545 1557 -2331 END
START 10976 356 32767 14347 1367 -2505 END
START 10820 332 32767 15113 1199 -2704 END
START 10684 276 32767 15832 968 -2847 END
START 10476 80 32576 16482 704 -2996 END
START 10388 -124 32076 17133 477 -3208 END
START 10484 -140 31292 17759 236 -3384 END
START 10428 -276 30716 18312 -13 -3603 END
START 10332 -268 29896 18839 -254 -3775 END
START 10448 -304 29164 19262 -484 -3953 END
START 10456 -376 28520 19648 -563 -4124 END
START 10464 -420 27712 20023 -707 -4319 END
START 10492 -616 27092 20381 -772 -4496 END
START 10396 -752 26588 20794 -827 -4709 END
START 10484 -868 25840 21167 -895 -4927 END
START 10404 -748 25352 21514 -879 -5153 END
START 10308 -748 24744 21867 -918 -5360 END
START 10096 -764 23984 22227 -944 -5548 END
START 10084 -836 23576 22538 -992 -5763 END
START 9928 -892 22928 22878 -1022 -5943 END
START 9692 -1020 22516 23210 -1145 -6155 END
START 9584 -1072 22224 23543 -1253 -6329 END
START 9456 -1136 21460 23853 -1389 -6510 END
START 9320 -1140 20900 24233 -1500 -6602 END
START 9236 -1104 20324 24528 -1622 -6746 END
START 9196 -1076 19780 24800 -1695 -6934 END
START 9172 -1048 19008 25066 -1754 -7091 END
START 9092 -988 18436 25343 -1845 -7248 END
START 9084 -1008 18056 25544 -1986 -7477 END
START 9144 -1024 17492 25762 -2035 -7667 END
START 9228 -996 16772 25942 -2153 -7885 END
START 9060 -840 16180 26135 -2180 -8122 END
START 9276 -784 15388 26254 -2224 -8378 END
START 9012 -628 14476 26381 -2168 -8634 END
START 9020 -648 13912 26467 -2171 -8932 END
START 8912 -584 13052 26584 -2152 -9220 END
START 8892 -576 12528 26653 -2152 -9605 END
START 8872 -452 11772 26707 -2267 -9986 END
START 8740 -464 10972 26683 -2367 -10367 END
START 8648 -652 10300 26641 -2543 -10773 END
START 8432 -536 9616 26622 -2637 -11163 END
START 8400 -300 8852 26534 -2691 -11527 END
START 8304 -252 8228 26432 -2690 -11918 END
START 8272 -88 7408 26335 -2684 -12286 END
START 8376 76 6480 26142 -2637 -12662 END
START 8508 120 6064 25911 -2559 -13090 END
START 8800 180 4932 25625 -2387 -13566 END
START 8864 376 4056 25238 -2233 -14131 END
START 8924 484 3012 24795 -2089 -14721 END
START 8596 620 2192 24174 -2005 -15347 END
START 8388 684 1536 23584 -1980 -15915 END
START 7952 888 496 22836 -2017 -16519 END
START 7468 808 -52 22122 -2091 -17039 END
START 6884 796 -696 21264 -2265 -17489 END
START 6108 808 -1404 20475 -2473 -17849 END
START 5388 880 -1712 19623 -2713 -18109 END
START 4568 784 -2096 18767 -3082 -18263 END
START 3888 860 -2612 17949 -3380 -18303 END
START 3148 784 -2952 17206 -3789 -18229 END
START 2928 848 -3384 16492 -4083 -18139 END
START 2052 836 -3668 15744 -4440 -17970 END
START 1756 832 -4232 15028 -4846 -17793 END
START 1296 892 -4892 14326 -5251 -17607 END
START 868 980 -5608 13561 -5722 -17383 END
START 660 1044 -6376 12754 -6119 -17178 END
START 248 1272 -7260 11875 -6549 -16956 END
START 136 1400 -8068 10853 -6968 -16711 END
START -120 1584 -8764 9709 -7357 -16499 END
START -116 1720 -9364 8411 -7747 -16215 END
START -388 1684 -9828 7036 -8137 -16005 END
START -472 1680 -10420 5550 -8388 -15783 END
START -312 1636 -10632 3894 -8441 -15553 END
START -688 1408 -10704 2235 -8414 -15366 END
START -760 944 -10904 677 -8425 -15143 END
START -1076 680 -10520 -752 -8290 -14960 END
START -1076 724 -10744 -2164 -8115 -14714 END
START -1068 724 -10880 -3527 -7932 -14472 END
START -1520 556 -10552 -4807 -7810 -14221 END
START -1668 464 -10516 -6085 -7704 -13954 END
START -1856 308 -10028 -7464 -7468 -13700 END
START -2108 -8 -9824 -8750 -7339 -13525 END
START -2376 -164 -9576 -9959 -7083 -13243 END
START -2728 -368 -9472 -11149 -6873 -13013 END
START -3196 -432 -8988 -12291 -6707 -12723 END
START -3616 -764 -8384 -13319 -6549 -12370 END
START -3984 -968 -7972 -14377 -6407 -11966 END
START -4428 -1168 -7832 -15084 -6343 -11499 END
START -4864 -1364 -7200 -15956 -6259 -11011 END
START -5128 -1468 -6828 -16765 -6282 -10460 END
START -5388 -1420 -6416 -17545 -6267 -9953 END
START -5648 -1732 -6196 -18234 -6329 -9459 END
START -5704 -1852 -5788 -18915 -6347 -8919 END
START -5748 -1988 -5556 -19544 -6360 -8433 END
START -5724 -2272 -5400 -20098 -6385 -7925 END
START -5676 -2432 -5104 -20611 -6539 -7423 END
START -5756 -2480 -4812 -21138 -6715 -6911 END
START -5788 -2408 -4720 -21698 -6901 -6399 END
START -5812 -2464 -4524 -22389 -7182 -5900 END
START -5712 -2484 -4336 -23070 -7429 -5440 END
START -5860 -2496 -3968 -23875 -7690 -4992 END
START -5880 -2748 -3576 -24664 -7996 -4529 END
START -6288 -2800 -2928 -25438 -8321 -3960 END
START -6552 -2676 -2264 -26167 -8523 -3398 END
START -6648 -2504 -1784 -26862 -8630 -2741 END
START -6656 -2312 -1320 -27488 -8505 -2098 END
START -6648 -2124 -544 -28108 -8286 -1443 END
START -6476 -1960 320 -28688 -7917 -814 END
START -6480 -1780 1356 -29216 -7513 -233 END
START -6508 -1652 2068 -29736 -7061 357 END
START -6352 -1596 2956 -30167 -6486 952 END
START -6404 -1576 4088 -30530 -5899 1512 END
START -6380 -1444 4968 -30862 -5279 2104 END
START -6452 -1380 5744 -31111 -4690 2709 END
START -6648 -1184 6672 -31366 -4114 3321 END
START -6932 -776 7328 -31625 -3688 3941 END
START -6928 -456 8192 -31895 -3253 4561 END
START -7204 -36 9124 -32242 -2939 5148 END
START -6884 180 9956 -32610 -2584 5800 END
START -6380 448 10784 -32768 -2227 6397 END
START -5704 568 11856 -32768 -1736 6940 END
START -5484 632 12788 -32768 -1292 7410 END
START -5072 640 14324 -32768 -791 7778 END
START -4568 704 15808 -32768 -412 8090 END
START -4312 600 17648 -32768 -194 8350 END
START -4136 720 19372 -32768 92 8614 END
START -3172 892 20532 -32768 385 8781 END
START -2956 936 22676 -32768 664 8936 END
START -2064 1136 23836 -32768 1157 9045 END
START -1292 1296 25948 -32768 1583 9053 END
START -884 1588 27616 -32768 2110 8994 END
START -248 1548 29296 -32768 2547 8820 END
START 540 1340 31100 -32768 3048 8586 END
START 1448 1224 32564 -32691 3553 8325 END
START 2232 924 32767 -31979 3922 8008 END