START 20192 6468 -16852 -315 4353 431 END
START 8944 2088 -20116 -4768 1076 -24 END
START 1568 -60 -12972 -8760 -365 113 END
START 6072 124 -14684 -12620 2378 -410 END
START 6516 -544 -15172 -16923 4142 -1572 END
START 7248 -1912 -15392 -21470 4686 -3045 END
START 5988 -3400 -13604 -26177 4575 -5174 END
START 4828 -5488 -12224 -30851 3528 -6983 END
START 3488 -8372 -9112 -32768 2548 -8010 END
START 1820 -11312 -4804 -32768 2275 -8342 END
START 68 -13820 -144 -32768 3326 -8408 END
START -3728 -15744 5268 -32768 2457 -7318 END
START -5644 -17080 11872 -32768 -1707 -5096 END
START -4948 -16416 18812 -32768 -3569 -2973 END
START -2652 -16336 30568 -32768 -1653 -1798 END
START -1708 -14528 32767 -32768 1923 -1914 END
START -2552 -12864 32767 -32768 2305 -2922 END
START -5216 -11336 32767 -30328 -86 -2478 END
START -4876 -9564 32767 -22912 -3502 -603 END
START -3416 -7692 32767 -15726 -4425 1504 END
START -772 -5252 32767 -9047 -2103 2813 END
START -444 -4052 32767 -2998 995 3884 END
START 148 -3592 32767 4304 1650 4969 END
START 1360 -2884 32767 11525 -411 5792 END
START 3328 -2748 32767 18135 -3605 6022 END
START 5524 -3388 32767 23468 -5718 5562 END
START 7392 -4360 32767 27882 -5160 4419 END
START 7864 -5448 32767 31438 -2803 3042 END
START 6520 -6528 30476 32767 -2036 1622 END
START 6372 -7272 23624 32767 -2868 657 END
START 7760 -7064 16816 32767 -3270 -1230 END
START 7760 -6692 11304 32767 -3989 -3814 END
START 8304 -6024 6748 32767 -5453 -7099 END
START 7832 -5768 2712 32767 -6347 -10389 END
START 7768 -4928 -984 32767 -6655 -13634 END
START 6976 -4104 -6500 31047 -3620 -15774 END
START 6972 -2760 -11612 24523 -968 -17719 END
START 6864 -1912 -14544 16155 1904 -20097 END
START 4048 -1892 -14640 8867 2917 -21397 END
START 1892 -2296 -13692 3572 916 -22282 END
START 312 -2644 -11832 108 -1676 -22168 END
START 160 -2784 -11096 -2713 -3197 -21808 END
START -104 -2732 -11260 -5849 -4707 -21466 END
START 52 -2940 -12448 -10276 -5324 -21216 END
START -1072 -3784 -13116 -15614 -6197 -19853 END
START -416 -4672 -11892 -21496 -7132 -18613 END
START -196 -6096 -11204 -26530 -6333 -17323 END
START 712 -7620 -11344 -32768 -4829 -16721 END
START 244 -9932 -10012 -32768 -1009 -16734 END
START -2852 -12760 -7708 -32768 1107 -16752 END
START -7092 -16468 -1436 -32768 1409 -15650 END
START -13332 -20360 8892 -32768 1421 -14072 END
START -18572 -24980 24860 -32768 768 -9790 END