START -2356 2452 -10080 -5198 -6285 8197 END
START 1852 -4912 -26476 -4313 -5010 8931 END
START 1988 6720 -14872 -8266 -6519 9170 END
START -4972 2080 -7896 -8700 -6059 9577 END
START 944 3040 -13552 -10733 -6252 10062 END
START -1516 2788 -10464 -12509 -6502 10221 END
START -132 2876 -11200 -14397 -5616 10511 END
START 1000 2580 -11384 -16356 -5231 10629 END
START -44 1892 -8936 -17988 -4028 10862 END
START 1612 2124 -8960 -19413 -3566 11036 END
START 160 1764 -5880 -20677 -2682 11327 END
START 1912 1832 -6160 -21680 -1942 11555 END
START 1316 1428 -3444 -22401 -1078 11777 END
START 2832 1200 -3488 -22873 -26 11920 END
START 2888 808 -1624 -23064 737 12058 END
START 3096 712 -436 -23067 1651 12115 END
START 3308 700 488 -22926 2057 12260 END
START 3116 772 1908 -22673 2569 12409 END
START 3712 892 1900 -22356 2876 12219 END
START 3160 744 2844 -22009 2998 12126 END
START 3832 776 2608 -21649 3241 12234 END
START 3328 544 3304 -21332 3131 12173 END
START 3680 544 2976 -21065 3099 12053 END
START 3416 532 3708 -20920 2872 11908 END
START 3632 564 3412 -20790 2761 11869 END
START 3512 572 3424 -20671 2490 11744 END
START 3516 520 3380 -20581 2264 11692 END
START 3396 512 3404 -20518 2033 11620 END
START 3692 460 3188 -20399 1780 11428 END
START 3536 248 3196 -20293 1527 11253 END
START 3520 48 2812 -20294 1146 11045 END
START 3176 -176 2904 -20364 737 10814 END
START 2980 -388 2188 -20512 295 10664 END
START 2712 -616 1916 -20808 -265 10480 END
START 2648 -972 1364 -21228 -702 10396 END
START 2436 -1596 904 -21822 -1098 10419 END
START 2236 -1984 -8 -22568 -1392 10514 END
START 2072 -2600 -312 -23485 -1586 10676 END
START 1876 -3044 -472 -24549 -1710 10887 END
START 1748 -3424 -768 -25795 -1764 11163 END
START 1508 -3820 -492 -27142 -1726 11453 END
START 1748 -4224 -660 -28684 -1547 11795 END
START 1600 -4744 96 -30282 -1286 12171 END
START 1624 -5212 892 -31800 -859 12534 END
START 1476 -5780 1884 -32768 -378 12875 END
START 1452 -6172 2688 -32768 354 13001 END
START 1176 -6836 4556 -32768 932 13659 END
START 952 -7132 5724 -32768 1627 14133 END
START 948 -7260 7088 -32768 2351 14731 END
START 784 -7480 8772 -32768 3052 15310 END
START 716 -7548 10376 -32768 3765 15906 END
START 628 -7812 12296 -32768 4361 16478 END
START 844 -7872 14176 -32768 4867 17001 END
START 1036 -8180 16092 -32768 5303 17534 END
START 1376 -8344 18096 -32768 5656 17932 END
START 1952 -8572 19776 -32768 6032 18337 END
START 2540 -8640 21460 -32768 6285 18666 END
START 3500 -8892 22844 -32768 6658 18963 END
START 4424 -8756 24364 -32768 7132 19149 END
START 5324 -8656 25788 -32768 7584 19225 END
START 6388 -8452 27044 -32768 8002 19244 END
START 7208 -8316 28092 -32768 8392 19115 END
START 7984 -8108 29004 -32768 8677 18908 END
START 8756 -7820 29940 -32768 8822 18620 END
START 9348 -7416 30540 -32768 8840 18263 END
START 9924 -6896 30936 -32512 8677 17805 END
START 10448 -6548 31308 -31431 8356 17240 END
START 11004 -6228 31840 -30342 7860 16617 END
START 11432 -5808 31680 -29341 7323 15984 END
START 11800 -5560 31924 -28350 6673 15293 END
START 11896 -5264 31936 -27397 5921 14624 END
START 11888 -5000 31924 -26402 4998 14003 END
START 11940 -4504 31788 -25474 4070 13369 END
START 12148 -4084 31360 -24688 3154 12742 END
START 12128 -3684 31164 -23944 2274 12432 END
START 12360 -3364 30940 -23354 1499 11879 END
START 12620 -2872 30900 -23000 868 11494 END
START 13132 -2260 30952 -22743 318 10990 END
START 13464 -1860 31436 -22533 -7 10541 END
START 13992 -1416 31928 -22395 -206 10001 END
START 14244 -1276 32588 -22160 -249 9442 END
START 14400 -872 32767 -21840 -194 8886 END
START 14640 -600 32767 -21416 -24 8369 END
START 15100 -772 32767 -20755 458 7846 END
START 15196 -572 32767 -20060 941 7335 END
START 15220 -364 32767 -19217 1564 6889 END
START 15168 -276 32767 -18383 2271 6408 END
START 15156 -80 32767 -17570 3009 6013 END
START 15212 40 32767 -16862 3668 5682 END
START 15092 120 32767 -16275 4307 5348 END
START 14944 240 32767 -15674 4837 5090 END
START 15000 336 32767 -15090 5280 4858 END
START 15068 368 32767 -14732 5606 4649 END
START 15140 236 32767 -14404 5867 4381 END
START 15316 84 32767 -13745 6025 4115 END
START 15580 -76 32767 -13199 6078 3811 END
START 15816 -132 32767 -12545 6110 3441 END
START 16176 -172 32767 -11825 6003 3028 END
START 16056 -240 32767 -11071 5882 2565 END
START 16156 -416 32767 -10211 5674 2143 END
START 16140 -484 32767 -9304 5300 1648 END
START 15948 -516 32767 -8301 4902 1164 END
START 15932 -544 32767 -7229 4410 668 END
START 15772 -616 32767 -6128 4015 219 END
START 15708 -644 32767 -5014 3568 -270 END
START 15396 -820 32767 -3776 3043 -761 END
START 15200 -1032 32767 -2556 2508 -1204 END
START 14956 -1220 32767 -1248 1932 -1670 END
START 14956 -1100 32767 -8 1388 -2015 END
START 14796 -1172 32767 1186 916 -2353 END
START 14920 -1264 32767 2353 510 -2697 END
START 14960 -1504 32767 3557 160 -3047 END
START 14928 -1516 32767 4686 -59 -3390 END
START 14892 -1536 32767 5779 -280 -3746 END
START 15020 -1584 32767 6762 -430 -4045 END
START 15004 -1612 32767 7607 -520 -4405 END
START 14944 -1636 32767 8391 -598 -4732 END
START 14960 -1660 32767 9108 -652 -5092 END
START 14984 -1736 32767 9770 -673 -5441 END
START 15056 -1880 32767 10385 -634 -5819 END
START 15024 -1956 32767 10969 -547 -6174 END
START 14932 -2192 32767 11471 -482 -6544 END
START 14728 -2224 32767 12016 -392 -6954 END
START 14524 -2516 32767 12557 -329 -7271 END
START 14424 -2592 32292 13034 -226 -7687 END
START 13856 -2824 31696 13569 -252 -8044 END
START 13820 -3064 31300 14081 -240 -8379 END
START 13328 -3208 30816 14604 -279 -8702 END
START 13144 -3320 30240 15121 -201 -8986 END
START 12928 -3532 29652 15710 -105 -9313 END
START 12788 -3552 29272 16260 76 -9599 END
START 12800 -3732 28484 16779 268 -9910 END
START 12564 -3988 27916 17280 465 -10233 END
START 12604 -4224 27376 17746 611 -10530 END
START 12364 -4216 26764 18194 786 -10879 END
START 12248 -4256 26424 18616 819 -11236 END
START 12144 -4348 25864 19033 899 -11627 END
START 11968 -4476 25496 19465 918 -12018 END
START 11672 -4572 24744 19971 978 -12448 END
START 11420 -4780 24200 20441 1041 -12820 END
START 11040 -4780 23688 21002 1082 -13197 END
START 10784 -4916 22848 21479 1203 -13526 END
START 10644 -4960 22088 21976 1350 -13857 END
START 10160 -5000 21288 22449 1509 -14098 END
START 9952 -5040 20336 22870 1653 -14357 END
START 9688 -5004 19676 23219 1736 -14564 END
START 9156 -5188 18752 23513 1817 -14692 END
START 8868 -5044 17776 23761 1749 -14820 END
START 8532 -5036 16884 23963 1682 -14950 END
START 8268 -5012 16188 24101 1510 -15053 END
START 8028 -5044 15568 24269 1195 -15183 END
START 7844 -5116 14660 24448 781 -15270 END
START 7780 -5000 13536 24587 319 -15338 END
START 7744 -4996 12448 24663 -221 -15471 END
START 7884 -4712 10844 24626 -689 -15585 END
START 8152 -4432 9796 24522 -1194 -15773 END
START 8132 -4052 8752 24249 -1596 -16024 END
START 8248 -3820 7824 23863 -1883 -16302 END
START 8304 -3644 6884 23283 -2134 -16668 END
START 8420 -3500 6256 22796 -2320 -17018 END
START 8328 -3536 5532 22238 -2460 -17435 END
START 8400 -3452 4632 21699 -2549 -17798 END
START 8148 -3344 4152 21135 -2600 -18170 END
START 8096 -3168 3124 20541 -2559 -18539 END
START 8116 -3168 2584 19926 -2487 -18916 END
START 7792 -2996 2016 19251 -2422 -19261 END
START 7476 -3040 1132 18518 -2319 -19622 END
START 6804 -2968 820 17791 -2321 -19914 END
START 6208 -2924 344 16966 -2346 -20169 END
START 5816 -2848 72 16209 -2465 -20367 END
START 5236 -2832 -252 15436 -2578 -20487 END
START 4784 -2544 -384 14655 -2671 -20572 END
START 4632 -2392 -572 13885 -2720 -20589 END
START 4436 -2156 -716 13145 -2679 -20569 END
START 4196 -2092 -592 12424 -2615 -20557 END
START 3992 -2004 -692 11771 -2573 -20526 END
START 3696 -1900 -736 11117 -2469 -20556 END
START 3732 -1824 -824 10500 -2414 -20559 END
START 3576 -1664 -784 9888 -2293 -20590 END
START 3500 -1612 -872 9301 -2194 -20608 END
START 3436 -1488 -984 8760 -1956 -20665 END
START 3312 -1456 -1232 8274 -1786 -20674 END
START 3092 -1520 -1424 7739 -1583 -20659 END
START 2888 -1516 -1656 7305 -1395 -20585 END
START 2676 -1636 -2100 6806 -1290 -20507 END
START 2464 -1376 -2336 6295 -1237 -20382 END
START 2072 -1272 -2736 5721 -1294 -20244 END
START 1812 -1120 -2996 5076 -1430 -20100 END
START 1528 -968 -3280 4419 -1637 -19968 END
START 1208 -880 -3620 3801 -1904 -19794 END
START 996 -884 -3828 3146 -2220 -19631 END
START 828 -936 -4292 2423 -2553 -19415 END
START 968 -760 -4460 1707 -2830 -19188 END
START 908 -716 -4604 983 -3070 -18978 END
START 1188 -584 -4844 194 -3219 -18776 END
START 1512 -420 -4844 -651 -3256 -18610 END
START 1780 -296 -4832 -1500 -3202 -18492 END
START 1936 -188 -4748 -2351 -3049 -18456 END
START 1952 -360 -4568 -3167 -2905 -18480 END
START 1856 -560 -4500 -3881 -2708 -18546 END
START 1336 -656 -4276 -4556 -2606 -18580 END
START 1124 -864 -4488 -5172 -2653 -18607 END
START 948 -724 -4424 -5777 -2694 -18577 END
START 628 -600 -4612 -6361 -2801 -18533 END
START 340 -568 -4780 -7062 -2927 -18451 END
START 100 -444 -4704 -7742 -3059 -18369 END
START -208 -364 -4548 -8590 -3286 -18282 END
START -728 -296 -4552 -9356 -3490 -18144 END
START -1216 -248 -4572 -10154 -3662 -18016 END
START -1744 -228 -4424 -11019 -3894 -17760 END
START -2204 -312 -4160 -11782 -4094 -17492 END
START -2660 -320 -3928 -12534 -4281 -17168 END
START -3144 -336 -3704 -13322 -4508 -16761 END
START -3592 -80 -3704 -14192 -4642 -16310 END
START -3948 8 -3260 -14709 -4860 -15773 END
START -4208 -20 -2844 -15703 -4966 -15226 END
START -4300 -116 -2556 -16522 -5126 -14546 END
START -4432 -68 -2264 -17332 -5228 -13883 END
START -4400 32 -1836 -18187 -5283 -13223 END
START -4284 20 -1304 -19033 -5313 -12613 END
START -3964 96 -720 -19761 -5226 -11968 END
START -3552 96 -324 -20428 -5118 -11438 END
START -3124 48 276 -21103 -4980 -10872 END
START -2784 12 432 -21715 -4800 -10444 END
START -2456 12 848 -22364 -4633 -10066 END
START -2308 92 1056 -23051 -4412 -9726 END
START -2164 48 1440 -23766 -4141 -9440 END
START -2316 0 2028 -24526 -3942 -9170 END
START -2416 -224 2344 -25331 -3700 -8832 END
START -2888 -380 2912 -26207 -3507 -8449 END
START -3244 -588 3716 -27033 -3330 -7969 END
START -3728 -548 4512 -27851 -3109 -7421 END
START -4200 -692 4792 -28644 -2854 -6825 END
START -4512 -1048 5672 -29419 -2452 -6263 END
START -4584 -1240 6384 -30083 -2009 -5638 END
START -4716 -1660 7084 -30702 -1585 -5043 END
START -4876 -2160 8092 -31259 -1337 -4462 END
START -5080 -2508 8788 -31791 -1193 -3886 END
START -5032 -2844 9548 -32317 -1069 -3316 END
START -4868 -3248 10084 -32768 -912 -2813 END
START -4616 -3568 10920 -32768 -768 -2399 END
START -4228 -3816 11632 -32768 -536 -1962 END
START -4268 -4164 12708 -32768 -237 -1596 END
START -4136 -4632 13860 -32768 91 -1292 END
START -4156 -5216 15204 -32768 413 -951 END
START -4004 -5704 16380 -32768 840 -648 END
START -3860 -6004 17768 -32768 1299 -384 END
START -3628 -6580 19292 -32768 1852 -99 END
START -3472 -7040 20700 -32768 2481 129 END
START -3308 -7572 22340 -32768 3027 333 END
START -3364 -8248 24016 -32768 3497 444 END
START -3468 -8964 25736 -32768 3842 554 END
START -3384 -9472 27208 -32768 4121 613 END
START -3848 -9596 28668 -32768 4249 652 END
START -4584 -9896 30300 -32768 4052 686 END
START -5036 -10200 31808 -32768 3618 754 END
START -5708 -10352 32767 -32433 2969 867 END
START -6288 -10448 32767 -31278 2107 1022 END
START -6560 -10540 32767 -29955 1210 1185 END
START -7100 -10572 32767 -28606 213 1379 END
START -7128 -10484 32767 -27166 -704 1631 END
START -7272 -10444 32767 -25554 -1599 1886 END
START -7404 -10612 32767 -23941 -2357 2152 END
START -7512 -10532 32767 -22139 -3143 2471 END
START -7724 -10340 32767 -20299 -3816 2768 END
START -7992 -10104 32767 -18515 -4470 3152 END
START -8136 -9992 32767 -16645 -5067 3645 END
START -8296 -9596 32767 -14788 -5583 4154 END
START -8324 -9428 32767 -13345 -6027 4776 END
START -8312 -9212 32767 -11723 -6396 5443 END
START -7864 -9080 32767 -10197 -6606 6133 END
START -7560 -8564 32767 -8955 -6602 6796 END