START 2468 3644 -5440 16931 -3087 -7282 END
START 4940 -1976 -18256 17747 -2469 -6713 END
START 5544 5820 -9920 14880 -3421 -6748 END
START -1564 3060 -4136 15007 -3148 -6409 END
START 2544 3916 -9460 13471 -3592 -6046 END
START -988 4168 -5680 12377 -4503 -5690 END
START 24 4736 -7444 11038 -4442 -5233 END
START 44 4844 -8088 9936 -4505 -4779 END
START -668 4324 -7236 8852 -4015 -4275 END
START 412 4060 -8408 7920 -3380 -3796 END
START -976 3336 -6560 7107 -2882 -3330 END
START 576 3160 -8204 6407 -1990 -2840 END
START -292 2848 -6856 5782 -1413 -2462 END
START -72 2800 -6952 5193 -616 -2018 END
START 956 2828 -7952 4572 52 -1631 END
START 816 2792 -7748 3899 538 -1309 END
START 1072 2928 -8360 3165 1173 -1052 END
START 1444 3128 -8704 2316 1495 -872 END
START 1380 2968 -8576 1403 1800 -795 END
START 1808 3080 -9008 461 2029 -751 END
START 1340 2792 -8384 -458 2009 -795 END
START 1372 2624 -8344 -1319 2088 -805 END
START 2200 2608 -9376 -2145 2087 -854 END
START 1768 2240 -8736 -3009 2080 -955 END
START 2028 2000 -8992 -3753 1913 -1090 END
START 1612 1624 -8576 -4496 1598 -1251 END
START 1700 1452 -9052 -5241 1332 -1376 END
START 1500 1164 -9060 -5884 944 -1480 END
START 1496 1032 -9288 -6566 617 -1563 END
START 1120 948 -9144 -7290 89 -1582 END
START 904 744 -9024 -7946 -383 -1595 END
START 744 644 -8916 -8680 -889 -1558 END
START 560 428 -8920 -9332 -1423 -1486 END
START 232 176 -8620 -10002 -1791 -1379 END
START 320 -40 -9004 -10615 -2101 -1223 END
START 36 -60 -8628 -11191 -2313 -995 END
START 52 -276 -8800 -11765 -2363 -789 END
START -124 -344 -8588 -12257 -2375 -565 END
START -100 -400 -8576 -12813 -2320 -292 END
START -268 -468 -8440 -13454 -2265 -78 END
START -372 -592 -8340 -14027 -2090 153 END
START -568 -768 -7964 -14863 -1990 399 END
START -836 -916 -7628 -15138 -1902 668 END
START -1184 -1076 -7036 -15879 -1808 950 END
START -1388 -1240 -6572 -16326 -1704 1289 END
START -1760 -1496 -6100 -16737 -1643 1655 END
START -2036 -1664 -5988 -17049 -1619 2028 END
START -2340 -1904 -5772 -17301 -1600 2507 END
START -2576 -2040 -5716 -17434 -1632 3027 END
START -2596 -2140 -5596 -17654 -1710 3533 END
START -2692 -2200 -5716 -17913 -1777 4097 END
START -2748 -2232 -5664 -18265 -1900 4560 END
START -2660 -2236 -5544 -18688 -2165 4971 END
START -2624 -2256 -5712 -19185 -2411 5414 END
START -2468 -2356 -5480 -19707 -2700 5789 END
START -2400 -2460 -5252 -20199 -3026 6140 END
START -2124 -2732 -5156 -20706 -3297 6529 END
START -1884 -2792 -5192 -21237 -3597 6927 END
START -1556 -2828 -5160 -21745 -3879 7293 END
START -1216 -2792 -5092 -22267 -4054 7664 END
START -936 -2836 -5012 -22843 -4162 7949 END
START -540 -2844 -4784 -23484 -4240 8224 END
START -40 -3060 -4692 -24219 -4292 8412 END
START 304 -3128 -4308 -24908 -4271 8604 END
START 628 -3340 -3984 -25663 -4227 8777 END
START 820 -3428 -3840 -26394 -4132 8936 END
START 1252 -3580 -3444 -27194 -4044 9143 END
START 1420 -3628 -2872 -27976 -3916 9358 END
START 1744 -3624 -2488 -28790 -3732 9512 END
START 2044 -3616 -1852 -29587 -3476 9681 END
START 2344 -3704 -1280 -30348 -3132 9819 END
START 2696 -3856 -760 -31102 -2629 9914 END
START 2868 -4112 -200 -31859 -2123 10024 END
START 3032 -4208 700 -32546 -1543 10089 END
START 3016 -4340 1276 -32768 -1010 10160 END
START 3012 -4296 1948 -32768 -469 10253 END
START 2808 -4448 2536 -32768 47 10351 END
START 2908 -4368 3124 -32768 579 10508 END
START 2804 -4320 3808 -32768 1083 10640 END
START 2916 -4436 4448 -32768 1583 10857 END
START 2972 -4496 5344 -32768 2079 11062 END
START 3056 -4464 6344 -32768 2535 11276 END
START 3316 -4712 7180 -32768 3105 11452 END
START 3484 -4736 8180 -32768 3586 11624 END
START 3420 -4844 9424 -32768 4006 11779 END
START 3716 -4768 10452 -32768 4226 11871 END
START 3724 -4620 11560 -32768 4480 12032 END
START 4108 -4640 12352 -32768 4669 12109 END
START 4480 -4716 13780 -32768 4829 12043 END
START 5092 -4880 14880 -32768 4947 11906 END
START 5556 -4736 16184 -32768 5011 11798 END
START 6096 -4632 17400 -32768 5134 11645 END
START 6508 -4492 18744 -32768 5317 11344 END
START 6960 -4372 19900 -32768 5540 11016 END
START 7524 -4208 21204 -32768 5908 10638 END
START 7776 -4200 22476 -32768 6265 10116 END
START 8004 -4224 23572 -32768 6588 9609 END
START 8136 -4212 24656 -32768 6856 9071 END
START 7792 -4300 25812 -32768 7110 8465 END
START 7504 -4272 26652 -32768 7300 7937 END
START 7000 -4164 27540 -32768 7421 7420 END
START 6456 -3988 28716 -32768 7439 6995 END
START 5880 -3820 29440 -32768 7286 6625 END
START 5308 -3844 30276 -32768 7065 6311 END
START 4884 -3648 31012 -32768 6803 6036 END
START 4552 -3708 31772 -32768 6460 5807 END
START 4284 -3752 32588 -32768 6089 5645 END
START 3852 -3756 32767 -32768 5617 5518 END
START 3296 -3808 32767 -32768 5017 5438 END
START 2856 -3900 32767 -32768 4294 5438 END
START 2600 -3952 32767 -32768 3483 5519 END
START 2236 -4056 32767 -32768 2610 5706 END
START 2128 -4128 32767 -32228 1741 5946 END
START 1992 -4168 32767 -31490 973 6271 END
START 2272 -4520 32767 -30718 268 6563 END
START 2456 -4476 32767 -29835 -261 6882 END
START 2584 -4516 32767 -28811 -698 7243 END
START 2728 -4496 32767 -27719 -1048 7601 END
START 2836 -4440 32767 -26505 -1277 7988 END
START 3272 -4588 32767 -25148 -1499 8374 END
START 3972 -4732 32767 -23781 -1546 8670 END
START 4796 -4848 32767 -22351 -1422 8983 END
START 5676 -5000 32767 -20774 -1166 9200 END
START 6392 -4896 32767 -19206 -871 9281 END
START 7260 -4840 32767 -17518 -481 9294 END
START 8148 -4832 32767 -15814 -85 9194 END
START 8540 -4656 32767 -14047 114 9012 END
START 9304 -4304 32767 -12579 248 8708 END
START 9920 -3952 32767 -11021 237 8315 END
START 10500 -3588 32767 -9610 142 7779 END
START 10872 -3436 32767 -8423 -90 7209 END
START 11224 -3428 32767 -7266 -390 6625 END
START 11536 -3300 32767 -6209 -746 6109 END
START 11576 -3276 32767 -5208 -1188 5639 END
START 11752 -3220 32767 -4326 -1665 5210 END
START 11896 -3180 32767 -3372 -2225 4871 END
START 12000 -3064 32767 -2431 -2872 4507 END
START 12160 -3132 32767 -1363 -3587 4166 END
START 12312 -3052 32767 -322 -4379 3806 END
START 12532 -2812 32767 780 -5083 3463 END
START 12876 -2516 32767 1762 -5658 3093 END
START 13016 -2044 32767 2734 -6065 2736 END
START 13264 -1728 32767 3688 -6341 2366 END
START 13496 -1600 32767 4631 -6490 1971 END
START 13636 -1496 32767 5496 -6600 1609 END
START 13684 -1372 32767 6363 -6549 1254 END
START 13716 -1196 32767 7272 -6494 939 END
START 13740 -1152 32767 8210 -6379 640 END
START 13688 -1120 32767 9112 -6300 407 END
START 13672 -1100 32767 9981 -6300 182 END
START 13664 -1116 32767 10854 -6322 -30 END
START 13976 -984 32767 11620 -6359 -254 END
START 14276 -1004 32767 12314 -6367 -510 END
START 14492 -896 32767 12995 -6391 -748 END
START 14936 -764 32767 13567 -6338 -1050 END
START 15344 -672 32767 14111 -6261 -1381 END
START 15876 -780 32767 14695 -6112 -1717 END
START 16164 -820 32767 15292 -5859 -2137 END
START 16492 -832 32767 15943 -5708 -2617 END
START 16660 -880 32767 16575 -5509 -3133 END
START 16880 -908 32767 17243 -5408 -3713 END
START 16744 -1048 32684 17912 -5287 -4345 END
START 16792 -1072 31780 18580 -5160 -5032 END
START 16632 -1164 31144 19211 -5071 -5653 END
START 16496 -1128 30336 19844 -5004 -6344 END
START 16232 -1348 29648 20399 -4952 -7002 END
START 16008 -1452 28976 20959 -4913 -7634 END
START 15808 -1472 28248 21475 -4868 -8280 END
START 15516 -1568 27520 21992 -4884 -8914 END
START 15248 -1756 26684 22521 -4795 -9577 END
START 14920 -2016 25860 23017 -4699 -10255 END
START 14636 -2036 24924 23510 -4463 -10861 END
START 14492 -2112 24164 24024 -4016 -11461 END
START 14112 -2220 23196 24505 -3500 -12010 END
START 13812 -2264 22124 24931 -2851 -12564 END
START 13332 -2460 20968 25234 -2189 -12962 END
START 12784 -2556 20124 25509 -1514 -13358 END
START 12236 -2700 19028 25731 -926 -13710 END
START 11716 -2764 18052 25916 -366 -13975 END
START 11212 -2932 16948 26011 60 -14169 END
START 10520 -3172 15608 26162 402 -14309 END
START 9988 -3196 14440 26248 535 -14413 END
START 9092 -3488 13116 26324 486 -14429 END
START 8700 -3376 11540 26356 287 -14417 END
START 8472 -3188 9860 26193 58 -14384 END
START 8348 -2820 8068 25862 -186 -14393 END
START 8272 -2440 6436 25266 -340 -14481 END
START 8304 -2144 5152 24438 -466 -14590 END
START 8260 -1624 3852 23414 -527 -14799 END
START 8364 -1280 2692 22290 -536 -15017 END
START 8240 -1116 1960 21039 -407 -15327 END
START 8384 -1108 1252 19799 -229 -15634 END
START 8176 -1188 984 18717 -12 -15987 END
START 7892 -1380 356 17759 134 -16270 END
START 7536 -1508 -184 16839 204 -16545 END
START 7220 -1520 -404 16043 305 -16799 END
START 6936 -1388 -1024 15223 346 -17048 END
START 6444 -1160 -1604 14351 360 -17348 END
START 6208 -1080 -1752 13494 299 -17625 END
START 5788 -876 -1864 12544 215 -17958 END
START 5448 -884 -2096 11601 127 -18244 END
START 5244 -1012 -1872 10721 37 -18519 END
START 5012 -1080 -1940 9963 12 -18807 END
START 4492 -1240 -1904 9285 11 -19034 END
START 3860 -1252 -2008 8790 19 -19219 END
START 3580 -1264 -2140 8410 31 -19269 END
START 3128 -1448 -2516 8057 110 -19339 END
START 2736 -1372 -2900 7634 162 -19369 END
START 2132 -1428 -3312 7188 249 -19370 END
START 1516 -1292 -3684 6676 259 -19365 END
START 912 -1120 -3972 6152 184 -19242 END
START 108 -1128 -4336 5640 -15 -19078 END
START -204 -1240 -5096 5208 -228 -18855 END
START -468 -1140 -5928 4825 -591 -18545 END
START -532 -1256 -6968 4246 -760 -18330 END
START -652 -1284 -8184 3586 -1121 -18135 END
START -1024 -1192 -8864 2889 -1576 -17941 END
START -1452 -1136 -10016 2053 -2229 -17675 END
START -1504 -944 -11288 961 -2917 -17340 END
START -1548 -664 -12344 -213 -3492 -17096 END
START -1488 -236 -13284 -1720 -3798 -16842 END
START -1336 -160 -13816 -3428 -3949 -16624 END
START -1292 -136 -13876 -5367 -3991 -16433 END
START -1656 -16 -13472 -7208 -3885 -16212 END
START -1996 -156 -13036 -8926 -3796 -15918 END
START -2328 -320 -12504 -10502 -3512 -15555 END
START -2736 -536 -11904 -11818 -3199 -15146 END
START -3592 -812 -10568 -12851 -3260 -14618 END
START -3160 -868 -10084 -13778 -2798 -14182 END
START -3508 -1632 -10272 -14360 -2611 -13739 END
START -4092 -2200 -10072 -14999 -2419 -13302 END
START -5208 -2076 -9088 -15838 -2489 -12689 END
START -5620 -2428 -9552 -16132 -2734 -11918 END
START -7048 -2408 -8444 -16700 -3501 -10984 END
START -7412 -2284 -8220 -17279 -4154 -10033 END
START -7600 -2196 -7784 -17953 -4483 -9060 END
START -7604 -2068 -7932 -18617 -4670 -8167 END
START -8064 -2056 -6752 -19336 -4856 -7189 END
START -8400 -1984 -5304 -19991 -4889 -6294 END
START -7980 -2144 -4348 -20298 -4973 -5378 END
START -7672 -1940 -3576 -20536 -4727 -4382 END
START -7600 -1896 -2952 -20642 -4415 -3453 END
START -7352 -2308 -2400 -20433 -3980 -2487 END
START -7380 -2500 -1608 -20210 -3605 -1560 END
START -7080 -2772 -1504 -19901 -3268 -584 END
START -7044 -2864 -1348 -19607 -2981 348 END
START -6996 -2804 -1156 -19518 -2753 1284 END
START -6520 -2720 -1536 -19503 -2566 2160 END
START -6080 -2444 -1320 -19664 -2382 3024 END
START -5696 -2208 -1428 -19832 -2197 3863 END
START -5008 -1852 -1564 -20253 -1949 4598 END
START -3916 -1512 -1436 -20752 -1528 5249 END
START -3168 -1340 -1056 -21356 -1011 5755 END
START -2220 -1112 -1104 -22104 -332 6178 END
START -1368 -952 -392 -22856 306 6439 END
START -424 -908 -24 -23711 967 6549 END
START 96 -916 408 -24525 1545 6524 END
START 600 -1144 1664 -25369 1881 6396 END
START 1152 -1428 2740 -26349 2123 6188 END
START 1456 -1604 4220 -27278 2095 5858 END
START 1760 -1888 5860 -28274 1975 5522 END
START 1980 -1924 7784 -29242 1676 5101 END
START 2224 -1996 10124 -30133 1437 4624 END
START 2788 -2108 12740 -30889 1170 4120 END
START 3212 -2636 15412 -31467 988 3584 END
START 3824 -3400 18300 -31725 934 2990 END
START 4104 -4168 21364 -31809 887 2339 END
START 4240 -4864 24300 -31659 820 1636 END
START 4072 -5464 26984 -31294 765 897 END
START 3692 -5920 30124 -30823 478 187 END
START 3364 -6040 32767 -30139 156 -479 END
START 2980 -6180 32767 -29306 -186 -1061 END
START 2484 -6600 32767 -28310 -544 -1639 END
START 2100 -7308 32767 -27186 -922 -2126 END
START 1392 -7680 32767 -25791 -1572 -2557 END
START 656 -8008 32767 -24205 -2152 -2951 END
START -188 -8292 32767 -22393 -2968 -3248 END
START -932 -8704 32767 -20471 -3762 -3509 END
START -1640 -8900 32767 -18368 -4592 -3638 END
START -2296 -8880 32767 -16251 -5368 -3736 END
START -3280 -8620 32767 -14234 -6095 -3700 END
START -3884 -8632 32767 -12103 -6617 -3541 END
START -4524 -8420 32767 -10099 -7008 -3216 END
START -4968 -8088 32767 -8251 -7033 -2742 END