START 12368 8880 -15936 9201 -2465 3400 END
START 11288 1564 -21216 2496 -3704 1148 END
START 9496 536 -16900 -3472 -1580 -506 END
START 6384 -204 -13908 -6814 -505 -1219 END
START 3760 -824 -11352 -8732 -884 -1817 END
START 924 -636 -9752 -10353 -1241 -2277 END
START 1904 -732 -12740 -13676 -1022 -2889 END
START 2632 -1596 -13320 -18827 170 -3252 END
START 1704 -2696 -11924 -23257 392 -2989 END
START 1968 -3904 -11064 -27176 -413 -2651 END
START 3856 -5508 -10420 -32062 -734 -3361 END
START 3460 -7868 -7312 -32768 355 -4571 END
START 3612 -9928 -4016 -32768 979 -5427 END
START 3876 -12156 600 -32768 2345 -6663 END
START 1660 -14680 5800 -32768 2483 -7907 END
START -4024 -16284 14104 -32768 -1767 -8038 END
START -3168 -18016 23800 -32768 -6130 -6096 END
START -64 -17816 32767 -32768 -148 -5377 END
START -1892 -16964 32767 -32768 10378 -6104 END
START -10400 -17016 32767 -32768 9991 -6719 END
START -14028 -16672 32767 -30196 1360 -4545 END
START -15020 -15484 32767 -19549 -4619 -476 END
START -10092 -12192 32767 -8185 -4675 3913 END
START -8168 -9180 32767 997 -380 6555 END
START -5964 -7524 32767 8073 1273 8800 END
START -2432 -6216 32767 15494 -16 10144 END
START 2608 -6592 32767 22529 -2943 8964 END
START 5168 -6964 32767 29055 -5414 6032 END
START 5752 -7600 32767 32767 -6784 2921 END
START 5632 -8308 28096 32767 -5710 828 END
START 6008 -8076 21496 32767 -2265 -340 END
START 6436 -8044 15384 32767 994 -1501 END
START 6980 -7440 10480 32767 2471 -3011 END
START 8124 -6368 4800 32767 1238 -5214 END
START 8248 -5608 1632 31594 644 -7544 END
START 7912 -5440 312 29687 -6 -9262 END
START 6752 -4760 -696 27961 -2773 -11091 END
START 6500 -4592 -2476 26377 -4734 -12824 END
START 6012 -4084 -4420 24101 -5533 -13962 END
START 5236 -3596 -6812 20626 -4126 -14563 END
START 5164 -3012 -10360 15204 -921 -14529 END
START 2952 -2212 -12852 8264 1638 -14708 END
START 532 -1856 -14112 1758 1439 -14328 END
START -340 -1440 -13936 -4419 -2183 -14900 END
START -132 -1992 -12532 -9907 -5261 -15489 END
START 168 -2360 -11256 -15317 -5171 -16101 END
START -652 -3668 -10256 -19783 -4210 -16407 END
START -1020 -4892 -9748 -24460 -4430 -16293 END
START -1360 -6852 -10328 -29443 -4507 -15632 END
START -1928 -8644 -9032 -32768 -5682 -15240 END
START -3104 -11672 -6752 -32768 -7100 -14522 END
START -5396 -15444 -2904 -32768 -8087 -13337 END
START -7168 -20768 6528 -32768 -6870 -11190 END
START -10432 -25872 22796 -32768 -2828 -8892 END