START 13256 5244 -18016 4070 8331 5460 END
START 10164 1972 -20824 -2187 3771 2875 END
START 8972 320 -16756 -7679 1214 424 END
START 2612 24 -11064 -10348 -526 -407 END
START 2860 -704 -9876 -11781 -158 -821 END
START 4264 -1072 -11312 -13896 2191 -778 END
START 5220 -1540 -12840 -17870 5665 -1247 END
START 4280 -2624 -12992 -23441 9560 -2315 END
START 3192 -4480 -12836 -29172 10951 -3961 END
START 772 -7180 -9836 -32768 8492 -5289 END
START -344 -9060 -5288 -32768 5170 -6237 END
START -1884 -11016 -604 -32768 3848 -5970 END
START -3568 -11728 2576 -32768 5123 -4055 END
START -2964 -12724 5572 -32768 9830 -2734 END
START -3180 -14324 12520 -32768 17071 -2786 END
START -6200 -15840 23940 -32768 21195 -4389 END
START -11052 -15560 32767 -32768 18415 -6974 END
START -11808 -15948 32767 -32768 17956 -8301 END
START -13616 -16660 32767 -32768 26379 -9270 END
START -24592 -15008 32767 -30781 30722 -9129 END
START -32768 -14344 32767 -19986 19260 -4889 END
START -32768 -12156 32767 -4852 4760 4228 END
START -28004 -8676 32767 7559 -441 13758 END
START -16044 -5736 32767 14593 -721 18787 END
START -8436 -4944 32767 21955 -5043 19723 END
START -728 -5128 32767 29724 -10231 17401 END
START 4756 -4992 32767 32767 -12310 13336 END
START 5388 -5000 28140 32767 -13455 8657 END
START 5544 -5424 21540 32767 -15690 4852 END
START 6168 -5712 15528 32767 -16482 986 END
START 6136 -5608 9052 32767 -14340 -2543 END
START 4224 -5500 3240 32767 -12176 -4486 END
START 3092 -3996 -3376 32767 -12883 -5008 END
START 4116 -1700 -6628 32767 -15597 -6735 END
START 3708 -284 -6984 28461 -19575 -8993 END
START 4648 492 -6376 24993 -22904 -11564 END
START 5500 624 -5276 22211 -23992 -14638 END
START 7172 1116 -5484 19040 -19635 -18398 END
START 7252 -184 -7620 13130 -8718 -22523 END
START 2428 -1644 -9332 6669 -202 -22782 END
START -592 -2388 -9832 1459 3034 -21835 END
START -2612 -2924 -10580 -2871 1171 -20287 END
START -2068 -3016 -9456 -6126 -4592 -19700 END
START -48 -3260 -9096 -8671 -8579 -19771 END
START 804 -3660 -9824 -12449 -8615 -20255 END
START 560 -4644 -10384 -16927 -7273 -20474 END
START -1796 -6020 -11388 -22041 -7674 -19007 END
START -1444 -6800 -11976 -27090 -9828 -16863 END
START 1108 -7656 -12492 -32768 -11279 -16069 END
START 3828 -9336 -12160 -32768 -7687 -17265 END
START 2836 -13176 -11420 -32768 -1532 -19333 END
START -3824 -18388 -5488 -32768 -3251 -20318 END
START -12356 -25080 9644 -32768 -10430 -18779 END
START -19752 -32768 32767 -32768 -18253 -12886 END