START 22768 9964 -13644 1816 1782 1334 END
START 11252 1496 -17156 -2092 -740 -31 END
START 7124 320 -12616 -6059 269 -801 END
START -728 -68 -6892 -8680 1489 -1094 END
START 4728 -652 -10432 -10919 2066 -2013 END
START 4456 -1172 -11264 -13333 1296 -2877 END
START 2340 -1948 -10776 -16484 674 -3340 END
START 2624 -2908 -11984 -20176 -203 -3645 END
START 2956 -3980 -11544 -24681 -430 -4388 END
START 2712 -5600 -10360 -29213 -263 -4810 END
START 3024 -7476 -8604 -32768 477 -5143 END
START 2472 -9712 -4716 -32768 1169 -5909 END
START 420 -11660 -680 -32768 176 -6560 END
START -944 -14196 5992 -32768 -2262 -6105 END
START -1028 -15516 13028 -32768 -3066 -5413 END
START -1456 -15404 22212 -32768 -1732 -5278 END
START -3204 -17632 32767 -32768 2563 -4909 END
START -4656 -17440 32767 -32768 3251 -4951 END
START -7580 -16572 32767 -32768 4017 -2813 END
START -9876 -13636 32767 -29673 3970 619 END
START -8472 -10920 32767 -21676 3168 3453 END
START -5732 -6976 32767 -14238 3719 4814 END
START -5480 -4000 32767 -7493 4468 5362 END
START -4660 -1072 32767 -1939 3734 6496 END
START -1532 104 32767 2707 2945 6247 END
START -328 -784 32767 7675 1698 5389 END
START -548 -2720 32767 13793 222 4415 END
START -864 -4832 32767 19723 -839 4500 END
START 260 -6388 32767 25068 307 5304 END
START 1600 -7456 32767 29400 2050 5921 END
START 2552 -8236 29968 32540 1964 5739 END
START 3296 -8120 23912 32767 -249 4691 END
START 5856 -7796 18356 32767 -2044 2707 END
START 7144 -6980 13124 32767 -3762 -502 END
START 9388 -6112 8832 32767 -4515 -3902 END
START 11652 -4564 4484 32767 -3497 -7805 END
START 13660 -2868 -1812 31789 -1518 -13884 END
START 11372 -2336 -8268 25259 -139 -18420 END
START 7968 -2504 -9196 18803 -729 -20404 END
START 8216 -1656 -9024 14481 -1749 -22810 END
START 7080 -1700 -10044 10212 -1229 -26516 END
START 3840 -2424 -11152 5795 -1109 -28458 END
START 868 -3300 -10888 1808 -2540 -28612 END
START 664 -3228 -10984 -2400 -5037 -28076 END
START 628 -3884 -10452 -6758 -6978 -28072 END
START 268 -4768 -9852 -10891 -8565 -28126 END
START -2648 -5988 -8512 -14779 -9668 -26427 END
START -2960 -7084 -9188 -20149 -8536 -22967 END
START -1712 -8392 -10488 -28042 -6405 -19702 END
START -224 -10656 -8476 -32768 -4646 -18738 END
START -1520 -15120 -3976 -32768 -2718 -18510 END
START -3988 -19040 1404 -32768 -3536 -17915 END
START -7880 -22968 8564 -32768 -3569 -16760 END
START -11532 -26232 17592 -32768 -1836 -14991 END
START -21024 -28660 29104 -32768 80 -10752 END