START 8868 4076 -3584 20433 8690 -1658 END
START 12716 -1776 -19576 21296 10859 -1892 END
START 10532 6472 -9440 17989 10386 -2534 END
START 3216 4176 -3192 17779 11062 -2701 END
START 7592 4884 -10336 16148 10660 -2834 END
START 2972 4860 -6852 14884 9847 -2962 END
START 4484 5352 -10496 13359 9480 -2964 END
START 3464 5508 -10428 11855 8511 -3063 END
START 2600 5516 -10292 10329 8009 -3010 END
START 2944 5568 -11268 8918 6743 -2999 END
START 804 5224 -9676 7583 5742 -2877 END
START 1784 5324 -11320 6430 4449 -2685 END
START -24 5080 -9408 5383 3123 -2483 END
START 1036 5416 -10612 4411 2034 -2207 END
START 348 5408 -9428 3636 959 -1952 END
START 1312 5512 -10196 2839 324 -1707 END
START 1316 5372 -9684 2154 -324 -1484 END
START 1684 5160 -9764 1431 -635 -1349 END
START 1948 5248 -9404 764 -822 -1266 END
START 2116 5192 -9520 163 -979 -1180 END
START 1876 4900 -8596 -415 -799 -1132 END
START 2432 4852 -8872 -947 -740 -1116 END
START 1660 4568 -7932 -1389 -565 -1040 END
START 1988 4228 -8524 -1748 -348 -999 END
START 1380 4064 -8028 -2017 -133 -905 END
START 1376 3828 -8468 -2277 83 -697 END
START 1028 3796 -8404 -2503 214 -484 END
START 388 3496 -8560 -2816 320 -88 END
START 304 3080 -9096 -3179 361 287 END
START -248 2568 -8856 -3585 133 628 END
START -436 2332 -9000 -4087 -216 1058 END
START -564 2264 -9496 -4733 -677 1496 END
START -444 2068 -9676 -5505 -1139 1975 END
START -120 1912 -9740 -6297 -1464 2438 END
START 592 1440 -10104 -7286 -1723 2849 END
START 1000 1072 -9920 -8280 -1813 3197 END
START 1712 684 -10036 -9383 -1852 3457 END
START 2224 368 -9268 -10478 -1761 3707 END
START 2808 48 -9168 -11591 -1542 3833 END
START 2996 -388 -8428 -12652 -1311 3964 END
START 3468 -724 -7524 -13597 -987 4043 END
START 3436 -1060 -6872 -14439 -709 4092 END
START 3548 -1288 -6132 -14982 -418 4197 END
START 3432 -1500 -5332 -15863 -345 4280 END
START 3296 -1676 -4496 -16473 -385 4436 END
START 3248 -1916 -3936 -17097 -474 4518 END
START 3144 -2112 -2960 -17665 -677 4617 END
START 3000 -2300 -2208 -18119 -880 4703 END
START 2724 -2612 -1152 -18489 -1254 4838 END
START 2500 -2708 -388 -18805 -1540 5019 END
START 2116 -2684 428 -19004 -1963 5272 END
START 1992 -2768 752 -19129 -2357 5597 END
START 1856 -2824 1324 -19165 -2691 5924 END
START 1932 -2900 1692 -19232 -3032 6318 END
START 2092 -2880 1912 -19266 -3244 6711 END
START 2048 -2852 2224 -19336 -3483 7105 END
START 2396 -2868 2332 -19400 -3521 7456 END
START 2744 -2784 2392 -19579 -3518 7879 END
START 3192 -2768 2668 -19763 -3421 8217 END
START 3852 -2880 2824 -19942 -3328 8480 END
START 4252 -2736 3136 -20085 -3203 8676 END
START 4612 -2784 3324 -20238 -3219 8796 END
START 4956 -2832 3512 -20359 -3227 8827 END
START 5232 -2760 3568 -20453 -3290 8854 END
START 5192 -2716 3496 -20610 -3468 8761 END
START 5196 -2644 3412 -20827 -3623 8680 END
START 5180 -2500 3296 -21085 -3836 8563 END
START 5076 -2464 3380 -21345 -4020 8490 END
START 4748 -2468 3396 -21716 -4276 8447 END
START 4396 -2440 3372 -22069 -4627 8416 END
START 4468 -2300 3348 -22476 -4860 8429 END
START 4416 -2416 3248 -22942 -5073 8458 END
START 4504 -2216 3232 -23416 -5195 8532 END
START 4552 -2216 3360 -24013 -5180 8580 END
START 4504 -2212 3628 -24559 -5150 8641 END
START 4452 -1992 4184 -25156 -5097 8706 END
START 4356 -1988 4376 -25788 -4999 8870 END
START 4408 -1816 4848 -26403 -4859 8957 END
START 4340 -1984 5280 -27000 -4612 9131 END
START 4376 -1952 5728 -27562 -4393 9324 END
START 4280 -2052 6144 -28081 -4136 9572 END
START 4340 -2108 6404 -28553 -3875 9840 END
START 4248 -2244 6888 -29018 -3480 10121 END
START 4068 -2088 7168 -29503 -3081 10345 END
START 3720 -2020 7764 -30072 -2781 10601 END
START 3552 -1992 8288 -30668 -2475 10802 END
START 3648 -1932 8944 -31301 -2121 11018 END
START 3936 -2084 9456 -31961 -1683 11205 END
START 4092 -2204 10360 -32647 -1284 11391 END
START 4284 -2448 11356 -32768 -907 11508 END
START 4752 -2808 12384 -32768 -507 11609 END
START 5124 -2796 13656 -32768 -58 11741 END
START 5500 -3052 15276 -32768 353 11732 END
START 6308 -3004 16628 -32768 842 11750 END
START 6832 -3124 18304 -32768 1368 11623 END
START 7436 -3112 19776 -32768 1822 11386 END
START 7956 -3112 21384 -32768 2381 11126 END
START 8340 -3096 23088 -32768 2856 10682 END
START 8480 -2984 24580 -32768 3240 10232 END
START 8356 -2876 26024 -32768 3560 9766 END
START 8388 -2748 27320 -32768 3789 9248 END
START 8136 -2456 28488 -32768 4074 8785 END
START 8116 -2220 29568 -32768 4231 8357 END
START 8032 -2000 30744 -32672 4354 7951 END
START 7616 -2040 31800 -32212 4350 7595 END
START 7584 -2072 32767 -31751 4341 7261 END
START 7352 -2092 32767 -31290 4191 6970 END
START 7120 -2088 32767 -30820 4017 6778 END
START 6744 -2136 32767 -30301 3787 6637 END
START 6692 -2132 32767 -29751 3589 6586 END
START 6464 -2144 32767 -29172 3423 6563 END
START 6176 -2172 32767 -28525 3257 6570 END
START 6004 -2200 32767 -27789 3096 6658 END
START 5608 -2460 32767 -26895 2926 6795 END
START 5604 -2552 32767 -25928 2774 6943 END
START 5436 -2680 32767 -24805 2643 7159 END
START 5648 -2612 32767 -23569 2542 7397 END
START 6148 -2632 32767 -22238 2553 7645 END
START 6512 -2940 32767 -20677 2645 7891 END
START 7208 -2960 32767 -18923 2667 8082 END
START 7900 -2908 32767 -17042 2753 8215 END
START 8812 -2880 32767 -14969 2827 8251 END
START 10012 -2904 32767 -13185 2887 8129 END
START 10816 -2856 32767 -11019 2999 7858 END
START 11856 -2692 32767 -9055 2954 7401 END
START 12852 -2524 32767 -7100 2886 6811 END
START 13756 -2420 32767 -5249 2804 6089 END
START 14388 -2316 32767 -3456 2711 5238 END
START 15004 -2112 32767 -1759 2566 4345 END
START 15384 -2200 32767 -146 2432 3401 END
START 15396 -2288 32767 1374 2174 2467 END
START 15260 -2364 32767 2839 1949 1610 END
START 14992 -2172 32767 4250 1666 747 END
START 14648 -2364 32767 5491 1459 -2 END
START 13996 -2236 32767 6594 1201 -667 END
START 13632 -2156 32767 7650 941 -1286 END
START 13156 -2176 32767 8585 767 -1829 END
START 12616 -2096 32767 9529 583 -2299 END
START 12216 -1992 32767 10479 509 -2696 END
START 11780 -1948 32767 11451 404 -2983 END
START 11388 -2028 32767 12462 417 -3291 END
START 11180 -2028 32767 13492 489 -3505 END
START 10848 -1948 32767 14564 598 -3727 END
START 10496 -1944 32767 15657 665 -3899 END
START 10136 -1980 32767 16756 701 -4044 END
START 10028 -2008 32767 17807 703 -4139 END
START 9732 -2144 32767 18907 678 -4296 END
START 9792 -2144 32767 19925 629 -4401 END
START 9736 -2300 32767 20887 594 -4511 END
START 9784 -2428 32767 21786 551 -4655 END
START 9932 -2408 32767 22671 526 -4824 END
START 10144 -2484 32476 23490 525 -4993 END
START 10444 -2476 31148 24229 515 -5201 END
START 10600 -2452 29988 24937 490 -5482 END
START 10664 -2388 28908 25530 435 -5770 END
START 10844 -2364 27860 26111 362 -6027 END
START 10760 -2336 26888 26684 210 -6365 END
START 10788 -2204 25720 27107 7 -6691 END
START 10708 -2204 24792 27546 -229 -7028 END
START 10724 -2156 23800 27973 -544 -7390 END
START 10744 -2200 22764 28337 -871 -7747 END
START 10728 -2268 21660 28700 -1221 -8137 END
START 10796 -2156 20696 28976 -1641 -8556 END
START 10752 -2096 19788 29240 -2028 -9016 END
START 10984 -1984 18736 29416 -2382 -9532 END
START 11160 -1832 17684 29571 -2694 -10048 END
START 11344 -1844 16824 29673 -2946 -10593 END
START 11604 -1928 15668 29737 -3176 -11180 END
START 11616 -1836 14472 29782 -3333 -11818 END
START 11812 -1772 13404 29744 -3457 -12429 END
START 11888 -1720 12500 29616 -3565 -13102 END
START 12124 -1724 11364 29504 -3565 -13811 END
START 11988 -1528 10640 29358 -3524 -14560 END
START 11832 -1408 9816 29096 -3465 -15267 END
START 11540 -1476 8972 28837 -3434 -15975 END
START 11196 -1516 8132 28576 -3417 -16744 END
START 10692 -1640 7492 28318 -3415 -17439 END
START 10256 -1604 6668 27983 -3381 -18112 END
START 9704 -1540 5856 27709 -3351 -18688 END
START 9052 -1592 4884 27354 -3304 -19222 END
START 8516 -1516 3972 27000 -3180 -19693 END
START 8052 -1676 3024 26558 -3078 -20098 END
START 7640 -1788 2476 26141 -2970 -20423 END
START 7188 -1612 1224 25645 -2860 -20723 END
START 6764 -1524 304 25028 -2767 -20971 END
START 6608 -1528 -668 24351 -2710 -21262 END
START 6432 -1392 -1512 23559 -2552 -21538 END
START 6048 -1300 -2572 22651 -2407 -21796 END
START 5644 -1148 -3364 21670 -2276 -22046 END
START 4904 -1168 -4188 20618 -2164 -22251 END
START 4388 -1108 -4652 19507 -2091 -22403 END
START 3752 -1020 -5300 18374 -2035 -22495 END
START 3136 -972 -5728 17226 -2034 -22512 END
START 2544 -752 -5784 16082 -2100 -22471 END
START 2040 -888 -6332 14973 -2099 -22341 END
START 1764 -744 -6256 13833 -2244 -22194 END
START 1556 -608 -6776 12754 -2345 -21997 END
START 1608 -460 -6760 11686 -2476 -21819 END
START 1484 -476 -6904 10568 -2650 -21689 END
START 1616 -332 -6956 9522 -2676 -21603 END
START 1284 -320 -6908 8416 -2888 -21576 END
START 1244 -280 -6952 7342 -3109 -21585 END
START 860 -252 -6920 6261 -3316 -21582 END
START 728 -324 -6628 5261 -3547 -21571 END
START 384 -216 -6576 4349 -3696 -21523 END
START 168 -48 -6376 3398 -3785 -21468 END
START -144 -84 -6236 2577 -3825 -21378 END
START -392 -84 -6332 1806 -3808 -21265 END
START -748 -112 -6424 992 -3674 -21017 END
START -1324 -400 -6372 219 -3572 -20823 END
START -1684 -572 -6420 -557 -3511 -20533 END
START -2092 -528 -6580 -1379 -3480 -20271 END
START -2180 -448 -6940 -2265 -3466 -19984 END
START -2428 -328 -7044 -3206 -3531 -19616 END
START -2752 -312 -7344 -4199 -3586 -19242 END
START -2884 -328 -7680 -5214 -3716 -18909 END
START -3016 -376 -7916 -6291 -3852 -18531 END
START -3156 -556 -7680 -7374 -4019 -18181 END
START -3300 -628 -7740 -8422 -4249 -17800 END
START -3372 -688 -7548 -9489 -4450 -17426 END
START -3644 -856 -7496 -10401 -4765 -17045 END
START -4060 -1012 -7064 -11259 -5305 -16595 END
START -4528 -1212 -6752 -11945 -6130 -16056 END
START -4928 -1184 -6608 -12557 -7146 -15519 END
START -5064 -1088 -6932 -13195 -8165 -14937 END
START -5104 -772 -7248 -14077 -9120 -14454 END
START -5028 -480 -7416 -14684 -9808 -14034 END
START -4656 -208 -7516 -16133 -10328 -13586 END
START -4816 -164 -6984 -17502 -10691 -13082 END
START -4676 -188 -6260 -18848 -10908 -12632 END
START -4376 -372 -6160 -20211 -10830 -12097 END
START -4288 -804 -5404 -21403 -10558 -11602 END
START -4308 -1272 -4532 -22468 -10169 -10987 END
START -4640 -1496 -3712 -23295 -9733 -10399 END
START -4548 -1552 -3200 -24087 -9243 -9726 END
START -4544 -1584 -2592 -24794 -8650 -9090 END
START -4288 -1584 -2132 -25495 -7991 -8514 END
START -4024 -1572 -1700 -26205 -7253 -7979 END
START -3996 -1776 -1164 -27025 -6474 -7430 END
START -4044 -1908 -536 -27720 -5866 -6988 END
START -4244 -2256 404 -28427 -5378 -6475 END
START -4452 -2368 992 -28955 -5020 -6018 END
START -4432 -2392 1668 -29490 -4664 -5481 END
START -4328 -2364 2268 -30049 -4390 -4994 END
START -3980 -2304 3080 -30587 -4102 -4520 END
START -3636 -2340 3584 -31157 -3811 -4129 END
START -3264 -2332 4392 -31729 -3426 -3805 END
START -2812 -2452 5260 -32411 -3023 -3603 END
START -2184 -2552 6484 -32768 -2644 -3443 END
START -1600 -2820 7612 -32768 -2083 -3372 END
START -1140 -3108 9168 -32768 -1683 -3357 END
START -804 -3368 10788 -32768 -1285 -3442 END
START -400 -3624 12212 -32768 -712 -3545 END
START -148 -3892 13360 -32768 -22 -3746 END
START -448 -4136 14752 -32768 585 -3941 END
START -1080 -4000 15940 -32768 1064 -4173 END
START -1812 -3960 17196 -32768 1442 -4368 END
START -2220 -3980 17756 -32768 1609 -4511 END
START -3148 -4232 19220 -32768 1525 -4634 END
START -3388 -4364 19520 -32768 1505 -4678 END
START -4220 -4792 20740 -32768 1061 -4721 END
START -4780 -5040 21720 -32768 814 -4639 END
START -4920 -5140 22564 -32768 504 -4530 END
START -5768 -5484 24356 -32768 202 -4352 END
START -5980 -5640 25156 -32768 55 -4119 END
START -6612 -5888 26808 -32768 -191 -3896 END
START -6948 -6232 28700 -32768 -308 -3595 END
START -7120 -6488 29960 -32768 -259 -3287 END
START -7436 -6980 31784 -32768 -21 -2963 END
START -7820 -7220 32767 -32768 177 -2595 END
START -8320 -7520 32767 -32768 489 -2175 END
START -8708 -7900 32767 -32387 722 -1713 END
START -8912 -8672 32767 -31552 981 -1207 END
START -9484 -8680 32767 -30538 1228 -595 END
START -10024 -8624 32767 -29460 1346 36 END
START -10392 -8568 32767 -28232 1402 786 END
START -10696 -8528 32767 -26938 1419 1481 END
START -10332 -8792 32767 -25516 1469 2221 END
START -10008 -8908 32767 -24041 1550 2899 END
START -9180 -8956 32767 -22555 1605 3518 END
START -8912 -8804 32767 -20965 1685 4106 END
START -8452 -8708 32767 -19208 1626 4640 END
START -7980 -8624 32767 -17348 1524 5050 END
START -6952 -8644 32767 -15158 1424 5501 END
START -6592 -8464 32767 -13168 1312 5790 END
START -6264 -8276 32767 -10940 970 6026 END
START -5824 -8128 32767 -8708 462 6235 END
START -5616 -7764 32767 -6518 -80 6402 END
START -5180 -7452 32767 -4279 -669 6594 END
START -4512 -7076 32767 -2108 -1170 6675 END
START -3964 -6736 32767 65 -1531 6755 END
START -3324 -6356 32767 2106 -1791 6776 END
START -2788 -5864 32767 4105 -1943 6788 END
START -2368 -5472 32767 6022 -1971 6809 END
START -2024 -5104 32767 7844 -1876 6774 END
START -1636 -4628 32767 9471 -1631 6772 END
START -1528 -4368 32767 11004 -1351 6821 END
START -1576 -3824 32767 12476 -1127 6851 END
START -1512 -3628 32767 13782 -918 6918 END
START -1416 -3368 32767 15007 -672 7056 END
START -1476 -3136 32767 16093 -385 7202 END
START -1300 -2936 32767 17027 -71 7372 END
START -1072 -2760 32767 17842 300 7586 END
START -728 -2568 32767 18630 806 7888 END
START -388 -2424 32767 19348 1464 8130 END
START -88 -2416 32767 19962 2205 8395 END
START 88 -2220 32767 20607 3001 8661 END
START 364 -2352 32767 21192 3676 8855 END
START 604 -2508 32767 21817 4274 9049 END