START 692 3464 -6028 6804 2379 2450 END
START 4304 -1596 -21192 7780 2306 2830 END
START 3284 5980 -11912 5087 618 3055 END
START -1608 3040 -6512 5183 302 3254 END
START 3508 3876 -13184 3698 -188 3534 END
START -216 3424 -9496 2251 -1323 3653 END
START 1632 3904 -11708 630 -1744 3772 END
START 1428 3640 -11360 -961 -2036 3861 END
START 1788 3616 -11380 -2615 -2362 3936 END
START 1040 3512 -9664 -4126 -2110 4047 END
START 2512 3356 -10800 -5446 -2049 4174 END
START 1452 2856 -8600 -6660 -1405 4311 END
START 2900 2532 -9520 -7761 -819 4395 END
START 1984 1900 -7732 -8589 -3 4465 END
START 2768 1928 -8084 -9398 932 4510 END
START 2112 1720 -6632 -10089 1755 4547 END
START 2268 1668 -6400 -10746 2710 4627 END
START 1852 1676 -5872 -11271 3404 4681 END
START 1464 1468 -5372 -11760 4162 4806 END
START 1344 1476 -5424 -12226 4693 4888 END
START 620 1204 -4664 -12643 5001 5014 END
START 744 1116 -4952 -13044 5288 5201 END
START -32 964 -4216 -13376 5281 5364 END
START 52 920 -4036 -13765 5285 5540 END
START 248 948 -4196 -14089 5188 5718 END
START -192 1032 -3632 -14637 4992 5916 END
START -228 1112 -3472 -14827 4778 6098 END
START -408 1112 -2980 -14811 4365 6287 END
START -428 924 -2596 -15215 3930 6437 END
START -652 648 -2276 -15288 3376 6652 END
START -480 508 -1964 -15312 2751 6818 END
START -612 416 -1728 -15366 2183 7037 END
START -644 540 -1624 -15361 1603 7246 END
START -460 588 -1464 -15343 1001 7509 END
START -180 604 -1460 -15530 477 7715 END
START -68 688 -1296 -15657 -39 8011 END
START 132 708 -1492 -15813 -503 8200 END
START 444 628 -1436 -16040 -858 8444 END
START 848 584 -1320 -16280 -1160 8685 END
START 988 516 -1304 -16509 -1455 8868 END
START 1304 556 -1176 -16813 -1640 9071 END
START 1464 572 -1052 -17105 -1760 9227 END
START 1748 444 -1092 -17431 -1770 9378 END
START 2232 332 -792 -17763 -1727 9512 END
START 2536 212 -744 -18102 -1534 9590 END
START 2776 80 -744 -18392 -1271 9656 END
START 3028 152 -716 -18734 -997 9704 END
START 3172 60 -512 -19083 -667 9803 END
START 3540 160 -680 -19461 -257 9799 END
START 3840 64 -848 -19903 211 9859 END
START 4072 36 -1004 -20383 693 9767 END
START 4408 -152 -908 -20991 1256 9710 END
START 4332 -228 -980 -21715 1754 9523 END
START 4216 -144 -880 -22448 2159 9378 END
START 4228 -164 -660 -23265 2583 9206 END
START 4016 -236 -348 -24020 2901 9048 END
START 3656 -448 240 -24746 3156 8885 END
START 3560 -624 564 -25375 3408 8795 END
START 3440 -844 912 -26014 3502 8643 END
START 3120 -1020 1320 -26514 3573 8536 END
START 2756 -1200 1868 -27080 3466 8497 END
START 2520 -1472 2060 -27549 3295 8524 END
START 2184 -1424 2676 -28039 3091 8598 END
START 1992 -1496 3040 -28566 2891 8705 END
START 1916 -1504 3908 -29050 2656 8817 END
START 2020 -1584 4496 -29528 2460 8851 END
START 2208 -1884 5168 -29938 2303 8899 END
START 2268 -1984 6200 -30222 2149 8816 END
START 2524 -2108 6908 -30433 2022 8775 END
START 2508 -2396 7776 -30583 1895 8675 END
START 2576 -2624 8380 -30644 1789 8617 END
START 2704 -2636 9068 -30713 1632 8627 END
START 2792 -2740 9452 -30788 1570 8615 END
START 3028 -2600 10148 -30835 1528 8626 END
START 3376 -2620 10432 -30844 1602 8622 END
START 3652 -2560 11044 -30928 1727 8566 END
START 3712 -2688 11692 -31023 1829 8548 END
START 3716 -2472 12232 -31148 1895 8519 END
START 3864 -2304 12536 -31303 2026 8575 END
START 3904 -2116 13352 -31471 2137 8632 END
START 4048 -1952 13996 -31698 2343 8643 END
START 4204 -1880 14748 -31831 2540 8669 END
START 4320 -2112 15328 -31945 2715 8633 END
START 4536 -2180 16288 -31943 2869 8587 END
START 5012 -2092 17000 -32002 3052 8457 END
START 5432 -2040 17692 -32040 3196 8420 END
START 5656 -2004 18496 -32185 3326 8315 END
START 5932 -1864 19356 -32349 3483 8192 END
START 6208 -1688 20056 -32521 3664 8088 END
START 6520 -1668 21224 -32633 3929 8039 END
START 6876 -1748 22320 -32761 4114 7875 END
START 6888 -1772 23708 -32768 4227 7751 END
START 7016 -1844 24976 -32737 4292 7630 END
START 7096 -1756 26344 -32582 4327 7539 END
START 7256 -1728 27524 -32425 4426 7576 END
START 7524 -1536 28616 -32243 4531 7595 END
START 7888 -1572 29952 -32083 4706 7730 END
START 8380 -1392 31160 -31953 4967 7881 END
START 9248 -1176 32528 -31889 5298 8082 END
START 10124 -1256 32767 -31758 5873 8246 END
START 11048 -1260 32767 -31585 6525 8347 END
START 12152 -1328 32767 -31343 7372 8347 END
START 13156 -1344 32767 -30931 8388 8276 END
START 14156 -1584 32767 -30238 9410 8118 END
START 14828 -1604 32767 -29410 10429 7871 END
START 15656 -1684 32767 -28238 11354 7475 END
START 16080 -1580 32767 -26872 12194 6991 END
START 16328 -1532 32767 -25428 12709 6439 END
START 16256 -1352 32767 -23806 13292 5809 END
START 16156 -1248 32767 -22096 13227 5159 END
START 16088 -1060 32767 -20374 13133 4463 END
START 15828 -852 32767 -18554 12876 3751 END
START 15596 -820 32767 -16766 12084 3064 END
START 15292 -524 32767 -14860 11151 2352 END
START 15000 -396 32767 -13182 10181 1738 END
START 14952 -284 32767 -11301 9080 1072 END
START 14848 -132 32767 -9448 8013 525 END
START 14984 72 32767 -7663 6945 -65 END
START 14896 220 32767 -5986 5991 -598 END
START 14884 384 32767 -4358 5036 -1056 END
START 14932 560 32767 -2732 4143 -1604 END
START 15264 620 32767 -1185 3420 -2018 END
START 15116 792 32767 241 2794 -2503 END
START 15020 916 32767 1614 2259 -2955 END
START 14948 888 32767 2891 1822 -3326 END
START 14668 948 32767 4176 1439 -3702 END
START 14308 1040 32767 5282 1113 -4065 END
START 14032 1112 32767 6376 844 -4349 END
START 13524 1064 32767 7348 610 -4590 END
START 13372 1144 32767 8233 468 -4770 END
START 13272 1120 32767 9007 338 -4921 END
START 13044 1224 32767 9746 369 -5014 END
START 12984 1132 32767 10393 433 -5135 END
START 12876 1092 32767 11004 527 -5209 END
START 12772 884 32767 11613 692 -5259 END
START 12620 828 32767 12103 833 -5340 END
START 12624 804 32767 12627 1025 -5399 END
START 12432 716 32767 13152 1185 -5532 END
START 12376 520 32767 13635 1330 -5655 END
START 12364 556 32767 14087 1523 -5778 END
START 12244 380 32767 14543 1651 -5954 END
START 12164 132 32767 15011 1735 -6163 END
START 11944 40 32692 15481 1777 -6344 END
START 11724 -88 32248 15980 1797 -6537 END
START 11500 -184 31704 16447 1739 -6783 END
START 11312 -356 30956 16924 1652 -6989 END
START 11088 -404 30404 17410 1562 -7182 END
START 11124 -756 29812 17854 1472 -7445 END
START 11128 -840 29332 18285 1385 -7697 END
START 10980 -812 28736 18716 1358 -7921 END
START 10968 -1008 27956 19181 1389 -8171 END
START 10992 -1016 27576 19652 1458 -8474 END
START 10920 -1168 26844 20197 1484 -8794 END
START 10692 -1532 26224 20741 1468 -9168 END
START 10428 -1648 25544 21267 1422 -9504 END
START 10316 -1712 24948 21855 1302 -9897 END
START 9988 -1868 24224 22344 1121 -10245 END
START 9648 -2092 23576 22871 893 -10626 END
START 9272 -2140 22808 23436 603 -10938 END
START 8952 -2100 22000 23949 258 -11292 END
START 8908 -2268 20892 24484 -139 -11545 END
START 8584 -2260 19892 24959 -604 -11877 END
START 8448 -2292 18852 25367 -1138 -12201 END
START 8224 -2260 17416 25728 -1692 -12516 END
START 8236 -2348 16148 25996 -2279 -12889 END
START 8056 -2204 14976 26205 -2850 -13201 END
START 8008 -2120 13872 26255 -3468 -13582 END
START 7836 -2168 12744 26310 -4072 -13926 END
START 7832 -2084 11664 26301 -4693 -14333 END
START 7904 -1904 10244 26144 -5192 -14666 END
START 8068 -1760 8900 25867 -5617 -15106 END
START 8392 -1516 7624 25477 -5858 -15549 END
START 8508 -1264 6452 24923 -5941 -16026 END
START 8576 -888 5444 24206 -5957 -16544 END
START 8456 -852 4560 23352 -5822 -17035 END
START 8288 -1044 3684 22469 -5644 -17551 END
START 8080 -1056 2856 21631 -5376 -18019 END
START 7588 -872 2300 20706 -5058 -18439 END
START 7036 -812 1848 19877 -4767 -18771 END
START 6424 -652 1392 19020 -4435 -19028 END
START 5740 -640 1088 18202 -4181 -19223 END
START 5320 -500 524 17392 -3949 -19321 END
START 5032 -332 240 16493 -3620 -19366 END
START 4696 -184 72 15634 -3378 -19376 END
START 4388 -48 -92 14729 -3073 -19337 END
START 4320 96 -116 13865 -2753 -19258 END
START 4416 104 -336 13067 -2344 -19201 END
START 4420 188 -224 12268 -1888 -19102 END
START 4324 220 -544 11498 -1393 -19094 END
START 4344 112 -544 10744 -913 -19117 END
START 4160 184 -496 10114 -347 -19100 END
START 3960 24 -348 9503 114 -19170 END
START 3492 -8 -440 8961 459 -19191 END
START 3236 28 -368 8491 757 -19237 END
START 2808 -60 -396 8065 985 -19206 END
START 2624 28 -420 7648 1144 -19195 END
START 2344 -40 -692 7218 1292 -19153 END
START 1824 -172 -880 6828 1348 -19100 END
START 1604 -192 -1116 6433 1374 -19003 END
START 1140 -348 -1060 6096 1281 -18880 END
START 944 -456 -1544 5696 1086 -18740 END
START 512 -368 -1788 5319 800 -18538 END
START 552 -256 -2144 4911 435 -18419 END
START 472 -220 -2308 4455 78 -18278 END
START 128 -116 -2452 3938 -355 -18198 END
START 268 -56 -2688 3371 -791 -18174 END
START 28 -32 -2756 2790 -1233 -18137 END
START -176 -20 -2728 2218 -1714 -18124 END
START -368 -156 -2804 1645 -2151 -18094 END
START -440 -276 -2576 1130 -2541 -18062 END
START -640 -260 -2664 622 -2941 -17990 END
START -864 -376 -2604 228 -3259 -17913 END
START -1060 -360 -2684 -189 -3563 -17791 END
START -1304 -328 -2988 -622 -3792 -17669 END
START -1660 -456 -3108 -1040 -4019 -17520 END
START -2100 -436 -3344 -1499 -4240 -17331 END
START -2520 -416 -3836 -2038 -4389 -17067 END
START -2988 -436 -4164 -2627 -4504 -16773 END
START -3500 -388 -4416 -3306 -4713 -16464 END
START -3920 -504 -4780 -4002 -4836 -16074 END
START -4304 -460 -5312 -4807 -5054 -15642 END
START -4576 -424 -5712 -5685 -5153 -15154 END
START -4904 -428 -5852 -6663 -5168 -14671 END
START -5208 -376 -6220 -7733 -5147 -14201 END
START -5328 -384 -6432 -8855 -5015 -13654 END
START -5776 -356 -6448 -10038 -4825 -13110 END
START -6140 -436 -6424 -11240 -4648 -12538 END
START -6708 -620 -6388 -12428 -4567 -11903 END
START -7284 -844 -6072 -13567 -4668 -11197 END
START -7848 -744 -5892 -14741 -4719 -10419 END
START -8124 -836 -5852 -15709 -4777 -9591 END
START -8304 -932 -5968 -16943 -4522 -8824 END
START -8564 -884 -5588 -18201 -4406 -8083 END
START -8820 -948 -5412 -19332 -4149 -7292 END
START -8936 -1008 -5000 -20657 -3896 -6523 END
START -8884 -1016 -4492 -21993 -3522 -5691 END
START -8884 -1112 -3824 -23431 -2957 -4845 END
START -8724 -1384 -3160 -24713 -2294 -4104 END
START -8692 -1480 -2276 -26036 -1581 -3339 END
START -8504 -1672 -1096 -27247 -901 -2624 END
START -8680 -1796 92 -28295 -283 -1877 END
START -8692 -1880 1264 -29219 243 -1185 END
START -8560 -2052 2300 -30040 822 -464 END
START -8472 -2208 3708 -30675 1243 136 END
START -8272 -2364 4856 -31164 1616 745 END
START -8096 -2524 6056 -31615 1879 1287 END
START -7668 -2540 7328 -31921 2134 1803 END
START -7192 -2692 8332 -32188 2307 2223 END
START -7120 -2680 9772 -32389 2302 2533 END
START -6756 -2832 10596 -32509 2261 2810 END
START -6332 -2904 11656 -32609 2156 2977 END
START -5768 -2768 12776 -32704 1981 3065 END
START -5636 -2856 14144 -32732 1854 3119 END
START -5504 -2848 15372 -32768 1585 3161 END
START -5340 -2676 16516 -32764 1323 3170 END
START -5344 -2712 18096 -32701 1123 3157 END
START -5364 -2996 19436 -32549 877 3095 END
START -5260 -2932 20852 -32251 464 3081 END
START -5184 -3012 22284 -31795 155 3073 END
START -4912 -2940 23256 -31328 -54 3031 END
START -4696 -3148 24700 -30757 -205 2956 END
START -4608 -3400 25936 -30067 -335 2909 END
START -4540 -3512 27104 -29355 -527 2879 END
START -4524 -3692 28020 -28563 -719 2820 END
START -4504 -3728 29212 -27789 -902 2778 END
START -4360 -3756 30164 -27026 -1064 2720 END
START -4340 -3920 31004 -26227 -1158 2703 END
START -4180 -3860 31672 -25502 -1157 2696 END
START -4300 -3868 32767 -24739 -1059 2718 END
START -4292 -4180 32767 -23895 -983 2756 END
START -4492 -4028 32767 -23059 -1050 2780 END
START -4752 -4236 32767 -22110 -1195 2919 END
START -4960 -4208 32767 -21145 -1538 3107 END
START -5176 -4224 32767 -20152 -1896 3327 END
START -5132 -4192 32767 -19109 -2333 3528 END
START -5024 -4092 32767 -18060 -2696 3707 END
START -4784 -3856 32767 -17046 -3033 3951 END