START 13632 9876 -11908 3948 4467 950 END
START 6716 4112 -21300 1217 -5005 2287 END
START -3596 828 -10088 -4256 -9432 2511 END
START -1600 -608 -9016 -8631 -7335 3268 END
START 1292 -1368 -9144 -12932 -3845 3498 END
START 4992 -2356 -11636 -17338 -1075 2311 END
START 5060 -3048 -11096 -21439 60 587 END
START 4492 -3920 -10820 -24106 -104 -950 END
START 3124 -4792 -10852 -27340 -1578 -1913 END
START 2508 -5900 -10524 -31010 -3268 -2054 END
START 3576 -7148 -10596 -32768 -3043 -2154 END
START 3748 -9708 -9956 -32768 247 -2360 END
START 2132 -12336 -6148 -32768 724 -3684 END
START -2536 -14808 -28 -32768 -4497 -4434 END
START -3024 -16124 6408 -32768 -6444 -2709 END
START -2452 -18616 17920 -32768 -268 -170 END
START -4956 -20888 32556 -32768 2519 2149 END
START -1844 -22196 32767 -32768 -3835 2497 END
START 1580 -18156 32767 -32768 -7930 -658 END
START -924 -15208 32767 -24237 -8408 -1926 END
START -3848 -12296 32767 -15992 -8244 1652 END
START -16 -9656 32767 -7383 -6580 5156 END
START 3348 -6752 32767 1295 -6109 6129 END
START 5772 -4380 32767 9062 -6459 5119 END
START 6700 -3696 32767 16669 -8460 3935 END
START 10520 -2504 32767 23131 -8721 2455 END
START 12300 -2760 32767 27867 -4094 470 END
START 11408 -4084 32767 31833 410 -496 END
START 10272 -5504 32767 32767 1936 -1098 END
START 9136 -5944 27800 32767 494 -2095 END
START 10032 -5984 21012 32767 -2270 -3788 END
START 11748 -5400 13432 32767 -3857 -6380 END
START 12512 -4460 6228 32767 -1640 -9321 END
START 11292 -4176 532 32767 1773 -11390 END
START 8988 -3964 -2460 32767 3907 -12779 END
START 8772 -2980 -6188 29316 3735 -14479 END
START 8856 -1832 -9348 25045 1983 -17569 END
START 7772 -1800 -11128 20849 214 -21397 END
START 3992 -2408 -11312 17455 -2555 -24055 END
START 3244 -2832 -14724 13437 -5668 -25467 END
START 1008 -2832 -17568 6136 -6954 -25029 END
START -1216 -2636 -17084 -1869 -6128 -22860 END
START -3352 -2608 -16280 -9620 -3941 -19957 END
START -3648 -3024 -15248 -16735 -3762 -16864 END
START -1928 -3648 -14320 -23247 -3151 -15195 END
START -2444 -5584 -12320 -28980 -3708 -13889 END
START -1936 -7124 -12120 -32768 -4482 -12219 END
START -1040 -9396 -11220 -32768 -5277 -10499 END
START 952 -12552 -9464 -32768 -278 -9973 END
START -1152 -17372 -5408 -32768 4296 -10116 END
START -5468 -23592 2748 -32768 3352 -10716 END
START -10876 -30564 22572 -32768 -2814 -10457 END
START -15256 -32420 32767 -32768 -2430 -7341 END