START 5716 636 -21636 14319 242 -991 END
START -1492 -3156 -19372 8047 -1199 -122 END
START -4788 -3312 -17544 205 697 2960 END
START -5012 -3408 -14336 -5554 1091 5072 END
START -2064 -3960 -13408 -9841 544 5675 END
START 1596 -5048 -13684 -13188 466 4956 END
START 3328 -6000 -14208 -17507 2033 3293 END
START 2860 -7380 -14552 -22975 5246 2052 END
START 556 -8536 -14144 -28535 7324 1147 END
START -2036 -10360 -13072 -32768 6559 838 END
START -4576 -13148 -9576 -32768 4216 1399 END
START -5408 -15080 -6380 -32768 1897 3705 END
START -3296 -16456 -1916 -32768 1470 5141 END
START -864 -16392 3640 -32768 3000 5688 END
START 428 -15880 10144 -32768 4202 5334 END
START 1464 -14496 18696 -32768 2086 5418 END
START 3652 -13536 30732 -32768 329 5383 END
START 7148 -12412 32767 -32768 2774 5340 END
START 8392 -9504 32767 -32768 8031 3786 END
START 5952 -7520 32767 -32631 8617 463 END
START 448 -6904 32767 -23738 3842 -1272 END
START -2964 -6264 32767 -14554 -2362 551 END
START -1496 -4504 32767 -5071 -4209 4471 END
START 2876 -2612 32767 2942 -2058 7536 END
START 5872 -2108 32767 10237 -66 8623 END
START 7340 -2280 32767 16648 -1641 7911 END
START 9616 -2892 32767 22664 -5270 5750 END
START 9828 -4076 32767 27475 -7790 3095 END
START 10120 -5044 32767 30618 -7532 763 END
START 8672 -6328 27492 32222 -5782 -1304 END
START 8044 -7276 23536 32767 -5040 -2630 END
START 8284 -7552 18908 32767 -4852 -4561 END
START 7184 -7472 13480 32767 -5317 -6751 END
START 7028 -7128 8688 32767 -5934 -9081 END
START 7372 -6336 4340 32767 -5210 -12046 END
START 7268 -5940 548 31643 -3497 -15085 END
START 7476 -5412 -3028 28266 -1016 -17924 END
START 6488 -5412 -7588 23554 1993 -20129 END
START 4872 -5316 -13408 17164 1907 -21009 END
START 3612 -4612 -17372 8826 -2541 -21176 END
START 3352 -4600 -17032 567 -7694 -21945 END
START 3244 -5320 -14852 -6011 -8791 -23549 END
START 3608 -5968 -15016 -12809 -5714 -24689 END
START 2040 -7548 -14708 -20144 -1355 -25715 END
START -756 -9212 -12716 -26125 647 -25149 END
START -3244 -10636 -12444 -30261 -520 -23108 END
START -3944 -11728 -13512 -32768 -4005 -19512 END
START -3388 -13916 -13620 -32768 -1038 -16782 END
START -6188 -18528 -10640 -32768 4489 -14512 END
START -13692 -25928 -4620 -32768 6042 -11206 END
START -22876 -32768 9364 -32768 -407 -5448 END
START -28032 -32768 29844 -32768 -6243 4685 END
START -23596 -32768 32767 -32768 -1419 15822 END
START -12320 -32768 32767 -32768 2491 19644 END
START -6764 -27708 32767 -29197 -181 16063 END
START -2944 -21620 32767 -18857 -5971 11166 END