START 2160 3472 -2092 20159 -385 -1977 END
START 6304 -520 -16344 21181 247 -1750 END
START 3340 3936 -6276 19029 -1115 -1737 END
START -976 2768 -668 19576 -814 -1571 END
START 2452 3012 -6828 19016 -1373 -1266 END
START -1600 2624 -3676 18555 -2279 -1010 END
START 324 2816 -7692 18115 -2510 -682 END
START -208 2656 -8144 17668 -3135 -415 END
START -1860 2360 -7584 17010 -3560 -23 END
START -1640 2356 -8916 16348 -3957 466 END
START -1868 2416 -9628 15549 -4557 935 END
START -2652 2404 -9828 14666 -4712 1513 END
START -2184 2608 -11880 13811 -5211 2120 END
START -3252 2568 -12292 12838 -5430 2812 END
START -1968 2772 -15216 11671 -5791 3532 END
START -2320 2656 -15340 10441 -5977 4248 END
START -808 2720 -17548 8848 -6061 4877 END
START -628 2948 -18124 7111 -6010 5352 END
START 532 3280 -19000 5081 -5543 5820 END
START 1180 3604 -19100 2891 -5193 6136 END
START 1528 3568 -18560 386 -4765 6412 END
START 2724 3500 -18556 -2310 -4359 6496 END
START 3104 3476 -17640 -4868 -3650 6470 END
START 4124 3592 -17548 -7604 -2816 6275 END
START 4372 3180 -16392 -10186 -1587 5958 END
START 5056 2944 -15644 -12383 -220 5685 END
START 4712 2376 -13768 -14227 1049 5306 END
START 4600 2004 -12228 -15521 2208 5039 END
START 3840 1208 -10528 -16571 3106 4770 END
START 3720 668 -9472 -17186 4017 4644 END
START 3028 192 -8408 -17519 4698 4575 END
START 2328 -32 -7396 -17677 5182 4568 END
START 1628 -64 -6564 -17799 5371 4648 END
START 992 -8 -5888 -17877 5273 4770 END
START 540 104 -5308 -17995 5061 4980 END
START 404 64 -4960 -18078 4718 5153 END
START 24 -84 -4240 -18160 4211 5407 END
START -316 -56 -3652 -18216 3520 5655 END
START -464 -152 -3140 -18204 2765 5931 END
START -484 -128 -2772 -18048 1961 6192 END
START -252 -268 -2280 -17927 1088 6465 END
START -80 -452 -2184 -17674 271 6785 END
START 96 -516 -2068 -17426 -436 7028 END
START 248 -568 -2124 -17216 -1120 7301 END
START 672 -556 -2336 -17074 -1780 7572 END
START 864 -516 -2576 -17006 -2272 7847 END
START 1120 -460 -2456 -17097 -2798 8046 END
START 1464 -352 -2740 -17230 -3147 8281 END
START 1836 -480 -3088 -17485 -3357 8503 END
START 1992 -428 -2948 -17851 -3514 8663 END
START 2172 -388 -3088 -18283 -3581 8791 END
START 2440 -376 -3032 -18726 -3620 8983 END
START 2716 -468 -3004 -19206 -3479 9087 END
START 3032 -524 -2988 -19737 -3350 9176 END
START 3412 -584 -2784 -20229 -3158 9263 END
START 3632 -680 -2452 -20802 -2934 9259 END
START 3976 -780 -2292 -21374 -2697 9257 END
START 4264 -992 -2212 -21903 -2383 9157 END
START 4380 -1096 -1976 -22556 -2066 9019 END
START 4364 -1360 -1800 -23205 -1776 8863 END
START 4268 -1444 -1460 -23803 -1523 8716 END
START 3884 -1724 -1352 -24447 -1302 8616 END
START 3684 -1752 -976 -25135 -1121 8637 END
START 3352 -1812 -712 -25800 -953 8670 END
START 3212 -1940 -444 -26508 -841 8867 END
START 3020 -2012 -248 -27197 -696 9045 END
START 2920 -2348 196 -27863 -647 9262 END
START 2936 -2320 744 -28635 -538 9530 END
START 3156 -2484 1228 -29365 -347 9722 END
START 3376 -2576 1728 -30088 -119 9966 END
START 3644 -2688 2368 -30863 218 10157 END
START 3808 -2668 3052 -31602 623 10386 END
START 4052 -2692 3712 -32306 1216 10594 END
START 4272 -2824 4500 -32768 1849 10781 END
START 4500 -3028 5364 -32768 2636 10979 END
START 4488 -3196 6236 -32768 3399 11137 END
START 4628 -3328 7068 -32768 4188 11250 END
START 4624 -3580 8148 -32768 4782 11284 END
START 4804 -3724 8692 -32768 5553 11305 END
START 4760 -3884 9688 -32768 6190 11248 END
START 4796 -4092 10296 -32768 6785 11147 END
START 4688 -4252 11164 -32768 7157 10986 END
START 4392 -4276 11820 -32768 7357 10828 END
START 4612 -4404 12288 -32768 7499 10677 END
START 4724 -4528 12964 -32768 7562 10497 END
START 4980 -4732 13788 -32768 7636 10268 END
START 5492 -4980 14656 -32768 7753 10043 END
START 5764 -5108 15796 -32768 7780 9740 END
START 5920 -5148 16660 -32768 7724 9363 END
START 6204 -4964 17488 -32768 7678 8967 END
START 6160 -4860 18732 -32768 7631 8527 END
START 6028 -4752 19596 -32768 7462 8035 END
START 6308 -4792 20916 -32768 7274 7524 END
START 6196 -4904 22408 -32768 6891 6920 END
START 5844 -5056 23708 -32768 6405 6378 END
START 5424 -5088 24856 -32768 5723 5865 END
START 4796 -5164 26256 -32768 4895 5403 END
START 3884 -5128 27496 -32768 3937 5061 END
START 3064 -5016 28620 -32455 2890 4810 END
START 2332 -4896 29496 -31590 1811 4670 END
START 1716 -4792 30320 -30709 792 4614 END
START 1160 -4604 31112 -29954 -127 4671 END
START 664 -4544 31912 -29201 -1040 4885 END
START 324 -4404 32672 -28456 -1813 5166 END
START 112 -4312 32767 -27726 -2491 5558 END
START -104 -4288 32767 -27014 -3013 5954 END
START -28 -4072 32767 -26258 -3385 6403 END
START 88 -4188 32767 -25491 -3532 6858 END
START 420 -4160 32767 -24705 -3523 7382 END
START 696 -4192 32767 -23966 -3281 7928 END
START 1172 -4168 32767 -23373 -2895 8510 END
START 1488 -4112 32767 -22877 -2347 9102 END
START 2108 -4108 32767 -22442 -1766 9785 END
START 2576 -4116 32767 -22135 -1107 10502 END
START 3452 -4040 32767 -21853 -255 11185 END
START 4384 -3976 32767 -21622 686 11854 END
START 5256 -3888 32767 -21361 1747 12557 END
START 6364 -3760 32767 -21104 2827 13058 END
START 7468 -3452 32767 -20848 3887 13378 END
START 8628 -3312 32767 -20517 4906 13767 END
START 9716 -3132 32767 -20038 5739 13971 END
START 10632 -2844 32767 -19467 6478 13979 END
START 12096 -2736 32767 -18663 6980 13821 END
START 12676 -2084 32767 -17484 7425 13594 END
START 13876 -1920 32767 -16692 7542 13370 END
START 14440 -2240 32767 -15626 7380 12506 END
START 15664 -2232 32767 -14505 7172 12139 END
START 15836 -1488 32767 -13038 6560 11160 END
START 16752 -976 32767 -11844 5927 10417 END
START 17364 -1064 32767 -10451 5217 9550 END
START 18032 -1096 32767 -9057 4485 8620 END
START 18584 -868 32767 -7611 3742 7619 END
START 18852 -396 32767 -6159 2945 6573 END
START 19296 -116 32767 -4779 2265 5566 END
START 19288 0 32767 -3371 1583 4538 END
START 19480 84 32767 -2071 906 3539 END
START 19140 196 32767 -854 281 2612 END
START 19104 320 32767 296 -277 1727 END
START 18912 416 32767 1440 -785 967 END
START 18660 420 32767 2570 -1053 262 END
START 18632 244 32767 3695 -1234 -406 END
START 18284 284 32767 4796 -1380 -1024 END
START 17944 168 32767 5829 -1523 -1575 END
START 17588 116 32767 6812 -1512 -2043 END
START 17252 236 32767 7682 -1474 -2522 END
START 17064 296 32767 8403 -1286 -2935 END
START 16864 320 32767 9001 -1054 -3266 END
START 16640 332 32767 9530 -757 -3620 END
START 16476 260 32767 9978 -524 -3929 END
START 16268 156 32767 10444 -260 -4280 END
START 16092 -100 32767 10851 -36 -4638 END
START 15940 -204 32676 11299 130 -5008 END
START 15676 -468 32036 11784 284 -5423 END
START 15480 -620 31256 12287 346 -5816 END
START 15092 -780 30568 12814 400 -6231 END
START 14836 -1048 30092 13370 344 -6685 END
START 14404 -1160 29404 13881 266 -7089 END
START 14268 -1284 28876 14428 100 -7524 END
START 14160 -1464 28260 14945 -82 -7919 END
START 13920 -1648 27612 15481 -250 -8337 END
START 13812 -1804 27012 15971 -478 -8803 END
START 13716 -1980 26568 16501 -697 -9261 END
START 13688 -2076 25948 17008 -940 -9767 END
START 13764 -2240 25436 17546 -1184 -10347 END
START 13736 -2356 24812 18069 -1403 -11006 END
START 13660 -2428 24380 18599 -1523 -11664 END
START 13752 -2592 23656 19105 -1499 -12389 END
START 13676 -2820 22924 19562 -1310 -13090 END
START 13784 -2756 22088 19993 -902 -13710 END
START 13668 -2820 21148 20369 -255 -14439 END
START 13652 -2920 20196 20684 444 -15081 END
START 13164 -2896 19260 20941 1225 -15722 END
START 12720 -3068 18400 21145 2000 -16294 END
START 11928 -3208 17224 21301 2667 -16845 END
START 11184 -3440 16248 21486 3146 -17289 END
START 10344 -3644 15080 21611 3514 -17601 END
START 9608 -3640 13912 21733 3686 -17876 END
START 8896 -3580 12440 21712 3799 -18077 END
START 8300 -3476 11260 21574 3759 -18212 END
START 7744 -3360 10076 21261 3695 -18308 END
START 7464 -3236 8940 20804 3567 -18440 END
START 7080 -3128 8136 20279 3386 -18540 END
START 6644 -3048 7220 19675 3203 -18672 END
START 6396 -3004 6620 19085 3010 -18805 END
START 5956 -2980 6244 18462 2704 -18960 END
START 5776 -2972 5700 17863 2474 -19121 END
START 5440 -3032 5240 17334 2218 -19240 END
START 4984 -2964 4752 16840 1943 -19399 END
START 4700 -3096 4380 16367 1659 -19503 END
START 4536 -2984 4012 15913 1350 -19633 END
START 4316 -2936 3476 15477 1095 -19753 END
START 4244 -2784 2928 14965 904 -19882 END
START 4296 -2728 2348 14519 807 -20008 END
START 4124 -2620 1916 13966 678 -20187 END
START 4224 -2496 1336 13393 541 -20406 END
START 4044 -2296 792 12755 402 -20655 END
START 3952 -2304 656 12199 193 -20900 END
START 3780 -2256 316 11538 14 -21182 END
START 3260 -2340 4 10984 -321 -21438 END
START 2772 -2364 -340 10414 -661 -21666 END
START 2244 -2448 -700 9932 -1096 -21883 END
START 1844 -2424 -1016 9440 -1519 -21986 END
START 1604 -2300 -1660 8943 -1893 -22100 END
START 1500 -2276 -2516 8362 -2157 -22206 END
START 1252 -2224 -3248 7635 -2197 -22283 END
START 980 -2224 -3968 6848 -2250 -22341 END
START 380 -2216 -4560 5995 -2249 -22381 END
START -140 -2308 -4792 5051 -2381 -22305 END
START -752 -2412 -5300 4080 -2470 -22173 END
START -1236 -2452 -5624 3144 -2632 -22010 END
START -1928 -2648 -6264 2097 -2831 -21715 END
START -2456 -2708 -6440 1074 -3055 -21388 END
START -3280 -2612 -6848 -11 -3317 -20944 END
START -4068 -2764 -6908 -1090 -3684 -20453 END
START -4508 -2800 -7160 -2164 -4046 -19885 END
START -5156 -2724 -7044 -3343 -4390 -19242 END
START -5620 -2692 -7064 -4493 -4638 -18572 END
START -6120 -2540 -6792 -5610 -4779 -17885 END
START -6544 -2656 -6868 -6771 -4772 -17114 END
START -6832 -2616 -6532 -7799 -4708 -16318 END
START -7272 -2704 -6316 -8825 -4518 -15470 END
START -7388 -2900 -5984 -9706 -4283 -14611 END
START -7904 -2984 -5756 -10681 -4075 -13713 END
START -8524 -3200 -5376 -11508 -3902 -12745 END
START -8772 -3376 -5024 -12323 -3813 -11723 END
START -9372 -3392 -4772 -13069 -3857 -10754 END
START -9780 -3432 -4428 -13860 -4067 -9647 END
START -10012 -3416 -4196 -14429 -4350 -8593 END
START -10320 -3260 -3920 -15407 -4523 -7515 END
START -10452 -3384 -3492 -16186 -4729 -6368 END
START -10568 -3508 -3156 -16983 -4929 -5284 END
START -10528 -3508 -2480 -17820 -5032 -4182 END
START -10556 -3448 -1820 -18549 -5164 -3073 END
START -10252 -3392 -1088 -19317 -5061 -1920 END
START -9824 -3360 -652 -19918 -4764 -786 END
START -9528 -3468 8 -20484 -4326 321 END
START -9156 -3520 760 -20915 -3818 1325 END
START -8808 -3680 1768 -21283 -3229 2351 END
START -8480 -3784 2836 -21640 -2667 3309 END
START -8188 -3644 3636 -21838 -2298 4169 END
START -8160 -3688 4684 -22055 -1975 4919 END
START -7928 -3628 5312 -22204 -1782 5584 END
START -7452 -3620 5796 -22428 -1654 6189 END
START -6800 -3492 6472 -22629 -1396 6691 END
START -6292 -3480 7200 -22906 -1157 7110 END
START -5808 -3432 7644 -23239 -970 7457 END
START -5540 -3340 8768 -23567 -875 7747 END
START -4884 -3224 9556 -23995 -780 7978 END
START -4748 -3252 10316 -24384 -668 8197 END
START -4292 -3240 11432 -24780 -598 8321 END
START -3936 -3156 12540 -25138 -554 8478 END
START -3632 -3308 13776 -25503 -523 8530 END
START -3312 -3280 15448 -25774 -505 8589 END
START -2892 -3256 16936 -26054 -526 8610 END
START -2480 -3348 18664 -26208 -590 8574 END
START -2400 -3612 20880 -26286 -797 8457 END
START -1944 -3792 22392 -26204 -992 8376 END
START -1972 -3844 25008 -25949 -1270 8226 END
START -1124 -3936 26384 -25596 -1304 8055 END
START -932 -3996 29032 -25086 -1601 7818 END
START -288 -4264 30660 -24436 -1681 7491 END
START -4 -4480 32767 -23635 -1849 7120 END
START 84 -4748 32767 -22812 -2038 6712 END
START 248 -4952 32767 -21832 -2185 6213 END
START 76 -5068 32767 -20792 -2363 5771 END
START -92 -5208 32767 -19674 -2502 5359 END
START -404 -5108 32767 -18537 -2457 5001 END
START -532 -5120 32767 -17379 -2310 4672 END
START -824 -5204 32767 -16069 -2148 4371 END
START -1160 -5228 32767 -14618 -1858 4136 END