START 13960 7544 -11176 3519 8522 2138 END
START 5220 1736 -12108 2199 1429 2694 END
START -520 732 -6416 620 -2457 4250 END
START 1788 404 -6432 -1614 -2339 4943 END
START 6636 552 -9252 -3949 -300 5266 END
START 7572 844 -10412 -7266 2849 3816 END
START 7664 776 -12760 -11892 6310 1238 END
START 4804 -304 -12824 -16058 8114 -1268 END
START 1408 -2084 -13912 -19992 7938 -1946 END
START -240 -3544 -14756 -24964 6356 -615 END
START 1140 -5168 -13388 -30773 6434 195 END
START 2284 -6968 -10680 -32768 8595 -187 END
START 1932 -9800 -8752 -32768 10428 -1595 END
START -164 -12884 -4692 -32768 9199 -3088 END
START -2996 -15700 -220 -32768 5095 -2028 END
START -1792 -16892 4792 -32768 3213 -128 END
START -2324 -18016 14108 -32768 4231 1143 END
START -2192 -18432 25308 -32768 3675 3163 END
START 1028 -17216 32767 -32768 4108 4448 END
START 3432 -13980 32767 -32768 9975 2801 END
START 924 -12808 32767 -32768 14275 1276 END
START -3116 -12808 32767 -32768 13187 353 END
START -4508 -12084 32767 -29431 8252 884 END
START -4228 -11124 32767 -20412 5316 1370 END
START -4700 -9888 32767 -11271 3310 1632 END
START -6188 -10088 32767 -4597 1097 2563 END
START -5240 -9964 32767 1305 961 4593 END
START -4892 -9072 32767 8167 2482 8023 END
START -2092 -8788 32767 15893 948 11289 END
START 2608 -8552 32767 24102 -3951 12183 END
START 7268 -8600 32767 32767 -10457 9858 END
START 11000 -9160 32767 32767 -14685 5294 END
START 11472 -9940 30824 32767 -14794 973 END
START 12128 -10308 21748 32767 -12788 -2090 END
START 10348 -10588 15396 32767 -10880 -5659 END
START 8256 -10760 9228 32767 -10952 -7819 END
START 8600 -10000 3292 32767 -11024 -10113 END
START 7436 -8848 -872 32767 -10873 -12601 END
START 6412 -7692 -3824 32767 -11111 -14578 END
START 6160 -6384 -6876 31888 -9451 -16425 END
START 5336 -5524 -11556 27071 -7019 -17378 END
START 5184 -3620 -16728 18804 -3112 -18083 END
START 3196 -3468 -18400 10129 354 -18355 END
START 1220 -3596 -17352 2673 1229 -17528 END
START 496 -3900 -15596 -2673 1366 -16835 END
START 304 -3912 -15016 -6954 1129 -16348 END
START 480 -4272 -14936 -11227 1123 -16550 END
START -16 -4956 -15436 -16083 972 -16616 END
START 240 -5904 -15512 -21339 1714 -17016 END
START -1240 -7312 -15496 -27029 2756 -17171 END
START -2508 -9856 -14940 -32367 3419 -17551 END
START -6192 -13108 -15700 -32768 1938 -16468 END
START -7592 -16720 -12976 -32768 1066 -14952 END
START -9564 -21136 -9696 -32768 3062 -13047 END
START -13680 -26272 -3444 -32768 4089 -11490 END
START -18072 -31572 10172 -32768 1431 -8748 END
START -21880 -32768 29548 -32768 1105 -5265 END
START -23568 -31544 32767 -32768 6199 -598 END
START -25664 -27636 32767 -32768 5335 3815 END