START 18996 7808 -11832 12394 1015 4913 END
START 10544 1828 -14508 10030 -5323 1569 END
START 8360 764 -13156 6620 -5989 -820 END
START 6352 -468 -12032 1462 -3016 -1815 END
START 2264 -664 -11292 -4557 1433 -1178 END
START -384 -720 -9132 -9038 4545 -315 END
START -1056 -908 -8380 -11658 5008 572 END
START 768 -712 -9196 -14131 3683 823 END
START 2176 -888 -8984 -16818 2126 629 END
START 3148 -832 -8560 -19536 913 -228 END
START 4028 -1192 -8748 -22883 960 -1343 END
START 3488 -2052 -7688 -26876 1421 -1801 END
START 3152 -3520 -6556 -31145 3170 -2070 END
START 2952 -4872 -5920 -32768 4808 -2892 END
START 1676 -7092 -3040 -32768 4929 -3754 END
START 580 -9196 2040 -32768 3316 -3854 END
START 1072 -10776 7116 -32768 2901 -4151 END
START 392 -13680 14964 -32768 2828 -4580 END
START -2392 -14748 26308 -32768 -124 -4302 END
START -2560 -14604 32767 -32768 -4731 -4089 END
START -4156 -14152 32767 -32768 -9530 -3913 END
START -3844 -13308 32767 -27647 -10092 -2377 END
START -5776 -11352 32767 -20380 -6172 1576 END
START -4656 -8588 32767 -13633 -1054 5678 END
START -2444 -6464 32767 -5796 2771 8375 END
START -1352 -4452 32767 3604 1364 9837 END
START 1700 -2956 32767 12137 -2916 9868 END
START 5420 -2388 32767 19851 -7136 8473 END
START 9352 -2896 32767 25580 -7812 5814 END
START 9580 -4152 32767 29551 -5776 2795 END
START 8388 -5512 31636 32624 -4165 410 END
START 7020 -6420 25612 32767 -3075 -1086 END
START 7040 -6544 19352 32767 -1523 -2360 END
START 7468 -6316 13608 32767 256 -3922 END
START 7588 -5956 8880 32767 953 -5836 END
START 7692 -5280 5200 32767 583 -8554 END
START 6944 -4904 1712 31142 46 -11405 END
START 5888 -4404 -1656 28718 -1135 -13703 END
START 4548 -3948 -5008 25180 -2575 -15023 END
START 4940 -2840 -6956 20330 -3061 -15968 END
START 4460 -2228 -7796 15583 -2151 -17190 END
START 3016 -1892 -7876 11560 -930 -17959 END
START 2420 -1548 -9324 7205 509 -18304 END
START 1376 -1440 -9688 2790 986 -18419 END
START 1012 -1480 -9620 -1181 777 -18557 END
START -64 -1712 -9772 -4959 -746 -18874 END
START -852 -1928 -9436 -8424 -3175 -18606 END
START -780 -2256 -9216 -11993 -5390 -18252 END
START -480 -3140 -9592 -16296 -6191 -17536 END
START 444 -4224 -10344 -21642 -4970 -16820 END
START -756 -6276 -9436 -27091 -3640 -15938 END
START -1776 -7748 -9988 -32768 -4451 -14394 END
START -1360 -10660 -8832 -32768 -5035 -13854 END
START -1924 -14572 -3928 -32768 -3899 -13493 END
START -6008 -20568 5004 -32768 -2237 -12572 END
START -11752 -25372 19348 -32768 -3477 -10773 END
START -14264 -28644 32767 -32768 -6728 -8661 END
START -17556 -28444 32767 -32768 -2346 -7761 END
START -27916 -27836 32767 -29115 -3754 -3117 END