START 1680 2724 -9196 4581 277 926 END
START 4208 -1376 -21300 4548 569 1165 END
START 980 5076 -10680 1143 -961 1307 END
START -1840 3564 -5808 210 -342 1580 END
START -1816 3652 -6356 -1528 -849 1975 END
START 860 4112 -10340 -3258 -1266 2240 END
START -1756 3748 -7432 -4970 -1250 2537 END
START 484 3132 -9816 -6602 -980 2704 END
START -8 2148 -9356 -8106 -643 2761 END
START 248 1776 -9180 -9372 266 2867 END
START 504 1480 -9292 -10516 873 3062 END
START -476 1436 -7496 -11593 1292 3266 END
START 376 1288 -8068 -12537 1946 3613 END
START 264 1236 -7740 -13363 2182 3948 END
START -540 976 -6240 -14217 2648 4359 END
START 672 1096 -6956 -14622 2910 4798 END
START 464 900 -6076 -15453 3126 5164 END
START 1116 1012 -6056 -16092 3335 5521 END
START 1072 1032 -5500 -16767 3360 5800 END
START 1488 968 -5040 -17385 3352 6002 END
START 1868 836 -4868 -17984 3234 6064 END
START 1888 568 -3832 -18583 3151 6130 END
START 2448 484 -3716 -19070 3058 6143 END
START 2208 456 -2728 -19519 2954 6088 END
START 2632 396 -2940 -19867 2915 6042 END
START 2308 372 -2148 -20238 2758 5988 END
START 2400 276 -1940 -20503 2737 5919 END
START 2668 164 -2076 -20754 2666 5883 END
START 2440 -92 -1724 -21015 2656 5829 END
START 2528 -124 -1664 -21214 2677 5755 END
START 2416 -428 -1504 -21462 2615 5664 END
START 2276 -592 -1468 -21722 2579 5592 END
START 1948 -828 -1472 -21958 2438 5592 END
START 1484 -972 -1456 -22254 2328 5579 END
START 1276 -1000 -1432 -22580 2208 5630 END
START 748 -1104 -1432 -22919 2068 5777 END
START 444 -1104 -1688 -23363 1958 5985 END
START 44 -1200 -1660 -23790 1859 6263 END
START -56 -1424 -1696 -24323 1767 6587 END
START -552 -1556 -1692 -24896 1661 6966 END
START -1020 -1644 -1440 -25477 1491 7357 END
START -1240 -1728 -1200 -26095 1252 7782 END
START -1520 -1692 -980 -26754 1044 8247 END
START -1576 -1556 -720 -27526 818 8774 END
START -1604 -1528 -420 -28280 657 9306 END
START -1672 -1512 -24 -29082 579 9929 END
START -1492 -1720 560 -29881 539 10559 END
START -1428 -1832 1120 -30728 610 11215 END
START -1112 -1880 1932 -31570 809 11980 END
START -896 -1928 2684 -32377 1275 12809 END
START -376 -1916 3288 -32768 1936 13385 END
START 216 -2016 4140 -32768 2827 14128 END
START 760 -2332 4960 -32768 3797 14736 END
START 1532 -2592 5820 -32768 4863 15327 END
START 2136 -2840 6780 -32768 6046 15805 END
START 2784 -3236 7800 -32768 7203 16233 END
START 3456 -3512 8752 -32768 8362 16526 END
START 3968 -3584 9480 -32768 9334 16720 END
START 4632 -3680 10460 -32768 10215 16775 END
START 5256 -3568 11020 -32768 10973 16763 END
START 5720 -3520 11976 -32768 11350 16514 END
START 6160 -3208 12660 -32768 11655 16145 END
START 6444 -3180 13312 -32768 11677 15641 END
START 6544 -3204 14256 -32768 11376 15092 END
START 6548 -2984 14844 -32768 10912 14515 END
START 6228 -2792 15712 -32768 10074 13963 END
START 6004 -2580 16664 -32768 9119 13439 END
START 6144 -2312 17128 -32768 8188 12981 END
START 6240 -2040 17960 -32768 7284 12935 END
START 6332 -2036 18792 -32768 6490 12527 END
START 6536 -1884 19828 -32768 5714 12199 END
START 6560 -1776 20728 -32768 4985 11900 END
START 6596 -1700 21736 -32768 4291 11687 END
START 6728 -1656 22536 -32768 3711 11420 END
START 6660 -1532 23420 -32768 3351 11274 END
START 6688 -1460 24328 -32768 3133 11133 END
START 6544 -1464 25172 -32768 3065 11094 END
START 6656 -1308 25844 -32768 3244 11145 END
START 6536 -1156 26756 -32768 3542 11216 END
START 6380 -1008 27468 -32768 3863 11332 END
START 6208 -1056 28340 -32768 4268 11558 END
START 6196 -996 29452 -32768 4650 11768 END
START 6220 -1048 30456 -32683 5050 12083 END
START 6368 -984 31428 -32521 5510 12559 END
START 6524 -1096 32344 -32260 5915 12649 END
START 6816 -1112 32767 -31984 6318 13359 END
START 7548 -968 32767 -31617 6825 13635 END
START 8392 -1056 32767 -31276 7443 14000 END
START 9544 -1076 32767 -30909 8112 14271 END
START 10412 -500 32767 -30607 8654 14381 END
START 11504 -808 32767 -30060 8840 14282 END
START 12540 -848 32767 -29731 9198 14020 END
START 13468 -652 32767 -29265 9480 13613 END
START 13748 -548 32767 -28718 9352 13011 END
START 14060 -384 32767 -28136 9106 12628 END
START 14268 -280 32767 -27418 8591 11656 END
START 14520 -396 32767 -26523 7922 10906 END
START 14468 -496 32767 -25697 7223 10066 END
START 14468 -400 32767 -24674 6301 9269 END
START 14488 -484 32767 -23367 5163 8495 END
START 14472 -904 32767 -21882 4026 7732 END
START 14508 -464 32767 -20612 2942 7100 END
START 14632 -644 32767 -19010 1928 6550 END
START 14404 -316 32767 -17516 1106 6045 END
START 14548 -276 32767 -15947 502 5634 END
START 14768 -40 32767 -14551 -34 5283 END
START 14700 380 32767 -12849 -370 4958 END
START 15076 372 32767 -11013 -875 4711 END
START 15220 512 32767 -9330 -1228 4476 END
START 15196 600 32767 -7482 -1647 4257 END
START 15544 992 32767 -5711 -2010 4130 END
START 15516 1144 32767 -3995 -2298 4012 END
START 15796 1204 32767 -2174 -2521 3931 END
START 15420 1520 32767 -418 -3039 3851 END
START 15624 1720 32767 1591 -3702 3792 END
START 16156 2056 32767 3365 -4422 3715 END
START 16872 2048 32767 5206 -5090 3542 END
START 17532 2164 32767 6830 -5416 3318 END
START 18144 2148 32767 8255 -5656 2977 END
START 18204 2496 32767 9653 -5929 2523 END
START 18504 2600 32767 11010 -6328 2029 END
START 18888 2656 32767 12166 -6633 1412 END
START 19080 2732 32767 13345 -6934 763 END
START 19240 2792 32767 14381 -7211 93 END
START 19420 2544 32767 15455 -7423 -648 END
START 19500 2552 32767 16455 -7561 -1453 END
START 19716 2456 32767 17468 -7619 -2249 END
START 19868 2340 32767 18510 -7584 -3150 END
START 19888 2300 32767 19466 -7478 -3993 END
START 19992 2180 32767 20422 -7252 -4900 END
START 20048 2008 32767 21362 -6978 -5847 END
START 19808 1836 32767 22252 -6653 -6749 END
START 19552 1632 31824 23041 -6388 -7718 END
START 19008 1404 30604 23835 -6081 -8658 END
START 18356 1288 29688 24529 -5841 -9561 END
START 17728 1080 28408 25205 -5612 -10490 END
START 17108 904 27260 25821 -5410 -11375 END
START 16496 704 25972 26346 -5132 -12183 END
START 15816 460 24904 26862 -4878 -12921 END
START 15464 168 23740 27339 -4612 -13642 END
START 14604 -316 22540 27776 -4356 -14251 END
START 14152 -620 21340 28160 -4125 -14833 END
START 13228 -1136 20340 28557 -3975 -15294 END
START 12244 -1608 18312 28964 -3963 -15747 END
START 11856 -1732 16868 29310 -3972 -16054 END
START 11532 -1820 15124 29566 -3967 -16278 END
START 11468 -1724 13536 29683 -3951 -16503 END
START 11400 -1660 12232 29638 -3947 -16740 END
START 11340 -1644 10824 29405 -4028 -17079 END
START 11412 -1564 9544 29043 -4256 -17452 END
START 11508 -1636 8516 28556 -4440 -17886 END
START 11408 -1740 7568 27963 -4597 -18449 END
START 10972 -1744 6900 27365 -4779 -18988 END
START 10780 -1948 6108 26685 -5063 -19628 END
START 10448 -1884 5176 26186 -5247 -20256 END
START 10012 -1752 4232 25522 -5331 -20885 END
START 9388 -2264 2988 24914 -5494 -21524 END
START 8988 -2288 1792 24266 -5588 -22057 END
START 8372 -2468 640 23600 -5611 -22511 END
START 7616 -2564 -180 22768 -5767 -22944 END
START 6784 -2600 -892 21953 -5936 -23245 END
START 6088 -2464 -1736 21020 -6171 -23458 END
START 5544 -2352 -2272 19982 -6395 -23594 END
START 4812 -2268 -3016 18922 -6693 -23641 END
START 4292 -2432 -3348 17829 -6981 -23641 END
START 3984 -2548 -3948 16720 -7220 -23604 END
START 3700 -2636 -4228 15595 -7458 -23533 END
START 3796 -2624 -4652 14515 -7603 -23454 END
START 3980 -2440 -4900 13393 -7594 -23409 END
START 4280 -2220 -5224 12360 -7407 -23344 END
START 4524 -2060 -5184 11338 -7154 -23379 END
START 4576 -2164 -5344 10411 -6924 -23498 END
START 4660 -2244 -5164 9469 -6684 -23677 END
START 4556 -2448 -5456 8651 -6464 -23969 END
START 4384 -2620 -5504 7867 -6267 -24290 END
START 3968 -2624 -5528 7135 -6148 -24603 END
START 3292 -2904 -5652 6420 -6048 -24860 END
START 2788 -2936 -6056 5746 -5991 -25027 END
START 2224 -2796 -6356 5050 -5921 -25064 END
START 1648 -2920 -6520 4349 -5965 -25026 END
START 736 -3060 -6996 3646 -6107 -24876 END
START 12 -3036 -7224 2926 -6337 -24625 END
START -700 -3000 -7516 2088 -6623 -24238 END
START -1412 -2868 -7964 1315 -6890 -23789 END
START -1796 -2744 -8444 480 -7144 -23232 END
START -2348 -2704 -8232 -322 -7290 -22734 END
START -2228 -2768 -8344 -1014 -7251 -22239 END
START -2432 -2248 -8252 -1962 -6877 -21587 END
START -2440 -2416 -8464 -2850 -6557 -20834 END
START -2428 -1996 -8548 -3919 -5825 -20065 END
START -2212 -2228 -9004 -5163 -5180 -19376 END
START -2560 -2048 -8292 -6788 -4346 -18760 END
START -2508 -1916 -8736 -8338 -3509 -18264 END
START -3016 -2028 -8192 -9847 -2947 -17809 END
START -3732 -2188 -7544 -11183 -2684 -17316 END
START -4144 -2220 -7000 -12548 -2811 -16751 END
START -4644 -2464 -6760 -13855 -3109 -16129 END
START -4948 -2548 -6680 -15084 -3445 -15465 END
START -5092 -2544 -6164 -15969 -3699 -14805 END
START -5580 -2504 -5872 -16911 -3982 -14096 END
START -5924 -2496 -5060 -17786 -4261 -13307 END
START -6148 -2612 -4760 -18616 -4534 -12524 END
START -6520 -2616 -4364 -19343 -4812 -11656 END
START -6656 -2660 -4056 -20060 -4961 -10824 END
START -7112 -2748 -3644 -20758 -5197 -9881 END
START -7540 -2536 -3264 -21466 -5399 -9013 END
START -7712 -2260 -2992 -22131 -5570 -8055 END
START -7636 -2140 -2772 -22934 -5524 -7103 END
START -7460 -1960 -2400 -23732 -5340 -6153 END
START -7332 -1808 -1788 -24644 -4992 -5206 END
START -7348 -1944 -944 -25578 -4574 -4357 END
START -7428 -1952 -252 -26524 -4064 -3470 END
START -7548 -2144 448 -27472 -3604 -2576 END
START -7720 -2032 1044 -28352 -3173 -1748 END
START -7900 -2172 1800 -29268 -2708 -828 END
START -7960 -2232 2220 -30088 -2251 21 END
START -8076 -2380 3200 -30891 -1816 861 END
START -8140 -2252 4160 -31690 -1406 1637 END
START -8024 -2312 4796 -32511 -869 2450 END
START -7912 -2416 5980 -32768 -360 3263 END
START -8024 -2632 7304 -32768 115 4039 END
START -7944 -2704 8592 -32768 574 4809 END
START -7980 -2880 9916 -32768 1043 5633 END
START -8152 -3368 11340 -32768 1466 6482 END
START -7860 -3620 12528 -32768 1744 7360 END
START -7416 -3944 13572 -32768 2148 8255 END
START -6912 -4024 15468 -32768 2555 9103 END
START -5792 -4108 16496 -32768 3266 9857 END
START -4716 -4068 18204 -32768 3880 10472 END
START -3760 -4304 19836 -32768 4432 10933 END
START -2876 -4392 21564 -32768 5069 11180 END
START -1924 -4408 23416 -32768 5582 11210 END
START -980 -4496 25152 -32768 6142 11131 END
START -340 -4584 26544 -32768 6627 10910 END
START 144 -4804 28756 -32768 7005 10571 END