START 584 2996 456 18329 -3748 -586 END
START 5700 -2772 -14512 19574 -3231 -350 END
START 2984 3612 -2088 17544 -4314 -483 END
START -796 1640 3008 18554 -4122 -555 END
START 3496 2024 -3220 18049 -4108 -434 END
START -196 2048 760 18033 -4474 -435 END
START 380 2088 -88 17888 -3885 -299 END
START 2544 2540 -3500 17718 -3066 -130 END
START 1540 2424 -2996 17465 -2117 18 END
START 1908 2144 -3788 17236 -841 284 END
START 2120 1888 -5248 16968 -101 587 END
START 996 1656 -5620 16643 954 937 END
START 1352 2132 -8336 16165 1713 1345 END
START -376 2332 -8256 15463 1941 1794 END
START -120 2724 -10872 14524 2085 2352 END
START -1604 2628 -10900 13467 1534 2887 END
START -1208 2860 -12984 12174 891 3554 END
START -1944 2796 -13552 10859 38 4180 END
START -1924 2840 -14544 9394 -817 4719 END
START -1664 3068 -15588 7732 -1618 5368 END
START -464 3484 -17224 5944 -2131 5928 END
START -704 3632 -17088 4001 -2451 6346 END
START -424 3632 -17288 1866 -2988 6706 END
START -728 3648 -16440 -251 -3428 6918 END
START 332 3564 -16636 -2418 -3684 7180 END
START 12 3244 -15528 -4236 -3700 7399 END
START 772 3032 -15724 -6019 -3470 7679 END
START 684 2676 -14708 -7603 -3197 7958 END
START 1332 2476 -14468 -9031 -2672 8278 END
START 1540 2172 -13384 -10367 -2138 8513 END
START 2000 1920 -12816 -11706 -1444 8777 END
START 2360 2020 -12092 -12977 -852 9012 END
START 2820 1836 -11404 -14164 -173 9174 END
START 3300 1712 -10456 -15166 410 9288 END
START 3680 1620 -9376 -16320 946 9306 END
START 4324 1336 -8544 -17126 1360 9278 END
START 4564 1028 -7360 -17878 1711 9206 END
START 4856 956 -6396 -18376 2069 9057 END
START 4940 992 -5220 -18684 2326 8863 END
START 5124 848 -4888 -18844 2546 8647 END
START 5024 880 -3920 -18914 2627 8399 END
START 4924 740 -3228 -18935 2571 8178 END
START 4688 716 -2420 -18900 2437 7979 END
START 4676 552 -2112 -18749 2178 7819 END
START 4560 572 -1572 -18676 1863 7714 END
START 4324 636 -1348 -18515 1420 7605 END
START 4152 584 -952 -18402 910 7559 END
START 3916 572 -704 -18245 371 7455 END
START 3620 752 -260 -18071 -255 7450 END
START 3464 700 -324 -17864 -905 7380 END
START 3532 628 -240 -17688 -1508 7380 END
START 3612 812 -208 -17519 -2097 7363 END
START 3544 772 -332 -17381 -2609 7397 END
START 3696 912 -248 -17256 -3087 7377 END
START 3684 844 -208 -17202 -3579 7426 END
START 3752 964 -404 -17211 -4050 7412 END
START 3564 888 -756 -17244 -4509 7465 END
START 3496 1020 -1176 -17407 -4976 7528 END
START 3616 1092 -1112 -17672 -5413 7593 END
START 3420 1096 -1252 -18042 -5990 7620 END
START 3572 1096 -1400 -18502 -6414 7682 END
START 3712 952 -1644 -19036 -6705 7819 END
START 3972 848 -1704 -19514 -6838 7876 END
START 4188 728 -1676 -20135 -6769 8000 END
START 4404 660 -1656 -20757 -6561 8077 END
START 4732 720 -1676 -21420 -6207 8147 END
START 5112 572 -1444 -22146 -5734 8176 END
START 5560 424 -1456 -22930 -5071 8138 END
START 5628 276 -1260 -23756 -4382 8041 END
START 5808 172 -812 -24628 -3718 7915 END
START 5564 -64 -404 -25507 -3076 7793 END
START 5588 -284 -64 -26297 -2468 7645 END
START 5284 -472 588 -27182 -1905 7489 END
START 5044 -540 900 -28009 -1401 7395 END
START 4448 -720 1568 -28843 -986 7324 END
START 4060 -908 2272 -29601 -677 7346 END
START 3856 -1172 2908 -30316 -468 7378 END
START 3580 -1352 3536 -30955 -235 7504 END
START 3428 -1636 4304 -31495 -123 7596 END
START 3204 -1744 5072 -32063 -1 7778 END
START 3108 -2084 6120 -32499 -37 7914 END
START 2960 -2172 7060 -32768 -125 8043 END
START 2824 -2372 7956 -32768 -240 8138 END
START 2952 -2468 8380 -32768 -383 8284 END
START 3012 -2720 9428 -32768 -535 8394 END
START 2980 -2892 10040 -32768 -690 8490 END
START 3148 -3224 11200 -32768 -963 8633 END
START 3236 -3464 12232 -32768 -1342 8685 END
START 3308 -3616 13168 -32768 -1692 8788 END
START 3516 -3732 14276 -32768 -2013 8868 END
START 3588 -3884 15132 -32768 -2267 8945 END
START 4072 -4020 16300 -32768 -2433 9025 END
START 4428 -4092 17264 -32768 -2469 9052 END
START 4808 -4048 18300 -32768 -2372 9094 END
START 5372 -4140 19176 -32768 -2115 9050 END
START 6140 -3872 19720 -32768 -1638 8974 END
START 6584 -3816 20564 -32768 -1020 8850 END
START 7148 -3464 21360 -32768 -289 8643 END
START 7656 -3452 22244 -32768 465 8345 END
START 7880 -3364 23032 -32768 1216 8031 END
START 7764 -3216 23768 -32768 1798 7590 END
START 7708 -3148 24712 -32768 2269 7197 END
START 7472 -2820 25588 -32768 2705 6766 END
START 7240 -2496 26480 -32768 3037 6369 END
START 6832 -2112 27332 -32768 3299 6126 END
START 6464 -1996 28116 -32768 3527 5887 END
START 6208 -2036 29044 -32768 3732 5733 END
START 5960 -1820 29568 -32768 3910 5681 END
START 5752 -1888 30348 -32748 4188 5593 END
START 5668 -1884 30892 -32460 4474 5587 END
START 5428 -1680 31396 -32203 4749 5538 END
START 5268 -1640 31928 -31978 5111 5539 END
START 5184 -1656 32576 -31836 5431 5510 END
START 4948 -1608 32767 -31716 5834 5546 END
START 4728 -1632 32767 -31562 6140 5607 END
START 4564 -1736 32767 -31443 6453 5742 END
START 4556 -1712 32767 -31244 6714 5901 END
START 4684 -2260 32767 -31028 6957 6136 END
START 4784 -2336 32767 -30443 6957 6191 END
START 4380 -800 32767 -30287 6748 6502 END
START 4964 -2256 32767 -30087 7231 6635 END
START 6296 -2924 32767 -29662 7223 6634 END
START 5916 -3044 32767 -28590 7342 6618 END
START 6808 -2184 32767 -27664 7311 6549 END
START 7236 -2240 32767 -26696 7258 6470 END
START 7768 -2708 32767 -25441 7333 6361 END
START 8060 -2868 32767 -24079 7256 6156 END
START 8224 -2724 32767 -22542 7198 5879 END
START 8404 -2488 32767 -20872 6994 5645 END
START 8280 -2168 32767 -19050 6744 5406 END
START 8236 -2172 32767 -17126 6371 5206 END
START 8316 -2196 32767 -14975 5973 5004 END
START 8552 -2008 32767 -13043 5489 4853 END
START 8656 -1796 32767 -10896 4971 4689 END
START 8836 -1636 32767 -8770 4454 4549 END
START 9080 -1620 32767 -6671 3845 4394 END
START 9356 -1500 32767 -4607 3181 4121 END
START 9740 -1528 32767 -2690 2552 3938 END
START 9832 -1388 32767 -818 1898 3719 END
START 9952 -1332 32767 932 1320 3474 END
START 10204 -1244 32767 2502 778 3276 END
START 10480 -1188 32767 3922 334 3086 END
START 10836 -1032 32767 5262 63 2872 END
START 11064 -964 32767 6450 -75 2710 END
START 11548 -876 32767 7450 -103 2472 END
START 11844 -872 32767 8494 -54 2214 END
START 12100 -772 32767 9378 22 1926 END
START 12168 -684 32767 10223 72 1600 END
START 12356 -736 32767 11035 207 1257 END
START 12584 -704 32767 11892 359 902 END
START 12520 -680 32767 12638 473 544 END
START 12504 -720 32767 13359 680 183 END
START 12404 -616 32767 14025 795 -192 END
START 12308 -704 32767 14631 909 -512 END
START 12104 -628 32767 15256 1026 -857 END
START 11996 -640 32767 15806 1099 -1186 END
START 11956 -660 32464 16360 1196 -1536 END
START 11784 -780 31632 16868 1330 -1860 END
START 11592 -764 31240 17364 1348 -2162 END
START 11288 -756 30632 17832 1348 -2501 END
START 11056 -756 30132 18337 1320 -2809 END
START 11084 -772 29616 18865 1305 -3102 END
START 10760 -768 29180 19350 1329 -3393 END
START 10724 -828 28660 19890 1298 -3744 END
START 10844 -1064 28092 20400 1302 -4079 END
START 10556 -1252 27772 20935 1277 -4510 END
START 10464 -1236 27432 21425 1196 -4932 END
START 10340 -1436 26904 21952 1105 -5442 END
START 9996 -1464 26280 22470 962 -5897 END
START 9652 -1508 25832 22986 768 -6384 END
START 9320 -1732 25292 23501 498 -6867 END
START 8808 -1792 24760 23927 177 -7309 END
START 8588 -1912 24216 24374 -217 -7809 END
START 8000 -1968 23644 24760 -685 -8278 END
START 7692 -2088 23204 25141 -1189 -8762 END
START 7280 -2088 22600 25488 -1744 -9194 END
START 7000 -2100 21956 25765 -2365 -9665 END
START 7024 -2120 21440 26036 -2920 -10067 END
START 6864 -2032 21100 26260 -3420 -10508 END
START 7072 -1972 20516 26413 -3786 -10904 END
START 7032 -1840 19768 26467 -4022 -11345 END
START 7048 -1608 19212 26476 -4096 -11709 END
START 7196 -1572 18552 26456 -4028 -12138 END
START 7332 -1408 18172 26251 -3911 -12577 END
START 7464 -1456 17660 26025 -3653 -13013 END
START 7380 -1416 17148 25709 -3292 -13454 END
START 7244 -1512 16620 25447 -2885 -13893 END
START 6684 -1300 16300 25058 -2414 -14266 END
START 6436 -1100 15732 24752 -1852 -14555 END
START 5996 -948 15184 24334 -1305 -14795 END
START 5580 -632 14808 23922 -649 -14969 END
START 5296 -424 14236 23519 -8 -15138 END
START 4888 -188 13772 23116 666 -15175 END
START 4568 -28 13124 22717 1315 -15192 END
START 4408 44 12624 22335 1993 -15179 END
START 4488 120 12292 21952 2663 -15130 END
START 4568 124 11836 21603 3320 -15105 END
START 4956 160 11564 21325 3929 -15150 END
START 5304 152 11308 21057 4492 -15226 END
START 5488 228 10684 20837 4974 -15449 END
START 5788 136 10496 20618 5254 -15735 END
START 5980 104 10008 20445 5445 -16106 END
START 5948 100 9676 20324 5422 -16564 END
START 6020 128 9360 20161 5190 -17110 END
START 5724 120 8904 20061 4729 -17658 END
START 5604 12 8488 20011 4180 -18192 END
START 5232 4 8068 19932 3472 -18750 END
START 4720 -96 7992 19963 2558 -19286 END
START 4064 -260 7416 20001 1464 -19820 END
START 3944 -244 6832 20056 271 -20288 END
START 3504 -448 5848 20216 -792 -20682 END
START 3144 -576 5476 20345 -2005 -21018 END
START 2616 -612 4480 20417 -3280 -21337 END
START 1892 -636 3692 20422 -4664 -21591 END
START 1540 -448 2520 20290 -5969 -21799 END
START 1012 -272 1640 20011 -7217 -21996 END
START 728 -44 576 19553 -8306 -22136 END
START 320 332 -484 19009 -9170 -22247 END
START -96 228 -1280 18356 -9904 -22319 END
START -112 268 -2416 17697 -10525 -22382 END
START -288 280 -3436 16930 -10936 -22378 END
START -332 352 -4356 16083 -11219 -22371 END
START -436 488 -5616 15124 -11361 -22362 END
START -532 616 -6656 14040 -11338 -22345 END
START -760 856 -7548 12815 -11120 -22284 END
START -820 780 -8452 11405 -10818 -22166 END
START -880 852 -9316 9975 -10320 -22041 END
START -988 888 -9924 8478 -9744 -21869 END
START -1040 1000 -10676 6790 -9010 -21702 END
START -1360 1016 -10968 5118 -8221 -21454 END
START -1944 972 -11016 3422 -7564 -21254 END
START -2484 948 -11268 1711 -7070 -20965 END
START -3248 868 -11416 43 -6718 -20647 END
START -3796 812 -11652 -1623 -6496 -20288 END
START -4564 856 -11712 -3273 -6346 -19899 END
START -5048 936 -11276 -4932 -6320 -19476 END
START -5392 1144 -11212 -6589 -6297 -19004 END
START -5152 1112 -10716 -8237 -6284 -18499 END
START -5020 1044 -10076 -9961 -6163 -18004 END
START -4472 812 -9628 -11501 -5988 -17521 END
START -4000 608 -8684 -12964 -5786 -17113 END
START -3836 228 -7912 -14199 -5527 -16733 END
START -4052 -136 -6992 -15118 -5351 -16410 END
START -4260 -388 -6152 -16107 -5353 -16055 END
START -4520 -600 -5300 -16740 -5435 -15666 END
START -4936 -816 -4932 -17305 -5624 -15272 END
START -5160 -884 -4400 -17796 -5787 -14855 END
START -5488 -732 -4228 -18246 -5944 -14416 END
START -5776 -816 -3972 -18765 -6232 -13962 END
START -6440 -876 -3540 -19246 -6660 -13426 END
START -6944 -876 -3312 -19766 -7253 -12836 END
START -7516 -968 -3140 -20285 -7929 -12095 END
START -7752 -892 -2912 -20970 -8511 -11263 END
START -7912 -804 -2844 -21635 -8947 -10380 END
START -8188 -820 -2436 -22343 -9194 -9440 END
START -8436 -844 -2096 -23006 -9273 -8457 END
START -8644 -848 -1688 -23678 -9207 -7386 END
START -8732 -800 -1292 -24335 -8980 -6353 END
START -8744 -728 -848 -24947 -8591 -5275 END
START -8464 -700 -336 -25563 -8058 -4260 END
START -8288 -644 216 -26154 -7408 -3276 END
START -7840 -740 952 -26772 -6620 -2320 END
START -7280 -684 1440 -27328 -5761 -1413 END
START -6896 -916 2224 -27899 -4816 -528 END
START -6580 -1180 2828 -28428 -3942 258 END
START -6020 -1436 3840 -28900 -3061 1012 END
START -5616 -1600 4500 -29310 -2266 1723 END
START -5260 -1664 5356 -29633 -1476 2373 END
START -4712 -1728 6060 -29951 -882 2939 END
START -4568 -1904 7216 -30245 -445 3418 END
START -4068 -1844 8200 -30442 -284 3863 END
START -3684 -2000 9292 -30669 -224 4184 END
START -3212 -1928 10404 -30802 -351 4468 END
START -2324 -2100 11700 -30885 -485 4609 END
START -1792 -2268 12892 -30914 -715 4611 END
START -880 -2512 14136 -30865 -880 4507 END
START -568 -2676 15348 -30691 -1158 4269 END
START -36 -2984 16972 -30430 -1468 3917 END
START 452 -3160 18692 -30132 -2005 3476 END
START 692 -3368 20108 -29811 -2519 2937 END
START 860 -3596 21796 -29439 -3175 2282 END
START 876 -3612 23512 -29021 -3742 1614 END
START 572 -3748 25332 -28527 -4396 910 END
START 128 -3644 27112 -28021 -4976 296 END
START -612 -3636 29068 -27387 -5641 -271 END
START -1392 -3580 30712 -26710 -6266 -766 END
START -1956 -3528 32436 -26212 -6609 -1176 END
START -2812 -3292 32767 -25484 -6942 -1447 END
START -3480 -3152 32767 -24715 -7097 -1687 END
START -4132 -3028 32767 -23786 -7188 -1821 END
START -4568 -2964 32767 -22803 -7047 -1885 END
START -5440 -3160 32767 -21743 -6816 -1919 END
START -6496 -3156 32767 -20503 -6418 -1844 END
START -7192 -3256 32767 -19241 -5879 -1681 END
START -8384 -3324 32767 -17828 -5310 -1401 END
START -9360 -3268 32767 -16411 -4778 -910 END
START -10296 -3280 32767 -15019 -4204 -273 END
START -11476 -3320 32767 -13363 -3803 528 END
START -12464 -3296 32767 -11661 -3446 1524 END
START -13544 -3188 32767 -9946 -3417 2646 END
START -13824 -2980 32767 -8062 -3243 3911 END
START -14008 -2756 32767 -6244 -3089 5237 END