START 17300 8712 -21952 -484 -4574 5499 END
START 5140 1128 -17320 -6550 -11672 4099 END
START 12516 136 -15424 -10003 -5768 2350 END
START 8420 -240 -12624 -12398 1322 857 END
START 4544 -928 -12836 -14705 4286 -53 END
START -368 -1920 -10608 -17566 3922 -505 END
START 1624 -2920 -12052 -20914 2842 -1000 END
START 1596 -3988 -12092 -25289 2569 -2114 END
START 1136 -6256 -10388 -29904 3223 -3167 END
START -1220 -8024 -8344 -32768 4226 -3114 END
START -3244 -10360 -5800 -32768 3876 -1948 END
START -2800 -11768 -2624 -32768 4300 98 END
START -2052 -13292 3896 -32768 8304 1200 END
START -1852 -13808 14224 -32768 10757 1309 END
START 792 -13436 29228 -32768 7055 -712 END
START 2816 -11824 32767 -32768 5510 -4344 END
START 956 -10988 32767 -32768 6331 -6788 END
START -5472 -11188 32767 -32768 2559 -5867 END
START -5632 -10056 32767 -24203 -4870 -1431 END
START 1684 -7924 32767 -14908 -3299 2277 END
START 5512 -5944 32767 -5443 3597 3582 END
START 5072 -4732 32767 3610 4975 3378 END
START 5568 -3916 32767 11799 3243 3799 END
START 6356 -3968 32767 19599 584 3849 END
START 7628 -5092 32767 26481 -2798 2911 END
START 8312 -6756 32767 31776 -4585 1187 END
START 8324 -7464 32767 32767 -4340 -860 END
START 7256 -7960 27860 32767 -3254 -3404 END
START 5544 -8952 21464 32767 -3403 -4981 END
START 4968 -9128 16112 32767 -3480 -6289 END
START 4492 -8972 11232 32767 -3667 -7859 END
START 4212 -7964 5692 32767 -3831 -9411 END
START 3708 -7116 1360 32767 -4487 -10633 END
START 4360 -5516 -3372 32767 -5047 -11739 END
START 4296 -3852 -7236 29917 -4140 -12805 END
START 3444 -2320 -11196 24086 -3573 -13393 END
START 3448 -848 -12228 17290 -4888 -14354 END
START 4332 -176 -11624 11491 -5636 -15792 END
START 4328 -108 -10676 7824 -5979 -17800 END
START 3692 -248 -11084 4706 -7103 -19655 END
START 3840 -368 -11264 1027 -7805 -21319 END
START 2624 -740 -10468 -2741 -7778 -22539 END
START 2648 -1240 -11976 -7167 -7737 -23116 END
START 2932 -1956 -10996 -12105 -7686 -24092 END
START 3080 -3508 -9636 -15923 -8312 -25552 END
START 2400 -4832 -9156 -19524 -9305 -26262 END
START 2420 -5816 -9036 -23241 -10174 -26477 END
START 4392 -6900 -9436 -27954 -11362 -27988 END
START 5100 -9152 -8952 -32768 -11660 -30261 END
START 3744 -13280 -7632 -32768 -9458 -32768 END
START -3836 -18756 -144 -32768 -14189 -32768 END
START -10552 -22832 13968 -32768 -15761 -29149 END