START -232 3472 -5908 -9443 -316 5593 END
START 4516 -432 -19256 -8606 1257 6115 END
START -132 4472 -8564 -10781 647 6309 END
START -2316 3032 -3612 -10645 1668 6550 END
START 276 3320 -6900 -11249 1765 6982 END
START 28 3452 -6688 -11739 1407 7294 END
START -3192 3224 -3212 -12289 1685 7696 END
START -1028 3376 -5652 -12721 2008 8201 END
START -2520 3180 -3676 -13152 2137 8686 END
START -2188 3076 -3992 -13516 2529 9309 END
START -2280 3140 -3524 -13815 2351 9899 END
START -2480 3172 -2388 -14110 2530 10584 END
START -1252 3228 -3032 -14686 2259 11184 END
START -1540 3124 -1472 -14807 2286 11747 END
START 352 3472 -2192 -14753 2013 12161 END
START 348 3500 -636 -15294 1811 12622 END
START 2136 3868 -1128 -15345 1555 12737 END
START 2060 3844 220 -15483 1174 12683 END
START 2900 4028 560 -15551 771 12614 END
START 3480 3980 1288 -15568 160 12374 END
START 4084 3952 1668 -15523 -247 12035 END
START 4916 3888 1836 -15341 -713 11646 END
START 5108 3712 2256 -15138 -1044 11276 END
START 5860 3884 1856 -15080 -1306 10927 END
START 5884 3836 2360 -14694 -1469 10564 END
START 6596 4052 1612 -15048 -1501 10132 END
START 6724 3996 1760 -14677 -1488 9732 END
START 7336 4072 916 -15218 -1246 9291 END
START 7252 3908 1040 -15443 -964 8783 END
START 7460 3832 420 -15893 -472 8308 END
START 7548 3680 172 -16444 -2 7769 END
START 7684 3572 -84 -17070 642 7274 END
START 7464 3260 -328 -17844 1326 6672 END
START 7444 2820 -660 -18740 2077 6115 END
START 6836 2360 -736 -19642 2864 5584 END
START 6496 2000 -916 -20682 3592 5069 END
START 5484 1556 -620 -21712 4224 4671 END
START 4908 1300 -532 -22797 4776 4323 END
START 3876 1056 12 -23950 5128 4053 END
START 2888 820 264 -25068 5415 3899 END
START 2048 432 820 -26165 5470 3921 END
START 1412 100 1324 -27130 5479 4041 END
START 664 -344 1948 -28149 5323 4317 END
START 132 -664 2888 -29004 5202 4680 END
START -300 -788 3500 -29778 5155 5092 END
START -576 -1232 4244 -30464 5085 5552 END
START -880 -1492 4920 -31066 5089 6084 END
START -1104 -1472 5392 -31632 5116 6590 END
START -1304 -1668 6200 -32108 5159 7114 END
START -1488 -1792 6832 -32531 5132 7606 END
START -1784 -2020 7348 -32768 5008 8116 END
START -1988 -2272 8040 -32768 4801 8543 END
START -1972 -2392 8516 -32768 4598 8991 END
START -1960 -2396 8844 -32768 4415 9364 END
START -1932 -2436 8908 -32768 4251 9717 END
START -1784 -2352 9448 -32768 4107 10021 END
START -1504 -2080 9836 -32768 4004 10386 END
START -1368 -1968 10168 -32768 4013 10673 END
START -1048 -1772 10736 -32768 4042 11029 END
START -676 -1744 11216 -32768 4186 11367 END
START -236 -1884 11696 -32768 4368 11661 END
START 296 -1988 12116 -32768 4655 11980 END
START 888 -2076 12784 -32768 4926 12168 END
START 1556 -2152 13412 -32768 5274 12395 END
START 2164 -2348 13996 -32768 5561 12260 END
START 2616 -2276 14816 -32768 5870 12324 END
START 2800 -2308 15636 -32768 6052 12430 END
START 3284 -2240 16468 -32768 6211 12148 END
START 3708 -2160 17044 -32768 6384 12092 END
START 4000 -2008 17564 -32768 6608 11974 END
START 4488 -2024 18116 -32768 6802 11844 END
START 4700 -1932 18528 -32768 6924 11595 END
START 4636 -1912 19272 -32768 6902 11357 END
START 4676 -1684 19596 -32768 6757 11172 END
START 4504 -1352 20192 -32768 6549 11036 END
START 4644 -1232 20836 -32768 6280 10942 END
START 4640 -1132 21308 -32768 5989 10880 END
START 4812 -1116 21904 -32768 5637 10834 END
START 5080 -1176 22716 -32768 5228 10810 END
START 5588 -1180 23440 -32768 4740 10738 END
START 6100 -1312 24228 -32768 4290 10619 END
START 6608 -1360 25120 -32768 3855 10467 END
START 7216 -1416 25968 -32768 3465 10319 END
START 7844 -1496 26836 -32768 3133 10105 END
START 8452 -1560 28012 -32768 2861 9800 END
START 8940 -1532 28912 -32768 2728 9510 END
START 9424 -1704 30296 -32768 2652 9163 END
START 9972 -1764 31320 -32452 2676 8732 END
START 10324 -1692 32616 -31857 2811 8340 END
START 10856 -1696 32767 -31184 3123 7913 END
START 11372 -1708 32767 -30407 3474 7498 END
START 11504 -1528 32767 -29620 3841 7067 END
START 11812 -1400 32767 -28712 4218 6610 END
START 11864 -1188 32767 -27876 4460 6212 END
START 11832 -1192 32767 -26960 4592 5774 END
START 11888 -980 32767 -25939 4655 5339 END
START 11808 -1016 32767 -24940 4554 4994 END
START 11908 -840 32767 -23835 4432 4636 END
START 11972 -808 32767 -22751 4234 4296 END
START 11956 -684 32767 -21592 4021 4008 END
START 12028 -640 32767 -20449 3743 3643 END
START 12000 -520 32767 -19321 3492 3339 END
START 11940 -388 32767 -18091 3219 3067 END
START 11920 -348 32767 -16929 2926 2746 END
START 11820 -376 32767 -15729 2607 2482 END
START 11852 -344 32767 -14282 2279 2194 END
START 11508 -368 32767 -13367 1810 1948 END
START 11440 -300 32767 -12043 1297 1752 END
START 11268 -184 32767 -10789 756 1545 END
START 11424 -124 32767 -9666 295 1360 END
START 11328 -8 32767 -8493 -245 1177 END
START 11408 -24 32767 -7437 -736 962 END
START 11440 40 32767 -6378 -1205 737 END
START 11680 108 32767 -5308 -1619 511 END
START 11684 -76 32767 -4267 -1995 231 END
START 11864 -168 32767 -3190 -2302 -20 END
START 11876 -200 32767 -2102 -2529 -305 END
START 11920 -292 32767 -1022 -2627 -566 END
START 11980 -304 32767 -3 -2603 -800 END
START 11952 -392 32767 1045 -2513 -997 END
START 12048 -568 32767 2081 -2480 -1199 END
START 11768 -624 32767 3104 -2357 -1394 END
START 11740 -772 32767 4130 -2274 -1643 END
START 11652 -764 32767 5111 -2112 -1858 END
START 11552 -744 32767 6059 -1932 -2030 END
START 11440 -828 32767 7013 -1822 -2276 END
START 11332 -940 32767 7809 -1662 -2480 END
START 11092 -1020 32767 8666 -1564 -2731 END
START 10956 -1180 32767 9466 -1475 -2964 END
START 10756 -1216 32767 10283 -1391 -3236 END
START 10388 -1432 32767 11040 -1399 -3455 END
START 10064 -1600 32767 11782 -1373 -3622 END
START 9624 -1656 32767 12566 -1375 -3786 END
START 9312 -1756 32767 13260 -1295 -3884 END
START 8940 -1948 32767 13980 -1186 -3963 END
START 8760 -1976 32767 14715 -1136 -4060 END
START 8540 -2204 32767 15363 -1008 -4057 END
START 8368 -2112 32767 16030 -949 -4131 END
START 8484 -2292 32767 16675 -880 -4179 END
START 8272 -2420 32767 17269 -763 -4227 END
START 8304 -2508 32412 17912 -665 -4286 END
START 8228 -2688 31764 18539 -566 -4380 END
START 8088 -2780 30884 19160 -537 -4433 END
START 8052 -2884 30516 19801 -508 -4497 END
START 8172 -2884 30012 20385 -572 -4622 END
START 8240 -2900 29184 21008 -650 -4747 END
START 8316 -2988 28712 21616 -755 -4892 END
START 8548 -2924 27928 22140 -950 -5079 END
START 8640 -2908 27156 22697 -1173 -5264 END
START 8704 -2872 26408 23222 -1439 -5532 END
START 8920 -2916 25832 23747 -1872 -5791 END
START 8868 -2916 25164 24197 -2298 -6149 END
START 8968 -2996 24468 24751 -2819 -6532 END
START 8868 -2900 23468 25256 -3355 -6955 END
START 9128 -2880 22684 25739 -3857 -7381 END
START 9100 -2892 21924 26217 -4314 -7782 END
START 9412 -2832 20812 26607 -4688 -8239 END
START 9348 -2840 20168 26991 -4982 -8695 END
START 9424 -2616 19036 27374 -5159 -9126 END
START 9528 -2628 17980 27623 -5292 -9605 END
START 9448 -2408 17176 27859 -5387 -10075 END
START 9476 -2480 16236 28034 -5432 -10584 END
START 9516 -2300 15352 28170 -5469 -11080 END
START 9404 -2316 14448 28283 -5491 -11599 END
START 9500 -2272 13216 28406 -5531 -12056 END
START 9444 -2272 12000 28535 -5657 -12558 END
START 9724 -2084 10920 28552 -5746 -13057 END
START 9776 -1956 9512 28444 -5810 -13554 END
START 9784 -1640 7984 28226 -5852 -14106 END
START 9892 -1300 6620 27775 -5862 -14744 END
START 9928 -1124 5392 27197 -5860 -15321 END
START 9796 -908 4344 26480 -5879 -15882 END
START 9624 -856 3280 25714 -5850 -16467 END
START 9260 -832 2280 24980 -5829 -16948 END
START 8804 -936 1376 24221 -5817 -17368 END
START 8144 -844 680 23441 -5818 -17725 END
START 7660 -596 -440 22615 -5809 -17989 END
START 6948 -576 -1380 21799 -5887 -18191 END
START 6200 -444 -2344 20815 -5922 -18322 END
START 5736 -268 -3312 19728 -5971 -18359 END
START 5124 -84 -3968 18576 -6033 -18373 END
START 4408 244 -4936 17269 -6016 -18311 END
START 4124 520 -5372 15878 -5943 -18243 END
START 3564 584 -5636 14484 -5811 -18081 END
START 3396 676 -5516 13061 -5629 -17940 END
START 3008 592 -5408 11680 -5339 -17786 END
START 3028 488 -5116 10429 -4928 -17625 END
START 3108 568 -5188 9340 -4338 -17474 END
START 3096 492 -4900 8340 -3654 -17331 END
START 3200 408 -4780 7393 -2829 -17258 END
START 2848 536 -4336 6516 -2022 -17175 END
START 2500 496 -4256 5646 -1290 -17100 END
START 2408 332 -4192 4896 -579 -16987 END
START 2116 340 -4040 4188 -3 -16917 END
START 1688 328 -3924 3517 484 -16816 END
START 1288 172 -3996 2895 826 -16702 END
START 756 12 -3652 2343 1018 -16526 END
START 324 -132 -3836 1874 1104 -16331 END
START -20 -160 -4184 1426 1079 -16114 END
START -164 -64 -4404 957 986 -15925 END
START -144 16 -4760 466 863 -15758 END
START -124 200 -5156 -101 711 -15634 END
START -168 316 -5296 -768 558 -15538 END
START -144 344 -5676 -1473 380 -15500 END
START -56 276 -6028 -2277 236 -15468 END
START 36 172 -6212 -3049 156 -15433 END
START 20 116 -6252 -3853 165 -15355 END
START -56 168 -6268 -4608 178 -15317 END
START -56 120 -6292 -5332 239 -15263 END
START -264 -100 -6404 -6130 352 -15195 END
START -268 -168 -6408 -6896 367 -15176 END
START -592 -284 -6136 -7590 330 -15141 END
START -596 -244 -6320 -8370 175 -15099 END
START -592 -224 -6164 -9123 14 -15051 END
START -596 -60 -5876 -9948 -208 -14986 END
START -720 20 -5696 -10792 -425 -14969 END
START -580 -52 -5268 -11649 -571 -14922 END
START -444 -96 -5016 -12528 -561 -14910 END
START -588 -204 -4672 -13382 -410 -14903 END
START -784 -212 -4368 -14264 -179 -14904 END
START -908 -348 -3680 -15004 161 -14826 END
START -1292 -436 -3288 -15521 495 -14723 END
START -1720 -664 -2640 -16198 776 -14577 END
START -2140 -764 -2504 -16754 1021 -14372 END
START -2444 -852 -2116 -17251 1094 -14101 END
START -2636 -860 -2088 -17686 1114 -13803 END
START -2760 -780 -1844 -18224 1073 -13581 END
START -2568 -936 -1564 -18770 1014 -13339 END
START -2412 -880 -1492 -19471 1008 -13107 END
START -2280 -880 -992 -20170 1017 -12960 END
START -2444 -868 -468 -20872 1066 -12819 END
START -2524 -764 56 -21565 1134 -12667 END
START -2648 -776 380 -22210 1188 -12536 END
START -3212 -992 1032 -22759 1215 -12365 END
START -3580 -1160 1608 -23262 1095 -12150 END
START -4408 -1292 2208 -23658 785 -11824 END
START -5092 -1228 2704 -24077 428 -11451 END
START -5520 -996 3456 -24529 82 -11031 END
START -5764 -724 3592 -25107 -135 -10537 END
START -5972 -456 4240 -25694 -218 -10074 END
START -5896 -240 5164 -26430 -211 -9615 END
START -5844 -92 6044 -27138 -54 -9144 END
START -5788 -12 7100 -27829 232 -8751 END
START -5676 76 8352 -28420 539 -8394 END
START -5896 -20 9368 -28930 973 -8033 END
START -5888 -64 10888 -29340 1305 -7643 END
START -6156 -68 12200 -29634 1709 -7215 END
START -6216 -88 13384 -29768 1980 -6782 END
START -6424 -96 14720 -29762 2171 -6276 END
START -6708 -72 16136 -29718 2300 -5713 END
START -6820 -92 16888 -29594 2266 -5183 END
START -6932 -8 17844 -29444 2162 -4618 END
START -7144 -64 19096 -29312 1972 -4043 END
START -7132 -56 20152 -29138 1686 -3486 END
START -7124 -104 21272 -28980 1309 -2908 END
START -7348 -404 22748 -28792 885 -2359 END
START -7536 -712 24284 -28521 250 -1895 END
START -7732 -844 25964 -28159 -434 -1337 END
START -7992 -992 27472 -27656 -1128 -779 END
START -8072 -984 28812 -27128 -1728 -211 END
START -7748 -1664 30420 -26470 -2260 264 END
START -7612 -1884 31704 -25639 -2601 758 END
START -7428 -1944 32767 -24881 -2772 1166 END
START -7300 -2316 32767 -23992 -2913 1590 END
START -7372 -2800 32767 -23052 -3021 1937 END
START -7424 -3324 32767 -22018 -3244 2258 END
START -7720 -3668 32767 -20810 -3520 2551 END
START -7836 -3792 32767 -19602 -3790 2836 END
START -7908 -4000 32767 -18345 -4182 3210 END
START -7932 -4272 32767 -17066 -4466 3663 END
START -7496 -5156 32767 -15635 -4573 4107 END
START -7392 -5544 32767 -14251 -4508 4579 END
START -7484 -5384 32767 -12719 -4384 5082 END
START -7608 -5000 32767 -11172 -4325 5666 END
START -7548 -4372 32767 -9532 -4314 6377 END
START -7176 -4372 32767 -7909 -4281 7081 END
START -6664 -4192 32767 -6290 -4157 7753 END
START -6220 -4060 32767 -4781 -3946 8352 END