START 332 1360 -4872 21925 -2012 3544 END
START 4080 -1980 -16960 22668 -2727 4077 END
START 1312 3372 -8696 20352 -2650 4459 END
START 2436 2244 -10132 20144 -2224 4799 END
START 2316 2264 -11120 18828 -2677 5057 END
START 1304 2004 -11076 17644 -3137 5258 END
START 2788 2400 -14008 16289 -3282 5527 END
START 1320 2560 -13436 14859 -3800 5678 END
START 3516 2904 -16860 13245 -3662 5887 END
START 2740 3000 -16188 11442 -3654 5947 END
START 4296 3524 -17768 9347 -3412 5986 END
START 3872 3592 -17460 7039 -3246 5860 END
START 4620 3772 -17828 4679 -2974 5690 END
START 4668 3632 -17496 2157 -2588 5417 END
START 4424 3484 -16604 -286 -2255 5109 END
START 4380 3156 -15888 -2410 -1807 4780 END
START 4596 2692 -15172 -4255 -1381 4399 END
START 3844 2184 -13200 -5742 -717 4083 END
START 4080 2072 -12688 -6912 -137 3823 END
START 3160 1768 -10940 -7807 608 3643 END
START 2960 1588 -10188 -8511 1271 3537 END
START 2192 1332 -9032 -9058 1824 3477 END
START 1736 964 -8448 -9520 2397 3546 END
START 1152 604 -7584 -9838 2753 3670 END
START 524 380 -6876 -10081 2919 3877 END
START 436 220 -6696 -10264 2991 4163 END
START 284 96 -6628 -10404 2915 4449 END
START 448 96 -6640 -10556 2689 4773 END
START 328 4 -6524 -10667 2273 5018 END
START 408 8 -6664 -10784 1705 5230 END
START 712 -4 -6872 -10950 1008 5406 END
START 948 12 -6900 -11195 245 5518 END
START 1140 48 -6992 -11445 -658 5558 END
START 1312 -52 -6968 -11850 -1592 5582 END
START 1244 -96 -6804 -12199 -2477 5524 END
START 1436 -236 -6684 -12575 -3370 5560 END
START 1416 -204 -6740 -12980 -4125 5569 END
START 1392 -204 -6460 -13332 -4875 5605 END
START 1400 -188 -6256 -13641 -5512 5720 END
START 1396 -168 -6120 -13944 -6086 5849 END
START 1328 -68 -6208 -14238 -6451 6006 END
START 1456 -80 -6260 -14787 -6738 6148 END
START 1580 -348 -6288 -14776 -6867 6326 END
START 1732 -288 -6504 -15418 -6867 6559 END
START 1980 -544 -6468 -15820 -6694 6756 END
START 2452 -484 -6676 -16410 -6423 6972 END
START 2908 -512 -6756 -17090 -5979 7151 END
START 3428 -388 -6648 -17788 -5326 7285 END
START 3932 -448 -6764 -18521 -4558 7330 END
START 4268 -424 -6908 -19333 -3575 7328 END
START 4672 -452 -6628 -20184 -2514 7321 END
START 4764 -512 -6416 -21092 -1448 7285 END
START 4648 -632 -6288 -22025 -489 7298 END
START 4680 -544 -5704 -23010 419 7245 END
START 4528 -684 -5136 -23930 1156 7246 END
START 4336 -864 -4476 -24769 1859 7277 END
START 4360 -996 -3752 -25502 2407 7305 END
START 4088 -1032 -2952 -26152 2849 7280 END
START 3916 -1164 -2096 -26741 3102 7304 END
START 3420 -1256 -1140 -27245 3215 7328 END
START 3120 -1384 -448 -27614 3284 7365 END
START 2840 -1508 192 -27912 3217 7390 END
START 2668 -1592 628 -28083 3107 7424 END
START 2372 -1644 1324 -28246 2866 7500 END
START 2140 -1472 1676 -28446 2646 7574 END
START 2024 -1496 1972 -28668 2432 7628 END
START 1928 -1360 2260 -28979 2180 7682 END
START 1684 -1416 2808 -29313 1913 7743 END
START 1540 -1424 3332 -29637 1683 7801 END
START 1224 -1468 3872 -29992 1352 7849 END
START 1040 -1528 4236 -30312 1034 7974 END
START 1088 -1492 4932 -30634 731 8121 END
START 796 -1476 5356 -30931 553 8322 END
START 800 -1480 5780 -31328 374 8483 END
START 648 -1552 6972 -31757 262 8675 END
START 768 -1608 7608 -32117 179 8938 END
START 1048 -1896 8408 -32496 243 9160 END
START 1356 -2276 9472 -32768 605 9374 END
START 2060 -2544 10248 -32768 1215 9564 END
START 2892 -2776 10928 -32768 2050 9651 END
START 3352 -3072 11820 -32768 3064 9670 END
START 3496 -3160 12648 -32768 4030 9670 END
START 3680 -3284 13572 -32768 5025 9572 END
START 3460 -3600 14636 -32768 5817 9446 END
START 3696 -3868 15592 -32768 6508 9312 END
START 3576 -4080 16668 -32768 7067 9117 END
START 3672 -4264 17848 -32768 7521 8961 END
START 4036 -4576 19012 -32768 7936 8678 END
START 3884 -4872 20388 -32768 8075 8379 END
START 3984 -5052 21460 -32768 8159 8103 END
START 4068 -5172 22424 -32768 8191 7780 END
START 3648 -5228 23572 -32768 7995 7494 END
START 3480 -5256 24676 -32768 7585 7218 END
START 3452 -5240 25780 -32768 7152 6958 END
START 3516 -5476 26744 -32768 6633 6747 END
START 3308 -5508 28064 -32768 6052 6575 END
START 3264 -5648 28712 -32768 5453 6424 END
START 3172 -5632 29568 -32525 4914 6350 END
START 3192 -5632 30232 -31989 4433 6302 END
START 2964 -5520 31256 -31436 4031 6278 END
START 3108 -5624 32032 -30911 3641 6358 END
START 2964 -5500 32767 -30363 3352 6476 END
START 2880 -5420 32767 -29870 3066 6693 END
START 3124 -5216 32767 -29299 2779 6982 END
START 3348 -4988 32767 -28642 2655 7337 END
START 3644 -5000 32767 -27928 2633 7693 END
START 4004 -4840 32767 -27129 2683 8041 END
START 4408 -4632 32767 -26250 2760 8464 END
START 5068 -4424 32767 -25313 2919 8843 END
START 5768 -4108 32767 -24320 3063 9145 END
START 6356 -4068 32767 -23307 3260 9397 END
START 6948 -3912 32767 -22238 3412 9643 END
START 7832 -3648 32767 -21182 3588 9731 END
START 8592 -3416 32767 -20143 3727 9816 END
START 9676 -3028 32767 -19141 3843 9785 END
START 10712 -2656 32767 -18130 4015 9665 END
START 11684 -2496 32767 -17151 4106 9422 END
START 12816 -2180 32767 -16204 4282 9094 END
START 13824 -1920 32767 -15269 4475 8611 END
START 14596 -1760 32767 -14269 4608 8074 END
START 15336 -1616 32767 -13203 4840 7477 END
START 15988 -1476 32767 -12079 5004 6850 END
START 16292 -1280 32767 -10901 5172 6131 END
START 16660 -1180 32767 -9794 5377 5504 END
START 16640 -960 32767 -8620 5549 4851 END
START 16452 -764 32767 -7726 5671 4283 END
START 16464 -516 32767 -6825 5793 3686 END
START 16260 -508 32767 -6055 5872 3141 END
START 16084 -432 32767 -5341 5959 2628 END
START 15796 -340 32767 -4628 5964 2169 END
START 15404 -492 32767 -3888 6035 1792 END
START 15384 -556 32767 -3088 5991 1410 END
START 14972 -792 32767 -2253 5930 1140 END
START 14756 -916 32767 -1367 5756 851 END
START 14440 -1176 32767 -447 5470 619 END
START 14260 -1336 32767 458 5133 431 END
START 13948 -1464 32767 1397 4622 235 END
START 13696 -1608 32767 2368 3969 95 END
START 13532 -1576 32767 3291 3217 -48 END
START 13484 -1728 32767 4248 2286 -185 END
START 13520 -1588 32767 5137 1335 -368 END
START 13772 -1616 32767 6035 324 -587 END
START 14300 -1612 32767 6990 -641 -825 END
START 14556 -1528 32767 7817 -1502 -1164 END
START 15000 -1608 32767 8769 -2366 -1539 END
START 15500 -1684 32767 9726 -3122 -2034 END
START 16012 -1604 32767 10750 -3767 -2565 END
START 16272 -1644 32767 11686 -4256 -3240 END
START 16708 -1776 32767 12609 -4554 -3933 END
START 16992 -1792 32767 13549 -4781 -4709 END
START 17316 -1660 32767 14390 -4918 -5466 END
START 17432 -1620 32767 15176 -4906 -6347 END
START 17592 -1556 32364 15838 -4730 -7208 END
START 17508 -1392 31328 16560 -4735 -8136 END
START 17488 -1484 30228 17145 -4660 -9116 END
START 17348 -1632 28980 17695 -4450 -10150 END
START 17056 -1812 28008 18154 -4200 -11207 END
START 16628 -1936 26828 18569 -3967 -12148 END
START 15644 -2096 25432 18976 -3853 -13104 END
START 15048 -2148 24236 19344 -3661 -13965 END
START 14548 -2116 23188 19618 -3505 -14813 END
START 13820 -2312 22124 19914 -3326 -15571 END
START 13188 -2340 21016 20156 -3223 -16201 END
START 12540 -2372 20056 20327 -3157 -16818 END
START 11740 -2560 19444 20548 -3204 -17385 END
START 11124 -2592 18404 20717 -3322 -17934 END
START 10640 -2692 17676 20931 -3408 -18375 END
START 10108 -2788 16740 21111 -3583 -18786 END
START 9684 -2836 15548 21296 -3824 -19206 END
START 9220 -2752 14744 21436 -4159 -19606 END
START 8812 -2880 13900 21592 -4583 -19997 END
START 8260 -3052 13260 21810 -5169 -20384 END
START 7928 -3088 12408 22027 -5757 -20782 END
START 7504 -3092 11624 22191 -6526 -21152 END
START 7448 -3164 10580 22367 -7114 -21531 END
START 7464 -3092 9544 22450 -7682 -21877 END
START 7464 -2904 8240 22454 -8090 -22246 END
START 7392 -2932 7492 22379 -8402 -22637 END
START 7360 -2896 6300 22280 -8537 -23047 END
START 7648 -2816 5052 22019 -8521 -23507 END
START 7956 -2716 3680 21617 -8364 -24004 END
START 8296 -2628 2448 21139 -8088 -24560 END
START 8292 -2568 1272 20506 -7665 -25160 END
START 8376 -2800 -152 19822 -7170 -25765 END
START 8044 -2856 -1016 18956 -6619 -26392 END
START 7552 -2980 -2172 18006 -6125 -26961 END
START 7368 -2912 -3648 16892 -5573 -27458 END
START 6788 -2984 -4532 15612 -5072 -27953 END
START 6164 -3008 -5456 14233 -4499 -28357 END
START 5284 -3004 -6032 12660 -3957 -28712 END
START 4420 -3112 -6408 11120 -3416 -28921 END
START 3584 -3120 -6768 9553 -2936 -29053 END
START 2692 -3380 -6912 7977 -2398 -29003 END
START 1740 -3376 -6636 6487 -1927 -28877 END
START 752 -3360 -6668 5077 -1508 -28628 END
START -184 -3640 -6632 3762 -1176 -28226 END
START -1280 -3732 -6480 2580 -950 -27729 END
START -2400 -3988 -6532 1622 -837 -27167 END
START -3340 -4168 -6664 645 -860 -26415 END
START -4216 -4284 -6504 -176 -1020 -25657 END
START -5044 -4152 -6704 -1055 -1334 -24806 END
START -5704 -4148 -7348 -1971 -1644 -23946 END
START -6224 -4048 -7468 -3116 -1835 -23156 END
START -6392 -3736 -7696 -4430 -1817 -22355 END
START -6916 -3460 -7348 -5683 -1851 -21541 END
START -7272 -3268 -6940 -7012 -1758 -20707 END
START -7584 -3284 -6696 -8227 -1785 -19882 END
START -7896 -3280 -6400 -9404 -1730 -18988 END
START -8136 -3464 -6116 -10511 -1738 -18033 END
START -8152 -3524 -5732 -11475 -1572 -17117 END
START -7964 -3488 -5440 -12324 -1264 -16227 END
START -7696 -3576 -5052 -13149 -854 -15342 END
START -7552 -3376 -4796 -13803 -435 -14541 END
START -7044 -3552 -4408 -14494 -98 -13794 END
START -6888 -3552 -3988 -14819 59 -13091 END
START -6288 -3472 -3584 -15682 256 -12462 END
START -5948 -3376 -3164 -16227 399 -11949 END
START -5936 -3232 -2336 -16840 453 -11509 END
START -6092 -3084 -1860 -17408 222 -11117 END
START -6316 -3080 -1056 -17808 -266 -10700 END
START -6144 -3056 -1080 -18106 -781 -10337 END
START -6224 -2980 -600 -18352 -1408 -9908 END
START -6192 -2828 -352 -18483 -1943 -9564 END
START -6076 -2636 104 -18729 -2489 -9211 END
START -5936 -2320 284 -19078 -2962 -8863 END
START -5744 -2252 636 -19323 -3308 -8568 END
START -5692 -2284 1236 -19688 -3735 -8258 END
START -5848 -2484 2084 -19894 -4158 -7882 END
START -5860 -2636 2716 -20046 -4594 -7437 END
START -6088 -2532 3204 -20136 -4816 -7037 END
START -6304 -2456 3760 -20169 -4871 -6547 END
START -6572 -2132 3964 -20155 -4855 -6019 END
START -7004 -2204 4564 -20125 -4863 -5401 END
START -7472 -2240 4984 -20075 -4919 -4762 END
START -7976 -2284 5016 -20022 -5027 -4068 END
START -8544 -2204 5520 -19949 -5316 -3297 END
START -8748 -1992 5516 -20013 -5648 -2446 END
START -8860 -1868 5644 -20191 -5936 -1552 END
START -8764 -1548 5648 -20486 -6188 -649 END
START -8616 -1336 5936 -20858 -6256 163 END
START -8048 -1200 6140 -21419 -6204 948 END
START -7884 -1296 6480 -21976 -6020 1679 END
START -7388 -1388 6892 -22693 -5702 2382 END
START -6952 -1656 7560 -23408 -5249 3062 END
START -6724 -1688 8320 -24151 -4747 3752 END
START -6548 -1920 9268 -24891 -4213 4442 END
START -6532 -2120 10092 -25565 -3666 5165 END
START -6396 -2212 10952 -26212 -3097 5915 END
START -6220 -2660 12376 -26863 -2513 6660 END
START -6108 -3060 13472 -27383 -2008 7381 END
START -5624 -3504 14628 -27943 -1498 8063 END
START -5336 -3956 16076 -28467 -1133 8678 END
START -4808 -4184 17332 -28965 -653 9309 END
START -4368 -4448 18728 -29410 -311 9803 END
START -3776 -4872 20664 -29811 34 10294 END
START -3080 -5336 22496 -30124 231 10619 END
START -2392 -5920 24588 -30275 308 10869 END
START -1824 -6556 26848 -30236 236 10895 END
START -1296 -6656 28888 -29995 102 10925 END
START -1068 -7020 31288 -29601 -159 10839 END
START -660 -7384 32767 -28998 -583 10695 END
START -260 -7892 32767 -28260 -1033 10469 END
START -204 -8040 32767 -27321 -1658 10199 END
START 352 -8220 32767 -26203 -2266 9907 END
START 596 -8428 32767 -24947 -2962 9549 END
START 1420 -8764 32767 -23478 -3485 9136 END
START 2124 -9196 32767 -21838 -3837 8715 END
START 2632 -9404 32767 -20006 -3939 8255 END
START 3008 -9696 32767 -18060 -4027 7791 END
START 3148 -9876 32767 -15910 -4055 7285 END
START 3136 -9988 32767 -13712 -4103 6829 END
START 3464 -10192 32767 -11549 -3994 6396 END
START 3032 -10228 32767 -9132 -3985 6011 END
START 2696 -10208 32767 -6918 -4040 5706 END
START 2392 -10200 32767 -4697 -4329 5496 END
START 2088 -9856 32767 -2647 -4704 5345 END
START 1724 -9600 32767 -829 -5106 5206 END
START 1488 -9364 32767 766 -5484 5151 END
START 1260 -9172 32767 2062 -5859 5141 END
START 1288 -8792 32767 3253 -6148 5234 END
START 1124 -8352 32767 4222 -6227 5383 END
START 1036 -7864 32767 5053 -6232 5565 END
START 1088 -7344 32767 5794 -6145 5705 END
START 1144 -7224 32767 6524 -5998 5913 END
START 1476 -7176 32767 7156 -5659 6099 END
START 1760 -7020 32767 7838 -5183 6307 END