START 5208 10984 -14232 701 8783 4131 END
START 11756 1964 -16020 -1972 3849 3186 END
START 7084 1200 -13616 -6891 2474 2779 END
START 4420 504 -11860 -11370 1338 2599 END
START 3312 -328 -9372 -15545 1179 1752 END
START 2144 -1912 -7028 -18231 2408 1151 END
START 3492 -2888 -9040 -20945 2353 324 END
START 3360 -4352 -10668 -24584 1429 -871 END
START 2832 -5520 -10504 -29815 -698 -1493 END
START 1148 -7256 -7092 -32768 -1229 -1009 END
START 40 -8460 -3892 -32768 -1757 509 END
START 1504 -9000 16 -32768 -1980 1305 END
START 1840 -8828 5172 -32768 -891 1556 END
START 3344 -8804 12576 -32768 2064 671 END
START 2388 -9924 22676 -32768 4548 -2366 END
START -3984 -12044 32767 -32768 500 -5091 END
START -9744 -12768 32767 -32768 -3878 -4036 END
START -10372 -11272 32767 -32768 -3213 2143 END
START -3780 -7456 32767 -26087 3554 6752 END
START 120 -5260 32767 -21375 10337 6855 END
START -600 -3736 32767 -16814 14491 5090 END
START -4288 -3596 32767 -10032 12787 4927 END
START -5384 -3288 32767 -1009 9085 6305 END
START -4516 -3032 32767 6497 5912 8458 END
START -2272 -3164 32767 11901 4780 9472 END
START 776 -4320 32767 16827 4475 9610 END
START 3168 -5436 32767 21309 4140 8557 END
START 4944 -5996 32767 25863 2300 6181 END
START 4940 -6696 29568 29686 -259 2854 END
START 3672 -7240 23392 32517 -3205 -159 END
START 3256 -7348 17940 32767 -4707 -2210 END
START 3976 -7484 13348 32767 -4805 -3681 END
START 4868 -6592 8492 32767 -4113 -5484 END
START 6224 -5624 3616 32767 -4272 -7893 END
START 7120 -4924 -1656 32767 -5428 -10758 END
START 7012 -3924 -5716 29555 -8307 -13464 END
START 6040 -2864 -8892 24461 -9946 -15498 END
START 7216 -2492 -10256 17700 -9026 -17771 END
START 5680 -3200 -9152 12095 -6508 -19691 END
START 3756 -3728 -9284 8330 -4624 -20020 END
START 2976 -3700 -9968 4475 -3688 -20119 END
START 3024 -3276 -11032 340 -3550 -20864 END
START 2488 -3680 -11616 -4238 -3656 -21687 END
START 2884 -3800 -14032 -10029 -4656 -22369 END
START 2648 -4688 -14172 -17523 -5584 -23272 END
START 2288 -6256 -10720 -23373 -5144 -23994 END
START 748 -8128 -10548 -27666 -2440 -23374 END
START 1804 -8960 -13444 -32768 -1780 -23495 END
START 280 -12116 -12752 -32768 -899 -24149 END
START -2504 -15392 -7800 -32768 -1394 -24698 END
START -5724 -20096 -4020 -32768 1603 -23785 END
START -11620 -25600 2096 -32768 8552 -21610 END
START -22384 -32768 17876 -32768 18325 -17290 END