START 3840 10144 -18200 788 10857 3476 END
START 11252 2052 -20816 -3052 4331 3083 END
START 7332 1768 -18204 -7865 -1824 3436 END
START 7652 1704 -14776 -13882 -4031 2103 END
START 11692 724 -13076 -18183 -284 517 END
START 7944 -280 -9016 -21735 5729 -1550 END
START 5276 -1772 -9332 -25118 8617 -3690 END
START 2808 -3536 -9144 -28114 4985 -5175 END
START 3096 -5132 -7668 -30879 -790 -6036 END
START 3492 -6752 -5324 -32768 -3805 -6524 END
START 4504 -8080 -3300 -32768 -1836 -6773 END
START 4264 -10096 -3188 -32768 3196 -7183 END
START 1780 -13268 -244 -32768 6011 -7474 END
START -1580 -15948 7880 -32768 2657 -7640 END
START -3184 -15768 16372 -32768 -4423 -7424 END
START -2528 -14904 23904 -32768 -7038 -7414 END
START -1412 -14796 32767 -32768 -4797 -7657 END
START -5844 -15312 32767 -32768 -3338 -6896 END
START -7036 -15620 32767 -32768 -6427 -3752 END
START -8436 -16512 32767 -29614 -12671 -1738 END
START -6452 -16960 32767 -14982 -24174 990 END
START 3184 -12644 32767 -2366 -17932 1889 END
START -1336 -9964 32767 4673 -4338 4863 END
START -3580 -7512 32767 12057 -1477 10729 END
START 860 -4596 32767 20176 -5444 14289 END
START 6284 -3108 32767 25669 -9906 12955 END
START 10616 -3708 32767 29282 -13628 8561 END
START 13216 -3524 32767 31747 -10526 3495 END
START 9748 -5040 30512 32767 -5619 40 END
START 6860 -6620 25276 32767 -3454 -489 END
START 7136 -7020 19648 32767 -2632 -721 END
START 7600 -6744 14328 32767 -3309 -1842 END
START 10088 -5492 9284 32767 -4295 -4492 END
START 12488 -4372 3500 32767 -3828 -8555 END
START 13316 -2836 -2856 32508 -1525 -13114 END
START 12212 -2892 -6840 26722 1355 -17010 END
START 9928 -2872 -9612 21337 3169 -18791 END
START 10024 -2212 -11312 16630 3768 -21042 END
START 9052 -2268 -12044 11917 3791 -24074 END
START 7500 -2400 -12520 7293 3625 -26551 END
START 5316 -2984 -12276 2588 3426 -28026 END
START 4328 -3704 -11660 -1103 3010 -28747 END
START 2696 -4500 -11440 -5084 1912 -29226 END
START 1160 -5648 -10592 -9058 205 -29308 END
START -1052 -6568 -10180 -12831 -1380 -28022 END
START -460 -6736 -10700 -19213 -1844 -26270 END
START -1900 -7600 -9204 -26335 193 -24533 END
START -1936 -8508 -7304 -32082 -52 -22971 END
START -2916 -10088 -4284 -32768 -2394 -21868 END
START -2160 -11020 488 -32768 -3556 -21224 END
START -3184 -13312 5404 -32768 328 -20804 END
START -7072 -15684 12132 -32768 989 -20758 END
START -12864 -18956 21776 -32768 852 -20225 END