START 8056 4100 -17204 23555 -3494 5379 END
START 3100 2160 -16760 15366 -5000 5288 END
START 2952 812 -13556 10614 -2059 4599 END
START 888 508 -12204 6759 -565 4149 END
START -1260 -1392 -10460 4762 -2824 3749 END
START -1860 -3660 -11072 2336 -4092 4412 END
START -2660 -6464 -13112 -1182 -3792 6719 END
START -1732 -8960 -16084 -7872 -1533 9137 END
START -972 -10228 -17996 -16285 2105 10334 END
START -1752 -11456 -15704 -23975 3801 10481 END
START -1660 -12176 -12556 -28778 3322 10192 END
START -396 -12320 -10072 -31518 3243 9657 END
START 1176 -11600 -9096 -32768 4780 8677 END
START 2696 -11380 -8584 -32768 6972 6719 END
START 2468 -12260 -6692 -32768 9522 4155 END
START 1520 -13948 -4872 -32768 10537 2075 END
START -660 -14748 -3072 -32768 10603 501 END
START -1768 -15896 2080 -32768 11648 -640 END
START -4544 -16252 13208 -32768 13181 -506 END
START -6788 -15224 29912 -32768 10661 1485 END
START -2584 -12572 32767 -32768 4765 1997 END
START 2000 -8744 32767 -32768 3953 1067 END
START 3324 -5716 32767 -32768 4666 1279 END
START 2884 -2764 32767 -30008 5308 2172 END
START 1788 -1556 32767 -20357 4571 4611 END
START 2328 -580 32767 -9181 1481 7462 END
START 6724 792 32767 1786 -2849 9783 END
START 13176 1736 32767 12420 -5117 9283 END
START 17960 1564 32767 21341 -4546 7082 END
START 18936 56 32767 27319 -3245 4148 END
START 18548 -1508 32767 31536 -4816 374 END
START 16828 -3868 32767 32767 -7511 -4372 END
START 14028 -5920 24644 32767 -9958 -8854 END
START 11996 -7248 16776 32767 -9640 -12135 END
START 10756 -7964 8176 32767 -7259 -14771 END
START 9916 -8016 480 32767 -4647 -17147 END
START 8904 -8064 -3928 31539 -2082 -19758 END
START 6772 -8408 -7944 26884 -1118 -22422 END
START 3616 -9352 -10688 22720 -2652 -23955 END
START 472 -9224 -13944 18407 -6485 -23980 END
START -720 -9284 -15360 13472 -10292 -23019 END
START -1644 -8492 -18828 5966 -9920 -20620 END
START -2468 -7988 -20444 -3809 -7095 -17285 END
START -2576 -7748 -18392 -13138 -3718 -14497 END
START -2864 -7956 -17312 -20774 -1243 -12475 END
START -2576 -8392 -16572 -28157 -347 -11343 END
START -2480 -10140 -14192 -32768 1102 -10693 END
START -2776 -11596 -12212 -32768 2837 -10272 END
START -2508 -14636 -9980 -32768 4813 -10653 END
START -3776 -19172 -6480 -32768 7544 -11354 END
START -7460 -24188 524 -32768 9089 -12398 END
START -11824 -29044 8896 -32768 6777 -12656 END
START -20184 -32116 23776 -32768 1517 -10892 END
START -27680 -31064 32767 -32768 -3896 -2879 END
START -23620 -28060 32767 -32768 152 6427 END
START -18904 -24248 32767 -32768 5600 11259 END
START -12660 -20200 32767 -28380 9198 12087 END