START 18848 7840 -6888 -366 4637 1277 END
START 8584 2260 -9272 -1888 2759 608 END
START 3904 2272 -9016 -6603 -1324 860 END
START 1944 2336 -5464 -11315 -1058 377 END
START 4580 1788 -4696 -14488 -446 -783 END
START 7884 788 -5804 -16394 1335 -2046 END
START 5392 -40 -5168 -17938 2319 -2896 END
START 3308 -896 -4976 -20436 2200 -3428 END
START 1796 -2332 -3980 -23393 1775 -3347 END
START 684 -3156 -3144 -26591 984 -2942 END
START 376 -4556 -2308 -30301 122 -2302 END
START 1048 -5924 68 -32768 262 -1860 END
START 2312 -7892 3216 -32768 2222 -1891 END
START 2448 -9272 6908 -32768 4557 -2385 END
START 1056 -10604 10884 -32768 5658 -3511 END
START -1428 -12276 15964 -32768 3048 -4393 END
START -1544 -13544 21136 -32768 -808 -4784 END
START -2048 -13168 25152 -32768 -2546 -4473 END
START -564 -12692 30292 -32768 -228 -4095 END
START 0 -12192 32767 -32768 4364 -4881 END
START -3080 -12108 32767 -32768 6406 -5103 END
START -5100 -11804 32767 -28425 4692 -4799 END
START -7840 -12008 32767 -22185 2052 -3315 END
START -8380 -11296 32767 -15078 -1435 -332 END
START -6248 -9588 32767 -8297 -3813 2654 END
START -2620 -7656 32767 -2162 -3886 4866 END
START 1572 -5316 32767 3166 -1120 6153 END
START 3292 -4148 32767 6869 1651 6120 END
START 3576 -4036 32767 10673 49 5710 END
START 5008 -4464 32767 15007 -2994 4415 END
START 5728 -5376 32767 19982 -5756 2393 END
START 5176 -6328 32767 23917 -6086 740 END
START 4604 -7592 32160 26463 -4804 -230 END
START 3952 -8456 28900 28333 -1901 -776 END
START 3724 -9212 25372 29953 713 -841 END
START 4060 -8768 21656 31129 2060 -1142 END
START 3600 -8348 17328 31905 1438 -1811 END
START 4568 -7876 14616 32195 -1355 -2478 END
START 6776 -6880 11640 32452 -3364 -4288 END
START 7836 -5896 8048 31977 -3997 -6949 END
START 7816 -4836 4232 30184 -4250 -9418 END
START 8332 -3744 1284 27584 -4227 -11836 END
START 8208 -2892 -932 24449 -3426 -14158 END
START 7828 -2316 -3120 21291 -1912 -15902 END
START 7704 -1636 -5720 16884 631 -17885 END
START 6064 -1572 -7416 12327 2562 -19621 END
START 3776 -1660 -7748 8353 2563 -20438 END
START 2320 -1688 -7752 5218 1478 -21075 END
START 1172 -1864 -7680 2564 -374 -21527 END
START 832 -1808 -8408 -300 -1777 -21910 END
START -288 -1972 -9268 -3837 -2757 -21784 END
START -132 -2264 -9972 -8090 -3637 -21343 END
START -840 -2900 -9980 -12819 -4312 -20574 END
START -1344 -3576 -10352 -17706 -5384 -19305 END
START -1000 -4544 -10232 -23510 -6597 -18005 END
START -528 -5896 -9816 -29974 -4952 -16927 END
START -412 -8108 -9312 -32768 -2952 -16642 END
START -1992 -11592 -6620 -32768 -2554 -16829 END
START -3924 -16376 604 -32768 -1597 -17411 END
START -9240 -22008 14052 -32768 -3485 -17710 END
START -17844 -26888 32767 -32768 -6843 -15322 END
START -24524 -27700 32767 -32768 -5793 -7346 END