START 17168 5236 -14612 9728 8575 4106 END
START 12604 1320 -25740 3151 2616 1922 END
START 2248 316 -17004 -4362 -2784 -413 END
START 428 -868 -11248 -8450 -4912 -1334 END
START 1372 -892 -9084 -9774 -3905 -1376 END
START 3116 -1152 -11436 -13041 -180 -2186 END
START 3548 -2152 -12440 -18246 4899 -2837 END
START 2056 -3648 -13080 -24050 8900 -2532 END
START 1416 -4692 -12904 -29934 8406 -1605 END
START 1904 -6584 -11340 -32768 6728 -1438 END
START 2956 -8816 -5720 -32768 5935 -2176 END
START 1988 -9548 672 -32768 5917 -3144 END
START 1112 -10064 4532 -32768 5626 -3545 END
START -228 -11044 9320 -32768 5244 -3720 END
START -1468 -12160 17580 -32768 5674 -3565 END
START -5044 -12848 30496 -32768 5569 -2483 END
START -5060 -12124 32767 -32768 3417 -323 END
START -1044 -11020 32767 -32768 917 -108 END
START -1884 -8612 32767 -29681 35 -774 END
START -3348 -7508 32767 -20797 -2220 833 END
START -2380 -6052 32767 -14024 -4274 4257 END
START 692 -4572 32767 -6721 -3828 7289 END
START 3560 -3812 32767 2177 -1623 9243 END
START 6608 -3220 32767 11550 -1653 10398 END
START 9996 -2892 32767 19852 -2974 9578 END
START 12556 -2916 32767 25648 -4842 6405 END
START 12168 -3968 32767 29982 -6478 2327 END
START 10116 -5104 30220 32767 -7571 -1237 END
START 7676 -6040 23324 32767 -8464 -3642 END
START 6844 -6428 17284 32767 -9284 -5360 END
START 6416 -6396 12480 32767 -8509 -7195 END
START 5700 -6196 8488 32767 -8064 -8914 END
START 4992 -5424 4304 32767 -7943 -10737 END
START 3680 -4880 564 32767 -8864 -11830 END
START 3740 -3896 -2664 31211 -10352 -12114 END
START 2152 -3508 -3348 27812 -12606 -12908 END
START 1752 -2848 -4644 24898 -15370 -12873 END
START 2076 -2064 -6120 21604 -17304 -13310 END
START 2320 -1112 -8752 16412 -18513 -14511 END
START 1772 -904 -9364 10370 -18736 -15559 END
START 756 -912 -8744 4569 -17274 -15418 END
START 252 -888 -8144 -505 -13959 -14999 END
START 168 -1008 -9332 -6102 -8001 -14141 END
START -208 -1188 -11252 -13345 -958 -13160 END
START -1668 -2148 -11780 -20519 4052 -11957 END
START -2592 -2972 -11860 -26630 4421 -10820 END
START -1276 -3956 -13072 -32612 2650 -11110 END
START 72 -6436 -11616 -32768 1890 -11860 END
START 352 -8684 -9948 -32768 3807 -12569 END
START -2240 -11440 -10164 -32768 7432 -12538 END
START -4256 -14988 -11288 -32768 11227 -11614 END
START -8160 -20244 -5772 -32768 15089 -10143 END
START -15184 -25764 11668 -32768 20508 -7267 END
START -23064 -29288 32767 -32768 19799 -835 END