START 22196 -4432 -32768 14748 -6268 -3793 END
START -1464 3644 -21864 6074 -3258 -117 END
START 4832 3152 -25396 -3726 -8443 1150 END
START 3444 1428 -19640 -9739 -8723 2895 END
START 2260 500 -12520 -16646 -5074 3393 END
START 8 -756 -8936 -20241 1686 2167 END
START 2256 -1520 -11228 -24096 5766 1515 END
START -296 -2728 -11492 -28557 6236 661 END
START -2348 -4732 -10960 -32768 4292 951 END
START -3264 -6112 -10488 -32768 3080 2440 END
START -2936 -8228 -7852 -32768 6661 4289 END
START -4124 -11012 -7212 -32768 11206 7346 END
START -3908 -14064 -3768 -32768 14200 9080 END
START -4724 -18268 3852 -32768 17945 10792 END
START -2628 -21856 13128 -32768 21497 11224 END
START -2764 -25504 24988 -32768 24495 9280 END