START 10160 9684 -7748 10426 3696 -358 END
START 5796 3700 -13724 7253 969 -680 END
START -20 2820 -9900 1991 -2912 -180 END
START -3600 2660 -5172 -3006 -234 10 END
START 2820 2180 -8972 -6521 2298 -238 END
START 68 2044 -8160 -9279 2832 -177 END
START -2484 1600 -7560 -12385 3151 393 END
START -2368 1140 -7976 -15689 3198 995 END
START -1400 376 -9020 -18749 2041 2061 END
START 212 -92 -9672 -22279 452 2586 END
START 1016 -956 -8860 -26229 -991 2319 END
START 1984 -2188 -6620 -30368 -1399 1943 END
START 2916 -4248 -4552 -32768 -1046 1421 END
START 3020 -6940 -2220 -32768 -155 702 END
START 1732 -9724 316 -32768 552 771 END
START 872 -12472 3820 -32768 1461 1959 END
START 1844 -14580 8256 -32768 2570 3182 END
START 2068 -16964 11692 -32768 2634 3329 END
START 3028 -19948 16660 -32768 -2207 1506 END
START 5888 -22584 25136 -32768 -7507 -2010 END
START 3692 -23972 32767 -32768 -11577 -5632 END
START 800 -22644 32767 -32768 -9238 -5974 END
START -2976 -21412 32767 -32768 -529 -1795 END