START 4224 13852 -6160 370 2877 87 END
START -3468 4436 1104 59 -2450 -700 END
START 1136 3984 -1816 -2170 271 -3108 END
START 6736 3292 -7864 -3683 825 -4172 END
START 2856 2776 -7432 -6128 -520 -4412 END
START -2652 2120 -5660 -9192 -1704 -4291 END
START -744 1248 -8756 -13329 -2418 -3553 END
START -840 -16 -8696 -18358 -2047 -3281 END
START -1176 -1684 -7924 -23070 -1018 -2512 END
START -780 -3296 -6516 -27750 174 -1896 END
START 1020 -5016 -5240 -32138 1558 -2282 END
START 556 -6808 -2920 -32768 2013 -2956 END
START 496 -9200 460 -32768 1503 -3262 END
START 676 -11352 3404 -32768 1764 -3413 END
START 280 -14124 6240 -32768 2616 -4158 END
START -2072 -16360 8620 -32768 563 -4039 END
START -1572 -17716 13512 -32768 -1617 -3098 END
START 76 -18404 19708 -32768 -562 -2934 END
START -820 -19532 23000 -32768 1593 -4378 END
START -3192 -19968 24140 -32768 480 -5067 END
START -4652 -21660 30916 -32768 -162 -5359 END
START -7444 -21780 32767 -32768 -309 -3535 END
START -6896 -20840 32767 -31006 557 -1646 END
START -5124 -18544 32767 -26452 1105 -206 END