START 12916 7352 -6448 7388 4516 -1941 END
START 1884 2828 -12084 5133 -803 -543 END
START -4896 1312 -7104 2255 -5371 1057 END
START -1976 2028 -8524 -3209 -6614 1590 END
START -108 1904 -8176 -9322 -4599 546 END
START 1676 756 -8696 -14831 506 -463 END
START -140 -624 -8792 -19496 2851 -433 END
START -2556 -1648 -7736 -23212 1912 501 END
START -3184 -3128 -6060 -26477 169 1915 END
START -2812 -4076 -4196 -29287 -1414 3386 END
START -996 -5332 -2860 -32081 -2568 3949 END
START 1664 -6256 -1608 -32768 -1592 3381 END
START 1428 -7912 216 -32768 1834 2572 END
START 612 -10140 3032 -32768 4202 2181 END
START -640 -13064 8012 -32768 3763 1764 END
START -1936 -14596 13884 -32768 778 1923 END
START 208 -15452 20632 -32768 -1081 1852 END
START 2348 -16144 26784 -32768 1160 165 END
START 1392 -17348 32196 -32768 3663 -2403 END
START -2292 -17916 32767 -32768 2719 -3724 END
START -5448 -18260 32767 -28087 -75 -3159 END