START 2048 7700 4944 8894 2738 -2945 END
START 2176 3088 -1288 10522 3995 -2657 END
START 4768 11168 3736 8238 2729 -2926 END
START 780 7240 5512 9333 3124 -3118 END
START 1916 8592 5076 8919 2674 -3203 END
START 2912 8580 3892 8652 1533 -3408 END
START 1648 8260 5568 8354 1284 -3504 END
START 4488 8304 1868 8076 1026 -3670 END
START 2104 8336 4496 7725 677 -3847 END
START 4064 8892 1800 7344 651 -3926 END
START 1928 9108 4060 6909 -111 -4069 END
START 2028 9224 3504 6472 -415 -4136 END
START 3104 9468 2172 6018 -705 -4284 END
START 2716 9492 2376 5545 -1294 -4404 END
START 2356 9632 2792 5036 -1419 -4452 END
START 2584 9624 2380 4539 -1743 -4527 END
START 1744 9772 3160 4042 -1972 -4496 END
START 1916 10080 2932 3533 -2088 -4438 END
START 1216 10184 3720 3061 -2199 -4309 END
START 1524 10252 3548 2651 -2201 -4175 END
START 1308 10304 3856 2253 -2119 -4015 END
START 1320 10236 4076 1932 -1852 -3839 END
START 1048 10220 4368 1625 -1593 -3689 END
START 1184 10280 4448 1310 -1198 -3477 END
START 1120 10260 4628 1092 -811 -3249 END
START 1016 10348 4892 779 -467 -3024 END
START 1104 10284 4848 593 -90 -2761 END
START 1108 10272 4984 420 289 -2566 END
START 1064 10416 4488 250 756 -2332 END
START 1136 10300 4700 23 1147 -2120 END
START 960 10148 4732 -171 1467 -1919 END
START 704 10108 4692 -416 1742 -1689 END
START 504 10108 4360 -693 1908 -1498 END
START 368 10036 4004 -936 2155 -1233 END
START 364 10104 3908 -1223 2334 -1004 END
START 460 9912 3624 -1536 2516 -758 END
START 464 9864 3532 -1880 2683 -565 END
START 600 9592 3284 -2220 2863 -352 END
START 928 9432 3040 -2612 3054 -188 END
START 1244 9252 2928 -2959 3146 -89 END
START 1500 9008 2584 -3383 3248 -49 END
START 1732 8904 2324 -3747 3235 -54 END
START 1916 8724 2220 -4125 3116 -141 END
START 1864 8728 1876 -4549 2867 -286 END
START 1864 8672 1748 -4975 2548 -449 END
START 1576 8684 1800 -5491 2121 -648 END
START 1564 8500 1624 -5939 1654 -798 END
START 1464 8232 1548 -6427 1235 -989 END
START 1604 8080 1620 -6877 855 -1144 END
START 1504 7704 1480 -7303 491 -1363 END
START 1248 7432 1520 -7663 237 -1499 END
START 1212 7152 1688 -7953 -18 -1649 END
START 644 6988 1872 -8224 -342 -1763 END
START 200 6872 1880 -8458 -653 -1792 END
START -300 6756 1896 -8665 -1021 -1802 END
START -700 6668 2008 -8903 -1313 -1679 END
START -1056 6620 1696 -9189 -1502 -1529 END
START -1308 6472 1908 -9445 -1698 -1293 END
START -1648 6288 1748 -9689 -1826 -1020 END
START -1808 6216 1808 -9930 -1861 -731 END
START -1912 6080 1792 -10266 -1830 -385 END
START -2012 6060 1728 -10477 -1711 -42 END
START -1936 5924 1720 -10707 -1675 303 END
START -1936 5852 1440 -10934 -1503 667 END
START -2040 5792 1384 -11219 -1437 985 END
START -2052 5680 1168 -11565 -1381 1345 END
START -2036 5776 980 -11975 -1316 1703 END
START -1932 5764 1004 -12383 -1314 2076 END
START -1956 5620 840 -12852 -1294 2412 END
START -1624 5412 516 -13276 -1296 2775 END
START -1500 5304 716 -13697 -1267 3040 END
START -1116 5136 668 -14148 -1147 3304 END
START -752 5036 568 -14833 -1028 3518 END
START -424 5028 452 -14883 -860 3688 END
START -52 4924 652 -15598 -707 3796 END
START 40 4776 732 -16072 -516 3865 END
START 284 4812 816 -16514 -311 3879 END
START 268 4708 956 -16943 -204 3910 END
START 124 4516 1200 -17383 -263 3905 END
START 248 4348 1356 -17752 -361 3868 END
START -12 4336 1564 -18128 -633 3882 END
START 192 4380 1608 -18542 -989 3886 END
START 232 4292 1784 -18961 -1432 3876 END
START 632 4296 1780 -19430 -1857 3888 END
START 768 4152 1876 -19895 -2188 3904 END
START 956 4208 2084 -20427 -2461 3927 END
START 1488 4040 2196 -20910 -2554 3951 END
START 1980 3776 2396 -21351 -2487 3945 END
START 2540 3576 2404 -21881 -2254 3917 END
START 3168 3440 2800 -22268 -1961 3838 END
START 3436 3068 2664 -22762 -1584 3701 END
START 3524 2816 3268 -23222 -1235 3567 END
START 3300 2652 3596 -23730 -991 3479 END
START 2948 2700 4096 -24186 -792 3441 END
START 2612 2736 4204 -24584 -702 3489 END
START 2284 2772 4556 -24940 -640 3610 END
START 2056 2664 4944 -25226 -705 3751 END
START 2004 2368 5060 -25516 -846 3902 END
START 2304 2116 5072 -25777 -983 3951 END
START 2568 1916 5160 -26074 -1196 4039 END
START 2996 1720 5420 -26419 -1292 4056 END
START 3412 1684 5448 -26719 -1369 3984 END
START 3672 1448 5708 -27018 -1452 3808 END
START 3824 1128 5388 -27315 -1540 3594 END
START 4004 836 5516 -27525 -1689 3336 END
START 3952 556 5428 -27733 -1927 3087 END
START 4100 228 4828 -27951 -2164 2788 END
START 4500 -4 4320 -28258 -2288 2455 END
START 4772 -316 3804 -28577 -2377 2074 END
START 5024 -628 3184 -29055 -2444 1664 END
START 5316 -780 2612 -29621 -2590 1128 END
START 5344 -1020 1952 -30259 -2745 562 END
START 5096 -1320 1384 -31009 -2997 -42 END
START 4516 -1584 1108 -31793 -3381 -575 END
START 3732 -1848 240 -32711 -3955 -1030 END
START 3016 -1936 -304 -32768 -4674 -1344 END
START 2172 -2036 -844 -32768 -5441 -1477 END
START 1692 -2328 -1244 -32768 -6043 -1472 END
START 1248 -2412 -1504 -32768 -6353 -1261 END
START 976 -2496 -1312 -32768 -6312 -914 END
START 876 -2620 -1124 -32768 -5999 -446 END
START 956 -2956 -432 -32768 -5315 138 END
START 1072 -3240 276 -32768 -4382 735 END
START 1120 -3608 1056 -32768 -3245 1329 END
START 1184 -4620 2592 -32768 -1966 2012 END
START 496 -5504 4976 -32768 -843 2759 END
START -264 -5964 7292 -32768 -41 3627 END
START -884 -6108 10152 -32768 728 4501 END
START -948 -6448 12384 -32768 1673 5494 END
START -684 -6960 15056 -32768 2658 6448 END
START -684 -7628 18036 -32768 3737 7348 END
START -804 -8080 21288 -32768 4603 8209 END
START -460 -8172 24456 -32768 5390 9074 END
START -56 -7984 27600 -32768 6104 9894 END
START 540 -7968 31012 -32768 6781 10642 END
START 1628 -8212 32767 -32768 7380 11297 END
START 2740 -8748 32767 -32768 7928 11712 END
START 3896 -9020 32767 -32768 8299 11931 END
START 5292 -9312 32767 -32768 8483 11920 END
START 6160 -9776 32767 -32768 8386 11735 END
START 7640 -10256 32767 -32768 8032 11245 END
START 8304 -10444 32767 -32768 7059 10574 END
START 8676 -10344 32767 -32768 5617 9695 END
START 9284 -10200 32767 -32768 3886 8766 END
START 9800 -10144 32767 -30289 1995 7679 END
START 10316 -10024 32767 -26949 149 6538 END
START 10924 -9960 32767 -23499 -1650 5211 END
START 11188 -9780 32767 -20188 -3127 3973 END
START 10656 -9460 32767 -16833 -4513 2704 END
START 10228 -9264 32767 -13744 -5779 1662 END
START 9316 -8880 32767 -10745 -6901 737 END
START 8716 -8264 32767 -8192 -7762 60 END
START 8160 -7676 32767 -6248 -8227 -422 END
START 7632 -6740 32767 -4569 -8301 -730 END
START 7300 -6180 32767 -3346 -7992 -980 END
START 6756 -5560 32767 -2407 -7334 -1057 END
START 6492 -5168 32767 -1721 -6457 -1024 END
START 6372 -4800 32767 -1177 -5192 -917 END
START 6152 -4652 32767 -804 -4025 -720 END
START 5556 -4356 32767 -468 -2720 -438 END
START 4932 -4236 32767 -205 -1561 -30 END
START 4348 -4032 32767 80 -689 396 END
START 3788 -3752 32767 366 -14 864 END
START 3420 -3632 32767 616 385 1346 END
START 3336 -3404 32767 858 627 1783 END
START 3388 -3080 32384 1122 688 2109 END
START 3344 -2832 31856 1380 650 2378 END
START 3524 -2484 31036 1650 570 2549 END
START 3952 -2348 30408 1892 547 2640 END
START 4256 -2124 29432 2189 471 2641 END
START 4612 -1924 28756 2461 465 2531 END
START 5052 -1632 27960 2780 410 2430 END
START 5296 -1576 27108 3087 320 2196 END
START 5448 -1424 26320 3245 294 2027 END
START 5140 -1500 26008 3380 19 1796 END