START 12572 4084 -16632 1447 11266 1426 END
START 9388 4032 -13864 -3028 -2626 657 END
START -3196 3396 -148 -7670 -7468 528 END
START 1376 1480 -1132 -9268 -3843 -852 END
START 4268 692 -5464 -11597 410 -1906 END
START 2704 -820 -8292 -15135 2520 -2583 END
START 404 -1960 -9996 -19424 2406 -1883 END
START 652 -2820 -9892 -23931 1178 -1697 END
START 1456 -3512 -9072 -28831 212 -1610 END
START 1040 -5196 -6136 -32647 -355 -2042 END
START 1632 -5848 -1960 -32768 -243 -2016 END
START 1792 -6564 1200 -32768 955 -1961 END
START 1436 -7604 4632 -32768 1871 -1892 END
START 1576 -7620 9340 -32768 1053 -1563 END
START 1064 -7940 18396 -32768 1844 -1953 END
START -764 -9080 27272 -32768 4266 -1775 END
START -2636 -10008 32767 -32768 6437 -1409 END
START -2640 -9672 32767 -32768 7897 -926 END
START -2516 -8700 32767 -27513 10249 -1884 END
START -5784 -7852 32767 -18852 8352 -2597 END