START 2344 12304 3356 5530 368 490 END
START 3576 7024 -5680 7015 1229 683 END
START 4964 16260 2008 4882 929 738 END
START 252 12952 2648 6013 689 541 END
START 3648 13908 -1364 5003 1084 400 END
START 1772 13328 512 4339 42 230 END
START 2364 12888 -484 3570 -172 67 END
START 3136 12252 -2168 2710 -47 -69 END
START 3416 11760 -3068 1970 -106 -239 END
START 2440 11576 -2364 1166 245 -253 END
START 3264 11812 -3876 421 404 -305 END
START 2060 11820 -2964 -318 636 -276 END
START 3380 11540 -4824 -1030 1133 -311 END
START 2728 11004 -3808 -1856 1362 -406 END
START 2832 10684 -4280 -2678 1842 -488 END
START 3612 10580 -5476 -3623 2220 -737 END
START 2976 10552 -5012 -4620 2625 -943 END
START 3240 10544 -5740 -5550 2992 -1189 END
START 2776 10432 -5236 -6649 3199 -1415 END
START 2308 10024 -5280 -7486 3548 -1582 END
START 1792 9464 -4876 -8237 3511 -1726 END
START 1236 9056 -4256 -8909 3542 -1784 END
START 724 8636 -4416 -9499 3316 -1786 END
START 40 8140 -4068 -9939 3149 -1751 END
START -172 7804 -4184 -10393 2833 -1665 END
START -752 7632 -3820 -10795 2492 -1542 END
START -780 7228 -4352 -11232 2171 -1407 END
START -1176 7012 -4000 -11714 1915 -1232 END
START -1160 6796 -4372 -12211 1687 -1026 END
START -1480 6384 -4212 -12745 1489 -786 END
START -1628 6064 -4436 -13298 1317 -450 END
START -1824 5896 -4484 -13827 1202 -85 END
START -2052 5620 -4648 -14311 1028 339 END
START -2016 5412 -4840 -14860 934 777 END
START -1912 5108 -4948 -15424 792 1168 END
START -1868 4828 -4968 -15940 613 1608 END
START -1624 4588 -5192 -16479 376 2015 END
START -1716 4196 -5556 -17080 28 2392 END
START -1432 4168 -5732 -17753 -351 2718 END
START -1104 4056 -6232 -18568 -823 3036 END
START -544 3832 -6320 -19413 -1131 3326 END
START -288 3568 -6252 -20301 -1298 3589 END
START 196 3128 -6192 -21170 -1338 3826 END
START 288 2708 -6200 -21949 -1316 4019 END
START 384 2156 -5756 -22661 -1209 4231 END
START 280 2080 -5760 -23321 -1122 4457 END
START 668 1840 -5852 -23953 -957 4594 END
START 704 1440 -5928 -24695 -683 4801 END
START 720 872 -6336 -25359 -341 4902 END
START 668 608 -6368 -26016 -88 5055 END
START 476 228 -6920 -26794 70 5173 END
START 356 -128 -7280 -27684 165 5355 END
START 320 -332 -7848 -28673 259 5476 END
START 296 -580 -8140 -29777 420 5567 END
START 84 -976 -8204 -30904 640 5659 END
START -76 -1424 -8068 -32080 767 5696 END
START -144 -1636 -8064 -32768 922 5728 END
START -372 -2044 -7840 -32768 1012 5724 END
START -456 -2368 -7496 -32768 1078 5688 END
START -444 -2780 -7180 -32768 1058 5598 END
START -480 -3108 -6916 -32768 1105 5446 END
START -508 -3456 -6788 -32768 1187 5254 END
START -896 -3688 -6264 -32768 1219 5105 END
START -1296 -4048 -5652 -32768 1291 5004 END
START -2088 -4432 -4356 -32768 1176 5030 END
START -2932 -4884 -3368 -32768 1004 5192 END
START -4196 -5180 -2124 -32768 704 5535 END
START -5368 -5440 -1168 -32768 241 6093 END
START -5888 -5540 -140 -32768 -277 6827 END
START -6100 -5552 520 -32768 -768 7547 END
START -6124 -5364 1448 -32768 -1155 8373 END
START -5844 -5500 2284 -32768 -1382 9199 END
START -5740 -5336 3328 -32768 -1442 10020 END
START -5692 -5464 4180 -32768 -1276 10899 END
START -5488 -5324 5512 -32768 -1038 11899 END
START -5356 -5088 6608 -32768 -599 12765 END
START -4996 -5056 7680 -32768 -32 13844 END
START -4308 -5044 8852 -32768 818 14928 END
START -3284 -5224 10084 -32768 1757 15930 END
START -1824 -5836 11668 -32768 2988 16866 END
START -924 -5932 13440 -32768 4354 17728 END
START 24 -5620 14840 -32768 5603 18455 END
START 532 -5248 16956 -32768 6760 19163 END
START 1728 -4892 19000 -32768 7591 19735 END
START 3404 -4860 20660 -32768 8531 20188 END
START 5088 -5036 23148 -32768 9410 20480 END
START 7416 -4812 24736 -32768 10333 20511 END
START 9712 -4804 26812 -32768 11448 20320 END
START 11632 -4576 29520 -32768 12447 19800 END
START 13528 -4264 31904 -32768 13280 18927 END
START 15308 -4032 32767 -32768 13485 17839 END
START 16760 -3840 32767 -32768 14066 16492 END
START 17520 -3708 32767 -32768 13985 14901 END
START 18324 -3520 32767 -32768 13862 13116 END
START 18752 -3360 32767 -32768 13076 11364 END
START 18760 -3148 32767 -32768 12726 9400 END
START 18368 -3064 32767 -32768 11499 7508 END
START 17904 -2900 32767 -32039 10092 5624 END
START 17212 -2664 32767 -29111 8466 3870 END
START 16272 -2768 32767 -26046 6608 2205 END
START 14896 -2492 32767 -22709 4541 591 END
START 13536 -2368 32767 -19555 2384 -734 END
START 12784 -2240 32767 -16446 328 -1925 END