START -484 7664 -88 19374 -1135 -1802 END
START 420 1772 -9600 20096 -460 -1417 END
START 3236 9992 -3408 17931 -454 -1305 END
START -2652 7436 -472 18116 -282 -1225 END
START 764 8584 -4756 16843 -211 -1056 END
START -2220 8828 -2012 15891 -1319 -916 END
START -644 9448 -4780 14761 -1531 -572 END
START -688 9452 -5768 13602 -1909 -362 END
START -468 9440 -6408 12401 -1865 -178 END
START 316 9648 -7984 11079 -1694 17 END
START 460 9964 -8388 9725 -1985 102 END
START -844 10148 -7136 8211 -1875 286 END
START 844 10664 -8980 6665 -2155 344 END
START -204 10828 -7468 5036 -2202 427 END
START 1836 11316 -8604 3372 -1958 498 END
START 1420 11324 -7216 1607 -1789 481 END
START 2616 11464 -7544 1 -1121 427 END
START 2188 11332 -5596 -1508 -587 369 END
START 2840 11220 -4480 -2760 -112 259 END
START 2788 10960 -3460 -3777 811 182 END
START 3224 11032 -2676 -4504 1303 66 END
START 2136 10732 -128 -5037 2064 -20 END
START 2424 10912 256 -5314 2405 -68 END
START 1148 11008 2188 -5425 2682 -93 END
START 1516 11204 2500 -5442 2966 -36 END
START 468 11240 3932 -5310 3034 31 END
START 888 11344 3924 -5173 3203 107 END
START 812 11348 4356 -5016 3210 253 END
START 608 11248 5028 -4834 3147 364 END
START 532 11324 5208 -4673 3089 447 END
START 524 11384 5560 -4417 2812 543 END
START 732 11312 6096 -4138 2531 637 END
START 1040 11452 6144 -3816 2198 656 END
START 1308 11296 6356 -3458 1859 660 END
START 2016 11412 6388 -3165 1602 616 END
START 2404 11544 6576 -2836 1366 507 END
START 2744 11500 6584 -2613 1198 383 END
START 3060 11544 6260 -2383 994 160 END
START 3080 11660 6420 -2206 779 -66 END
START 3300 11672 6384 -2070 581 -277 END
START 3128 11640 6388 -1950 238 -485 END
START 3132 11636 6020 -1817 -85 -689 END
START 2904 11720 6096 -1726 -466 -879 END
START 2936 11828 5980 -1709 -856 -1046 END
START 2772 11920 5744 -1778 -1171 -1166 END
START 2732 12012 5492 -1834 -1513 -1295 END
START 2724 11884 5372 -1981 -1763 -1406 END
START 2444 11932 5540 -2161 -1996 -1492 END
START 2392 11848 5300 -2369 -2183 -1560 END
START 2136 12012 5444 -2572 -2341 -1532 END
START 1864 12052 5532 -2809 -2505 -1475 END
START 1600 12080 5612 -3075 -2579 -1410 END
START 1584 12312 5500 -3335 -2571 -1277 END
START 1664 12412 5596 -3582 -2310 -1195 END
START 1696 12416 5444 -3861 -1905 -1039 END
START 1992 12424 5388 -4156 -1400 -955 END
START 1968 12420 5340 -4517 -927 -844 END
START 2064 12456 5232 -4899 -399 -747 END
START 2272 12432 5212 -5322 123 -685 END
START 2480 12444 5060 -5730 564 -612 END
START 2568 12500 4916 -6201 1075 -588 END
START 2652 12416 4932 -6695 1607 -575 END
START 2564 12284 4984 -7195 2052 -546 END
START 2560 12072 5160 -7612 2444 -518 END
START 2408 11996 5364 -8072 2877 -452 END
START 2220 11772 5600 -8381 3275 -400 END
START 2324 11868 5596 -8672 3686 -339 END
START 2268 11764 5676 -8932 4027 -248 END
START 2032 11484 5712 -9210 4363 -178 END
START 1984 11360 5932 -9462 4572 -132 END
START 1800 11204 6168 -9690 4643 -119 END
START 1560 10972 6256 -9865 4554 -59 END
START 1352 10680 6484 -9930 4288 15 END
START 1260 10440 6228 -10034 3950 75 END
START 1180 10224 6072 -10060 3531 138 END
START 1144 9980 5728 -10112 2989 150 END
START 1344 9800 5232 -10217 2382 99 END
START 1712 9636 4708 -10353 1877 9 END
START 1952 9524 4276 -10693 1448 -124 END
START 1944 9196 3720 -10995 1124 -289 END
START 2064 9016 3324 -11443 818 -457 END
START 1816 8520 3212 -11822 606 -663 END
START 1916 8148 2824 -12203 507 -829 END
START 1684 7696 2456 -12510 408 -955 END
START 1316 7156 2508 -12801 279 -1075 END
START 1144 6808 2072 -13096 120 -1192 END
START 468 6532 1796 -13403 -140 -1264 END
START 172 6324 1360 -13815 -324 -1267 END
START -156 6120 1176 -14301 -554 -1217 END
START -552 5680 720 -14387 -738 -1070 END
START -776 5364 524 -14833 -983 -926 END
START -1164 4992 168 -15439 -1211 -725 END
START -1312 4772 -68 -15779 -1438 -458 END
START -1388 4472 -396 -16183 -1697 -206 END
START -1780 4244 -824 -16537 -2077 130 END
START -1968 4212 -1168 -16908 -2637 455 END
START -1880 4420 -1800 -17326 -3229 774 END
START -1304 4516 -2956 -17893 -3756 1010 END
START -620 4816 -4000 -18643 -4127 1187 END
START -124 5096 -4560 -19562 -4272 1265 END
START 476 5260 -5244 -20706 -4139 1295 END
START 628 5492 -5152 -21731 -3862 1258 END
START 820 5480 -5304 -22848 -3472 1260 END
START 696 5372 -5232 -23945 -3013 1176 END
START 592 5168 -5144 -24976 -2694 1194 END
START 536 5232 -5172 -25881 -2420 1152 END
START 508 5120 -4892 -26811 -2219 1122 END
START 332 4940 -4888 -27730 -2035 1050 END
START 248 4704 -4764 -28627 -1890 1003 END
START -92 4424 -4384 -29434 -1831 958 END
START -192 4096 -4396 -30216 -1880 925 END
START -172 4020 -4056 -31061 -1844 938 END
START 36 3516 -3756 -31802 -1775 989 END
START -144 3048 -3596 -32552 -1747 1039 END
START -256 2508 -3040 -32768 -1851 1091 END
START -240 2188 -2708 -32768 -1988 1187 END
START -100 2064 -2552 -32768 -2147 1241 END
START 148 1904 -2264 -32768 -2151 1287 END
START 184 1776 -1972 -32768 -1926 1326 END
START 308 1420 -1616 -32768 -1578 1383 END
START 192 968 -1404 -32768 -1124 1502 END
START -108 468 -684 -32768 -622 1723 END
START -280 -124 -148 -32768 -107 1964 END
START -400 -540 244 -32768 382 2264 END
START -388 -1096 808 -32768 852 2554 END
START -368 -1752 1476 -32768 1316 2828 END
START -60 -2252 1848 -32768 1668 3052 END
START -48 -2744 2288 -32768 1873 3221 END
START 108 -3400 2832 -32768 1992 3376 END
START -72 -3832 3304 -32768 2059 3508 END
START -184 -4332 4004 -32768 1948 3637 END
START -364 -4704 4780 -32768 1760 3801 END
START -424 -5232 5844 -32768 1570 4016 END
START -684 -6044 7188 -32768 1310 4240 END
START -888 -6688 8648 -32768 1122 4518 END
START -1524 -7300 10208 -32768 962 4832 END
START -1848 -7112 11332 -32768 625 5252 END
START -1056 -8312 12292 -32768 650 5596 END
START -800 -8964 13384 -32768 735 5915 END
START -516 -9332 14500 -32768 810 6153 END
START -556 -9444 15916 -32768 735 6420 END
START -368 -9908 17608 -32768 487 6640 END
START -24 -10676 19084 -32768 196 6903 END
START 260 -11248 20728 -32768 -213 7128 END
START 452 -11576 21952 -32768 -595 7301 END
START 876 -11952 23932 -32768 -1113 7467 END
START 1360 -12332 26548 -32768 -1847 7525 END
START 2044 -12808 28200 -32768 -2509 7501 END
START 2772 -13000 29656 -32768 -3247 7301 END
START 3372 -13364 31196 -32768 -3761 7087 END
START 3128 -12996 32692 -32768 -4528 6785 END
START 3804 -13112 32767 -32768 -5274 6600 END
START 4424 -13064 32767 -32768 -5997 6439 END
START 4536 -13180 32767 -32768 -6527 6269 END
START 5060 -12680 32767 -32768 -6920 6129 END
START 5220 -12484 32767 -31693 -7438 6030 END
START 5112 -12096 32767 -29858 -7948 5928 END
START 5576 -11796 32767 -27976 -8491 5818 END
START 5800 -11480 32767 -26224 -8930 5749 END
START 6908 -11264 32767 -24557 -9232 5570 END
START 7052 -10908 32767 -23034 -9204 5372 END
START 7688 -10380 32767 -21618 -9105 5141 END
START 7724 -9972 32767 -20320 -8969 4914 END
START 7952 -9700 32767 -19235 -8777 4680 END
START 8128 -9496 32767 -18214 -8589 4461 END
START 8260 -9364 32767 -17170 -8309 4260 END
START 8044 -8992 32767 -16217 -8133 4004 END
START 8228 -8444 32767 -15343 -8114 3787 END
START 8360 -8340 32767 -14673 -8003 3602 END
START 8500 -7932 32767 -13688 -7815 3415 END
START 8816 -7608 32767 -12993 -7548 3203 END
START 9076 -7444 32767 -12287 -7135 3015 END
START 9052 -7040 32767 -11582 -6704 2794 END
START 9360 -6820 32767 -10948 -6191 2662 END
START 9224 -6596 32767 -10337 -5743 2490 END
START 9504 -6384 32767 -9652 -5244 2452 END
START 9064 -6232 32767 -8923 -4757 2425 END
START 9140 -5872 32767 -8143 -4249 2495 END
START 9076 -5720 32767 -7384 -3732 2561 END
START 9296 -5544 32767 -6629 -3231 2632 END