START 20812 1980 -21240 2967 1166 -5136 END
START 10724 4020 -17712 -580 -3581 -4302 END
START -36 2592 -11880 -5636 -4690 -3872 END
START -5004 440 -8028 -10015 -4376 -2601 END
START -6388 -1112 -7588 -15431 -2066 -728 END
START -2776 -1768 -11740 -21174 -176 720 END
START -3032 -3656 -13312 -27739 2958 1457 END
START -2108 -4808 -17176 -32768 5710 1832 END
START -4700 -8172 -17240 -32768 10787 2711 END
START -3800 -13196 -19772 -32768 12813 3746 END
START -8776 -15828 -15084 -32768 8074 6709 END
START -12380 -18612 -9436 -32768 3784 10654 END
START -7060 -26632 860 -32768 5567 14779 END
START -508 -32692 11152 -32768 13238 18369 END
START 324 -32768 32767 -32768 19535 16334 END
START -3244 -32768 32767 -32768 12111 10372 END
START -692 -32768 32767 -32768 -8029 5325 END