START 8436 11648 -16952 16467 -473 1801 END
START 552 4412 -14804 13060 -5092 1667 END
START -6452 3628 -11752 9600 -8683 3622 END
START -5528 4444 -13300 3254 -10151 5748 END
START 512 4292 -13824 -3948 -7669 5312 END
START -1372 2880 -9692 -9409 -3390 4381 END
START -148 1732 -8792 -13890 -175 3101 END
START -368 -32 -8720 -17329 1129 1674 END
START -768 -1180 -8560 -19933 -138 606 END
START -2036 -2712 -8372 -22781 -3173 110 END
START -2196 -4612 -8232 -26108 -6347 649 END
START -1216 -6064 -6756 -30145 -7453 1169 END
START -696 -8024 -4756 -32768 -5103 2061 END
START 448 -9904 -3264 -32768 -642 2526 END
START 1040 -12248 -1596 -32768 4465 2215 END
START 508 -14776 1148 -32768 8215 707 END
START -676 -17236 4504 -32768 9883 -784 END
START -2712 -19936 9668 -32768 9103 -2055 END
START -4864 -22008 17916 -32768 2407 -2085 END
START -4092 -22080 28196 -32768 -7130 -1443 END
START -1288 -20960 32767 -32768 -12770 -1159 END
START -3376 -19812 32767 -30473 -13729 2212 END