START 9052 15680 -6684 9161 2147 -1695 END
START 3780 8620 -8404 5949 -192 -902 END
START -4240 7092 -1868 4003 -1145 916 END
START -2696 7120 -1464 1683 -167 2538 END
START 4316 7460 -4816 -696 1521 2309 END
START 3260 7692 -4852 -3426 2312 1511 END
START 464 7616 -3808 -5785 506 961 END
START 1232 7092 -3676 -7271 -1413 714 END
START 776 7060 -3140 -8189 -3313 492 END
START 448 6464 -3332 -9338 -3995 577 END
START 2028 5856 -4528 -11627 -2813 172 END
START 1908 4412 -6020 -15018 -481 -802 END
START 1400 2576 -6860 -19084 2065 -1495 END
START 116 540 -7296 -23544 4076 -1781 END
START -936 -1472 -7068 -27597 4139 -1889 END
START -1504 -3568 -5416 -31320 2933 -1394 END
START -864 -5396 -4612 -32768 2538 -981 END
START 352 -7468 -3588 -32768 3984 -782 END
START 1848 -9544 -2848 -32768 7422 -1547 END
START 1772 -12668 -2284 -32768 9873 -2979 END
START 1264 -15764 -912 -32768 9493 -4992 END
START -428 -19052 1012 -32768 7897 -6700 END
START -2784 -21992 3640 -32768 5631 -6446 END
START -1180 -24828 7428 -32768 6850 -5509 END
START -1760 -28568 13004 -32768 11214 -5232 END
START -3808 -31084 19016 -32768 11057 -6239 END
START -4292 -32768 27752 -32768 7134 -8548 END
START -6848 -32768 32767 -32768 3546 -10644 END
START -12972 -32768 32767 -32768 -2128 -10449 END