START -2968 6144 -780 7156 5597 -2039 END
START 6848 3248 -5268 4362 2216 -2222 END
START -6016 1900 3064 1758 94 -2205 END
START -1364 2264 -932 -2589 2351 -2237 END
START -1460 1832 -4232 -7647 3253 -2239 END
START -2140 1000 -6008 -13267 712 -1645 END
START -884 324 -7428 -19485 -911 -1422 END
START -2536 -1588 -5912 -25396 259 -1136 END
START -3876 -2552 -6464 -31486 29 907 END
START -3400 -4204 -4916 -32768 978 2147 END
START -956 -5784 -2200 -32768 3643 2728 END
START -740 -8260 1656 -32768 5278 2088 END
START 200 -10392 9876 -32768 5283 910 END
START -360 -12760 17688 -32768 7710 357 END
START -4604 -14564 22824 -32768 7023 800 END