START 13224 -1096 -22744 11927 1379 -9579 END
START 6268 -32 -20096 7060 -3300 -9586 END
START -7536 -1212 -11484 2321 -5095 -8150 END
START -2304 -1792 -16040 -2247 -2482 -5707 END
START -3032 -2340 -16872 -7248 278 -3153 END
START -4144 -2096 -20116 -13627 2807 -992 END
START -4380 -2264 -22532 -24022 5192 513 END
START -4600 -4404 -24240 -32768 10095 2332 END
START -7280 -7500 -22620 -32768 11947 4586 END
START -9044 -11096 -20356 -32768 11331 7866 END
START -9544 -14924 -12276 -32768 12012 11249 END
START -6728 -20932 -1924 -32768 13814 13887 END
START -1980 -22956 9064 -32768 11167 15890 END
START 6520 -26360 21916 -32768 18967 15201 END
START 4292 -28512 32767 -32768 25468 14275 END
START 228 -28800 32767 -32768 23287 10244 END
START -1952 -26100 32767 -32768 14839 5879 END