START 13204 6528 -13364 7190 3709 2999 END
START 8328 2216 -11636 4557 -7882 3098 END
START -704 2380 -1416 1690 -13006 3657 END
START 3932 2544 -1704 -2689 -7935 1332 END
START 3384 1308 -3108 -6329 -814 -1339 END
START 456 -104 -5484 -9044 1886 -1208 END
START 376 -84 -8252 -12297 807 497 END
START 684 -488 -7752 -16453 -157 829 END
START 1588 -1492 -8580 -20466 1150 960 END
START 1136 -2352 -6976 -24294 980 1431 END
START 3668 -2520 -6064 -27506 1796 845 END
START 3820 -3656 -5216 -30708 4410 -143 END
START 2540 -4368 -3648 -32768 4983 -744 END
START 628 -5204 88 -32768 4668 -1209 END
START 380 -5220 3524 -32768 4273 -954 END
START 564 -5524 8988 -32768 5222 -310 END
START 496 -6224 17100 -32768 7597 1 END
START -968 -6892 28536 -32768 10719 88 END
START -3256 -7816 32767 -32768 11575 275 END
START -3808 -8076 32767 -32018 7558 330 END
START -2088 -7040 32767 -23289 3584 -118 END
START -688 -5916 32767 -15593 1871 -363 END