START 30608 -6668 -30728 4751 4606 3868 END
START 18556 1624 -21784 2376 -2304 3317 END
START 7504 552 -13532 -3410 -3295 4027 END
START -5232 764 -1784 -8152 -750 3856 END
START -408 800 -4540 -11801 3788 3060 END
START 3252 1696 -8360 -14850 4748 3035 END
START 2256 128 -7020 -18143 3936 3361 END
START 760 -20 -5448 -21489 2381 3110 END
START 2040 280 -4392 -23709 1881 2090 END
START 2624 -1916 -3340 -25835 994 1553 END
START 2864 -2348 -2868 -28967 1787 996 END
START 2148 -3780 -1132 -32531 3978 256 END
START 984 -5864 1996 -32768 4671 125 END
START 260 -7424 4664 -32768 4159 415 END
START 1472 -9012 10180 -32768 1792 704 END
START 3828 -9688 15884 -32768 -2179 -322 END
START 4092 -11380 20840 -31295 -10485 -381 END
START 6644 -10292 21136 -28156 -16190 -1037 END
START 6652 -10908 21500 -30530 -9769 -654 END
START 2160 -11680 23940 -32768 -556 2889 END
START -1004 -11844 28024 -32768 6529 7267 END
START 2528 -12068 32632 -32768 12985 9926 END
START 1676 -11760 32767 -32768 16400 9013 END
START 3548 -12528 32767 -30462 13397 5788 END