START 5464 -4020 -2460 18184 -1295 -2956 END
START -3628 -216 -4076 13465 -6422 -2476 END
START 2340 -288 -8300 10799 -6774 -1403 END
START 104 324 -6704 5563 -5532 -347 END
START 1216 412 -7112 354 -3008 -1269 END
START -1428 -668 -5484 -4018 -527 -701 END
START -3004 -1396 -4484 -8489 1513 511 END
START -1944 -2520 -5432 -12224 2620 1391 END
START -1576 -2860 -5808 -16689 3226 2024 END
START -720 -3424 -6732 -20209 3207 2254 END
START 684 -3816 -7916 -25078 2676 1615 END
START 1768 -4888 -8196 -29608 3166 190 END
START 344 -5972 -7960 -32768 3161 -935 END
START 1532 -7444 -9408 -32768 3878 -1521 END
START 264 -10124 -9664 -32768 4723 -1631 END
START -320 -12768 -8104 -32768 3835 -2455 END
START -3948 -14412 -2376 -32768 1020 -1922 END
START -6132 -16764 8040 -32768 936 2203 END
START 2340 -20468 23428 -32768 9177 5703 END
START 4944 -24432 32767 -32768 20247 3342 END
START -4656 -27848 32767 -32768 17063 -1760 END