START 9076 6412 -8880 12404 412 -1848 END
START 228 104 -7920 10028 -3502 -789 END
START -8312 -608 -3160 5901 -4318 721 END
START -4448 -140 -4968 949 -1051 1739 END
START 3068 -176 -9548 -3123 1380 2133 END
START -4 -8 -7472 -7078 2185 1922 END
START -1572 -40 -6904 -10466 2874 1897 END
START -344 -136 -8296 -13903 2665 1824 END
START -1328 -620 -8036 -17226 1295 2095 END
START -1208 -1316 -7512 -20742 396 2464 END
START -1004 -1960 -7336 -24397 -577 2980 END
START -20 -3204 -7052 -28601 -375 3377 END
START 1452 -4576 -6352 -32768 1178 3181 END
START 2604 -6564 -5220 -32768 3202 2356 END
START 3040 -9148 -3244 -32768 7153 821 END
START 2596 -12344 -612 -32768 14370 -572 END
START 1176 -16320 3172 -32768 25805 -1932 END
START -3180 -22096 10136 -32768 32767 -4112 END
START -12936 -28468 27688 -32768 32767 -6106 END
START -19876 -30620 32767 -32768 26176 -7481 END
START -21924 -28412 32767 -32768 15597 -6901 END
START -20672 -22792 32767 -22222 11689 -4413 END