START 19704 1808 -17556 12186 -1974 1281 END
START 11264 3228 -11172 6927 -4153 -777 END
START 1356 2784 -7936 3295 -4594 -1638 END
START -4092 2020 -5244 -1731 -2359 -273 END
START -4424 1460 -4672 -6445 27 1191 END
START 912 1172 -6996 -10500 2467 1542 END
START 752 388 -6200 -14109 2275 1185 END
START 188 -140 -5076 -16551 2015 43 END
START 936 -1536 -6420 -19703 -914 -538 END
START 256 -2472 -7016 -22641 -1553 -1138 END
START -1148 -4016 -8256 -26750 -1466 -785 END
START -1200 -4932 -8840 -32768 -351 185 END
START -1528 -6712 -7900 -32768 2251 1764 END
START -1768 -7536 -4608 -32768 5043 2115 END
START 1404 -11824 -1940 -32768 5381 2200 END
START 1436 -14104 2388 -32768 5617 1838 END
START -1076 -15416 7316 -32768 4437 905 END
START -1980 -19604 12440 -32768 2881 927 END
START -960 -22256 20108 -32768 2366 1630 END
START -1216 -25452 27892 -32768 6743 2901 END
START -2700 -27948 32767 -32768 9349 2914 END
START -3704 -28708 32767 -32768 7164 2351 END
START -4740 -27992 32767 -32768 2343 2216 END