START 16392 10784 -14576 12739 960 1283 END
START 3904 2804 -15380 8090 -4786 1066 END
START 1136 1088 -11364 3573 -7246 895 END
START -5620 404 -4724 -424 -6314 1455 END
START -4036 300 -5132 -3783 -2139 2298 END
START 916 236 -8692 -7253 1043 2551 END
START -1032 424 -7636 -10249 2646 3103 END
START -2180 352 -8696 -13330 3291 3751 END
START -2840 28 -10196 -16987 2556 4620 END
START -2464 -240 -11752 -21680 626 5457 END
START -712 -1284 -12292 -27441 11 5152 END
START 48 -3288 -12160 -32768 1442 4723 END
START 1088 -6064 -10872 -32768 3934 3914 END
START 1320 -9716 -8508 -32768 8583 3064 END
START 1664 -13976 -4980 -32768 14254 2316 END
START 1640 -18840 -576 -32768 19872 958 END
START -600 -25480 10024 -32768 21194 -952 END
START -8104 -32768 32404 -32768 9360 -1584 END