START 20940 -4880 -26652 20581 -2960 -4459 END
START 4036 -1252 -18792 16183 -4832 -3616 END
START 3904 -2220 -19700 11810 -6339 -2112 END
START -2592 -2112 -15904 7053 -6652 17 END
START -3324 -2404 -16332 1535 -6060 1577 END
START -2564 -3028 -18832 -5463 -6226 3212 END
START -3628 -4052 -18108 -13297 -8397 4862 END
START -2224 -5832 -17412 -20498 -9104 6346 END
START -1816 -7176 -19736 -29793 -7694 8852 END
START -292 -9256 -23364 -32768 -2765 11401 END
START 616 -12884 -25172 -32768 3165 13556 END
START 248 -18884 -21704 -32768 12104 14465 END
START -3668 -25132 -16992 -32768 14996 14948 END
START -6076 -32768 -6020 -32768 10839 15878 END
START -7016 -32768 9820 -32768 16705 21327 END