START 504 7768 3420 17106 475 -2613 END
START 6120 1904 -12020 18323 1453 -2263 END
START -492 6700 1992 16225 577 -2290 END
START 628 6960 3044 17042 636 -2281 END
START -504 6740 3524 16549 469 -2221 END
START 1324 7428 1588 16313 -855 -2253 END
START -1184 7288 4396 16023 -1200 -2157 END
START 1884 7572 844 15737 -2057 -2197 END
START -688 7324 4168 15521 -2575 -2249 END
START 1468 7408 1572 15414 -3061 -2279 END
START -56 7464 3456 15215 -3776 -2351 END
START 984 7708 2044 15104 -3969 -2329 END
START 896 7616 1996 14939 -4536 -2336 END
START 1184 7860 1560 14698 -4567 -2272 END
START 1824 7916 -20 14349 -4732 -2233 END
START 1148 8172 744 13937 -4814 -2231 END
START 2616 8740 -876 13341 -4711 -2202 END
START 1732 8868 168 12674 -4894 -2322 END
START 3176 9296 -1532 11907 -4685 -2471 END
START 3352 9580 -1488 11131 -4744 -2680 END
START 2436 9336 -536 10292 -4515 -2913 END
START 3152 9584 -1600 9453 -4352 -3179 END
START 2120 9580 -800 8567 -4093 -3341 END
START 2440 9700 -1524 7760 -3771 -3480 END
START 1692 9780 -1544 6934 -3502 -3471 END
START 1508 9968 -1756 6102 -3031 -3365 END
START 964 10116 -1796 5250 -2790 -3191 END
START 628 10384 -1984 4397 -2363 -2991 END
START 440 10620 -2280 3497 -2186 -2720 END
START -208 10692 -1904 2603 -1988 -2477 END
START -156 11104 -2232 1676 -1796 -2157 END
START -468 11116 -1816 779 -1682 -1865 END
START -452 11352 -1760 -166 -1527 -1586 END
START -632 11440 -1188 -1085 -1386 -1275 END
START -532 11408 -888 -1880 -1115 -982 END
START -440 11524 -272 -2638 -817 -719 END
START -284 11388 264 -3270 -546 -461 END
START -416 11256 788 -3834 -278 -199 END
START -496 11172 1488 -4275 4 85 END
START -644 11188 1964 -4670 226 369 END
START -664 11208 2424 -5009 456 636 END
START -600 11144 2668 -5282 666 930 END
START -440 11116 3080 -5611 862 1189 END
START -344 11056 3436 -5861 996 1425 END
START -72 11008 4128 -6047 1178 1659 END
START 136 11072 4304 -6206 1384 1848 END
START 464 10892 4760 -6326 1615 1987 END
START 688 10980 4940 -6432 1822 2128 END
START 968 10992 5528 -6493 2037 2214 END
START 1452 10876 5752 -6547 2251 2206 END
START 1716 10872 6040 -6560 2515 2193 END
START 1988 10848 6376 -6514 2666 2129 END
START 2180 10676 6384 -6477 2885 2084 END
START 2304 10676 6612 -6441 2974 1957 END
START 2260 10640 6716 -6334 3027 1885 END
START 2304 10632 6584 -6331 3049 1812 END
START 2344 10644 6824 -6308 3030 1752 END
START 2348 10716 6760 -6307 2930 1633 END
START 2412 10548 6912 -6344 2849 1535 END
START 2380 10544 6736 -6356 2730 1408 END
START 2448 10532 6916 -6366 2580 1328 END
START 2380 10488 7064 -6335 2392 1217 END
START 2284 10280 6888 -6327 2185 1151 END
START 2364 10216 6852 -6251 2011 1052 END
START 2292 10196 6552 -6198 1800 934 END
START 2300 10128 6104 -6207 1642 899 END
START 2136 10144 5620 -6242 1487 850 END
START 1992 10152 4968 -6398 1286 863 END
START 1648 10164 4496 -6613 1116 918 END
START 1336 10284 4036 -6917 809 1005 END
START 1124 10164 3600 -7307 442 1120 END
START 1132 9956 3104 -7756 -20 1192 END
START 1308 10020 2436 -8302 -387 1304 END
START 1480 9876 2192 -8933 -756 1359 END
START 1752 9684 1484 -9584 -904 1373 END
START 2232 9624 964 -10316 -963 1362 END
START 2484 9408 576 -11073 -740 1313 END
START 2508 9100 376 -11887 -381 1263 END
START 2388 8712 104 -12727 97 1222 END
START 2272 8772 -60 -13600 648 1215 END
START 2120 8524 -140 -14548 1219 1200 END
START 1900 8236 -176 -15091 1846 1203 END
START 1668 7888 132 -16210 2557 1255 END
START 1276 7628 392 -17000 3157 1296 END
START 904 7084 632 -17742 3802 1418 END
START 672 6748 868 -18434 4377 1559 END
START 340 6460 1344 -18969 4928 1719 END
START 24 6344 1444 -19493 5418 1962 END
START -240 6192 1716 -19904 5727 2166 END
START -344 6084 2004 -20311 5943 2416 END
START -640 5884 2216 -20631 6008 2662 END
START -448 5652 2296 -21005 5902 2863 END
START -416 5500 2352 -21388 5788 3070 END
START -348 5384 2356 -21730 5403 3255 END
START -256 5188 2596 -22078 4933 3427 END
START -40 5052 2512 -22430 4327 3558 END
START 344 4908 2656 -22790 3593 3665 END
START 812 4724 2672 -23172 2989 3733 END
START 1236 4644 2448 -23537 2517 3752 END
START 1560 4452 2668 -23994 2095 3751 END
START 1940 4232 2908 -24393 1706 3776 END
START 2032 4220 3252 -24776 1410 3708 END
START 2168 4116 3392 -25154 1130 3660 END
START 2220 3960 3512 -25509 903 3609 END
START 2328 3876 3764 -25818 798 3601 END
START 2688 3736 3904 -26138 823 3564 END
START 3124 3364 3936 -26515 942 3485 END
START 3332 3052 4092 -26851 1145 3350 END
START 3552 2916 4448 -27225 1409 3202 END
START 3800 2752 4308 -27577 1751 3017 END
START 3752 2420 4700 -27901 2141 2807 END
START 3680 2272 4764 -28241 2575 2667 END
START 3528 2080 4904 -28540 3033 2519 END
START 3364 1928 4696 -28898 3444 2422 END
START 3244 1908 4828 -29344 3894 2335 END
START 2912 1640 4840 -29799 4217 2249 END
START 2640 1320 5096 -30275 4387 2219 END
START 2372 964 5216 -30804 4458 2180 END
START 1812 480 5624 -31260 4374 2167 END
START 1732 540 5704 -31688 4129 2133 END
START 1256 160 6172 -32061 3907 2224 END
START 996 -176 6320 -32384 3544 2297 END
START 960 -524 6704 -32640 3135 2338 END
START 1200 -812 6744 -32768 2775 2347 END
START 1560 -972 6788 -32768 2502 2300 END
START 1608 -1104 6936 -32768 2365 2219 END
START 1784 -1292 7324 -32768 2316 2098 END
START 1836 -1752 7412 -32768 2415 2006 END
START 1612 -2176 7568 -32768 2798 1923 END
START 1500 -2564 7628 -32768 3339 1899 END
START 1084 -3012 7840 -32768 3866 1938 END
START 836 -3460 7940 -32768 4295 1999 END
START 344 -3812 7732 -32768 4463 2061 END
START -212 -4116 8012 -32768 4354 2146 END
START -644 -4316 8240 -32768 3955 2214 END
START -836 -4468 8348 -32768 3352 2317 END
START -1088 -4592 8892 -32768 2589 2459 END
START -1216 -4740 9588 -32768 1812 2612 END
START -968 -4896 10196 -32768 1074 2755 END
START -772 -5132 11448 -32768 531 2887 END
START -536 -5500 12512 -32768 63 2964 END
START -28 -5728 13252 -32768 -104 3018 END
START 428 -6132 14104 -32768 -165 3093 END
START 500 -6440 15248 -32768 -145 3162 END
START 340 -6448 16480 -32768 -83 3293 END
START 256 -6632 17524 -32768 -10 3512 END
START 124 -6588 18480 -32768 52 3817 END
START 244 -6620 19744 -32768 86 4133 END
START 356 -6636 20532 -32768 5 4386 END
START 412 -6968 21396 -32768 -168 4566 END
START 996 -7272 22184 -32768 -463 4714 END
START 1304 -7412 22924 -32768 -921 4729 END
START 1844 -7532 23548 -32768 -1521 4643 END
START 2692 -7700 24228 -32768 -2177 4448 END
START 3184 -7680 24632 -32768 -2837 4198 END
START 3712 -7560 25220 -32355 -3537 3904 END
START 4264 -7620 25744 -31723 -4130 3588 END
START 4708 -7648 26600 -31091 -4617 3255 END
START 5068 -7636 27636 -30527 -5155 2899 END
START 5580 -7576 28840 -29843 -5525 2517 END
START 6056 -7560 29628 -29162 -5945 2137 END
START 6500 -7408 30552 -28431 -6064 1791 END
START 6820 -7244 31540 -27489 -6073 1390 END
START 6756 -6656 32708 -26662 -6190 979 END
START 7280 -6488 32767 -25910 -6130 585 END
START 7560 -6592 32767 -25101 -5919 266 END
START 7580 -6564 32767 -24198 -5571 -22 END
START 7612 -6712 32767 -23328 -5152 -235 END
START 7332 -6828 32767 -22435 -4819 -401 END
START 7228 -6928 32767 -21458 -4437 -559 END
START 6772 -7048 32767 -20526 -4068 -613 END
START 6664 -7140 32767 -19445 -3773 -644 END
START 6244 -7284 32767 -18365 -3454 -631 END
START 6140 -7028 32767 -17247 -3309 -608 END