START 9836 -2900 -20808 15401 4500 -6105 END
START 8304 1044 -24820 8495 3588 -3803 END
START -11608 1124 -15488 -781 -162 -411 END
START -8568 1980 -18916 -12652 -2390 1586 END
START -476 1340 -21216 -24693 -1435 1085 END
START 1288 -3516 -17600 -32768 3701 286 END
START -864 -5504 -15936 -32768 6387 1171 END
START -3428 -7772 -15460 -32768 6686 3055 END
START -3164 -10840 -12068 -32768 3208 6113 END
START -3192 -11920 -7368 -32768 -839 9113 END
START 1740 -14524 -908 -32768 3534 11854 END
START 5240 -18204 14084 -32768 13087 13407 END
START 11100 -22992 32767 -32768 28041 12344 END