START 18192 9924 -2304 2069 4905 -395 END
START 11588 6444 -11824 3209 -2 -1553 END
START -3328 5196 -3928 1692 -6021 -781 END
START -3636 5324 -3712 -1232 -7171 -822 END
START -324 4628 -5552 -4318 -5146 -381 END
START 1104 3952 -7436 -8028 -2081 144 END
START 3084 3208 -8620 -11640 229 19 END
START -332 2528 -7328 -14857 199 222 END
START 716 1936 -7928 -17742 -561 500 END
START 1964 1284 -7424 -20709 -1723 474 END
START 2644 -20 -6012 -23803 -2167 458 END
START 3136 -1584 -4632 -26968 -723 543 END
START 3328 -3000 -3932 -31312 2551 -38 END
START 412 -4956 -1548 -32768 4305 -728 END
START -556 -7408 1296 -32768 3398 -61 END
START -1120 -9476 5112 -32768 2173 856 END
START -1412 -10696 7748 -32768 1326 2260 END
START 2080 -11612 12440 -32768 1317 2830 END
START 4556 -12592 16316 -32768 5169 1090 END
START 3136 -13948 19068 -32768 7569 -1753 END
START -1528 -14512 21240 -32768 3933 -3430 END
START -1712 -14400 25896 -32768 -810 -2799 END
START -524 -14596 30044 -32768 79 -2352 END
START -2292 -15304 31872 -32768 3920 -1610 END
START -2848 -15760 32767 -32768 6653 312 END