START 596 9164 -2584 10034 -2517 -2234 END
START 6708 3016 -20872 11134 -1809 -1900 END
START -680 8304 -6120 8018 -2563 -1893 END
START -228 9020 -6240 8253 -2526 -1805 END
START -948 8556 -7476 6748 -2221 -1630 END
START 720 9316 -9800 5353 -3108 -1532 END
START -1868 9032 -7348 3866 -2852 -1285 END
START 1468 9388 -11568 2265 -2841 -1202 END
START -712 8812 -8752 568 -2379 -1110 END
START 1520 9012 -11168 -985 -1848 -1036 END
START -100 8688 -9104 -2549 -1703 -1078 END
START 576 8728 -9408 -4027 -1052 -1061 END
START -96 8596 -8404 -5300 -913 -1076 END
START -372 8364 -7312 -6418 -470 -1024 END
START -112 8188 -7284 -7442 -115 -955 END
START -1136 7832 -5680 -8286 214 -865 END
START -1456 7636 -5372 -8996 755 -679 END
START -1064 7728 -5344 -9567 988 -497 END
START -2468 7808 -3620 -10044 1286 -190 END
START -2008 7752 -3768 -10448 1500 154 END
START -2952 7744 -2360 -10710 1665 503 END
START -2584 7748 -2396 -10957 1859 940 END
START -2620 7524 -1900 -11060 1775 1295 END
START -2972 7348 -1072 -11183 1830 1723 END
START -2280 7392 -1228 -11199 1700 2117 END
START -2640 7320 -144 -11112 1594 2477 END
START -1868 7384 -480 -11031 1542 2852 END
START -2432 7456 264 -10961 1350 3230 END
START -1788 7548 -28 -10875 1305 3548 END
START -2048 7500 664 -10799 1126 3959 END
START -1516 7620 272 -10728 1111 4300 END
START -1216 7608 236 -10684 979 4696 END
START -1124 7688 964 -10644 863 5048 END
START -576 7800 956 -10589 773 5334 END
START 52 7788 936 -10562 673 5545 END
START 680 7968 1060 -10566 723 5718 END
START 1332 8008 864 -10609 735 5840 END
START 1604 8140 1136 -10707 681 5836 END
START 2488 8112 1036 -10797 698 5843 END
START 3016 8228 880 -10950 597 5737 END
START 3796 8308 832 -11082 581 5576 END
START 4696 8160 592 -11279 511 5292 END
START 5140 8288 472 -11509 416 4997 END
START 5756 8400 72 -11834 292 4584 END
START 6000 8400 -120 -12194 144 4168 END
START 6168 8572 -588 -12698 -14 3687 END
START 6152 8620 -756 -13295 -164 3255 END
START 6168 8372 -668 -13926 -373 2890 END
START 6164 8076 -736 -14737 -545 2537 END
START 5776 7596 -532 -14885 -755 2255 END
START 5512 7288 -540 -15601 -906 2047 END
START 5140 7212 -620 -16064 -1077 1870 END
START 4796 7108 -608 -16611 -1135 1707 END
START 4516 7048 -872 -17150 -1236 1571 END
START 4360 6872 -808 -17756 -1272 1441 END
START 4212 6596 -928 -18496 -1143 1319 END
START 4044 6188 -1124 -19187 -1012 1230 END
START 3732 5872 -988 -19983 -696 1135 END
START 3264 5480 -720 -20645 -346 1073 END
START 2672 4968 -556 -21309 -34 1037 END
START 2392 4556 -192 -21867 224 1124 END
START 1704 4116 -268 -22337 474 1216 END
START 1224 3692 -212 -22821 568 1359 END
START 636 3528 -236 -23344 683 1558 END
START 144 3552 -324 -23934 663 1818 END
START -160 3404 -200 -24652 648 2078 END
START -700 3144 -136 -25423 628 2527 END
START -864 2940 -64 -26197 615 2972 END
START -1048 2716 308 -27020 667 3485 END
START -1000 2620 784 -27781 781 4036 END
START -1044 2380 1092 -28487 982 4562 END
START -936 2044 1704 -29135 1179 5109 END
START -696 1796 2000 -29759 1414 5679 END
START -708 1828 2480 -30356 1709 6223 END
START -716 1756 2812 -30923 1980 6770 END
START -728 1680 2892 -31547 2299 7396 END
START -348 1616 2980 -32188 2718 7992 END
START 184 1488 3016 -32768 3292 8617 END
START 1072 1492 3096 -32768 3976 9052 END
START 1672 1424 3164 -32768 4790 9456 END
START 2936 1372 3648 -32768 5806 9659 END
START 3896 1188 4340 -32768 6936 9663 END
START 4616 1028 5024 -32768 7929 9541 END
START 5164 688 5868 -32768 8932 9348 END
START 5336 252 7052 -32768 9723 8997 END
START 5468 -172 8052 -32768 10367 8591 END
START 5328 -484 9172 -32768 10794 8182 END
START 5068 -848 10088 -32768 11082 7689 END
START 4860 -1136 10988 -32768 11122 7166 END
START 4536 -1404 12056 -32768 10916 6623 END
START 4016 -1760 13188 -32768 10496 6133 END
START 3248 -1904 14312 -32768 9811 5734 END
START 2600 -2116 15536 -32768 9008 5466 END
START 2028 -2212 16500 -32768 8095 5285 END
START 1624 -2332 17700 -32768 7152 5219 END
START 1364 -2672 18716 -32768 6237 5205 END
START 1100 -2916 19292 -32768 5256 5206 END
START 1124 -3264 20196 -32768 4303 5235 END
START 1100 -3476 20828 -32768 3370 5327 END
START 1224 -3488 21236 -32768 2517 5467 END
START 1416 -3352 21412 -32768 1955 5616 END
START 1592 -3324 21656 -32768 1579 5773 END
START 1800 -3180 22136 -32768 1405 5979 END
START 1768 -3120 22532 -32768 1409 6234 END
START 1740 -3256 23176 -32768 1498 6446 END
START 1848 -3504 23800 -32768 1657 6718 END
START 1916 -3512 24700 -32768 1829 7000 END
START 2104 -3748 25080 -32768 2147 7273 END
START 2256 -3732 25968 -32464 2445 7562 END
START 2536 -3780 26564 -31998 2761 7839 END
START 2764 -4012 27252 -31532 3136 8049 END
START 3060 -4108 28016 -31058 3468 8266 END
START 3492 -4144 28684 -30561 3813 8452 END
START 3860 -4268 29696 -30019 4084 8546 END
START 4276 -4300 30520 -29361 4349 8581 END
START 4864 -4364 31324 -28648 4383 8565 END
START 5352 -4224 32212 -27871 4422 8476 END
START 6148 -4276 32767 -26946 4392 8250 END
START 6984 -4104 32767 -26045 4344 7945 END
START 7576 -4024 32767 -25091 4236 7501 END
START 7904 -4088 32767 -24074 4066 7024 END
START 8092 -3896 32767 -23059 3702 6462 END
START 8216 -3888 32767 -21985 3196 5895 END
START 8212 -3720 32767 -20860 2629 5310 END
START 8284 -3680 32767 -19745 1959 4751 END
START 8336 -3508 32767 -18514 1326 4209 END
START 8256 -3252 32767 -17336 669 3645 END
START 8324 -2976 32767 -16177 157 3083 END
START 8460 -2704 32767 -14979 -275 2487 END
START 8440 -2524 32767 -14107 -614 1905 END
START 8384 -2488 32767 -12918 -866 1351 END
START 8260 -2320 32767 -12016 -1018 844 END
START 8120 -2300 32767 -11116 -1094 407 END
START 7644 -2200 32767 -10220 -1139 43 END
START 7356 -2020 32767 -9370 -1104 -215 END
START 6880 -1704 32767 -8587 -1076 -376 END
START 6392 -1632 32767 -7791 -983 -541 END
START 6052 -1460 32767 -7042 -961 -578 END
START 5520 -1328 32767 -6293 -922 -551 END
START 5316 -1360 32460 -5525 -1041 -508 END
START 5184 -1280 31792 -4775 -1114 -398 END