START 18280 12264 -16564 -2209 4693 3450 END
START 140 220 -11704 -5059 2896 3421 END
START 9104 616 -17152 -9342 -107 2510 END
START -3104 -1340 -7748 -13112 -1549 1201 END
START 2432 -1536 -11744 -17003 -1422 901 END
START 376 -2448 -9780 -20926 -180 1163 END
START -656 -3596 -9256 -24760 832 1854 END
START -248 -5140 -8476 -28046 620 2632 END
START 1664 -5948 -7520 -31300 119 2418 END
START 1536 -7636 -6576 -32768 -203 2059 END
START 2044 -9848 -5372 -32768 -743 2112 END
START 1904 -12252 -2200 -32768 1082 2478 END
START 1224 -14312 3068 -32768 4261 3030 END
START -576 -16136 8368 -32768 4712 3778 END
START 1428 -17392 13244 -32768 3964 3727 END
START 1176 -18432 15876 -32768 2778 1798 END
START -2204 -18864 20544 -32768 -968 774 END
START -4284 -18944 26812 -32768 -6723 807 END
START -4856 -19580 32767 -32768 -9800 1791 END
START -2952 -18832 32767 -32768 -6347 4337 END
START -8 -17764 32767 -32768 2602 5821 END