START 1376 6432 -2408 12461 6685 -1879 END
START 4572 360 -17408 13153 8371 -1616 END
START 4488 11388 -6004 9611 8415 -1849 END
START -1392 6908 -1608 9647 9244 -1814 END
START 3164 8224 -6024 7714 9259 -1644 END
START -856 7560 -2084 6442 8742 -1723 END
START 2028 7524 -5244 5165 9353 -1699 END
START 500 6968 -3032 4200 9047 -1717 END
START 660 7116 -3196 3326 8944 -1600 END
START -32 7096 -2896 2663 8816 -1412 END
START 4 7524 -3196 1977 8185 -1274 END
START -1420 7760 -2100 1326 8017 -1085 END
START -732 7996 -3028 692 7304 -854 END
START -2568 7852 -1392 42 6572 -589 END
START -1652 7956 -2328 -635 5847 -277 END
START -3080 7868 -272 -1275 4748 9 END
START -3064 8052 -128 -1811 4124 322 END
START -2120 8108 -728 -2411 3354 647 END
START -2492 8160 536 -2847 2731 999 END
START -1944 8060 596 -3177 2323 1337 END
START -1824 8224 1504 -3423 1741 1663 END
START -1420 8492 2160 -3609 1421 1818 END
START -972 8308 2600 -3705 1186 1995 END
START -792 8324 3584 -3708 833 2127 END
START -564 8268 3708 -3661 582 2224 END
START 112 8156 3896 -3588 312 2337 END
START 288 8140 4356 -3541 141 2353 END
START 780 8488 4452 -3493 -23 2328 END
START 668 8732 5236 -3462 -260 2262 END
START 1064 8900 5308 -3431 -446 2189 END
START 1292 9112 5736 -3357 -667 2070 END
START 1428 8960 5908 -3286 -799 1863 END
START 1484 9020 6100 -3178 -911 1657 END
START 1216 8724 6392 -3066 -1156 1516 END
START 1708 9304 6028 -3000 -1275 1327 END
START 1656 9552 5884 -3042 -1233 1131 END
START 1440 9580 6192 -2984 -1171 1014 END
START 1412 9720 5700 -3090 -1160 919 END
START 1064 9672 5968 -3198 -1160 900 END
START 1048 9960 5756 -3353 -1148 942 END
START 792 9952 5680 -3533 -1165 996 END
START 684 10204 5564 -3691 -1160 1084 END
START 768 10420 5720 -3922 -1187 1165 END
START 792 10340 5888 -4136 -1220 1254 END
START 1028 10408 6088 -4389 -1203 1352 END
START 1036 10348 6288 -4595 -1261 1387 END
START 1140 10404 6304 -4794 -1209 1421 END
START 1276 10436 6468 -4928 -1182 1458 END
START 1140 10448 6704 -5129 -1130 1442 END
START 1288 10488 6684 -5273 -1102 1472 END
START 1268 10480 6976 -5428 -1040 1500 END
START 1272 10592 6792 -5563 -991 1492 END
START 1432 10520 6708 -5746 -923 1545 END
START 1464 10420 6780 -5921 -978 1550 END
START 1676 10512 6512 -6126 -934 1512 END
START 1920 10508 6320 -6376 -909 1438 END
START 2112 10436 6148 -6673 -836 1373 END
START 2276 10256 5816 -7047 -635 1291 END
START 2384 10276 5816 -7390 -426 1188 END
START 2328 10072 5776 -7783 -156 1104 END
START 2312 10116 5824 -8190 114 1003 END
START 2292 9816 6008 -8548 460 859 END
START 2296 9672 5908 -8868 738 704 END
START 2344 9340 6040 -9147 1035 518 END
START 2180 9188 5932 -9411 1317 262 END
START 1892 8756 6176 -9614 1511 61 END
START 1788 8600 6228 -9815 1645 -140 END
START 1320 8136 6224 -10022 1711 -335 END
START 828 7812 5984 -10204 1684 -542 END
START 200 7356 5964 -10354 1586 -688 END
START -304 6932 5832 -10483 1374 -771 END
START -912 6428 5792 -10605 1080 -859 END
START -1404 5932 5400 -10683 737 -826 END
START -1920 5420 5172 -10735 330 -810 END
START -2412 5000 5176 -10868 -85 -711 END
START -2732 4520 4952 -10953 -587 -601 END
START -3172 4160 4612 -10971 -1236 -403 END
START -3664 3716 4504 -11036 -2023 -165 END
START -4204 3432 4080 -11100 -2955 192 END
START -4400 3136 3528 -11192 -3848 607 END
START -4652 2988 3124 -11442 -4724 1080 END
START -4540 2888 2412 -11761 -5510 1616 END
START -4584 2800 2388 -12178 -6224 2183 END
START -4112 2728 1988 -12619 -6717 2771 END
START -3604 2472 1896 -13148 -7011 3343 END
START -2976 2288 1424 -13668 -7094 3898 END
START -2420 2084 1484 -14167 -7008 4409 END
START -1980 2088 1356 -14861 -6837 4901 END
START -1488 2004 1256 -15515 -6550 5370 END
START -944 1928 1360 -16202 -6192 5833 END
START -416 1912 1384 -16872 -5601 6183 END
START -20 1892 1288 -17653 -4943 6574 END
START 528 1896 1592 -18351 -4283 6940 END
START 880 1876 1588 -19040 -3551 7247 END
START 1216 1980 1732 -19781 -2785 7581 END
START 1460 2128 1664 -20436 -2159 7801 END
START 1820 2084 1960 -21115 -1598 7962 END
START 2348 2156 2188 -21791 -1079 8026 END
START 2812 2152 2300 -22469 -671 8010 END
START 2824 1932 2716 -23076 -361 7929 END
START 2948 2024 2584 -23725 -277 7806 END
START 2900 1952 3248 -24290 -232 7679 END
START 2884 2064 3484 -24764 -362 7562 END
START 2920 1828 3844 -25298 -568 7393 END
START 3152 1896 4080 -25718 -750 7300 END
START 3292 1640 4108 -26239 -951 7132 END
START 3328 1636 4216 -26698 -1111 7033 END
START 3344 1404 4240 -27260 -1359 6828 END
START 3156 1084 4792 -27855 -1624 6736 END
START 2908 892 4984 -28397 -1952 6661 END
START 2656 716 5692 -29054 -2363 6620 END
START 2440 804 6204 -29597 -2646 6668 END
START 2124 624 7044 -30146 -2858 6744 END
START 1964 384 7632 -30563 -3001 6819 END
START 1860 56 8224 -30986 -3090 6973 END
START 1892 -84 8604 -31289 -3129 7140 END
START 1900 -380 9052 -31680 -3122 7345 END
START 1932 -736 9544 -32020 -3049 7515 END
START 1860 -904 9812 -32382 -2872 7713 END
START 2048 -1288 10028 -32738 -2591 7930 END
START 1888 -1568 10072 -32768 -2191 8095 END
START 1884 -1584 10012 -32768 -1808 8349 END
START 1824 -1628 10244 -32768 -1371 8557 END
START 1784 -1912 10592 -32768 -888 8788 END
START 1700 -2032 10964 -32768 -433 9026 END
START 1720 -2328 11548 -32768 16 9284 END
START 1664 -2564 12348 -32768 461 9497 END
START 1520 -2872 13092 -32768 938 9774 END
START 1732 -3120 14036 -32768 1395 9981 END
START 1868 -3560 15284 -32768 1850 10143 END
START 2400 -3848 16320 -32768 2289 10218 END
START 2708 -4292 17388 -32768 2795 10200 END
START 3644 -4904 18360 -32768 3426 10075 END
START 4432 -5360 19604 -32768 4107 9820 END
START 5092 -5764 20656 -32768 4852 9525 END
START 5696 -6144 21860 -32768 5564 9168 END
START 6056 -6372 23372 -32768 6328 8719 END
START 6328 -6540 24756 -32768 6972 8174 END
START 6532 -6708 26264 -32768 7659 7714 END
START 6760 -6992 27772 -32768 8076 7095 END
START 6648 -7152 29424 -32768 8390 6470 END
START 6416 -7360 30736 -32768 8528 5814 END
START 6140 -7300 31980 -32768 8523 5175 END
START 5828 -7296 32767 -32768 8355 4538 END
START 5328 -7436 32767 -32768 7975 3984 END
START 5028 -7356 32767 -32768 7418 3463 END
START 4388 -7512 32767 -32768 6696 3009 END
START 4316 -7588 32767 -32768 5914 2631 END
START 3852 -7800 32767 -31797 5153 2292 END
START 3696 -7780 32767 -30171 4425 1991 END
START 3372 -7468 32767 -28524 3757 1727 END
START 3092 -7468 32767 -26804 3050 1518 END
START 2796 -7432 32767 -25066 2475 1329 END
START 2700 -7380 32767 -23339 1875 1165 END
START 2592 -7456 32767 -21649 1526 1055 END
START 2368 -7416 32767 -19962 1317 992 END
START 2268 -7152 32767 -18321 1201 955 END
START 2116 -7128 32767 -16830 1292 1024 END
START 1888 -6940 32767 -15558 1439 1147 END
START 1612 -6888 32767 -14243 1655 1340 END
START 1408 -6872 32767 -13403 1875 1539 END
START 1352 -6548 32767 -12564 2111 1811 END
START 1380 -6424 32767 -11912 2320 2072 END
START 1352 -6260 32767 -11309 2400 2356 END
START 1464 -5892 32767 -10855 2339 2548 END
START 2024 -5868 32767 -10327 2228 2677 END
START 2564 -5740 32767 -9912 2118 2700 END
START 3192 -5848 32767 -9461 2101 2678 END
START 3892 -5800 32767 -9026 2122 2550 END
START 4492 -5728 32767 -8594 2214 2332 END
START 4948 -5532 32767 -8187 2226 2086 END