START 8792 12476 -6700 6754 6484 4000 END
START 4536 4288 -3824 4553 857 2901 END
START -120 2812 -1116 1952 -870 2214 END
START 7936 3180 -8408 -3020 -925 572 END
START 5532 2748 -6684 -8440 -2509 -2469 END
START 2668 840 -3952 -12105 -1590 -3564 END
START 3416 -60 -4720 -15030 785 -3554 END
START 3152 -632 -6728 -19170 2459 -4132 END
START 2240 -2192 -6328 -23559 2061 -5164 END
START -176 -3404 -4944 -26420 -242 -5509 END
START -940 -4284 -4124 -29174 -2158 -5485 END
START -1800 -4760 -2928 -32768 -2721 -5204 END
START -2064 -4408 -752 -32768 -1980 -4164 END
START -2128 -4756 5532 -32768 -729 -3622 END
START -3040 -6356 15748 -32768 -580 -3377 END
START -3256 -8764 30076 -32768 2019 -2581 END
START -2284 -9876 32767 -32768 8511 -1540 END
START -4968 -10244 32767 -30404 10381 -2632 END