START -120 7264 3980 18008 -1837 -3607 END
START 4012 1436 -9896 19464 -482 -3120 END
START 2952 8524 -92 17178 -748 -3097 END
START -1220 7192 5108 17893 78 -3066 END
START 3088 8000 -540 17174 701 -3032 END
START -288 8144 3860 16646 249 -3060 END
START 2388 8484 756 16150 461 -3042 END
START 2004 8428 684 15578 393 -3191 END
START 1000 8372 1236 15059 193 -3349 END
START 420 8508 1108 14526 157 -3361 END
START -788 8496 2204 14035 -523 -3219 END
START -404 8320 1004 13576 -905 -2962 END
START -1492 8304 880 13161 -1550 -2581 END
START -1424 8100 -108 12715 -1842 -2148 END
START -1872 8372 -820 12161 -2170 -1702 END
START -2292 8800 -1236 11508 -2362 -1171 END
START -2252 9076 -2092 10678 -2557 -658 END
START -2672 9436 -2340 9712 -2795 -144 END
START -2324 9700 -2940 8689 -3021 315 END
START -2160 9720 -3348 7579 -3131 744 END
START -2052 9748 -3564 6414 -3166 1104 END
START -1716 10172 -3892 5078 -3244 1445 END
START -1840 10404 -3440 3723 -3218 1819 END
START -1228 10528 -3720 2473 -2965 2147 END
START -752 10520 -3600 1138 -2432 2489 END
START 96 10480 -3368 -84 -1606 2722 END
START 764 10304 -2660 -1179 -694 2890 END
START 1128 10384 -2112 -2235 398 2938 END
START 1680 10428 -1396 -3132 1445 3002 END
START 1860 10340 -420 -3953 2492 2934 END
START 2028 10144 280 -4580 3453 2857 END
START 2212 10108 856 -5115 4437 2788 END
START 2288 9836 1856 -5539 5289 2656 END
START 1888 9700 2648 -5786 5923 2546 END
START 1904 9748 3024 -5915 6418 2462 END
START 1496 9904 3772 -5980 6720 2363 END
START 1220 10144 4188 -5972 6713 2280 END
START 1000 10248 4788 -5860 6521 2212 END
START 900 10100 5116 -5773 6119 2136 END
START 1260 10120 5492 -5597 5589 2012 END
START 1384 10120 5804 -5386 4959 1839 END
START 1644 9992 5920 -5127 4181 1609 END
START 1864 10096 6236 -4903 3457 1371 END
START 1964 10120 6400 -4601 2587 1054 END
START 2092 10172 6444 -4351 1819 783 END
START 2072 10072 6544 -4014 1041 526 END
START 1980 10168 6644 -3724 365 340 END
START 1796 10092 6464 -3440 -263 197 END
START 1772 10172 6344 -3141 -790 97 END
START 1644 10228 6308 -2886 -1296 58 END
START 1668 10264 6064 -2694 -1579 42 END
START 1596 10224 5616 -2518 -1896 20 END
START 1680 10184 5016 -2402 -2137 71 END
START 1604 10176 4424 -2386 -2289 70 END
START 1624 10288 3856 -2483 -2443 120 END
START 1648 10436 3416 -2694 -2477 197 END
START 1672 10540 2992 -2969 -2472 226 END
START 1864 10584 2732 -3377 -2425 319 END
START 1960 10512 2456 -3792 -2296 384 END
START 2040 10504 2312 -4189 -2157 452 END
START 2212 10348 2200 -4602 -1976 532 END
START 2392 10204 1932 -4939 -1767 561 END
START 2620 10012 1784 -5233 -1480 603 END
START 3000 9972 1188 -5613 -1149 609 END
START 3472 10200 620 -6071 -765 550 END
START 3604 10240 276 -6605 -378 427 END
START 3864 10128 -108 -7202 54 271 END
START 3736 10040 -304 -7844 455 107 END
START 3736 9780 -464 -8498 756 -49 END
START 3668 9444 -636 -9182 1008 -228 END
START 3608 9048 -916 -9804 1156 -386 END
START 3312 8768 -1024 -10431 1230 -549 END
START 3124 8260 -1156 -11036 1252 -732 END
START 2964 7896 -1072 -11578 1119 -907 END
START 2656 7324 -1220 -12064 934 -1073 END
START 2344 6812 -1212 -12504 641 -1230 END
START 2056 6324 -1248 -12873 292 -1369 END
START 1832 5832 -1364 -13165 -77 -1449 END
START 1512 5352 -1288 -13477 -552 -1547 END
START 1256 4784 -1264 -13741 -1083 -1626 END
START 836 4236 -1396 -13867 -1649 -1649 END
START 448 3868 -1428 -14013 -2277 -1661 END
START 176 3348 -1744 -14111 -2958 -1617 END
START -88 3052 -1932 -14493 -3488 -1536 END
START 48 2644 -2476 -14272 -3883 -1501 END
START 24 2284 -3184 -14723 -4130 -1439 END
START -204 1796 -3552 -14707 -4276 -1395 END
START -416 1612 -4288 -14872 -4385 -1302 END
START -828 1296 -5080 -15390 -4490 -1202 END
START -1228 1360 -6132 -15924 -4646 -1064 END
START -1704 1520 -6956 -16610 -4861 -823 END
START -2060 1660 -8064 -17464 -5008 -545 END
START -2416 1776 -8716 -18564 -5136 -204 END
START -2712 2032 -9428 -19867 -5224 162 END
START -2804 2132 -9860 -21297 -5208 602 END
START -2752 2068 -10004 -22848 -5055 1094 END
START -2880 1976 -9712 -24408 -4835 1612 END
START -2696 1700 -9380 -25943 -4517 2144 END
START -2464 1484 -8708 -27405 -4093 2696 END
START -2232 1112 -7976 -28734 -3607 3250 END
START -2064 996 -7012 -29961 -3022 3711 END
START -1644 692 -6260 -31072 -2435 4240 END
START -1592 584 -5532 -32039 -1762 4670 END
START -1564 420 -4832 -32768 -1291 5076 END
START -1500 208 -4012 -32768 -852 5500 END
START -1412 -24 -3640 -32768 -534 5850 END
START -1228 -352 -3084 -32768 -275 6193 END
START -880 -676 -2440 -32768 -10 6507 END
START -540 -1108 -1508 -32768 270 6786 END
START 32 -1408 -868 -32768 524 7060 END
START 596 -1628 -48 -32768 892 7301 END
START 1328 -1896 620 -32768 1264 7511 END
START 1880 -2160 1576 -32768 1724 7594 END
START 2556 -2360 2684 -32768 2179 7681 END
START 3080 -2856 3692 -32768 2585 7642 END
START 3424 -3228 4944 -32768 2961 7593 END
START 3756 -3676 5688 -32768 3197 7541 END
START 3948 -3932 6768 -32768 3475 7452 END
START 4404 -4196 7576 -32768 3790 7319 END
START 4884 -4320 8388 -32768 4157 7184 END
START 4992 -4468 9580 -32768 4559 7037 END
START 5080 -4880 10656 -32768 5010 6898 END
START 5024 -5212 12000 -32768 5346 6796 END
START 4752 -5584 13456 -32768 5604 6666 END
START 5156 -5792 14872 -32768 5766 6560 END
START 5332 -6264 16012 -32768 5946 6444 END
START 5252 -6740 17484 -32768 6216 6292 END
START 5508 -7184 18888 -32768 6512 6207 END
START 5372 -7300 20604 -32768 6879 5991 END
START 5460 -7432 21948 -32768 7247 5809 END
START 5288 -7304 23452 -32768 7553 5614 END
START 5340 -7392 24704 -32768 7920 5449 END
START 5052 -7500 26320 -32768 8187 5319 END
START 4624 -7568 27612 -32768 8299 5200 END
START 4272 -7500 29116 -32768 8239 5108 END
START 4064 -7260 30604 -32768 8044 5133 END
START 4212 -7240 31680 -32768 7855 5091 END
START 4604 -7212 32767 -32768 7740 5007 END
START 4740 -7356 32767 -32768 7557 4925 END
START 5176 -7508 32767 -32768 7327 4712 END
START 5608 -7588 32767 -32768 7074 4426 END
START 6232 -7632 32767 -32768 6868 4092 END
START 6372 -7728 32767 -32768 6726 3655 END
START 6676 -7712 32767 -32768 6555 3146 END
START 6708 -7880 32767 -32768 6419 2677 END
START 6604 -7828 32767 -32768 6222 2140 END
START 6488 -7700 32767 -32248 5949 1728 END
START 6084 -7696 32767 -30732 5507 1291 END
START 5932 -7620 32767 -29111 4899 915 END
START 5744 -7576 32767 -27536 4177 540 END
START 5668 -7312 32767 -25846 3342 124 END
START 5548 -7108 32767 -24005 2413 -291 END
START 5560 -7012 32767 -22113 1469 -732 END