START 10216 6524 -8996 9281 858 -1131 END
START 3396 1320 -16676 5571 -2071 -308 END
START -8880 124 -9680 618 -5953 1670 END
START -7320 24 -9828 -4986 -8383 3503 END
START -4080 -400 -9900 -10139 -7703 4802 END
START -1736 -528 -9136 -14500 -6767 5638 END
START 84 -856 -8404 -18535 -4241 5909 END
START 840 -1144 -8540 -21811 -1998 5556 END
START 64 -1564 -9568 -25623 -1810 4719 END
START -32 -2580 -9556 -29796 -4232 3210 END
START -28 -4540 -7856 -32768 -5083 1897 END
START 244 -7092 -6956 -32768 -1970 589 END
START -1640 -11064 -8180 -32768 5996 123 END
START -7680 -17168 -8700 -32768 12814 1686 END
START -14428 -25276 -6584 -32768 12805 5103 END
START -15472 -32768 -3276 -32768 6104 11150 END
START -6712 -32768 3152 -32768 4638 15427 END
START -3512 -32768 17460 -32768 10806 14678 END
START -6568 -32768 32767 -32768 11705 11516 END
START 6784 -32768 32767 -32768 4680 8307 END
START 3516 -32768 32767 -32768 -2673 829 END
START 892 -26560 32767 -26826 -4206 -3875 END