START -156 5376 1556 19483 -1399 -1733 END
START 3484 -452 -10504 20399 -523 -1546 END
START 2848 5960 -1120 18327 -536 -1824 END
START -340 4220 2292 19043 160 -2017 END
START 2620 5216 -2112 18270 606 -2244 END
START -608 5652 1396 17726 270 -2475 END
START 1972 6168 -2380 16993 634 -2541 END
START 20 5776 -1256 16206 541 -2710 END
START 176 5808 -2064 15362 759 -2787 END
START 832 5792 -3652 14466 934 -2753 END
START 224 5908 -3708 13445 612 -2697 END
START -164 6116 -4084 12498 640 -2494 END
START 316 6600 -5144 11476 190 -2338 END
START -748 6864 -4592 10402 -67 -2164 END
START 400 7240 -6244 9274 -343 -1941 END
START -792 7512 -5340 8106 -871 -1816 END
START 256 7976 -6264 6937 -1178 -1611 END
START 104 8064 -6440 5780 -1698 -1442 END
START -776 8132 -5264 4627 -2127 -1259 END
START -220 8444 -5344 3455 -2279 -1025 END
START -312 8704 -5156 2394 -2628 -879 END
START -476 8960 -4004 1402 -2585 -659 END
START -64 9192 -3768 494 -2556 -465 END
START -700 9180 -2400 -247 -2487 -255 END
START -120 9264 -2552 -907 -2177 -10 END
START -196 9232 -2120 -1430 -1959 265 END
START -588 9188 -908 -1822 -1655 550 END
START -240 9200 -1068 -2170 -1442 814 END
START -508 9260 -160 -2486 -1278 1109 END
START -20 9372 -160 -2777 -1008 1350 END
START 164 9420 208 -3057 -783 1574 END
START 404 9640 104 -3395 -420 1751 END
START 1036 9692 564 -3763 -9 1905 END
START 1384 9700 788 -4103 410 1973 END
START 1996 9688 1092 -4431 916 2002 END
START 2736 9824 948 -4742 1484 1920 END
START 3016 9732 1468 -5000 2044 1769 END
START 3316 9672 1820 -5274 2689 1569 END
START 3584 9672 1896 -5461 3129 1253 END
START 3648 9544 2396 -5662 3532 997 END
START 3824 9484 2356 -5865 3818 685 END
START 3800 9428 2428 -6024 4061 396 END
START 3956 9532 2236 -6244 4313 107 END
START 3848 9292 2320 -6459 4514 -197 END
START 3592 9312 2428 -6695 4608 -467 END
START 3340 9388 2716 -6918 4581 -705 END
START 2956 9244 2712 -7161 4473 -956 END
START 2956 9152 2616 -7334 4371 -1104 END
START 2764 9088 2812 -7525 4165 -1320 END
START 2596 9088 2652 -7705 3922 -1498 END
START 2436 8920 2700 -7877 3599 -1694 END
START 2204 8760 2672 -8065 3188 -1829 END
START 1880 8564 2596 -8236 2636 -1940 END
START 1408 8372 2584 -8386 2053 -1994 END
START 1172 8236 2228 -8520 1395 -1983 END
START 968 8140 1684 -8678 741 -1931 END
START 780 8076 1300 -8925 124 -1871 END
START 560 7932 964 -9184 -481 -1761 END
START 204 7852 760 -9541 -1108 -1735 END
START -4 7700 436 -9956 -1813 -1544 END
START -136 7676 -72 -10433 -2419 -1455 END
START 16 7724 -548 -11026 -2878 -1316 END
START 248 7508 -900 -11735 -3123 -1270 END
START 324 7312 -896 -12435 -3212 -1214 END
START 496 6964 -1104 -13169 -3066 -1177 END
START 400 6740 -1332 -13999 -2684 -1138 END
START 444 6472 -1288 -14782 -2156 -1079 END
START 124 6148 -1216 -15448 -1513 -1037 END
START -52 5956 -1076 -16196 -844 -954 END
START -288 5708 -836 -16892 -135 -820 END
START -560 5260 -540 -17503 522 -682 END
START -1064 4972 -424 -18035 1150 -501 END
START -1432 4792 -232 -18584 1737 -296 END
START -1708 4660 -108 -19089 2230 -63 END
START -2008 4604 -72 -19592 2524 186 END
START -2364 4496 92 -20103 2791 431 END
START -2424 4388 -60 -20567 2933 687 END
START -2732 4064 396 -21039 3024 975 END
START -2824 3828 348 -21475 3001 1238 END
START -2704 3644 444 -21911 2948 1518 END
START -2704 3636 392 -22306 2778 1796 END
START -2360 3420 740 -22757 2552 2106 END
START -2172 3144 860 -23140 2290 2300 END
START -2052 3052 1092 -23526 1881 2525 END
START -1812 2816 1056 -23875 1400 2763 END
START -1564 2688 1168 -24183 773 2997 END
START -1004 2584 1068 -24524 208 3201 END
START -452 2296 1048 -24931 -357 3297 END
START 188 2184 1076 -25389 -873 3398 END
START 452 2076 1060 -25887 -1369 3457 END
START 1172 2244 912 -26487 -1752 3422 END
START 2052 2292 924 -27145 -1935 3353 END
START 2896 2132 1120 -27867 -2011 3198 END
START 3556 1812 1540 -28581 -1907 2978 END
START 3952 1552 1852 -29304 -1727 2793 END
START 4068 1192 2552 -29917 -1443 2576 END
START 4240 1160 2928 -30462 -910 2463 END
START 4316 1008 3388 -30934 -278 2355 END
START 4200 1040 3932 -31372 455 2236 END
START 4040 960 4456 -31817 1247 2075 END
START 3960 676 4964 -32226 1951 1916 END
START 3688 412 5380 -32657 2556 1734 END
START 3220 -24 5940 -32768 3015 1617 END
START 2944 -88 6100 -32768 3265 1522 END
START 2220 -504 6724 -32768 3260 1467 END
START 2020 -840 6776 -32768 3170 1454 END
START 1548 -1212 7020 -32768 2873 1477 END
START 1112 -1516 7228 -32768 2409 1529 END
START 996 -1768 7220 -32768 1877 1611 END
START 1012 -1964 7456 -32768 1277 1663 END
START 1172 -2132 7464 -32768 763 1707 END
START 1164 -2296 7848 -32768 220 1704 END
START 1404 -2340 7812 -32768 -223 1689 END
START 1820 -2628 7860 -32768 -471 1568 END
START 2368 -2672 7792 -32768 -419 1444 END
START 2708 -2984 8148 -32768 -280 1270 END
START 2708 -3324 8624 -32768 -19 1111 END
START 2500 -3580 9324 -32768 350 1012 END
START 2096 -4040 10188 -32768 811 979 END
START 1800 -4156 10900 -32768 1261 1009 END
START 1352 -4500 11640 -32768 1740 1093 END
START 1028 -4692 12756 -32768 2172 1219 END
START 508 -4860 13736 -32768 2590 1371 END
START 108 -5212 14904 -32768 2935 1562 END
START -124 -5496 16076 -32768 3297 1831 END
START -408 -6016 17452 -32768 3668 2128 END
START -512 -6500 18608 -32768 3996 2418 END
START -588 -7140 19660 -32768 4366 2762 END
START -564 -7468 20848 -32768 4709 3117 END
START -600 -7532 21936 -32768 4999 3518 END
START -372 -8048 22860 -32768 5304 3921 END
START -12 -8100 24244 -32768 5505 4289 END
START 336 -8276 25524 -32768 5715 4608 END
START 560 -8504 27112 -32768 5775 4891 END
START 580 -8612 28996 -32768 5679 5100 END
START 1624 -8708 30564 -32768 5597 5189 END
START 2352 -9592 32320 -32768 5489 5143 END
START 2804 -9732 32767 -32768 5395 4951 END
START 3028 -9872 32767 -32768 5094 4683 END
START 3168 -9904 32767 -32768 4529 4394 END
START 3432 -10012 32767 -32768 3883 3987 END
START 3500 -10200 32767 -32768 3145 3617 END
START 3808 -10324 32767 -30960 2401 3210 END
START 3916 -10424 32767 -28797 1754 2805 END
START 3940 -10344 32767 -26434 1131 2372 END
START 3936 -10256 32767 -24041 501 1941 END
START 3980 -10072 32767 -21644 -143 1488 END
START 3860 -9912 32767 -19142 -762 1058 END
START 3836 -9888 32767 -16649 -1403 678 END
START 3804 -9896 32767 -14307 -2011 348 END
START 3760 -9764 32767 -11665 -2630 69 END
START 3784 -9432 32767 -9384 -3218 -140 END
START 3864 -9124 32767 -7370 -3669 -262 END
START 4120 -8568 32767 -5551 -3949 -440 END
START 4528 -8228 32767 -4016 -4107 -566 END
START 4648 -7880 32767 -2667 -3967 -782 END
START 4408 -7748 32767 -1517 -4070 -890 END
START 4172 -7376 32767 -458 -4247 -937 END
START 4148 -6836 32767 557 -4441 -950 END
START 3928 -6068 32767 1449 -4503 -952 END
START 3980 -5604 32767 2180 -4387 -1036 END
START 3964 -5188 32767 2874 -4120 -1035 END