START 18672 18176 -4856 13824 3969 628 END
START 1712 7600 -3428 11748 -5510 867 END
START -4 7740 -5332 7165 -12252 1236 END
START 3440 7120 -5308 -937 -9899 -509 END
START 7484 3216 -5244 -4388 -5022 -1482 END
START 5260 2196 -7416 -9227 -713 -443 END
START -180 524 -6412 -13103 -2131 -568 END
START 488 -1360 -6652 -16495 -3421 48 END
START 1376 -2692 -7348 -19780 -2483 882 END
START 1220 -3772 -7224 -23167 -2124 1398 END
START 1996 -4944 -6964 -26626 -477 2189 END
START 2220 -5624 -6848 -30957 219 2035 END
START 2072 -6192 -3672 -32768 -464 2095 END
START 2980 -6716 992 -32768 385 2480 END
START 3496 -6388 3932 -32768 1203 2780 END
START 5656 -4800 7328 -32768 1358 1685 END
START 5376 -4620 15260 -32768 3806 70 END
START 3456 -4884 24692 -32768 6130 -951 END
START 100 -6280 32767 -32768 7883 -1207 END
START -1832 -8092 32767 -32768 9240 -735 END
START -3516 -8164 32767 -29295 9229 -357 END
START -3904 -7744 32767 -18421 7544 128 END
START -4260 -5904 32767 -8368 6985 616 END