START 14080 -180 -3288 3631 3229 1067 END
START -8 -584 -132 4128 -2834 2326 END
START 1400 -1484 -948 4180 -2229 3628 END
START 4096 -1032 -4600 2899 -2928 3804 END
START 4588 -88 -6464 351 -4524 2491 END
START 3956 524 -7444 -2176 -4627 760 END
START 5024 508 -10476 -5545 -3845 -782 END
START 4492 700 -11244 -9878 -2897 -1466 END
START 3892 468 -11272 -14194 -1118 -1984 END
START 4420 72 -11300 -18742 598 -2708 END
START 3716 -1052 -9832 -23092 1900 -4120 END
START 600 -2696 -8300 -27593 1759 -4534 END
START -960 -4232 -4980 -31694 334 -4003 END
START -1128 -6064 -1412 -32768 -37 -2759 END
START 1876 -7280 3232 -32768 3307 -3143 END
START -284 -9548 11644 -32768 5836 -4858 END
START -3300 -10496 19396 -32768 4545 -5003 END
START -4104 -10712 26740 -32768 2199 -4589 END
START -4628 -10108 32767 -32768 168 -3572 END
START -2820 -8492 32767 -32768 931 -2746 END
START -2244 -6972 32767 -27933 3369 -3540 END
START -3072 -5544 32767 -21810 3926 -4235 END