START 14080 9552 -14672 3197 -10146 -3002 END
START -844 736 -9492 -400 -11560 -2699 END
START 248 868 -11188 -3962 -6078 -436 END
START -1968 1084 -11928 -9675 -1071 1190 END
START -2200 500 -12028 -16960 5479 2693 END
START -2796 -888 -11320 -23238 8486 3576 END
START -1740 -1996 -8676 -27999 7245 3345 END
START 932 -3300 -6824 -30407 4464 1945 END
START 788 -4812 -5160 -31795 1793 220 END
START 916 -6684 -4812 -32768 -205 -851 END
START 336 -8748 -4488 -32768 -1575 -980 END
START -764 -10504 -3888 -32768 -2396 335 END
START -708 -13168 -1932 -32768 -82 2139 END
START -476 -15852 1280 -32768 4376 4316 END
START 2272 -18440 8232 -32768 10054 4669 END
START 3156 -21756 20156 -32768 14879 1959 END
START -2404 -25724 32767 -32768 8897 -2450 END