START 16484 -1204 -23416 15452 -1864 -5531 END
START 11212 3004 -25308 7693 -2373 -3542 END
START 3436 3224 -21288 -1166 -3267 -1867 END
START 2076 2744 -18284 -8883 -4051 -285 END
START 312 1580 -13508 -14867 -2680 503 END
START -5912 104 -7216 -18853 -151 1609 END
START -4728 -708 -8760 -21990 1381 2924 END
START -1500 -1248 -10968 -26462 339 2837 END
START 520 -2320 -12436 -32647 216 2221 END
START 1564 -4668 -12448 -32768 4379 1602 END
START 348 -8164 -11616 -32768 8134 1794 END
START 352 -11972 -11532 -32768 9483 1839 END
START 572 -17452 -12304 -32768 8142 1680 END
START 276 -21896 -8548 -32768 4440 1092 END
START 2348 -25888 952 -32768 2058 347 END
START 2164 -27088 8548 -32768 12158 -575 END
START -7180 -32768 21524 -32768 23678 -345 END