START 13268 7732 -7796 16094 2022 -2410 END
START 5128 2548 -16364 11916 -606 -2120 END
START 592 2424 -15068 5807 -2875 -1202 END
START -88 2800 -15212 -1725 -3446 -985 END
START -1240 1632 -11676 -9295 -871 -1365 END
START -3344 308 -8504 -14492 2412 -428 END
START -4776 -796 -6868 -17904 3991 894 END
START -3304 -1652 -7344 -21057 4038 1970 END
START -1272 -2356 -9348 -25219 2756 1896 END
START 220 -4036 -8348 -30591 2386 1178 END
START -248 -5812 -7264 -32768 2822 1322 END
START 72 -8100 -5756 -32768 5184 1297 END
START -1332 -10652 -4404 -32768 5678 2041 END
START -400 -12956 -3276 -32768 4258 2587 END
START 376 -15504 1048 -32768 3629 2128 END
START -368 -17800 7264 -32768 4347 2511 END
START 3092 -18624 15004 -32768 6246 2232 END
START 3784 -20292 23444 -32768 9654 -622 END
START -1208 -23504 32767 -32768 8297 -3927 END
START -4348 -26076 32767 -32768 2915 -5312 END