START 7448 9432 -10300 734 1044 -654 END
START -44 2036 -4000 -585 -6805 -1526 END
START -2168 936 -3936 -3360 -8451 -2591 END
START -896 -1080 -4276 -6120 -7074 -2532 END
START 1032 -2068 -5900 -9689 -4135 -2990 END
START 1052 -3044 -8436 -14261 -1755 -3358 END
START 3640 -3780 -9780 -19740 -715 -3211 END
START 2352 -4364 -7772 -23719 -121 -3045 END
START 2740 -4432 -8064 -27981 -1018 -3443 END
START 3688 -5144 -4860 -31994 -1002 -3814 END
START 4052 -6188 -2096 -32768 -1660 -4611 END
START 4248 -7288 1552 -32768 -3192 -6222 END
START 3764 -8292 7472 -32768 -2686 -7890 END
START 1092 -11188 15548 -32768 798 -9584 END
START -7068 -14212 27948 -32768 1236 -9519 END
START -12644 -16040 32767 -32768 -3054 -5776 END
START -10136 -14904 32767 -32768 -2063 -2096 END
START -10264 -17612 32767 -31350 -70 920 END