START 16772 12744 -2576 11047 -1906 -3444 END
START -2896 6164 -2356 7169 -1855 -3807 END
START 984 5136 -6004 2174 -113 -3122 END
START 2620 5076 -7512 -2937 356 -2021 END
START -1672 4048 -3068 -7413 1993 -1903 END
START -536 2280 -2788 -10567 4050 -1921 END
START -524 868 -3756 -12825 4565 -2573 END
START -916 -396 -5728 -15183 4266 -3151 END
START -2192 -1688 -6364 -17923 2643 -3033 END
START -2480 -2720 -7652 -21056 329 -2034 END
START -1524 -3776 -8512 -25247 -1195 -1243 END
START -864 -5392 -8132 -30569 -649 -693 END
START 392 -7072 -7788 -32768 1137 -416 END
START 1480 -9328 -6880 -32768 3336 -375 END
START 4004 -11292 -7332 -32768 6533 -1210 END
START 4932 -14020 -6868 -32768 13137 -3671 END
START 1972 -18752 -2056 -32768 19549 -6562 END
START -96 -24496 3816 -32768 21200 -9298 END
START -8008 -29976 17492 -32768 19643 -10022 END
START -9508 -32768 32767 -32768 7988 -10761 END
START -8064 -32768 32767 -32768 -3419 -11698 END
START -9492 -31156 32767 -32768 -8697 -12521 END
START -11700 -27732 32767 -28742 -11323 -9845 END
START -10536 -25472 32767 -26927 -5229 -5465 END
START -12844 -24212 32767 -24463 433 -543 END