START 17716 16952 -10348 6788 1067 -1404 END
START 4384 5372 -11124 1640 7 -3091 END
START 5568 5052 -11984 -3006 -1921 -4708 END
START 1256 2988 -7964 -6894 -460 -4760 END
START -3140 1988 -4712 -8689 -120 -4551 END
START -3292 400 -5504 -10166 -894 -3861 END
START -2424 -120 -7072 -12226 -2105 -2746 END
START -1496 -880 -8504 -15163 -2754 -1266 END
START -432 -1228 -10132 -19470 -3795 -184 END
START 1596 -2480 -9648 -24371 -3468 120 END
START 2500 -3364 -8368 -29141 -1621 -524 END
START 1980 -5596 -5756 -32768 -348 -781 END
START 1920 -7416 -4184 -32768 -1076 -794 END
START 2360 -9380 -1536 -32768 -2240 -527 END
START 2872 -11008 568 -32768 -1317 -206 END
START 2308 -12952 3904 -32768 99 463 END
START 4768 -15232 8372 -32768 1589 692 END
START 5836 -18232 13320 -32768 2556 -926 END
START 3664 -21892 18524 -32768 -175 -3508 END
START 2636 -24612 23472 -32768 -4996 -5221 END
START -2604 -26392 30404 -32768 -8436 -4573 END
START -4464 -26684 32767 -32768 -8376 -648 END
START -3820 -25704 32767 -32768 -3896 4040 END
START -712 -23176 32767 -32768 2442 6508 END
START 788 -21768 32767 -32768 7560 5990 END
START -1684 -21156 32767 -31187 7961 4212 END