START 16484 288 -15828 15315 7306 983 END
START 3908 2964 -10220 10696 860 363 END
START -4720 4272 -7872 5097 326 -115 END
START 5804 3344 -13388 258 703 464 END
START -1532 2532 -7840 -3315 -1137 1797 END
START 800 2536 -8440 -6280 -444 2710 END
START 1876 2020 -9676 -9417 -633 3365 END
START 2664 1844 -9188 -12966 -1 3740 END
START 2136 1140 -9584 -17327 2809 3900 END
START 1636 -152 -8744 -21864 3474 3492 END
START 1360 -1840 -8688 -26037 4112 3031 END
START -632 -3248 -8552 -30872 3952 2719 END
START -2712 -5820 -6252 -32768 3674 3119 END
START -3712 -7932 -5880 -32768 2975 4698 END
START -1796 -9588 -5476 -32768 4273 5829 END
START 388 -11408 -2556 -32768 10052 5311 END
START -152 -13944 -416 -32768 16078 3851 END
START -648 -16976 3760 -32768 19242 1574 END
START -4964 -21308 12832 -32768 15879 -589 END
START -5388 -23884 25776 -32768 11195 -1209 END
START -5392 -26352 32767 -32768 11551 -364 END