START 13376 12940 -10816 883 9707 2274 END
START 6044 6444 -9828 -3625 9481 -593 END
START 624 5432 -5380 -6913 6278 -2524 END
START -4020 3888 -1152 -8678 4037 -3507 END
START -5304 3300 -2892 -9687 168 -1919 END
START -2464 3568 -5468 -12429 -2304 -779 END
START -784 2508 -5576 -15971 -2182 -467 END
START 1340 2044 -6420 -20338 810 -594 END
START 828 408 -6700 -24799 3862 -1190 END
START 36 -1528 -6092 -29228 4798 -1917 END
START -904 -3596 -4400 -32768 4594 -2148 END
START -1388 -5364 -2216 -32768 4127 -1810 END
START -556 -7576 -672 -32768 4768 -1190 END
START 2344 -9280 1260 -32768 6945 -2236 END
START 3540 -11044 2188 -32768 9465 -4872 END
START 2680 -13148 2288 -32768 9536 -8369 END
START 1476 -14972 3316 -32768 6781 -11498 END
START -792 -17412 5588 -32768 3204 -13116 END
START -2012 -18852 9940 -32768 -110 -11770 END
START 556 -23164 18164 -32768 1955 -10620 END
START -176 -25708 25492 -32768 8495 -9930 END