START 4240 12484 -6028 6161 3374 4654 END
START 6524 7112 -4856 5821 -2939 3535 END
START 988 6456 -3548 3083 -5096 2264 END
START 2332 6204 -4088 -1852 -6581 1118 END
START 10512 5896 -6448 -7080 -4262 -1480 END
START 7000 4280 -2848 -11517 575 -4938 END
START 4680 2760 -3164 -14101 3194 -6461 END
START 2072 632 -3572 -15989 2692 -6994 END
START 740 -860 -4500 -17469 45 -7157 END
START 364 -1580 -5684 -19730 -2670 -7602 END
START -364 -2628 -5792 -23513 -3699 -7622 END
START 368 -3628 -4420 -28322 -2394 -7344 END
START -324 -4628 -2188 -32675 -1766 -7185 END
START 420 -4864 2096 -32768 -1233 -6864 END
START 720 -5220 7484 -32768 -637 -8406 END
START -1072 -5960 12132 -32768 -176 -10025 END
START -3800 -6932 17156 -32768 473 -10667 END
START -6892 -7872 22360 -32768 793 -11296 END
START -8356 -10316 28696 -32768 2551 -12077 END
START -14556 -13420 32767 -32768 3820 -11351 END
START -18204 -14760 32767 -29016 988 -7497 END
START -17308 -13536 32767 -24149 -1689 -2957 END
START -13316 -12100 32767 -19266 -1349 526 END
START -8040 -10312 32767 -13754 930 1402 END
START -5672 -8632 32767 -8602 3755 -753 END
START -8120 -7160 32767 -5204 4705 -3021 END