START 1232 8548 3380 10065 2152 -3197 END
START 5772 4068 -10496 11382 2879 -2782 END
START -936 7084 912 8976 2115 -2889 END
START -1156 7276 2124 10032 2309 -2770 END
START 516 8452 -48 9165 1964 -2663 END
START -80 9200 252 8757 831 -2566 END
START -1408 9144 1244 8229 555 -2276 END
START 560 8964 -1312 7616 32 -2087 END
START -1740 8716 1336 7025 -709 -1849 END
START 56 8964 -828 6508 -978 -1494 END
START 32 8992 -684 6048 -1725 -1166 END
START -1580 8952 1144 5642 -2179 -850 END
START -84 9208 -300 5232 -2332 -523 END
START -568 9252 604 4869 -2682 -280 END
START -616 9372 1248 4444 -2658 -44 END
START -348 9396 1180 3957 -2641 164 END
START 604 9496 548 3498 -2866 320 END
START 76 9328 1900 3030 -2808 453 END
START 1216 9364 1276 2646 -2712 551 END
START 1004 9280 2276 2243 -2481 614 END
START 1852 9564 1912 1936 -1997 634 END
START 1832 9544 2604 1561 -1568 600 END
START 2124 9296 2628 1274 -947 545 END
START 2516 9220 2660 953 -325 476 END
START 2356 9052 2924 698 184 354 END
START 2432 8988 3104 409 664 275 END
START 2164 8936 3112 180 1065 186 END
START 2068 8920 3304 -54 1325 109 END
START 1988 8960 3596 -314 1662 79 END
START 2148 8776 3324 -552 1900 38 END
START 1984 8648 3524 -786 2134 -5 END
START 2144 8672 3392 -1007 2319 -57 END
START 2104 8372 3508 -1247 2454 -93 END
START 2012 8284 3784 -1429 2566 -172 END
START 1912 8160 3880 -1598 2640 -248 END
START 1652 8040 4152 -1735 2549 -280 END
START 1392 7868 3952 -1839 2491 -332 END
START 1072 7748 3812 -1893 2294 -312 END
START 852 7524 3608 -1940 2073 -259 END
START 516 7484 3196 -2021 1839 -221 END
START 244 7364 2884 -2134 1512 -162 END
START 44 7308 2504 -2271 1073 -99 END
START -180 7224 1996 -2473 606 19 END
START -300 7080 1488 -2752 64 111 END
START -320 7280 1024 -3153 -493 273 END
START -472 7308 784 -3565 -998 420 END
START -532 7312 452 -4108 -1425 598 END
START -588 7188 280 -4657 -1831 765 END
START -584 7112 112 -5159 -2104 934 END
START -512 7220 76 -5729 -2391 1062 END
START -556 7108 180 -6226 -2585 1210 END
START -420 6964 472 -6715 -2670 1408 END
START -320 6848 436 -7190 -2684 1586 END
START -324 6884 760 -7576 -2648 1734 END
START -228 6824 1248 -7941 -2492 1930 END
START 64 6688 1344 -8290 -2284 2079 END
START -24 6652 1664 -8507 -2024 2245 END
START 120 6596 1848 -8734 -1790 2376 END
START 192 6620 2020 -8923 -1478 2522 END
START 192 6432 2116 -9082 -1211 2638 END
START 296 6496 2260 -9243 -896 2781 END
START 284 6388 2000 -9399 -630 2881 END
START 460 6360 1868 -9616 -329 3008 END
START 784 6172 1472 -9806 -55 3050 END
START 928 6220 1196 -10091 121 3073 END
START 1196 6252 716 -10362 351 3079 END
START 1156 6064 604 -10715 505 3055 END
START 1204 6144 220 -11121 666 3030 END
START 1328 6036 80 -11623 774 3029 END
START 1368 6036 -204 -12097 873 3012 END
START 1616 5948 -384 -12661 981 2933 END
START 1816 5840 -328 -13200 1089 2863 END
START 1996 5776 -448 -13775 1189 2793 END
START 2136 5604 -360 -14266 1290 2682 END
START 2112 5528 -116 -14881 1405 2611 END
START 2116 5336 -160 -15363 1491 2464 END
START 2096 5264 44 -15964 1518 2402 END
START 1996 4984 32 -16476 1467 2342 END
START 1872 4884 352 -16926 1369 2331 END
START 1812 4768 772 -17427 1210 2268 END
START 1816 4580 892 -17833 1055 2256 END
START 1636 4420 1140 -18240 800 2244 END
START 1592 4176 1384 -18632 548 2240 END
START 1444 3956 1476 -19035 281 2311 END
START 1344 3888 1720 -19405 -25 2408 END
START 1268 3816 1776 -19785 -323 2500 END
START 1304 3904 1836 -20185 -537 2615 END
START 1484 3860 1952 -20675 -625 2752 END
START 1608 3816 1796 -21163 -679 2814 END
START 1684 3784 2080 -21701 -633 2915 END
START 1920 3520 2152 -22220 -573 3007 END
START 2040 3424 2180 -22819 -445 3054 END
START 2060 3368 2272 -23415 -307 3166 END
START 1964 3188 2516 -24021 -112 3244 END
START 2052 3100 2636 -24616 80 3346 END
START 2060 2976 2724 -25230 307 3439 END
START 2044 2788 2908 -25799 553 3541 END
START 2160 2628 3052 -26412 872 3612 END
START 2272 2460 3216 -27027 1169 3632 END
START 2192 2424 3168 -27693 1526 3630 END
START 2208 2300 3608 -28396 1879 3584 END
START 2152 2164 3732 -29067 2075 3628 END
START 1884 1868 3956 -29729 2267 3620 END
START 2008 1628 4208 -30406 2394 3632 END
START 2056 1316 4464 -31054 2557 3647 END
START 2172 1084 4624 -31629 2816 3639 END
START 2284 784 4764 -32249 3079 3598 END
START 2188 472 5220 -32768 3291 3572 END
START 2060 108 5804 -32768 3409 3475 END
START 1844 -32 6160 -32768 3420 3495 END
START 1656 -148 6612 -32768 3422 3483 END
START 1280 -388 7124 -32768 3305 3572 END
START 1004 -716 7772 -32768 3105 3702 END
START 752 -864 8012 -32768 2858 3854 END
START 892 -972 8344 -32768 2601 4042 END
START 1520 -1192 8528 -32768 2519 4137 END
START 1652 -1404 9104 -32768 2535 4187 END
START 1932 -1524 9536 -32768 2596 4177 END
START 2140 -1612 10184 -32768 2727 4162 END
START 2228 -1764 10956 -32768 2913 4134 END
START 2320 -2024 11876 -32768 3178 4116 END
START 2236 -2268 13024 -32768 3452 4104 END
START 2124 -2672 14084 -32768 3823 4119 END
START 2264 -3076 15180 -32768 4161 4110 END
START 2252 -3632 15936 -32768 4609 4095 END
START 2052 -3952 16932 -32768 5016 4044 END
START 1612 -4204 18092 -32768 5179 4072 END
START 1300 -4556 19164 -32768 5160 4102 END
START 1012 -4848 19720 -32768 4998 4188 END
START 812 -5088 20540 -32768 4625 4254 END
START 692 -5264 21344 -32768 4146 4339 END
START 704 -5440 22200 -32768 3594 4399 END
START 820 -5624 22920 -32768 3089 4479 END
START 1116 -5876 23664 -32768 2764 4558 END
START 1336 -6244 24444 -32768 2605 4590 END
START 1524 -6520 24992 -32768 2675 4654 END
START 1776 -6664 25824 -32768 2834 4728 END
START 1840 -7136 26640 -32768 2974 4832 END
START 1924 -7260 27672 -32768 3070 4974 END
START 2120 -7456 28552 -32768 3117 5120 END
START 2568 -7740 29556 -32768 3174 5285 END
START 3192 -7944 30672 -32768 3251 5367 END
START 3776 -8056 31716 -32768 3498 5389 END
START 4220 -8036 32767 -32768 3796 5309 END
START 4612 -7924 32767 -32768 4169 5181 END
START 5036 -7948 32767 -32768 4435 5017 END
START 5180 -7984 32767 -32116 4656 4768 END
START 5288 -8068 32767 -31271 4752 4525 END
START 5460 -8256 32767 -30294 4714 4218 END
START 5480 -8212 32767 -29201 4498 3932 END
START 5404 -8124 32767 -27976 4136 3667 END
START 5492 -8188 32767 -26563 3580 3381 END
START 5732 -8332 32767 -25017 2842 3081 END
START 5708 -8488 32767 -23351 1924 2737 END
START 6128 -8316 32767 -21581 867 2338 END
START 6428 -8180 32767 -19668 -65 1808 END
START 6724 -7680 32767 -17874 -945 1310 END