START 19060 2296 -11192 2200 1016 1500 END
START 124 1860 -4448 1690 -5672 1114 END
START -13380 3680 368 -1212 -3145 263 END
START 9364 2444 -15224 -5993 -1060 -1222 END
START 1652 1240 -16416 -12951 670 -684 END
START 584 88 -19068 -22709 1800 -326 END
START -3512 -1796 -17948 -32208 3769 -1334 END
START -6436 -4736 -16140 -32768 3812 -1099 END
START -8564 -7788 -14232 -32768 3203 1182 END
START -9508 -11140 -12380 -32768 3728 4350 END
START -12312 -14924 -4904 -32768 2635 8377 END
START -2996 -21564 -1652 -32768 1982 11760 END
START 1864 -24784 10684 -32768 6742 13372 END
START 5232 -28816 29204 -32768 16965 9860 END
START -80 -32768 32767 -32768 10674 4577 END
START -1680 -32624 32767 -32768 -1812 1612 END
START -472 -28976 32767 -26311 -5937 1224 END