START -7304 5428 -5108 487 2044 2441 END
START 7176 600 -11652 -1013 -617 2190 END
START -3704 -1132 -3108 -3364 -1707 2161 END
START -3856 -672 -3892 -6630 -578 2021 END
START -3144 -1004 -4760 -10189 209 1852 END
START -1556 -1160 -5704 -14105 1032 1917 END
START -240 -1168 -6168 -18481 2340 1506 END
START 208 -1880 -5532 -22796 4175 967 END
START 824 -2628 -5140 -26172 5817 719 END
START 688 -3256 -4552 -29956 6404 139 END
START 88 -4748 -3220 -32768 6976 -405 END
START -268 -5964 -2200 -32768 6445 -606 END
START 388 -7808 716 -32768 6950 -1025 END
START 24 -10240 4628 -32768 8898 -1331 END
START -848 -12560 9124 -32768 10117 -1933 END
START -1904 -14464 12064 -32768 10002 -3017 END
START -4704 -15436 13536 -32768 7021 -3029 END
START -5364 -13584 13316 -32768 673 -1057 END
START -240 -11884 10924 -32768 -4489 250 END
START 5956 -13808 10828 -32768 601 -1822 END
START 4548 -21232 20952 -32768 8976 -5921 END
START -3560 -28264 32767 -32768 9069 -8325 END
START -10708 -30552 32767 -32768 -1857 -8217 END