START 5804 7072 -796 3886 4507 -684 END
START 2300 3848 -4516 1741 1090 -979 END
START -7924 2188 904 -1021 246 -402 END
START -252 2340 -6012 -4573 955 824 END
START -4072 2236 -2724 -8477 -1294 1137 END
START -3132 1424 -2216 -11382 -1036 1382 END
START -760 600 -3824 -14069 226 1378 END
START -812 -304 -5168 -17298 1845 1213 END
START -172 -1612 -7672 -21755 3332 1286 END
START -904 -2868 -9844 -27297 2328 1540 END
START -1272 -5256 -9788 -32768 669 1627 END
START -1260 -7472 -8144 -32768 -540 1629 END
START -1776 -10220 -8448 -32768 229 2511 END
START -164 -13064 -6964 -32768 909 2668 END
START -848 -17136 2188 -32768 2376 3136 END
START 404 -20492 18232 -32768 7692 4701 END