START 12888 5496 -17116 8447 1465 -2642 END
START 5372 1984 -21228 1614 3473 -2292 END
START 1880 828 -16484 -2713 3526 -654 END
START -5844 516 -8984 -4907 944 288 END
START -3444 548 -9720 -6058 451 121 END
START 1196 676 -14048 -8253 -1020 -198 END
START -732 456 -13476 -12701 -1133 -485 END
START -1480 116 -14780 -18277 335 -300 END
START -2044 -908 -14324 -23967 2044 -72 END
START -1684 -2388 -13116 -29530 3292 28 END
START -1864 -4660 -12636 -32768 5197 86 END
START -2112 -7440 -11600 -32768 5258 -1 END
START -716 -10820 -9852 -32768 5883 -679 END
START -1808 -15396 -6732 -32768 8027 -1565 END
START -3496 -20472 -2824 -32768 9439 -1132 END
START -3400 -24720 3924 -32768 10786 1035 END
START 4688 -26716 11036 -32768 16347 1831 END
START 2592 -29368 25912 -32768 18303 -1575 END
START -400 -30860 32767 -32768 17341 -6727 END
START -5560 -31408 32767 -32768 18132 -11838 END
START -13052 -31840 32767 -32768 18787 -12335 END