START 11768 12412 -4560 8006 676 -1418 END
START 3360 6352 -8332 3568 -3588 -2076 END
START 2400 4220 -6216 1461 -1479 -1388 END
START 0 4452 -4064 -2741 1635 -38 END
START 3808 3588 -5276 -5594 3809 -242 END
START 2404 3528 -4172 -7601 3509 -392 END
START 1212 2676 -3664 -8891 1556 -1031 END
START 1180 2276 -5076 -10153 -121 -1156 END
START 1724 1840 -6996 -12858 -198 -1536 END
START 1332 808 -8892 -16915 668 -1647 END
START 1148 -432 -8520 -21101 703 -1953 END
START 1144 -1944 -6960 -24509 1034 -1882 END
START 1748 -3308 -5976 -28234 2389 -2122 END
START 828 -4708 -5252 -32154 2675 -2818 END
START 612 -7128 -3284 -32768 865 -3318 END
START 1280 -9872 -296 -32768 81 -4005 END
START 1128 -12228 1828 -32768 1200 -4442 END
START 1232 -14256 4868 -32768 3774 -4312 END
START 1104 -16020 7956 -32768 5200 -4266 END
START 1580 -17596 11272 -32768 6116 -5155 END
START -948 -19204 15760 -32768 4182 -6867 END
START -828 -20812 24036 -32768 345 -6813 END
START -60 -21172 32767 -32768 532 -7394 END
START -3072 -22484 32767 -32768 1748 -8382 END
START -7216 -22920 32767 -32768 -645 -6934 END
START -6616 -21852 32767 -29016 -3228 -5335 END
START -8672 -21080 32767 -21845 -2883 -3704 END