START 16904 11004 -11940 14977 3977 -834 END
START -572 1580 -10036 11000 4544 -932 END
START 4408 1468 -14736 5938 4367 -342 END
START 108 984 -13128 398 1474 261 END
START -1300 540 -10960 -4257 156 912 END
START 1196 192 -10744 -8102 -2217 1209 END
START -32 -156 -9088 -11743 -4129 1476 END
START -1748 -336 -6660 -14939 -4108 1754 END
START -816 -1340 -6748 -18757 -1212 2301 END
START -1716 -2240 -7972 -22963 1710 3551 END
START -1624 -2864 -7768 -27664 1414 4117 END
START -1020 -4316 -6956 -31905 -315 4356 END
START 496 -5780 -5616 -32768 -1803 4240 END
START 1284 -8020 -2588 -32768 -1442 3983 END
START 464 -10756 768 -32768 355 4560 END
START 732 -13276 3388 -32768 3109 5730 END
START 1160 -16288 9492 -32768 6327 6943 END
START 3692 -19144 20828 -32768 7228 5385 END
START 4864 -19924 32620 -32768 4617 1048 END
START 3680 -19616 32767 -32768 409 -4219 END
START -144 -18912 32767 -32768 -2680 -6376 END
START -3020 -18228 32767 -27326 -3690 -4994 END
START -4020 -16660 32767 -21038 -3647 -1767 END