START 17056 -688 -20560 16973 1971 1366 END
START 21792 1968 -24068 9901 -2462 2688 END
START 14916 2788 -21068 588 355 3958 END
START -564 3336 -11040 -8603 7179 4210 END
START 8144 2536 -14432 -16983 10239 3626 END
START 4540 1096 -7900 -21138 9559 1081 END
START 4220 232 -7480 -21910 7439 -329 END
START 944 -428 -7656 -22411 6023 -777 END
START -1616 -1036 -10236 -25353 6179 -395 END
START -3512 -2348 -14020 -31611 5260 759 END
START -5936 -5032 -13916 -32768 3156 2142 END
START -5584 -8248 -13428 -32768 479 4045 END
START -4092 -11968 -12400 -32768 192 5830 END
START -2364 -15892 -8652 -32768 2291 7342 END
START -544 -20060 -756 -32768 4970 8926 END
START 3876 -24668 10056 -32768 10506 8645 END
START 1684 -25480 30200 -32768 11462 7793 END
START 4120 -25412 32767 -32768 11224 2935 END
START 680 -25532 32767 -32768 5123 -1924 END