START 4868 7916 3272 9405 1547 -2745 END
START 9384 1788 -11204 10561 2690 -2797 END
START 4652 8592 2304 8542 2745 -3363 END
START 1944 7320 4396 9469 3112 -3676 END
START 3220 8052 1872 8782 2308 -3811 END
START -672 7740 5348 8596 883 -3853 END
START -536 7776 4220 8195 458 -3731 END
START 2364 7636 -392 7900 -174 -3729 END
START -428 7248 2196 7532 -678 -3563 END
START 708 7384 -52 7204 -955 -3290 END
START -976 7336 1012 6851 -1854 -2986 END
START -812 7512 424 6551 -2339 -2548 END
START -744 7480 120 6137 -2949 -2199 END
START -676 7616 -284 5761 -3618 -1781 END
START -1148 7616 188 5326 -3895 -1385 END
START -140 7696 -1112 4870 -4443 -1103 END
START -848 7732 -268 4368 -4612 -746 END
START 416 7804 -1512 3797 -4831 -433 END
START -84 7736 -588 3243 -4928 -248 END
START 1220 7876 -1932 2683 -4711 -42 END
START 736 7900 -1156 2079 -4647 110 END
START 1192 8032 -1292 1430 -4207 183 END
START 2184 8136 -1900 780 -3724 243 END
START 2316 8032 -1332 137 -3215 219 END
START 2672 8004 -1528 -532 -2576 147 END
START 2800 7964 -1008 -1105 -2045 67 END
START 2816 7832 -756 -1664 -1499 -6 END
START 2704 7828 -788 -2122 -954 -107 END
START 2792 7704 -716 -2583 -510 -206 END
START 2452 7708 -332 -2977 0 -328 END
START 2672 7744 -440 -3346 408 -406 END
START 2176 7728 -208 -3727 714 -518 END
START 2084 7696 -640 -4071 1007 -578 END
START 1944 7616 -652 -4455 1180 -607 END
START 1500 7648 -712 -4874 1339 -615 END
START 1324 7524 -860 -5343 1425 -630 END
START 1068 7472 -756 -5762 1506 -526 END
START 1088 7376 -1096 -6230 1602 -433 END
START 1044 7376 -976 -6676 1644 -321 END
START 1084 7408 -624 -7116 1697 -209 END
START 1224 7348 -828 -7566 1640 -155 END
START 1132 7300 -408 -8036 1563 -60 END
START 1032 7204 -140 -8438 1401 -6 END
START 1136 7196 128 -8815 1245 65 END
START 960 7168 452 -9160 1079 127 END
START 912 6968 820 -9436 904 206 END
START 924 6852 1048 -9649 693 329 END
START 764 6688 1304 -9824 471 451 END
START 696 6680 1580 -9945 182 587 END
START 544 6720 1704 -10086 -121 783 END
START 568 6864 1608 -10245 -499 960 END
START 412 6816 1824 -10471 -924 1132 END
START 408 6940 1588 -10743 -1372 1277 END
START 552 6884 1712 -11079 -1789 1430 END
START 816 6972 1932 -11481 -2178 1556 END
START 764 6896 2092 -11771 -2502 1678 END
START 980 6800 2564 -12156 -2862 1801 END
START 1292 6644 2760 -12424 -3066 1883 END
START 1552 6612 2640 -12742 -3190 2011 END
START 1952 6476 2892 -12952 -3181 2113 END
START 2084 6484 3172 -13277 -3152 2149 END
START 2652 6452 3348 -13589 -3043 2157 END
START 3072 6328 3744 -13845 -2852 2114 END
START 3640 6160 3724 -14134 -2587 2003 END
START 4020 5944 3812 -14508 -2237 1814 END
START 4264 5824 4084 -14508 -1842 1651 END
START 4340 5764 4132 -14846 -1437 1433 END
START 4320 5576 4448 -15374 -1012 1268 END
START 4340 5496 4512 -15771 -612 1093 END
START 4260 5292 4380 -16211 -175 1005 END
START 4184 5208 4388 -16627 268 889 END
START 4256 4968 4532 -17104 700 828 END
START 4204 4924 4740 -17546 1119 694 END
START 4256 4732 5012 -18003 1532 598 END
START 4184 4572 5048 -18415 2026 488 END
START 4152 4504 5060 -18921 2533 371 END
START 3832 4332 5280 -19419 2903 259 END
START 3536 4392 5400 -19915 3294 187 END
START 3092 4292 5932 -20460 3542 161 END
START 2932 4292 5776 -20977 3734 127 END
START 2508 4184 6420 -21500 3815 181 END
START 2224 3996 6804 -21919 3843 166 END
START 1876 3988 7084 -22336 3790 248 END
START 1704 3796 7680 -22700 3638 337 END
START 1392 3704 8060 -23033 3445 389 END
START 1320 3676 8212 -23400 3194 516 END
START 1076 3744 8748 -23702 3038 600 END
START 904 3636 9076 -24073 2834 743 END
START 920 3688 9332 -24453 2722 897 END
START 784 3720 9484 -24900 2714 1079 END
START 852 3616 9852 -25342 2827 1292 END
START 1068 3392 10284 -25779 3112 1510 END
START 1156 3068 10648 -26219 3536 1703 END
START 1292 2888 11224 -26631 4070 1870 END
START 1576 2692 11720 -26953 4638 1978 END
START 1868 2308 12260 -27289 5323 2093 END
START 2288 2108 12688 -27524 6070 2115 END
START 2464 1780 13388 -27694 6820 2083 END
START 2756 1652 13716 -27841 7519 1974 END
START 2740 1272 14156 -27897 8079 1840 END
START 2540 1120 14716 -27951 8493 1649 END
START 2488 932 15212 -27940 8773 1505 END
START 2412 740 15724 -27867 8938 1298 END
START 2136 500 15984 -27796 8963 1111 END
START 2004 308 16460 -27621 8826 938 END
START 1704 124 16692 -27411 8555 734 END
START 1448 -24 17028 -27150 8132 526 END
START 1248 -64 17120 -26819 7629 351 END
START 1188 -148 16968 -26540 7127 87 END
START 1076 -192 16876 -26290 6590 -134 END
START 756 -156 16716 -26049 5980 -399 END
START 492 -268 16668 -25866 5348 -660 END
START 204 -320 16672 -25701 4612 -816 END
START -288 -520 16936 -25550 3795 -1010 END
START -628 -664 16772 -25450 2878 -1100 END
START -652 -788 16804 -25266 2043 -1245 END
START -668 -836 16616 -25081 1299 -1327 END
START -688 -940 16596 -24931 571 -1450 END
START -604 -1032 16292 -24786 80 -1545 END
START -780 -1128 16016 -24723 -390 -1576 END
START -928 -1256 15732 -24732 -796 -1572 END
START -1108 -1184 15584 -24795 -1115 -1500 END
START -1428 -1224 15500 -24995 -1480 -1309 END
START -1684 -1172 15496 -25240 -1757 -1037 END
START -1572 -1240 15540 -25532 -1998 -719 END
START -1348 -1288 15620 -25909 -2131 -469 END
START -1100 -1240 15632 -26291 -2118 -204 END
START -740 -1360 15988 -26671 -1986 23 END
START -608 -1360 16556 -27073 -1841 227 END
START -556 -1448 17296 -27448 -1642 384 END
START -368 -1568 17644 -27809 -1307 589 END
START -216 -1692 18400 -28057 -908 790 END
START 0 -1708 18996 -28238 -410 963 END
START -124 -1968 19652 -28329 97 1161 END
START -96 -2208 20144 -28345 545 1367 END
START -292 -2416 21136 -28288 873 1640 END
START -616 -2748 22064 -28091 1027 1870 END
START -884 -2980 22724 -27815 1016 2181 END
START -1180 -2972 23664 -27447 865 2479 END
START -1172 -3148 24292 -27011 536 2785 END
START -1220 -3264 24920 -26474 119 3147 END
START -1048 -3436 25584 -25954 -363 3487 END
START -700 -3436 26328 -25424 -826 3811 END
START -220 -3516 26612 -24891 -1193 4081 END
START 184 -3464 27444 -24401 -1499 4350 END
START 640 -3316 27936 -23960 -1711 4589 END