START 21492 -3260 -24312 3405 2602 -1358 END
START 6956 780 -15264 170 -3028 -1123 END
START -3468 -1252 -6360 -3452 -9398 452 END
START -6348 -556 -4020 -5713 -7662 2419 END
START -196 268 -9260 -10275 -4999 2335 END
START 2672 864 -14224 -16541 -2944 2089 END
START 4944 -1536 -12616 -22981 -1754 936 END
START 108 -1032 -12212 -28226 -306 818 END
START 2652 -3872 -13000 -32768 105 196 END
START 2140 -6644 -13356 -32768 2442 -32 END
START 524 -8556 -12924 -32768 6281 664 END
START -3020 -11300 -11548 -32768 7467 1992 END
START -4948 -14208 -5396 -32768 4296 4310 END
START -4724 -17568 5780 -32768 2082 6836 END
START -2888 -20964 16568 -32768 5697 11297 END
START -912 -25336 32124 -32768 13512 14174 END