START 20036 -2432 -22868 11545 4182 -1440 END
START 16428 1416 -23516 7683 267 -1444 END
START 10408 1388 -22252 333 -4554 -499 END
START -5264 1252 -10684 -6842 -6075 155 END
START -1232 60 -10320 -13013 -3170 -162 END
START 1820 -1112 -10744 -17321 384 -1041 END
START 1488 -2076 -12028 -21134 1250 -1123 END
START 1124 -3416 -10476 -24845 1222 -1651 END
START 1144 -4816 -11428 -29779 490 -1074 END
START -76 -6376 -12756 -32768 913 32 END
START 4320 -8828 -15048 -32768 758 -233 END
START 624 -11108 -10300 -32768 2023 -417 END
START -784 -13932 -7400 -32768 4104 404 END
START 2588 -17992 -5964 -32768 5627 -15 END
START -2576 -20120 1308 -32768 5453 1356 END
START -3184 -22992 11504 -32768 6879 3204 END
START -2064 -25108 22456 -32768 6497 4309 END
START 2284 -26948 32767 -32768 8633 2761 END
START -1584 -28896 32767 -32768 9171 -366 END