START 2316 4864 2072 20625 -213 -2624 END
START 1596 -624 -5256 21867 424 -2613 END
START 5580 7408 -1612 19233 -780 -3166 END
START 124 3128 1124 19986 -927 -3575 END
START 1148 4160 -476 19132 -1017 -3815 END
START 1064 4528 -1484 18666 -2250 -4165 END
START -1028 4360 -36 18022 -2277 -4305 END
START 1336 4524 -3260 17468 -2631 -4440 END
START -1280 3840 -948 16890 -2579 -4413 END
START 772 3624 -4356 16339 -2287 -4260 END
START -1696 3008 -3088 15764 -2136 -4039 END
START -664 2960 -5908 15098 -1397 -3669 END
START -2456 2944 -5656 14347 -1211 -3238 END
START -2996 3532 -7188 13469 -842 -2677 END
START -3872 4120 -8244 12425 -1082 -2120 END
START -4684 4340 -8592 11189 -1383 -1573 END
START -4560 4792 -10112 9704 -1911 -986 END
START -5224 5228 -10544 8141 -2515 -407 END
START -6024 5472 -10576 6482 -3279 246 END
START -5748 5832 -11460 4853 -3792 917 END
START -5104 6032 -11860 3091 -4052 1621 END
START -4944 6168 -11760 1279 -4366 2279 END
START -4332 6444 -11248 -450 -4593 2850 END
START -3732 6476 -10468 -2172 -4792 3395 END
START -2324 6508 -10128 -3818 -4590 3829 END
START -1324 6548 -9404 -5311 -4168 4120 END
START -732 6688 -8796 -6685 -3450 4282 END
START -40 6912 -7628 -7947 -2608 4399 END
START 368 7244 -6644 -9049 -1720 4389 END
START 640 7360 -5552 -9993 -752 4405 END
START 888 7248 -4068 -10772 175 4383 END
START 984 7152 -2848 -11260 1075 4348 END
START 880 7096 -1720 -11635 1949 4356 END
START 636 7356 -232 -11781 2580 4352 END
START 364 7468 912 -11816 3026 4397 END
START -244 7360 2792 -11762 3213 4471 END
START 676 7572 1716 -11367 3560 4523 END
START 1008 7680 2596 -11154 3888 4535 END
START 1376 7796 3064 -10838 3864 4418 END
START 904 7992 4416 -10585 3600 4252 END
START 1268 8152 4656 -10314 3055 4060 END
START 1008 8228 5156 -10010 2424 3838 END
START 1040 8424 5572 -9642 1663 3712 END
START 876 8432 5904 -9329 910 3566 END
START 1052 8572 5824 -8956 228 3490 END
START 1436 8500 5252 -8647 -516 3443 END
START 1964 8900 5508 -8318 -971 3365 END
START 2248 8928 5408 -8099 -1475 3219 END
START 2296 8984 5592 -7948 -1982 3028 END
START 2564 9188 5204 -7878 -2558 2845 END
START 2916 9036 4716 -7908 -3040 2662 END
START 3224 9120 3964 -7981 -3466 2493 END
START 3376 9152 3628 -8209 -3758 2336 END
START 4124 9208 1956 -8557 -3959 2211 END
START 4092 9324 1448 -9069 -4119 2069 END
START 4136 9092 544 -9747 -4360 1930 END
START 4060 9112 -348 -10530 -4662 1862 END
START 4560 9100 -1388 -11513 -4877 1756 END
START 5380 9000 -2296 -12776 -4883 1569 END
START 6092 8860 -2888 -14320 -4588 1241 END
START 6828 8716 -3172 -15706 -3915 902 END
START 7176 8280 -3104 -17339 -2992 467 END
START 7536 7776 -3184 -18791 -1824 41 END
START 7548 7212 -2548 -20185 -456 -404 END
START 7492 6748 -2248 -21495 971 -903 END
START 7108 6304 -1744 -22737 2444 -1334 END
START 6356 5524 -920 -23799 3728 -1781 END
START 5380 4804 -472 -24633 4672 -2102 END
START 4416 4052 -220 -25490 5392 -2379 END
START 3480 3384 24 -26193 5839 -2594 END
START 2424 2776 -84 -26922 6048 -2755 END
START 1448 1864 204 -27647 5997 -2812 END
START 484 1192 296 -28355 5884 -2827 END
START -668 612 1048 -29005 5485 -2657 END
START -1628 300 1464 -29536 5022 -2447 END
START -2432 148 2476 -29967 4390 -2116 END
START -2832 52 3140 -30316 3782 -1831 END
START -3168 76 3448 -30528 3223 -1520 END
START -3440 136 4144 -30696 2649 -1155 END
START -3856 52 4748 -30765 2133 -739 END
START -3904 68 5096 -30833 1619 -299 END
START -3728 92 5404 -30915 1196 172 END
START -3592 80 5616 -31018 858 648 END
START -3464 116 5872 -31114 525 1104 END
START -3064 172 5948 -31201 194 1564 END
START -2912 160 5944 -31390 -166 1973 END
START -2276 224 6184 -31629 -507 2329 END
START -1704 92 6300 -31889 -779 2598 END
START -1064 -88 6288 -32203 -1014 2802 END
START -552 -156 6024 -32520 -1173 3016 END
START -120 -320 6536 -32768 -1210 3195 END
START 256 -372 6668 -32768 -1189 3332 END
START 808 -464 6868 -32768 -1019 3426 END
START 1200 -808 7248 -32768 -879 3495 END
START 1300 -1124 7696 -32768 -715 3536 END
START 1572 -1232 8096 -32768 -553 3536 END
START 1476 -1320 8312 -32768 -480 3545 END
START 1208 -1504 8768 -32768 -507 3537 END
START 1372 -1536 9064 -32768 -494 3489 END
START 1352 -1656 9528 -32768 -559 3512 END
START 1180 -1664 9740 -32768 -706 3518 END
START 640 -1768 10196 -32768 -976 3585 END
START 256 -1748 10764 -32768 -1365 3835 END
START -36 -1584 11080 -32768 -1772 4149 END
START 120 -1492 11772 -32768 -2089 4490 END
START 484 -1496 12332 -32768 -2207 4861 END
START 824 -1680 13472 -32768 -2123 5175 END
START 1640 -1856 14632 -32768 -1699 5485 END
START 2380 -2240 15908 -32768 -1047 5693 END
START 3268 -2628 16984 -32768 -57 5825 END
START 4096 -3092 18036 -32768 1029 5813 END
START 4684 -3456 19356 -32768 2232 5722 END
START 5020 -3912 20436 -32768 3373 5645 END
START 5048 -4276 21480 -32768 4268 5458 END
START 5024 -4516 22860 -32768 4852 5309 END
START 4712 -4864 23964 -32768 4948 5083 END
START 4560 -5096 25436 -32768 4625 4897 END
START 4668 -5320 26084 -32768 4084 4710 END
START 4956 -5368 27116 -32768 3412 4510 END
START 5188 -5560 27916 -32768 2707 4205 END
START 5840 -5480 28540 -32768 2027 3935 END
START 6468 -5508 29284 -32768 1491 3529 END
START 7256 -5452 29944 -32632 1113 3017 END
START 7924 -5480 30736 -31819 956 2395 END
START 8388 -5312 31724 -30969 859 1757 END
START 8380 -5608 32556 -30103 832 1066 END
START 8216 -5556 32767 -29070 767 433 END
START 7832 -5640 32767 -28076 626 -123 END
START 7328 -5616 32767 -26906 414 -639 END
START 6888 -5628 32767 -25664 87 -1080 END
START 6328 -5684 32767 -24409 -232 -1396 END
START 6108 -5684 32767 -23007 -664 -1688 END
START 5716 -5644 32767 -21615 -1056 -1973 END
START 5352 -5608 32767 -20183 -1507 -2215 END
START 4980 -5668 32767 -18680 -2025 -2437 END
START 4840 -5508 32767 -17238 -2499 -2612 END
START 4588 -5492 32767 -15841 -2903 -2775 END
START 4344 -5156 32767 -14580 -3244 -2923 END
START 4296 -5264 32767 -13202 -3543 -3044 END
START 4148 -5320 32767 -11986 -3721 -3114 END
START 4080 -5404 32767 -10725 -3812 -3175 END
START 3788 -5436 32767 -9512 -3871 -3200 END
START 3632 -5560 32767 -8358 -3898 -3174 END
START 3284 -5556 32767 -7202 -4075 -3114 END
START 3076 -5708 32767 -6034 -4291 -3001 END
START 2820 -5628 32767 -4885 -4532 -2898 END
START 2776 -5672 32767 -3793 -4727 -2760 END
START 2700 -5620 32767 -2731 -4841 -2608 END