START 22232 1480 -24416 8311 10607 4355 END
START 15068 6640 -16804 2233 5273 1622 END
START -1276 2952 -1812 -1533 3898 -851 END
START -3496 2208 -1176 -1955 4812 -343 END
START -2332 2452 -4584 -3240 5480 611 END
START 1312 1628 -8544 -5192 4911 1281 END
START -608 2180 -12472 -8485 3873 3162 END
START -1936 1156 -12272 -14384 1860 5366 END
START 68 0 -10544 -20908 213 5415 END
START 1008 -1320 -7748 -24296 -136 5585 END
START 1700 -2720 -4748 -26259 -157 5935 END
START 2148 -3088 -5276 -28955 498 5975 END
START 2396 -3952 -4584 -32768 2346 6097 END
START -2848 -3800 -1716 -32768 3102 5416 END
START -1832 -8068 1268 -32768 482 5675 END
START 944 -9824 1972 -32768 -1208 6641 END
START 5056 -10780 4324 -32768 4058 6677 END
START 4724 -12708 9040 -32768 10220 5132 END
START 8280 -18052 15564 -32768 14007 1995 END
START 1884 -17632 30628 -32768 10526 -156 END
START -1768 -19104 32767 -32768 7831 -2796 END
START -2344 -20560 32767 -32768 8346 -4502 END
START -9636 -20996 32767 -27165 4482 -3372 END