START 16468 -300 -21564 21570 -8009 -7161 END
START 220 3656 -20140 14810 -12146 -2515 END
START 1364 3844 -21076 4630 -12299 1530 END
START 2200 2756 -15992 -6313 -7746 3184 END
START 2904 1132 -9224 -13733 349 2009 END
START 2152 -364 -5396 -18194 8475 -171 END
START 1172 -1496 -5976 -20891 11281 -2098 END
START -2492 -3316 -5712 -22760 8015 -3256 END
START -2736 -6112 -7600 -25310 2520 -1520 END
START -4936 -6328 -5548 -28091 -3067 1528 END
START -1772 -6880 -6220 -31557 -1970 4589 END
START 16 -7196 -8644 -32768 2233 6623 END
START 2060 -8960 -8624 -32768 8381 6545 END
START -504 -12836 -4848 -32768 9702 5605 END
START -2604 -15360 1916 -32768 5237 5119 END
START -4308 -18736 9060 -32768 2682 5812 END
START -3460 -21892 14872 -32768 128 8916 END
START 2296 -26120 28404 -32768 5032 10446 END
START 2660 -27172 32767 -32768 9647 9558 END
START 1996 -27584 32767 -32768 7058 6904 END
START 2476 -26132 32767 -32768 5540 4132 END
START -556 -23792 32767 -26858 5232 2933 END