START 10108 5396 -48 21075 -5858 -13096 END
START 148 -808 -6784 20629 -11124 -10124 END
START -1036 1064 -10508 17447 -8567 -5808 END
START -440 2848 -14440 8914 -2649 -2887 END
START 632 3496 -15552 -600 3241 -1695 END
START -1488 3232 -14008 -7303 5235 -1313 END
START 664 2928 -13380 -12374 4057 -2292 END
START 380 1928 -12076 -15894 2135 -3800 END
START -1548 524 -11088 -18529 -1083 -4568 END
START -1588 -992 -11640 -21463 -4259 -4427 END
START -708 -2636 -13028 -25784 -6764 -3215 END
START 1512 -4588 -13900 -32427 -6165 -2692 END
START 1312 -7584 -13468 -32768 -4308 -1694 END
START 2148 -11476 -10800 -32768 -2270 -1046 END
START 3080 -16300 -4980 -32768 2068 -629 END
START 1716 -21200 4568 -32768 6202 -108 END
START -1112 -25548 15072 -32768 6292 1245 END