START 9172 9412 -1352 8289 2209 -3093 END
START 3652 3664 -5544 7493 -181 -4017 END
START -1388 2088 -6140 3837 -3044 -3851 END
START -1680 1996 -6108 -1916 -1590 -3406 END
START -1560 1496 -4544 -6188 829 -4156 END
START -3032 832 -5756 -9155 1325 -4904 END
START -2136 -348 -8376 -12546 -935 -4958 END
START -1800 -864 -8820 -16468 -1635 -4616 END
START -3724 -1912 -7892 -20546 -1808 -3127 END
START -2304 -3092 -7472 -24590 -2991 -1682 END
START 132 -4440 -6352 -27863 -4085 -752 END
START 3348 -5552 -5728 -32054 -3418 -1295 END
START 4392 -8212 -4804 -32768 -1200 -2498 END
START 2972 -11312 -2860 -32768 -444 -3664 END
START 1212 -15036 -88 -32768 -1140 -3831 END
START -720 -18188 4928 -32768 -2539 -2587 END
START -1540 -21524 11880 -32768 -4247 -380 END
START 708 -23516 19608 -32768 -3879 809 END
START 3204 -24700 28836 -32768 -523 120 END
START 2868 -25140 32767 -32768 3896 -2937 END
START -3476 -25976 32767 -32768 3456 -5252 END