START 10120 9684 -3216 6355 2429 2295 END
START -1500 4036 2892 4341 -3380 1179 END
START -2076 3220 4336 2482 -4449 711 END
START 1040 3844 2956 -198 -2528 117 END
START 1320 3536 2192 -2560 -1850 -950 END
START -2080 3080 3988 -4130 -2698 -963 END
START -1340 2972 3084 -5986 -3701 -1062 END
START -392 2468 2280 -8440 -4115 -1782 END
START 548 1204 1204 -10984 -4199 -2262 END
START 1356 580 -20 -13674 -4595 -3595 END
START -160 -904 -400 -16218 -3674 -4850 END
START -1772 -1628 -1860 -19833 -2078 -5095 END
START -5656 -3092 -2788 -24690 -1559 -4266 END
START -6376 -4452 -608 -29826 -5144 -1992 END
START -6320 -5796 5260 -32768 -6655 810 END
START -3148 -6228 12544 -32768 -4646 2965 END
START -188 -5640 21424 -32768 -759 2741 END
START 2568 -5272 30280 -32768 4751 351 END
START -284 -4808 32767 -29412 8423 -3438 END
START -5112 -4992 32767 -22505 6229 -5076 END