START 27868 -460 -23092 14414 1105 4489 END
START 13176 1592 -14652 6632 955 1769 END
START -8360 1652 -4064 1294 2767 2477 END
START -1120 2084 -8916 -4769 5901 3142 END
START 6764 1964 -12388 -9906 3301 1946 END
START 4856 1528 -9048 -13441 808 759 END
START 1928 948 -6552 -17204 567 -86 END
START 4672 72 -8456 -21530 3767 -695 END
START 2212 -704 -9196 -26665 5934 -727 END
START 1584 -2224 -7328 -32458 6593 -998 END
START 1552 -3884 -7964 -32768 8499 -1422 END
START 1932 -5900 -7556 -32768 9002 -2459 END
START 380 -8752 -5092 -32768 9752 -3390 END
START -348 -11172 232 -32768 9919 -3504 END
START -248 -13892 3064 -32768 11443 -3153 END
START -3356 -16320 7528 -32768 14672 -3652 END
START -6772 -20384 15128 -32768 12924 -2507 END
START -8412 -21892 29792 -32768 7109 -1183 END
START -5136 -21296 32767 -32768 6156 -1312 END
START -5812 -22188 32767 -32768 6943 -2277 END
START -11836 -22008 32767 -32768 3551 -552 END