START 708 5812 7036 25878 -1610 -9621 END
START 3904 420 -6232 26697 -955 -9330 END
START 404 6340 5344 24940 -1098 -9161 END
START -1532 4484 6240 25399 -579 -8908 END
START -176 4948 3340 24823 -272 -8493 END
START -3164 4816 6096 24501 -678 -8030 END
START -3356 4864 5864 24122 -195 -7375 END
START -692 5252 1972 23685 -55 -6802 END
START -2636 5060 3736 23326 515 -6221 END
START -1068 5336 1752 22785 970 -5688 END
START -2128 5200 2704 22328 1077 -5203 END
START -1360 5356 2096 21820 1522 -4731 END
START -1388 5456 1476 21317 1638 -4325 END
START -1768 5636 1344 20776 2125 -3990 END
START -1516 5908 268 20161 2181 -3665 END
START -2436 5780 748 19576 2228 -3363 END
START -1832 5952 -900 18980 1999 -3004 END
START -2984 5868 -480 18270 1613 -2699 END
START -2116 6188 -2476 17499 1362 -2365 END
START -3124 6244 -2000 16650 759 -2040 END
START -2316 6480 -3728 15776 467 -1700 END
START -2340 6600 -4204 14695 255 -1357 END
START -2016 6716 -5648 13500 66 -1082 END
START -2296 6868 -6048 12286 -224 -866 END
START -2464 7316 -6428 10813 -468 -636 END
START -2320 7620 -6696 9287 -732 -416 END
START -1920 7640 -7124 7713 -772 -154 END
START -1504 7680 -7092 6038 -586 56 END
START -680 7620 -7316 4605 -234 180 END
START -504 7700 -6612 3154 162 276 END
START -144 7624 -6292 1857 681 356 END
START 120 7544 -5876 677 1081 383 END
START 72 7388 -4776 -372 1556 382 END
START 432 7372 -4572 -1297 1994 355 END
START 540 7212 -3744 -2131 2478 307 END
START 748 7152 -3312 -2868 2974 189 END
START 792 7164 -3148 -3496 3365 146 END
START 424 7228 -2712 -4143 3659 8 END
START 192 7316 -2468 -4739 3915 -55 END
START -72 7420 -1916 -5285 4033 -83 END
START -548 7316 -1400 -5784 4045 -64 END
START -788 7248 -1096 -6265 4029 0 END
START -1024 7404 -824 -6671 3860 129 END
START -1216 7412 -448 -6987 3803 206 END
START -1096 7196 -64 -7252 3667 355 END
START -1044 7132 396 -7419 3582 439 END
START -968 7044 936 -7523 3487 551 END
START -988 7040 1184 -7602 3350 663 END
START -1032 7144 1460 -7633 3121 764 END
START -924 7192 1956 -7632 2893 851 END
START -948 7300 2200 -7707 2596 938 END
START -904 7444 2324 -7734 2259 1049 END
START -828 7416 2748 -7760 1916 1152 END
START -572 7360 2968 -7759 1509 1264 END
START -408 7380 3188 -7737 1162 1344 END
START -212 7344 3524 -7717 754 1403 END
START -32 7344 3540 -7628 326 1456 END
START -92 7240 3740 -7525 -178 1489 END
START 44 7148 3664 -7405 -682 1555 END
START 160 7144 3552 -7295 -1174 1593 END
START 280 7156 3024 -7242 -1594 1644 END
START 404 7380 2468 -7291 -1912 1678 END
START 776 7484 2024 -7493 -2106 1721 END
START 792 7660 1840 -7789 -2242 1746 END
START 1040 7724 1548 -8231 -2248 1804 END
START 976 7812 1208 -8704 -2199 1825 END
START 1224 7840 1152 -9235 -2020 1860 END
START 1504 7740 1088 -9762 -1754 1902 END
START 1588 7764 1184 -10370 -1395 1929 END
START 1668 7800 1388 -10873 -1017 1912 END
START 1688 7764 1444 -11483 -619 1892 END
START 1776 7788 1988 -11954 -249 1934 END
START 1772 7656 2356 -12436 61 1931 END
START 1668 7596 2804 -12829 368 1898 END
START 1596 7476 3132 -13146 515 1918 END
START 1632 7508 3448 -13500 605 1881 END
START 1384 7440 4212 -13719 650 1901 END
START 1352 7276 4468 -13987 673 1909 END
START 1292 7128 4620 -14134 706 1973 END
START 1244 7048 4760 -14390 763 1993 END
START 1172 6908 5000 -14249 880 2003 END
START 1220 6832 5040 -14627 998 2013 END
START 892 6680 5360 -14710 1076 2050 END
START 828 6484 5256 -14709 1029 2078 END
START 784 6268 5212 -14647 957 2093 END
START 668 6060 5344 -14682 856 2115 END
START 640 5860 5008 -14692 694 2127 END
START 648 5484 5040 -14989 398 2078 END
START 472 5372 5096 -14948 145 2076 END
START 312 5012 5100 -15199 -229 2070 END
START 68 4756 5028 -15299 -631 2125 END
START -56 4556 4968 -15511 -1045 2196 END
START -148 4348 4836 -15584 -1377 2358 END
START -216 3984 4392 -15735 -1726 2542 END
START -52 3880 3972 -15954 -1991 2732 END
START 192 3840 3384 -16232 -2215 2905 END
START 388 3700 3180 -16683 -2315 3072 END
START 740 3532 2932 -17262 -2329 3205 END
START 1044 3392 2336 -17911 -2262 3348 END
START 1256 3320 2324 -18699 -2126 3517 END
START 1632 3268 2292 -19461 -1897 3612 END
START 1768 3180 2156 -20202 -1625 3704 END
START 1960 3184 2656 -20976 -1319 3764 END
START 2012 3092 2864 -21625 -1048 3840 END
START 2060 2924 3328 -22239 -903 3833 END
START 2068 2748 3656 -22748 -822 3847 END
START 2064 2600 3940 -23221 -776 3844 END
START 2232 2452 3988 -23716 -768 3842 END
START 2168 2236 4076 -24198 -748 3777 END
START 2256 2160 4300 -24712 -760 3717 END
START 2256 2032 4432 -25242 -737 3621 END
START 2268 1928 4604 -25748 -701 3541 END
START 2004 1876 4972 -26265 -649 3446 END
START 2172 1828 5136 -26764 -641 3332 END
START 2152 1564 5428 -27318 -538 3282 END
START 2200 1280 5364 -27802 -465 3196 END
START 2212 1148 5600 -28327 -384 3166 END
START 2076 960 5912 -28800 -228 3170 END
START 2052 796 6156 -29341 -68 3265 END
START 2036 564 6592 -29866 109 3335 END
START 2168 392 7012 -30316 339 3486 END
START 2328 256 7460 -30838 525 3613 END
START 2488 148 8132 -31263 745 3690 END
START 2644 24 8472 -31687 923 3762 END
START 2688 -176 9044 -32021 1073 3837 END
START 2704 -532 9812 -32260 1128 3828 END
START 2736 -588 10432 -32407 1142 3849 END
START 2912 -864 10576 -32539 1090 3838 END
START 3200 -1060 11044 -32652 1102 3760 END
START 3428 -1144 11244 -32768 1114 3674 END
START 3700 -1344 11320 -32768 1204 3560 END
START 3968 -1596 11572 -32768 1296 3388 END
START 4132 -1776 11980 -32768 1397 3194 END
START 4240 -1944 12468 -32768 1419 3009 END
START 4236 -2228 12876 -32768 1382 2765 END
START 4324 -2296 13468 -32768 1294 2584 END
START 4536 -2416 13980 -32768 1232 2386 END
START 4744 -2716 14516 -32768 1200 2162 END
START 4852 -2984 14844 -32768 1275 2019 END
START 5204 -3160 15660 -32768 1489 1826 END
START 5436 -3396 16416 -32768 1774 1607 END
START 5668 -3672 17016 -32768 2177 1424 END
START 5768 -3980 18092 -32768 2512 1188 END
START 5604 -4204 18796 -32768 2898 954 END
START 5508 -4416 19920 -32768 3165 693 END
START 5008 -4784 20792 -32768 3383 476 END
START 4760 -4884 21676 -32768 3464 286 END
START 4468 -5260 22880 -32768 3469 93 END
START 3956 -5376 23668 -32768 3313 -66 END
START 3356 -5684 24744 -32768 3161 -141 END
START 2900 -5932 25852 -32768 2798 -205 END
START 2372 -6180 26804 -32768 2359 -222 END
START 2064 -6420 27772 -32768 1845 -161 END
START 1856 -6536 28448 -32768 1276 -51 END
START 1816 -6676 29520 -32768 736 18 END
START 2104 -6712 30344 -32232 304 105 END
START 2428 -6772 30932 -31560 -80 268 END
START 2868 -6752 31884 -30910 -265 357 END
START 3192 -6720 32372 -30249 -379 364 END
START 3528 -6864 32767 -29504 -350 372 END
START 3748 -7004 32767 -28733 -305 295 END
START 4020 -6996 32767 -27802 -145 249 END
START 3624 -6960 32767 -26845 -145 179 END
START 3976 -6980 32767 -25734 -79 165 END
START 4156 -7308 32767 -24567 -5 87 END
START 4032 -7432 32767 -23334 138 -5 END
START 3868 -7240 32767 -22016 159 -76 END
START 3708 -7156 32767 -20699 124 -100 END
START 3708 -7132 32767 -19288 -12 -159 END
START 3736 -7112 32767 -17833 -80 -182 END
START 3832 -7108 32767 -16405 -134 -257 END
START 3972 -6980 32767 -14900 -94 -314 END
START 4036 -6836 32767 -13417 -72 -460 END
START 3976 -6852 32767 -11781 -147 -618 END
START 3960 -6804 32767 -10213 -368 -826 END
START 3824 -6656 32767 -8610 -741 -988 END
START 3780 -6748 32767 -7160 -1206 -1162 END
START 3764 -6672 32767 -5693 -1730 -1344 END
START 3756 -6692 32767 -4411 -2218 -1470 END
START 3716 -6300 32767 -3242 -2655 -1512 END
START 3796 -6148 32767 -2159 -2967 -1568 END
START 3844 -5804 32767 -1160 -3095 -1570 END
START 3928 -5584 32767 -290 -3017 -1600 END
START 3936 -5216 32767 500 -2869 -1579 END
START 4040 -5120 32767 1143 -2706 -1571 END