START 1236 6424 -15312 8310 3192 -1321 END
START 3380 1596 -18136 3790 1724 -42 END
START -8332 556 -10056 -1320 -743 2031 END
START -6640 516 -10240 -5549 -646 4807 END
START -4008 632 -9728 -9393 -194 5969 END
START 556 304 -11204 -11708 639 5964 END
START 788 268 -10564 -14123 1409 6034 END
START 60 -12 -10492 -17029 3005 5660 END
START -212 -860 -10652 -20310 4552 5732 END
START 360 -1736 -11060 -24023 5864 5191 END
START 8 -2824 -11296 -29043 6200 4081 END
START -684 -4496 -10724 -32768 5564 3005 END
START -1564 -7232 -8668 -32768 4302 3063 END
START -272 -10384 -6440 -32768 5294 3703 END
START 740 -15016 -2648 -32768 10009 4568 END
START 192 -19112 3120 -32768 14583 5197 END
START 0 -23848 14856 -32768 16857 4989 END
START 1640 -24716 25100 -32768 19018 1907 END
START -1888 -26320 32340 -32768 16895 -3823 END
START -4496 -27064 32767 -32768 7048 -6475 END
START -7172 -25700 32767 -32768 -4437 -5311 END