START 7088 9624 -3780 4632 112 -1948 END
START 5392 4628 -7900 4041 -1598 -1889 END
START 720 3148 -6444 246 -4356 -1637 END
START -5512 2760 -3000 -3772 -4250 -1305 END
START -1928 2528 -4456 -8312 -4273 -1038 END
START 268 1772 -4664 -12087 -2073 -1720 END
START 580 648 -6548 -15696 702 -2664 END
START -40 -512 -7968 -19171 1353 -3016 END
START -904 -1896 -7960 -23074 1092 -3168 END
START -2016 -3328 -7232 -27108 428 -3048 END
START -2252 -5012 -6376 -30944 -629 -2564 END
START -252 -7172 -4912 -32768 -449 -2357 END
START -416 -9260 -2424 -32768 305 -2214 END
START -648 -11364 -60 -32768 599 -2023 END
START -1624 -12868 2844 -32768 474 -1708 END
START -1672 -15044 7784 -32768 -309 -1290 END
START 1356 -17244 13520 -32768 -254 -2300 END
START 1656 -20020 20948 -32768 -419 -4514 END
START -284 -22332 26932 -32768 340 -6323 END
START -6204 -24652 32767 -32768 -1070 -5733 END
START -9664 -24792 32767 -32768 -4511 -1732 END
START -6528 -22684 32767 -30479 -7300 2729 END
START 328 -19832 32767 -24999 -3221 4354 END