START 14616 8684 -10744 16156 -4175 -5028 END
START -160 2712 -10164 12094 -7362 -5701 END
START -88 2076 -11136 8509 -7135 -4455 END
START -2056 2712 -12552 3609 -9084 -3252 END
START -1744 2324 -11640 -2106 -8779 -3195 END
START -2256 1224 -10436 -7288 -5431 -2413 END
START -2096 188 -10452 -12335 -1654 -1357 END
START -3224 -1156 -9404 -16659 526 -310 END
START -2460 -2680 -9528 -20073 -214 304 END
START -1248 -4268 -11496 -23892 -1887 672 END
START 108 -6156 -12008 -29088 -3734 92 END
START -128 -8464 -11184 -32768 -4963 255 END
START 648 -10428 -10780 -32768 -4646 1001 END
START -188 -13080 -10844 -32768 -3302 2104 END
START -1364 -15968 -8240 -32768 -3647 4532 END
START -156 -18788 -4632 -32768 -1050 7590 END
START 2972 -23096 1556 -32768 5237 8790 END
START 4760 -29192 15756 -32768 9050 7642 END
START 4984 -32768 32767 -32768 6615 3975 END
START 3316 -32768 32767 -32768 -3291 -1193 END
START 1164 -32768 32767 -32768 -12384 -3838 END
START -564 -28068 32767 -24652 -11328 -439 END
START 1980 -21676 32767 -18871 -1593 4239 END