START -6992 5208 -5772 11075 -9790 -4224 END
START -4468 2192 -5228 10110 -12271 -2897 END
START -1504 2568 -7920 6716 -13335 -1688 END
START -3236 3316 -5880 1753 -11672 -227 END
START -488 3356 -6684 -3720 -7449 -194 END
START -920 3336 -7316 -9437 -2931 391 END
START -5276 2540 -4444 -13526 -814 2357 END
START -6384 1896 -2648 -16642 -379 4807 END
START -5924 1056 -936 -18396 -464 7343 END
START -4232 1236 -988 -20504 328 8964 END
START -3388 572 928 -23488 2307 10414 END
START -2740 -148 2820 -26814 6806 12315 END
START -2584 -1240 4720 -31518 12342 14413 END
START -2144 -2536 8072 -32768 18575 16388 END
START -3604 -5336 13076 -32768 24607 18698 END
START -3468 -7748 18752 -32768 28899 20311 END
START -6652 -11780 27456 -32768 30762 20495 END
START -10784 -16024 32767 -32768 32767 21615 END
START -21636 -22832 32767 -32768 32767 26686 END
START -32768 -30548 32767 -32768 32767 32767 END
START -32768 -32768 32767 -31735 27514 32767 END
START -26832 -32768 32767 -27198 20359 32767 END
START -15984 -32768 32767 -26054 19920 32767 END
START 1240 -32768 32767 -25877 19170 32767 END
START 13600 -32768 32767 -25536 18628 32767 END
START 28940 -32768 32767 -20455 14619 32767 END
START 31540 -24004 32767 -13844 11565 32767 END