START 9748 11908 -5844 12090 -9200 -2984 END
START 6460 3044 -14516 10651 -12115 -2258 END
START -3440 764 -10148 7134 -13706 -48 END
START -696 1176 -12984 1602 -15286 1450 END
START 1508 380 -11744 -3699 -15217 1627 END
START 1312 -496 -10268 -7906 -12282 1158 END
START -568 -1640 -9040 -11771 -8584 1516 END
START -3096 -2684 -8180 -14854 -5864 3067 END
START -4596 -3556 -8944 -18013 -4738 5154 END
START -5236 -4240 -10024 -22174 -4965 7806 END
START -4304 -5260 -9916 -26825 -6173 9721 END
START -2436 -7120 -9492 -32314 -5935 11535 END
START 292 -8304 -7468 -32768 -1311 12698 END
START -332 -11828 -3724 -32768 5901 13318 END
START -3084 -17420 2152 -32768 13586 15252 END
START -7192 -24836 13744 -32768 15856 18922 END
START -10288 -32336 31992 -32768 12025 23115 END
START -11644 -32768 32767 -32768 9555 28588 END
START -14960 -32768 32767 -32768 12027 32767 END
START -19404 -32768 32767 -32768 10025 32767 END
START -20168 -32768 32767 -30892 6956 32767 END
START -19068 -32768 32767 -25361 7151 32767 END
START -11484 -32768 32767 -20684 6273 32767 END