START 7432 12688 -10492 -1304 15204 1413 END
START -6144 -1484 -11204 -3484 12766 2659 END
START -5136 -1368 -12896 -6529 6735 3956 END
START -7768 -1568 -9152 -8795 611 5532 END
START -2544 -984 -11492 -11240 -2215 6314 END
START -4028 -1352 -9768 -14138 -2426 6966 END
START -3572 -1564 -9876 -17799 -1996 8114 END
START -3572 -2020 -8920 -21996 -1740 8844 END
START -1836 -2608 -7984 -27246 -1072 8939 END
START -1780 -3972 -5244 -32768 386 8936 END
START -2452 -6032 -660 -32768 175 8981 END
START -1128 -8296 5880 -32768 -41 9163 END
START -344 -10296 12636 -32768 2163 8852 END
START -2400 -12644 22240 -32768 5068 8938 END
START -4792 -14056 29728 -32768 7929 9718 END
START -7424 -16448 32767 -32768 12658 11010 END
START -11880 -19596 32767 -32768 15101 14362 END
START -17280 -23856 32767 -32768 17352 19663 END
START -22228 -28248 32767 -32768 17590 28761 END
START -20100 -30464 32767 -26315 17167 32767 END
START -19576 -32472 32767 -16538 16340 32767 END
START -17020 -32768 32767 -9403 14167 32767 END
START -8388 -32500 32767 -6375 14812 32767 END
START 4128 -30432 32767 -5758 17157 32767 END
START 18088 -24864 32767 -5133 19652 32767 END