START -8676 3964 -8536 20856 -11892 -7605 END
START -7772 140 -12564 18002 -18906 -3253 END
START -14144 -444 -10304 14629 -25713 842 END
START -6144 620 -15200 9975 -30191 5626 END
START 2352 2972 -18496 64 -20552 7450 END
START 3920 3864 -15728 -10813 -4432 6142 END
START -1424 2136 -10168 -17036 5945 5582 END
START -5008 1080 -6736 -18478 4607 5937 END
START -3932 824 -4960 -19080 1135 6443 END
START -2340 936 -3872 -21227 422 6539 END
START -2088 -80 -1144 -24026 1580 7129 END
START -3260 -832 2052 -26874 3695 8495 END
START -1912 -1428 5004 -29771 6569 10183 END
START -296 -1768 7944 -32768 13240 11372 END
START -824 -2980 10980 -32768 21666 11985 END
START -2868 -4692 14296 -32768 23820 11838 END
START -3584 -7004 18496 -32768 24426 11380 END
START -7732 -9216 22612 -32768 27722 12947 END
START -12556 -13284 27124 -32768 32244 16370 END
START -16880 -16960 32767 -32768 30678 20975 END
START -19892 -21384 32767 -32768 27927 26412 END
START -24188 -25000 32767 -32768 20456 32767 END
START -21480 -27616 32767 -30729 14928 32767 END
START -20152 -31348 32767 -27312 15985 32767 END
START -14848 -32768 32767 -23754 17023 32767 END
START -2812 -32768 32767 -16964 16013 32767 END