START 6644 6644 -10212 3395 -17150 -15632 END
START -4356 204 -5996 -884 -13603 -13749 END
START -5908 -60 -9448 -4526 -9644 -11390 END
START -8744 -12 -11604 -8934 -8426 -7104 END
START -9480 -748 -12296 -13913 -8404 -3296 END
START -12208 -2336 -11356 -18456 -8915 1138 END
START -12084 -3668 -11300 -22843 -10869 5875 END
START -8244 -5160 -11248 -27484 -12044 9543 END
START -6748 -6980 -10672 -32185 -11353 12226 END
START -6548 -9368 -8756 -32768 -9719 14301 END
START -7332 -12448 -6648 -32768 -7523 17429 END
START -6628 -15884 -3976 -32768 -3726 21856 END
START -4164 -19148 -812 -32768 4062 26199 END
START -32 -22864 6748 -32768 19388 28099 END
START -1220 -26820 16956 -32768 31846 25846 END
START -8064 -32768 32767 -32768 25815 21620 END
START -13128 -32768 32767 -32768 4993 20239 END
START -9252 -32768 32767 -32768 -3551 21820 END
START -13580 -31640 32767 -32768 10018 26390 END
START -21892 -30360 32767 -31570 19694 32767 END
START -20124 -31376 32767 -27443 22058 32767 END
START -17644 -32768 32767 -21565 18813 32767 END
START -20036 -32768 32767 -10107 2067 32767 END
START -14112 -32768 32767 -1843 -7279 32767 END
START -5092 -32768 32767 1199 -4374 32767 END
START 4224 -32768 32767 3236 -174 32767 END
START 15096 -32768 32767 7286 -2973 32767 END
START 32767 -32768 32767 15178 -11468 32767 END