START 12352 8656 -15656 3577 -5895 -4176 END
START -3592 -1912 -14204 -1241 -8809 -2327 END
START 1308 -832 -15960 -5825 -9122 -934 END
START 3548 -1428 -15788 -11071 -6178 -1272 END
START -712 -2420 -12716 -15164 -4614 -1123 END
START -892 -2556 -13964 -19659 -4397 -973 END
START -648 -3580 -14608 -25658 -4427 -839 END
START -1184 -4564 -13108 -32137 -3404 94 END
START -2376 -5624 -10764 -32768 -2030 1686 END
START -1780 -7132 -6824 -32768 410 3038 END
START -2584 -8608 -2520 -32768 4625 4235 END
START -4616 -11492 4776 -32768 8668 5346 END
START -5732 -15120 17224 -32768 9853 5406 END
START -11484 -19644 32767 -32768 8423 5801 END
START -14492 -19896 32767 -32768 7574 9349 END
START -16172 -19292 32767 -32768 12537 13805 END
START -19396 -19400 32767 -32768 13951 17952 END
START -21468 -19728 32767 -31021 10840 22698 END
START -20536 -18952 32767 -27459 9418 26820 END
START -18652 -19752 32767 -25348 9944 32767 END
START -11828 -19424 32767 -22833 11704 32767 END
START -2968 -19188 32767 -20436 15519 32767 END
START 4520 -17664 32767 -17231 16202 32767 END
START 10284 -16372 32767 -11647 14379 32767 END
START 16524 -13564 32767 -5694 9510 32767 END