START -5332 2268 -18300 19456 -8764 -6947 END
START -3320 -1300 -19408 15119 -15268 -2942 END
START -7060 -2020 -15144 8411 -17801 -134 END
START -7356 -1916 -11984 2002 -15606 3154 END
START -4060 -2276 -11992 -4560 -9123 4798 END
START -4092 -2504 -12056 -11177 -2946 5552 END
START -4668 -3544 -12444 -17049 1037 6512 END
START -6688 -4856 -11628 -21832 640 9122 END
START -5928 -5964 -11164 -25963 -1856 11753 END
START -3472 -7504 -10796 -31166 -3673 13890 END
START -852 -9268 -10600 -32768 -1759 15114 END
START -88 -12644 -6964 -32768 4715 15681 END
START -2324 -16196 -2080 -32768 11293 17007 END
START -4072 -19324 1176 -32768 13929 18799 END
START -5080 -22208 9136 -32768 14556 19674 END
START 1520 -24332 19916 -32768 19304 20563 END
START 6600 -22984 31012 -32768 28630 15627 END
START 3332 -25024 32767 -32768 32767 4997 END
START -11240 -29980 32767 -32768 14049 -3870 END
START -21728 -30828 32767 -30788 -13373 -2838 END
START -22160 -27104 32767 -19346 -11989 6419 END
START -25680 -25772 32767 -18370 1487 19588 END
START -24464 -26896 32767 -20636 10532 30990 END
START -25880 -28408 32767 -18673 9551 32767 END
START -22124 -29280 32767 -13158 2539 32767 END
START -16212 -29504 24544 -10450 -3821 32767 END
START -6964 -30364 20252 -12622 -5353 32767 END
START 5592 -30580 24408 -16753 -235 32767 END