START 3040 5264 -6008 8514 -15331 -5647 END
START 2992 -244 -14152 4983 -16064 -4551 END
START -1120 -1152 -12300 -651 -11363 -3073 END
START -6088 -1732 -11024 -7852 -5673 830 END
START -7248 -2416 -12016 -16039 -498 5690 END
START -9120 -3356 -9236 -23858 316 10098 END
START -5696 -4012 -6460 -30425 1452 13362 END
START -2580 -4956 -3028 -32768 6521 15373 END
START -796 -6108 128 -32768 10996 16019 END
START -620 -7168 2900 -32768 13408 15780 END
START -1208 -8116 5552 -32768 15901 15975 END
START -2268 -11712 12820 -32768 17082 16904 END
START -748 -13668 22772 -32768 16978 16944 END
START -404 -15036 32304 -32768 21633 14605 END
START -6984 -17436 32767 -32768 24367 12799 END
START -16148 -20416 32767 -32768 16395 14605 END
START -20028 -20700 32767 -32629 3904 20777 END
START -15616 -21172 32767 -23013 557 28679 END
START -9640 -22204 32767 -17721 5338 32767 END
START -4924 -22128 32767 -15846 11558 32767 END
START 204 -22904 32767 -14369 15433 32767 END
START 4328 -22624 32767 -11608 13043 32767 END
START 10596 -20828 32767 -7196 5668 32767 END
START 17596 -19060 32767 -3277 -2728 32767 END