START 9632 11384 -11140 3539 -8717 -4232 END
START -6292 416 -9520 1309 -12948 -2756 END
START -1404 680 -12068 -2640 -12346 -1564 END
START 1252 776 -14352 -8939 -8755 -710 END
START 1160 20 -14140 -16192 -3281 239 END
START -2440 -784 -10760 -22019 226 1159 END
START -3220 -1296 -9500 -27001 2132 1874 END
START -2636 -2172 -8920 -32154 4304 1861 END
START -1928 -3508 -7768 -32768 5888 1587 END
START -2520 -5500 -5708 -32768 8171 1365 END
START -1220 -6804 -4224 -32768 12187 955 END
START -1368 -9216 -2512 -32768 20257 24 END
START -3836 -12976 1748 -32768 26561 -1744 END
START -10144 -19000 12980 -32768 20645 -4242 END
START -8492 -21564 23996 -32768 12093 -5973 END
START -6280 -21204 27516 -32768 18863 -10401 END
START -17116 -27708 25728 -32768 28207 -14708 END
START -31900 -32768 27916 -32768 23074 -10782 END
START -32768 -32768 32767 -32768 5224 0 END
START -32768 -32768 32767 -32768 -5219 12832 END
START -32768 -32768 32767 -29001 -7305 26175 END
START -32768 -32768 28744 -23146 -12648 32767 END
START -22744 -32768 21760 -21443 -17446 32767 END
START -12052 -32768 20204 -22231 -19387 32767 END
START 3516 -32768 22632 -22249 -18928 32767 END
START 13540 -32768 26984 -21070 -14065 32767 END