START 6604 6452 -11620 7430 -10192 -2161 END
START -4252 176 -13772 1545 -14645 222 END
START -3236 -56 -12932 -3784 -15111 3763 END
START -2420 1028 -10844 -10208 -10953 6485 END
START 1368 824 -10576 -16348 -3621 6141 END
START 8 128 -8220 -20767 1519 5828 END
START -3836 -944 -5380 -22902 2715 5698 END
START -3644 -1228 -5684 -25066 1615 5657 END
START -2404 -1820 -6368 -28354 -340 5259 END
START -2408 -3704 -5432 -32768 -1744 5472 END
START -1588 -5684 -1672 -32768 -2324 6539 END
START -528 -7944 2592 -32768 579 8011 END
START 312 -10556 7372 -32768 7607 9579 END
START -1392 -13304 12824 -32768 15186 10185 END
START -5700 -17292 21220 -32768 18889 10752 END
START -11096 -21180 28712 -32768 15749 12009 END
START -16512 -24696 32767 -32768 8579 15897 END
START -16852 -26792 32767 -32768 8453 22235 END
START -20184 -29100 32767 -32768 19199 30026 END
START -29244 -32768 32767 -32768 25189 32767 END
START -32768 -32768 32767 -28324 13142 32767 END
START -23184 -32768 32767 -17144 4546 32767 END
START -10776 -32768 32767 -10704 6821 32767 END
START 3092 -32768 32767 -7896 13053 32767 END