START -3156 6508 -10484 5535 -9803 -1837 END
START -600 -1552 -16156 2148 -15331 789 END
START -2580 -2744 -12068 -1408 -14907 2821 END
START -1436 -2468 -9400 -6345 -9924 4474 END
START -1012 -2296 -8724 -10626 -4013 4762 END
START -3868 -2432 -7700 -14733 -1933 5891 END
START -1700 -2588 -8100 -18210 -1549 5693 END
START -2072 -3024 -6324 -20518 -2381 5512 END
START -2180 -3664 -6952 -22602 -3765 5408 END
START -1576 -4032 -7388 -25796 -4217 5281 END
START -3116 -4436 -5480 -30050 -3009 5977 END
START -3632 -5492 -3388 -32768 -1071 7758 END
START -2640 -7556 388 -32768 3158 9583 END
START -3960 -12136 9052 -32768 7066 11192 END
START -6768 -16860 22320 -32768 7385 13214 END
START -6304 -19748 32767 -32768 7826 16377 END
START -8528 -21964 32767 -32768 13799 20012 END
START -13716 -24852 32767 -32768 16812 26099 END
START -16292 -27384 32767 -32768 12733 32767 END
START -14096 -29032 32767 -31629 9690 32767 END
START -11240 -31028 32767 -28537 12085 32767 END
START -11476 -32768 32767 -22536 15043 32767 END
START -12112 -32768 32767 -15790 10968 32767 END
START -2732 -32768 32767 -10611 8420 32767 END
START 7584 -32768 32767 -5037 8366 32767 END