START 8888 7020 -15128 8964 1042 -6694 END
START -1048 224 -18872 4945 -5889 -3467 END
START -4700 -592 -16088 203 -9291 -214 END
START -5788 -632 -14592 -6025 -11459 3289 END
START -3252 -808 -12624 -11772 -10435 5658 END
START 1564 -928 -12168 -16858 -8377 6119 END
START 3416 -1404 -10968 -21156 -6494 5363 END
START 4956 -2152 -9932 -25830 -4129 4168 END
START 4680 -3300 -8716 -29935 -3147 2671 END
START 1964 -5140 -7440 -32768 -3714 2989 END
START 1272 -6456 -5788 -32768 -4684 4260 END
START 1696 -8584 -2736 -32768 -4049 5526 END
START 2348 -11332 696 -32768 -1504 7192 END
START 3028 -13852 6164 -32768 2430 7038 END
START 1148 -16404 13744 -32768 4035 5984 END
START -492 -19692 24572 -32768 4614 3875 END
START -4648 -24408 32767 -32768 3148 2594 END
START -10432 -24680 32767 -32768 2179 4536 END
START -15572 -25872 32767 -32768 6123 9299 END
START -24028 -27764 32767 -32768 12122 18793 END
START -30368 -29812 32767 -30687 14523 31430 END
START -32768 -32768 32767 -25921 9729 32767 END
START -25856 -32768 32767 -20358 8759 32767 END
START -16440 -32768 32767 -16375 11198 32767 END
START -9840 -32768 32767 -15501 14181 32767 END
START 916 -32768 32767 -14454 11105 32767 END
START 14280 -32768 32767 -8861 5799 32767 END