START 1464 4700 -11988 18154 -10945 -7688 END
START 2980 -3324 -10444 16397 -15259 -8176 END
START -7564 -5008 -8272 13614 -18045 -7077 END
START -8704 -4404 -13544 8212 -19975 -3963 END
START -6076 -3992 -17492 -11 -17763 -1098 END
START -7528 -4972 -16116 -7260 -12209 2816 END
START -5424 -5584 -17484 -13901 -7756 6348 END
START -4408 -6200 -18048 -20215 -6450 8870 END
START -2968 -7224 -15920 -26693 -6953 10605 END
START -1152 -8676 -13048 -32768 -6185 11600 END
START -376 -10376 -9376 -32768 -3221 12912 END
START -640 -11692 -4924 -32768 1933 15120 END
START -1480 -13360 1048 -32768 10122 17192 END
START -3256 -16156 9876 -32768 17867 18094 END
START -5052 -20452 22572 -32768 21142 15781 END
START -13152 -25516 32767 -32768 11436 13153 END
START -14500 -29104 32767 -32768 2057 13700 END
START -20196 -32372 32767 -32768 772 19606 END
START -24996 -32768 32767 -26612 1108 30440 END
START -22488 -32768 32767 -20101 5460 32767 END
START -18824 -32768 32767 -15016 13571 32767 END
START -17836 -32768 32767 -7476 15965 32767 END
START -12024 -32768 32767 546 10700 32767 END
START -264 -32768 32476 4055 3359 32767 END
START 17692 -32768 25388 5351 -3926 32767 END
START 31308 -31308 21720 4915 -7155 32767 END
START 32767 -28088 17432 4841 -8802 32767 END
START 32767 -20616 14976 4575 -5255 32767 END
START 32767 -14296 14072 3874 2462 32767 END
START 32767 -11228 15040 3667 8999 23073 END