START -1752 3072 -19372 -5723 3667 297 END
START -9044 -3412 -18708 -9954 461 2447 END
START -16728 -5968 -14364 -14397 -6351 5840 END
START -13964 -8152 -15820 -18794 -12483 11223 END
START -12532 -9484 -11936 -24132 -15052 16502 END
START -5004 -10424 -11148 -30230 -10334 20173 END
START -2944 -12448 -8600 -32768 -1954 21790 END
START -3444 -15080 -8424 -32768 4543 24151 END
START -2536 -18660 -5300 -32768 6998 26234 END
START -8 -23820 976 -32768 9279 28026 END
START 1948 -28572 11012 -32768 12366 28617 END
START 1960 -32768 30944 -32768 20420 28570 END
START 868 -32768 32767 -32768 20436 26204 END
START -6472 -32768 32767 -32768 15327 24826 END
START -11492 -31012 32767 -32768 8930 26628 END
START -13444 -31256 32767 -31780 5498 32767 END
START -9740 -31196 32767 -20786 3912 32767 END
START -5652 -30456 32767 -9704 3392 32767 END
START -1328 -28756 32767 -609 4261 32767 END
START -104 -28232 32767 6976 2853 32767 END
START 2204 -27756 32767 13730 -610 32767 END
START 5652 -27696 26460 18589 -6709 32767 END
START 14884 -25132 16400 21278 -15157 32767 END
START 27952 -19072 6040 17575 -20510 32767 END
START 32767 -14448 3932 10405 -18954 32767 END
START 32767 -12572 8064 6964 -16674 32767 END
START 32767 -9976 8104 5372 -10738 25218 END