START 8312 10068 -6728 16365 -4326 -4748 END
START 2480 1508 -16936 15350 -13199 -2048 END
START -6168 92 -10120 12340 -20844 863 END
START -1372 1112 -13596 7419 -23182 2945 END
START 3356 1392 -13468 656 -19029 3840 END
START 3144 1424 -12400 -4997 -10904 3570 END
START 416 356 -11540 -10597 -4097 3712 END
START -3896 -1124 -10292 -14436 -1458 5718 END
START -5012 -1936 -9520 -17308 -1786 9008 END
START -4704 -2872 -8664 -20629 -3036 12246 END
START -2992 -3144 -6808 -24079 -3930 14407 END
START -1240 -3688 -3320 -28294 -1813 16002 END
START 892 -4684 448 -32768 2215 17738 END
START 2640 -5784 5332 -32768 7581 19065 END
START 2920 -7680 11332 -32768 13463 20938 END
START 4424 -9880 19400 -32768 19061 22804 END
START 5444 -10488 26172 -32768 26469 22982 END
START 3296 -12088 31232 -32768 31716 21146 END
START -1984 -16312 32767 -32768 32767 20060 END
START -9760 -21140 32767 -32768 32767 22911 END
START -20424 -25968 32767 -32768 32767 31514 END
START -22824 -30540 32767 -32768 32767 32767 END
START -19000 -32768 32767 -32768 28866 32767 END
START -12648 -32768 32767 -29451 28618 32767 END
START -5992 -30540 32767 -21491 22927 32767 END