START 920 2908 -10640 4045 -7913 -1280 END
START -3768 -2632 -17832 1474 -14958 3709 END
START -4884 -3484 -14004 -3461 -13515 7569 END
START -4172 -4044 -12116 -8371 -10229 11012 END
START -6604 -4080 -9328 -13648 -6284 13531 END
START -6084 -4304 -9948 -18934 -3519 15300 END
START -3460 -4864 -10700 -24443 -1447 16087 END
START -1464 -6104 -10816 -30224 1128 15818 END
START -2152 -7260 -9628 -32768 2907 16359 END
START -2056 -8896 -6920 -32768 4292 16248 END
START -1572 -11564 -3908 -32768 6880 15671 END
START -2300 -14848 1580 -32768 11077 16211 END
START -660 -17632 10404 -32768 18149 16689 END
START -2892 -24364 26960 -32768 23310 15652 END
START -4156 -28832 32767 -32768 20811 13915 END
START -7488 -30804 32767 -32768 15178 13263 END
START -13468 -32068 32767 -32768 13289 16724 END
START -20372 -32768 32767 -32768 13881 25828 END
START -22464 -32768 32767 -31787 14983 32767 END
START -21168 -32768 32767 -27244 16649 32767 END
START -18600 -32768 32767 -23595 15669 32767 END
START -14560 -32768 32767 -18234 9240 32767 END
START -5336 -32768 32767 -13393 3182 32767 END
START 5312 -32768 32767 -12420 662 32767 END