START -4344 2828 -20088 23432 -9852 -9559 END
START -4252 -1200 -18720 16903 -13884 -7661 END
START -9872 -2352 -13828 12557 -14010 -4583 END
START -11688 -1548 -13552 7414 -13399 235 END
START -10496 -1168 -15088 2028 -10054 4358 END
START -6228 -760 -16912 -4866 -6142 6761 END
START -4356 -780 -16360 -11573 -177 8131 END
START -5028 -1504 -15196 -17432 4126 8497 END
START -5644 -2632 -14316 -22023 4384 9357 END
START -5608 -4180 -12736 -25639 2543 9985 END
START -4804 -5796 -11592 -28915 -634 11410 END
START -2172 -6956 -10444 -32768 -1639 11940 END
START -316 -9092 -7324 -32768 902 11371 END
START 784 -10740 -4588 -32768 6012 10683 END
START -1168 -13616 72 -32768 11585 10039 END
START -5136 -16320 8836 -32768 13629 11026 END
START -8112 -21044 24752 -32768 9002 13081 END
START -5504 -23468 32767 -32768 1625 15569 END
START 112 -22236 32767 -32768 5516 16145 END
START -6736 -22296 32767 -32768 14822 15579 END
START -18148 -23732 32767 -26820 17119 21508 END
START -22340 -24996 32767 -19571 14943 31556 END
START -20048 -25140 32767 -11793 14033 32767 END
START -18368 -25280 32767 -5434 13666 32767 END
START -11512 -24044 32767 -2402 12888 32767 END
START -2764 -23628 31744 -4750 13014 32767 END
START 5604 -24312 28316 -7998 12306 32767 END
START 14588 -24132 28400 -9932 9108 32767 END