START 32 -4968 -12172 19659 -5802 86 END
START -6280 -1576 -5684 16097 -14841 -848 END
START -6320 -900 -8428 10322 -14141 60 END
START -4428 -1320 -8676 4472 -10752 1718 END
START -112 -204 -9608 -1326 -5907 1701 END
START 2464 -1424 -9676 -6401 -1785 1632 END
START 6864 -244 -9696 -10681 -1004 -248 END
START 4428 -360 -7984 -13577 -3136 -2356 END
START 4916 532 -7328 -15193 -7057 -2361 END
START 7852 1716 -7652 -17829 -7634 -3850 END
START 6444 1556 -7792 -21290 -7621 -4968 END
START 6956 996 -6868 -25453 -7643 -5815 END
START 7200 92 -5292 -30154 -6714 -7286 END
START 5600 -2168 -1128 -32768 -5581 -9362 END
START 3900 -5076 4764 -32768 -1995 -11328 END
START -580 -8728 10112 -32768 3070 -12243 END
START -7040 -12988 18160 -32768 4864 -12685 END
START -15656 -16880 26608 -32768 3151 -11261 END
START -20428 -18688 32216 -32768 188 -6506 END
START -21308 -20040 32767 -32768 3082 -1984 END
START -26052 -22028 32767 -32768 6205 3111 END
START -30456 -23832 32767 -30854 5619 9298 END
START -32768 -25376 32767 -24803 4343 16755 END
START -32768 -26104 32767 -18131 -109 27709 END
START -30444 -24560 32767 -11326 -4356 32767 END
START -22972 -24092 32767 -6927 -5295 32767 END
START -14340 -23088 27196 -5395 -6700 32767 END
START -4988 -23196 23704 -6213 -4630 32767 END
START 6436 -22528 24052 -6992 -318 32767 END
START 15184 -18724 24608 -5850 2647 32767 END
START 16764 -15240 24436 -2687 3109 32767 END
START 18148 -11908 22740 263 3024 32767 END
START 18256 -8968 22084 1877 4521 32767 END