START 6892 7860 -1144 18403 -9116 -9327 END
START 952 1836 -7516 16194 -9199 -7273 END
START -1484 1456 -7332 13771 -8842 -5208 END
START -1976 1232 -8088 10350 -8293 -3850 END
START -3120 836 -9056 5686 -8053 -2656 END
START -3796 636 -8896 707 -7950 -1452 END
START -6136 308 -6980 -3715 -7091 325 END
START -5420 148 -7020 -7350 -5761 2138 END
START -4676 188 -7744 -11069 -4487 4008 END
START -4368 20 -6992 -14962 -2611 5735 END
START -4144 -656 -6996 -18979 -145 7090 END
START -4816 -1544 -7112 -24051 2526 8587 END
START -5616 -2824 -5204 -29603 5239 9647 END
START -7080 -4704 -3248 -32768 8271 10795 END
START -8952 -7824 -372 -32768 10697 13238 END
START -9772 -10336 3280 -32768 13510 16734 END
START -10664 -15272 8556 -32768 21104 21529 END
START -12148 -21656 17100 -32768 32767 27955 END
START -17188 -32768 30656 -32768 32767 32767 END
START -32200 -32768 32767 -32768 32767 32767 END
START -32300 -32768 32767 -32768 28561 32767 END
START -18852 -32768 32767 -26672 10616 32767 END
START -8160 -32768 32767 -21952 9002 32767 END
START 672 -32768 32767 -23860 12855 32767 END
START 9920 -32768 32767 -28407 19310 32767 END
START 14108 -32768 32767 -27420 20972 32767 END
START 15868 -31468 32767 -22483 16465 32767 END