START 1840 7392 -7316 19665 -21814 -3147 END
START 2076 1744 -13676 15859 -21223 -2735 END
START -4700 1228 -10308 11831 -20374 -1067 END
START -6492 2512 -10304 6045 -20942 203 END
START -4424 3148 -12560 -393 -19749 868 END
START -3128 2892 -12636 -6976 -18078 1275 END
START -2808 2376 -11972 -14094 -14456 2574 END
START -3324 1344 -9636 -21930 -7250 4188 END
START -4620 -1004 -7896 -29175 151 6202 END
START -7000 -3656 -6768 -32768 4671 9532 END
START -8420 -7940 -2316 -32768 11697 14634 END
START -9172 -12936 5736 -32768 20935 21318 END
START -8360 -18364 19368 -32768 24798 25960 END
START -4324 -18792 32432 -32768 20618 27202 END
START 2004 -15584 30936 -32768 20079 21095 END
START -3572 -16524 29400 -32768 19831 16305 END
START -13380 -18940 32767 -32768 13854 17823 END
START -11736 -18756 31248 -32768 14712 24463 END
START -10728 -20160 28480 -32768 21760 29832 END
START -12576 -22116 30500 -32768 22631 32767 END
START -14176 -24596 32564 -32768 18362 32767 END
START -9868 -27364 32767 -32768 16124 32767 END
START -6868 -28776 32767 -32768 14940 32767 END
START -5580 -28852 32767 -32768 11606 32767 END