START 5116 12156 -14496 14164 -8532 -1760 END
START -15624 -140 -12572 9351 -11954 3037 END
START -9856 340 -18368 1406 -12168 7484 END
START -5876 752 -18932 -7410 -10742 11049 END
START -8356 -652 -11908 -14338 -9151 12789 END
START -7224 -2832 -7292 -18439 -7143 13577 END
START -4772 -2892 -7832 -21306 -4941 14306 END
START -3096 -4008 -7912 -23706 -3410 14522 END
START -3260 -4204 -7868 -27627 -1185 15031 END
START -2592 -4704 -7920 -32768 1223 14877 END
START -2384 -6256 -6472 -32768 4899 14016 END
START -2820 -8972 -3708 -32768 9830 13320 END
START -5656 -12956 2952 -32768 13107 13394 END
START -8316 -17544 13888 -32768 10715 13985 END
START -9840 -21244 31176 -32768 3344 16142 END
START -4304 -20832 32767 -32768 5651 17668 END
START -6364 -21100 32767 -32768 19893 16920 END
START -20988 -25260 32767 -32768 22861 21193 END
START -26428 -27244 32767 -29360 11001 31093 END
START -21204 -26400 32767 -20783 2922 32767 END
START -14228 -27036 32767 -16420 4765 32767 END
START -3608 -26936 32767 -14514 11236 32767 END
START 3144 -27048 32767 -13480 14824 32767 END
START 16440 -26068 32767 -11585 15377 32767 END
START 26980 -20736 32767 -6770 17351 32767 END