START 7428 8560 -10968 12017 -8622 -8231 END
START -420 216 -18556 8567 -11662 -5217 END
START -4308 -1044 -14580 4949 -11986 -1438 END
START -2812 -308 -15444 -782 -9897 1764 END
START -1536 -492 -15572 -6936 -6990 3314 END
START -2040 -996 -14924 -13098 -4086 4554 END
START -2248 -2088 -11956 -18000 -2998 5788 END
START -3824 -3156 -9924 -21381 -2260 7138 END
START -3404 -4400 -9956 -24385 -3344 8816 END
START -2704 -5968 -10424 -27975 -5056 10297 END
START -1304 -8044 -10736 -32613 -7144 11209 END
START -772 -11440 -8292 -32768 -8510 11969 END
START -364 -14364 -7024 -32768 -9798 14440 END
START 1104 -16068 -5912 -32768 -9179 16723 END
START 3264 -17400 -7524 -32768 -2206 20523 END
START 5056 -22720 -3624 -32768 9280 23622 END
START 6424 -32124 14932 -32768 14858 23930 END
START 9288 -32768 32767 -32768 10165 21451 END
START 6368 -32768 32767 -32768 764 19481 END
START -516 -32768 32767 -32768 4834 17414 END
START -14292 -32768 32767 -19861 7055 24018 END
START -19580 -32768 32767 -13552 9824 32767 END
START -22728 -32768 32767 -11959 13707 32767 END
START -21000 -32768 32767 -8538 10900 32767 END
START -16228 -32768 28208 -5413 2652 32767 END
START -4428 -32768 18616 -7788 -2493 32767 END
START 11916 -32768 13376 -14845 -3242 32767 END