START 11956 9972 -12516 16512 -24659 -3595 END
START -2724 -196 -12136 11648 -32768 -3940 END
START -4904 -868 -4600 8640 -32768 -4670 END
START -2224 -772 -5256 5881 -29131 -4805 END
START -5448 -1152 -6548 2444 -21547 -3193 END
START -7116 -1108 -10344 -2419 -16269 52 END
START -7288 -1104 -12008 -9004 -13694 3707 END
START -6776 -2200 -11148 -14513 -10983 7387 END
START -5336 -2960 -10140 -18663 -8977 11149 END
START -2108 -3616 -9540 -23051 -5900 13308 END
START -2904 -5356 -8048 -29035 -2020 15150 END
START -4332 -7820 -5360 -32768 2238 18415 END
START -4508 -10844 1136 -32768 7934 23334 END
START -3608 -13812 9008 -32768 15074 29125 END
START 716 -17444 19488 -32768 21972 32767 END
START 5188 -18260 29836 -32768 28036 32767 END
START 6392 -18336 32767 -32768 31164 32733 END
START 868 -20256 32767 -32768 23584 29500 END
START -4568 -21944 32767 -32768 8971 27886 END
START -4184 -20872 32767 -29363 164 30027 END
START -1412 -20252 32767 -26614 5950 32767 END
START -2980 -22004 32767 -29296 19683 32767 END
START -10120 -25508 32767 -29667 23617 32767 END
START -12968 -29144 32767 -23072 10840 32767 END
START -8976 -30860 32767 -14586 -2726 32767 END
START -1628 -32140 32767 -7747 -5478 32767 END
START 4656 -32568 32767 -4005 43 32767 END