START 4024 7420 -15176 12956 -2000 -3900 END
START 2496 -188 -18972 10304 -9482 -864 END
START 3588 -1384 -17436 5942 -13293 1111 END
START 108 -1392 -13240 978 -14655 2735 END
START 4808 -624 -13032 -3716 -13338 2464 END
START 4540 -436 -11256 -7517 -9087 191 END
START 3176 -1172 -11808 -11331 -5815 -1974 END
START 1124 -2380 -12900 -15167 -2345 -2357 END
START -1088 -3044 -13736 -20341 -1721 -1195 END
START -1596 -4268 -12156 -25342 -2634 -475 END
START 216 -4772 -11576 -30590 -3644 -942 END
START 2780 -7636 -8240 -32768 -2634 -3015 END
START 4328 -11476 -1688 -32768 -54 -6106 END
START 3476 -13792 3520 -32768 6277 -8523 END
START 1196 -16948 6616 -32768 22346 -9003 END
START -13228 -26524 15148 -32768 31715 -10969 END
START -32188 -32768 32767 -32768 18866 -5397 END
START -32768 -32768 32767 -32768 7377 10993 END
START -32768 -32768 32767 -32768 14262 31433 END
START -30384 -32768 32767 -32768 17571 32767 END
START -20224 -32768 32767 -32768 13814 32767 END
START -9996 -32768 32767 -32768 15309 32767 END
START -5968 -32768 32767 -32768 18244 32767 END