START 18372 6280 -18864 10085 4954 5248 END
START 1660 -2508 -17268 4396 -31 6887 END
START 1248 -1104 -14640 -776 -4402 7756 END
START 260 -796 -13140 -4997 -4644 8498 END
START -744 -112 -11696 -8685 -5925 8834 END
START 2628 280 -12400 -12884 -7004 7984 END
START 5216 380 -12732 -17608 -5997 6025 END
START 5560 56 -12596 -22921 -4732 3817 END
START 4620 -1048 -11208 -27943 -3178 1487 END
START 2052 -2784 -9260 -32317 -3062 388 END
START 280 -4684 -8316 -32768 -3660 66 END
START -404 -7096 -6808 -32768 -3607 69 END
START -3516 -9716 -3120 -32768 -1517 1022 END
START -8100 -12412 2452 -32768 475 4460 END
START -9464 -14788 10764 -32768 3231 9948 END
START -6712 -16324 21796 -32768 6817 15148 END
START 2316 -16320 31420 -32768 13327 15362 END
START 2576 -17584 32767 -32768 15126 11322 END
START -36 -17808 32767 -32768 10319 7277 END
START -1808 -17312 32767 -32768 6077 5542 END
START -632 -17044 32767 -28693 9707 3148 END
START -3948 -18080 32767 -22190 14049 1714 END
START -9660 -18360 32767 -12349 9946 157 END
START -13076 -17592 32767 -750 1934 689 END
START -12880 -16456 32767 9485 -3472 2626 END
START -11652 -15520 32767 17393 -7805 5769 END
START -8840 -15364 32767 23909 -10060 8409 END
START -5756 -15124 32767 28879 -11073 9973 END
START -1436 -15216 32767 32435 -8665 10042 END
START 44 -15772 31708 32767 -6139 9813 END
START 2352 -15516 26092 32767 -5951 8993 END
START 6236 -15192 21964 32767 -7226 6914 END
START 12564 -12524 16892 32767 -6856 1863 END
START 17000 -10544 12180 32767 -3133 -7012 END
START 16712 -9476 7132 32767 337 -16534 END
START 16708 -8812 1972 32767 2884 -24235 END
START 15164 -8324 -3540 32767 6073 -31341 END
START 12776 -7284 -8000 32767 7642 -32768 END
START 8640 -7092 -10984 29247 7582 -32768 END
START 3940 -7084 -13280 22567 6093 -32768 END
START -592 -8112 -12096 15451 3130 -32768 END
START -6260 -9716 -8808 10474 1167 -32768 END
START -12872 -12372 -5988 5788 1146 -32768 END
START -23192 -14352 -3136 1068 891 -32768 END
START -32768 -15496 780 -2174 15 -24147 END
START -32768 -15764 3712 -2995 -3631 -8368 END
START -32768 -14544 4788 -3400 -6524 8328 END
START -27764 -12776 3612 -4724 -6526 19764 END
START -22572 -10384 2276 -7218 -5190 27220 END
START -18756 -8184 812 -9517 -4291 32767 END
START -15836 -6376 -1076 -12895 -3936 32767 END
START -10248 -6124 -1156 -17195 -5951 32767 END
START 4496 -4644 2288 -20304 -7686 32767 END
START 23784 1408 6600 -21920 -4613 32767 END
START 32767 8236 9428 -22224 1402 23728 END
START 32767 10408 10816 -22130 1853 6117 END
START 26960 8096 11600 -20097 -4880 -3619 END
START 28616 7632 11720 -19630 -10181 -9122 END
START 32767 7808 9940 -21318 -4782 -17057 END
START 31572 3988 7256 -25965 4588 -26166 END
START 26668 -1280 5756 -30034 9719 -32768 END
START 18572 -7308 5512 -32768 11450 -32768 END
START 12580 -13100 6744 -32768 9365 -32768 END
START 4844 -20836 8976 -32768 10111 -32768 END
START -9496 -29732 16264 -32768 6227 -32768 END
START -26728 -32768 30368 -32122 -6508 -32768 END
START -32768 -32768 32767 -20642 -15631 -30891 END