START 12988 4564 -18412 6953 -1844 -194 END
START 7004 332 -20552 372 -2160 725 END
START -4400 -1696 -10376 -5758 -3922 1710 END
START -6124 -3180 -8300 -10493 -2958 4423 END
START -1920 -3564 -9800 -13533 -2576 6803 END
START -944 -3912 -9076 -17417 -957 7610 END
START -1548 -4820 -8084 -21342 2222 7997 END
START -4160 -6836 -9348 -25376 4018 9461 END
START -6700 -8988 -9084 -30005 3030 12390 END
START -8044 -10996 -8552 -32768 2884 17155 END
START -7364 -13252 -6388 -32768 5811 21833 END
START -5448 -15324 -284 -32768 6556 25005 END
START -6532 -18020 6796 -32768 -369 27524 END
START -2732 -20144 17392 -32768 -10242 31727 END
START 7364 -20592 32767 -32768 -16690 32767 END
START 27708 -14672 32767 -32768 -7346 32767 END
START 32452 -10800 32767 -24880 4834 29038 END
START 31608 -8544 32767 -16161 1931 25537 END
START 32767 -4424 32767 -8121 -6766 19999 END
START 32767 568 32767 -633 -6862 10658 END
START 32767 -624 32767 6756 -3532 -288 END
START 32767 -1680 32767 11970 -1947 -9288 END
START 32767 -3116 32767 17353 -2348 -18018 END
START 32767 -4960 31468 19769 -632 -26071 END
START 32756 -7824 23656 20485 2091 -32686 END
START 29652 -8876 19900 20701 4283 -32768 END
START 31604 -8832 12780 20238 10971 -32768 END
START 31468 -12016 6876 17731 16874 -32768 END
START 23092 -17076 2452 17988 17739 -32768 END
START 10228 -20016 928 19286 13448 -32768 END
START 5200 -17916 -1792 17974 8698 -32768 END
START 2448 -16488 -1096 16437 6229 -32768 END
START -3496 -16332 -1492 13920 7672 -32768 END
START -14788 -18304 812 10803 9917 -32768 END
START -27812 -20796 6884 11101 7612 -32768 END
START -32768 -19720 8452 12725 5441 -30914 END
START -32768 -17868 6976 10211 6986 -14179 END
START -32768 -16736 7416 7631 7146 3211 END
START -32440 -14948 8132 7550 5025 16398 END
START -24860 -12520 7716 8651 4031 25509 END
START -20356 -10596 4384 8416 6341 32501 END
START -18280 -10352 3064 7240 6958 32767 END
START -13732 -9312 -208 5760 6063 32767 END
START -5296 -7756 -3500 2112 4495 32767 END
START 3224 -5608 -6820 -3531 4452 32767 END
START 13404 -2768 -9636 -12080 5055 32767 END
START 18916 -344 -4164 -21135 6370 32767 END
START 26860 1580 3984 -22986 7371 32035 END
START 32244 4016 6380 -21974 7702 21146 END
START 32767 5408 6928 -21914 8456 10618 END
START 32767 6496 7532 -23660 9719 35 END
START 32767 5796 8748 -25129 12433 -11176 END
START 32767 3276 7996 -26299 17898 -24188 END
START 32767 340 5468 -28017 21349 -32768 END
START 32767 -6004 2732 -31047 22715 -32768 END
START 24608 -13608 52 -32768 21506 -32768 END
START 12644 -19928 -1544 -32768 16381 -32768 END
START 4040 -24896 3756 -32768 10891 -32768 END
START -10900 -29404 14692 -32768 1283 -32768 END
START -23940 -32768 27860 -32768 -5575 -32768 END
START -32768 -32768 32767 -30761 -6567 -32641 END