START 19560 2404 -15012 13134 2183 -4989 END
START -4604 -4472 -10376 9498 3107 -2043 END
START -1192 -4316 -12904 6526 1564 2348 END
START 1032 -2552 -16068 1382 1772 5611 END
START 72 -1680 -14900 -4405 1257 6669 END
START 764 -776 -14704 -9924 -393 6925 END
START 3480 -856 -15440 -15399 -38 6046 END
START 3604 -1244 -13756 -20622 1615 5191 END
START 2496 -2488 -12580 -25227 3543 4885 END
START 1648 -3792 -12156 -30084 3969 5093 END
START 116 -5544 -11136 -32768 3586 5561 END
START 576 -7592 -10152 -32768 2920 6032 END
START 1244 -9728 -6120 -32768 3991 6415 END
START 1664 -12056 -860 -32768 7881 6483 END
START 556 -14376 4920 -32768 11368 6265 END
START -296 -17752 12024 -32768 14913 5195 END
START -3608 -20832 24908 -32768 17128 4222 END
START -6540 -22444 32767 -32768 16900 3907 END
START -7640 -21796 32767 -32768 14935 3219 END
START -9108 -21460 32767 -32768 9789 2607 END
START -7744 -19236 32767 -25955 5583 1812 END
START -8084 -17400 32767 -15591 2630 2275 END
START -6132 -14844 32767 -7511 2353 4341 END
START -5084 -13164 32767 676 2448 7072 END
START -1688 -11356 32767 8382 815 9363 END
START 3692 -10008 32767 15172 -1903 9219 END
START 8576 -8856 32767 21152 -4685 6142 END
START 12368 -8740 32767 25070 -3067 1047 END
START 12456 -9844 32767 28001 461 -4029 END
START 11784 -11764 32767 30292 3932 -7743 END
START 12192 -13112 32296 32767 7070 -9606 END
START 15512 -13436 27672 32767 10057 -14102 END
START 17012 -13080 19268 32767 13538 -22248 END
START 14800 -13840 10352 32767 13056 -32670 END
START 9872 -14564 4192 32767 13338 -32768 END
START 4356 -16016 -1240 32767 17481 -32768 END
START -3596 -16420 -5928 32767 20318 -32768 END
START -9568 -15900 -7308 30215 19390 -32768 END
START -13692 -16016 -7164 27249 16832 -31315 END
START -18900 -16096 -9176 24592 15979 -24781 END
START -27252 -15636 -12632 20072 9378 -14770 END
START -31276 -13208 -14192 13477 285 -2967 END
START -30816 -11644 -13664 5380 -3685 9305 END
START -26572 -10836 -12728 -2485 -4597 20553 END
START -22244 -10032 -11492 -9046 -7698 30146 END
START -16800 -9660 -9536 -14554 -11316 32767 END
START -12624 -9640 -6892 -19299 -11513 32767 END
START -4712 -9148 -4936 -24323 -12249 32767 END
START 7116 -8800 1276 -28557 -13390 32767 END
START 21580 -5384 11940 -28011 -12084 32767 END
START 32767 1248 20744 -22831 -8124 25650 END
START 32767 4072 21696 -17280 -6136 9082 END
START 31908 3296 19736 -14377 -6629 -1547 END
START 30172 2448 16576 -13047 -3903 -9072 END
START 29180 1416 11552 -14768 4852 -17383 END
START 22852 -1980 7184 -17915 13486 -24295 END
START 15520 -5324 3712 -20288 15120 -30805 END
START 9992 -9292 2612 -23120 12121 -32768 END
START 4220 -14048 2360 -26866 13263 -32768 END
START -6588 -17872 8208 -28839 8588 -32768 END
START -9796 -18400 11168 -29043 4008 -32768 END
START -12768 -19260 13416 -30510 3997 -32768 END
START -16048 -21140 17812 -32768 7608 -30793 END
START -23988 -23952 25200 -32768 15392 -27716 END
START -32768 -26332 32767 -28494 12534 -22281 END