START 2176 10144 -21804 14424 1156 9106 END
START 8724 1300 -31308 706 -6205 11699 END
START 9000 512 -25460 -11760 -6275 10492 END
START 5324 -2588 -12460 -17224 -2754 11351 END
START 3480 -3204 -4900 -16110 -779 12462 END
START 7404 -1436 -8708 -15670 -1348 9730 END
START 3300 -644 -9016 -17924 -3657 6215 END
START 4796 -1192 -11012 -21199 -4935 4245 END
START 2112 -2548 -10548 -25504 -4706 3476 END
START 328 -4596 -7940 -30430 -4274 3146 END
START -924 -7200 -5396 -32768 -2555 3557 END
START -2648 -9992 -2960 -32768 -1349 4938 END
START -1908 -12288 2396 -32768 -862 6058 END
START -3404 -14444 12460 -32768 857 6995 END
START -4420 -15464 20808 -32768 1814 9004 END
START -3672 -15168 29116 -32768 4296 11827 END
START -576 -14660 32767 -32768 6923 13128 END
START 2404 -13132 32767 -32768 7014 10615 END
START -952 -12428 32767 -26989 1018 6896 END
START -1092 -11712 32767 -17074 -5657 5027 END
START -2752 -10868 32767 -6763 -6834 6281 END
START 400 -9512 32767 1589 -4418 9779 END
START 5128 -7500 32767 8215 -120 11452 END
START 9436 -6180 32767 14465 1963 10724 END
START 14476 -5088 32767 20546 2280 6459 END
START 15712 -5328 32767 26373 2181 938 END
START 15756 -5904 32767 30771 1640 -4501 END
START 18480 -6560 31948 32767 1004 -10787 END
START 20476 -7244 27564 32767 2868 -18474 END
START 22996 -7716 22540 32767 5162 -27091 END
START 23676 -8072 16992 32767 8091 -32768 END
START 21392 -10276 12196 32767 11191 -32768 END
START 14844 -12652 6160 32767 13225 -32768 END
START 6720 -14460 3252 32767 11027 -32768 END
START -1316 -16032 -528 32767 9477 -32768 END
START -5844 -15836 -3600 32767 10163 -32768 END
START -9484 -14292 -8248 26600 16103 -32768 END
START -17480 -14136 -9416 13908 22619 -32768 END
START -24796 -14976 -5940 4878 21123 -23705 END
START -26168 -15968 -1288 628 14148 -13479 END
START -26596 -17340 2148 1063 8596 -3673 END
START -28044 -18040 2360 3363 4078 5661 END
START -30876 -18276 140 5643 -1394 17166 END
START -29140 -16920 -3924 5930 -7426 30472 END
START -21908 -14384 -10072 1635 -10075 32767 END
START -11208 -11640 -15800 -9168 -8403 32767 END
START -5552 -11076 -17224 -22153 -8797 32767 END
START 7616 -10744 -12188 -32436 -13531 32767 END
START 22712 -6188 -3512 -32768 -16777 32767 END
START 28860 260 4672 -32768 -13006 29091 END
START 27568 2072 12564 -32768 -7702 20909 END
START 29432 4960 12564 -32768 -4517 13627 END
START 31772 5980 7492 -32768 -5448 4440 END
START 31936 4720 6300 -32768 -3866 -6450 END
START 31160 2344 4908 -32768 -1790 -17274 END
START 26144 -1716 2476 -32768 2662 -27768 END
START 19700 -7324 1800 -32768 10033 -32768 END
START 9728 -15320 6596 -32768 12758 -32768 END
START -4068 -25496 18780 -32768 11724 -32768 END
START -20788 -32768 32767 -32768 9117 -32768 END
START -32556 -32768 32767 -32768 2225 -21620 END