START 22916 1008 -19904 20075 7562 3348 END
START 9444 -360 -27472 12047 -629 2363 END
START 6036 -2096 -22856 3235 -1387 2572 END
START 2648 -2884 -19968 -4242 1800 4185 END
START 1304 -3556 -18032 -10469 2170 5004 END
START 2260 -4168 -16768 -15665 759 4957 END
START 3780 -4688 -14212 -21060 -407 3236 END
START 3268 -5856 -12140 -24508 -1799 2015 END
START 2896 -7568 -11156 -28357 -3391 1120 END
START 1468 -9244 -10272 -32768 -4058 1902 END
START 1308 -11220 -7220 -32768 -3575 2473 END
START 744 -13300 -3252 -32768 -2376 3149 END
START -1432 -14848 768 -32768 -2994 3673 END
START -2640 -15500 6416 -32768 -4761 4884 END
START -3852 -14584 14108 -32768 -6065 6339 END
START -232 -16216 29772 -32768 -1454 7366 END
START 148 -16308 32767 -32768 3080 6555 END
START -2364 -16644 32767 -32768 3970 4977 END
START -2604 -15248 32767 -29576 2701 4144 END
START -5964 -14800 32767 -19926 -1333 4521 END
START -5320 -13696 32767 -10249 -5969 7908 END
START 2328 -11732 32767 -1585 -5141 10638 END
START 7756 -10080 32767 6652 -1708 9512 END
START 9964 -8688 32767 15270 -2643 7505 END
START 14776 -7452 32767 22671 -3163 3747 END
START 16760 -8124 32767 29064 -1874 -1545 END
START 14028 -10276 32767 32767 -2554 -6016 END
START 13544 -11508 32092 32767 -2735 -9674 END
START 15984 -12088 26596 32767 809 -13334 END
START 14284 -12396 21912 32767 4665 -17197 END
START 15880 -13096 19080 32767 7134 -21375 END
START 15676 -13380 13740 32767 8707 -27264 END
START 14416 -14004 7308 32767 10150 -32768 END
START 9184 -14716 2900 32767 7988 -32768 END
START 7404 -13944 -2096 32767 10806 -32768 END
START 2236 -14004 -5772 32767 14042 -32768 END
START -1588 -14152 -9152 29924 18521 -32768 END
START -10628 -15044 -9416 24601 17414 -32768 END
START -21556 -15656 -9192 21136 8909 -32563 END
START -31208 -15252 -8800 17829 -143 -22847 END
START -32768 -14348 -9004 13255 -3033 -9269 END
START -32768 -12748 -10396 5839 -966 4573 END
START -29984 -11900 -10240 -1151 1658 16366 END
START -24864 -11048 -9624 -7621 2291 26077 END
START -21004 -10116 -9800 -12991 675 32767 END
START -15040 -8848 -12772 -19337 -3874 32767 END
START -8116 -8224 -16024 -27976 -14604 32767 END
START 7476 -8480 -9140 -32768 -26023 32767 END
START 25716 -5012 1128 -32768 -22053 32767 END
START 32767 904 10604 -32768 -8551 25626 END
START 32767 3936 13128 -32768 2411 10710 END
START 32767 3924 15416 -32768 3634 -1383 END
START 32767 3004 18368 -32768 3114 -11072 END
START 32767 1824 16800 -32768 2948 -21224 END
START 29812 -2388 15520 -32768 4587 -31179 END
START 25444 -6588 13728 -32768 6945 -32768 END
START 19836 -12408 14532 -32768 10595 -32768 END
START 8208 -18544 16576 -32768 10743 -32768 END
START -3044 -24812 20312 -31778 8291 -32768 END
START -17892 -29448 29164 -26758 2122 -32768 END
START -26700 -31036 32767 -17852 -3365 -32768 END