START 12648 5176 -18048 10095 3871 -737 END
START 7736 -672 -20892 4349 626 484 END
START -3612 -2072 -10992 -1401 -2027 1365 END
START -3180 -2584 -10800 -7293 489 2835 END
START -2208 -3132 -10828 -12352 2353 3325 END
START -436 -3948 -12680 -16084 1039 4592 END
START -2060 -3928 -12296 -20084 -1972 6557 END
START 740 -4636 -13568 -25761 -2326 8759 END
START 1340 -5708 -12860 -32548 -1032 10238 END
START 1792 -8176 -10076 -32768 2566 10565 END
START -1348 -10928 -6844 -32768 5660 11667 END
START -3160 -13232 -4280 -32768 7122 13460 END
START -5656 -15436 -844 -32768 6267 15028 END
START -4192 -17724 10824 -32768 2046 16858 END
START 3272 -17236 32767 -32768 5167 16678 END
START 5936 -15608 32767 -32768 10416 13193 END
START 4488 -14336 32767 -32768 9882 8011 END
START 2596 -13364 32767 -29822 4933 5668 END
START 1256 -12632 32767 -21089 3224 6610 END
START 3392 -12024 32767 -10780 2496 10273 END
START 13728 -9128 32767 -902 2643 10777 END
START 19036 -7564 32767 8379 2680 6504 END
START 21808 -6432 32767 16338 -87 550 END
START 22680 -6760 32767 22759 -2953 -5950 END
START 21232 -8072 32767 28576 -4459 -12319 END
START 19932 -10020 32767 32767 -1957 -17710 END
START 18716 -11972 32376 32767 1545 -22840 END
START 17780 -13164 25608 32767 4225 -28325 END
START 16336 -13968 17628 32767 3541 -32768 END
START 14212 -12880 8740 32767 -703 -32768 END
START 9428 -13284 4944 32767 -5244 -32768 END
START 1668 -15512 3000 32767 -7273 -32768 END
START -2296 -14300 -1584 32767 -3369 -32768 END
START -8068 -16040 -5432 25863 7140 -32768 END
START -18080 -16228 -9988 18869 15426 -32768 END
START -32140 -16616 -11060 12899 12651 -32768 END
START -32768 -14724 -11152 6901 4639 -19156 END
START -32768 -12712 -9996 163 2663 -2590 END
START -32768 -12548 -6896 -5925 3514 12085 END
START -30668 -12336 -3980 -10221 2597 25278 END
START -25668 -12488 -8 -11950 972 32767 END
START -20000 -12588 3952 -12609 1517 32767 END
START -13640 -11916 9256 -11861 2947 32767 END
START -1696 -9320 14576 -9062 4990 32767 END
START 13284 -4644 18316 -3741 5161 32767 END
START 21996 1168 18656 1391 3763 32767 END
START 31356 6788 16456 5478 -1381 29369 END
START 29464 8356 11492 6667 -905 15046 END
START 25392 9168 3800 1733 4282 9358 END
START 25748 9468 4216 -6668 10055 7131 END
START 26344 8456 7504 -11604 11855 2085 END
START 28212 6784 10352 -12143 10789 -3459 END
START 30000 6988 7012 -11502 9764 -13225 END
START 28544 5164 1736 -14985 9665 -23569 END
START 23972 1412 1160 -19115 9990 -32240 END
START 21244 -1584 -556 -23083 9024 -32768 END
START 21072 -4696 -4 -28118 6872 -32768 END
START 17924 -9480 2072 -30986 5347 -32768 END
START 12804 -13832 1792 -32768 1346 -32768 END
START 7532 -19960 5988 -32768 -3756 -32768 END
START -3252 -27440 16452 -32768 -9624 -32768 END
START -23052 -32768 32767 -32768 -19985 -32768 END
START -32768 -32768 32767 -21483 -18523 -32768 END