START 3164 2328 -20616 20263 2045 -1133 END
START 6892 -2976 -19860 14240 -603 -2260 END
START 9676 -5588 -17672 8071 611 -5230 END
START 5484 -6364 -20084 2941 3284 -4313 END
START 2264 -6444 -23524 -4105 1235 -2478 END
START -828 -6308 -24992 -13138 -5978 -535 END
START 1324 -7948 -21492 -22363 -7486 1324 END
START 1052 -9596 -18620 -30443 -1024 3495 END
START -1724 -10880 -16872 -32768 3513 5771 END
START -2688 -12088 -15628 -32768 4336 7559 END
START -1624 -13052 -10860 -32768 876 7738 END
START 1264 -13000 -4508 -32768 166 5839 END
START -392 -12864 1712 -32768 -388 3684 END
START -3252 -13144 11160 -32768 1435 3929 END
START -5788 -17912 28108 -32768 3567 5350 END
START -4916 -18672 32767 -32768 4435 6971 END
START -3028 -17932 32767 -32768 2602 5092 END
START -4164 -14256 32767 -27574 -3311 433 END
START -5140 -11188 32767 -18566 -7991 -399 END
START -5412 -8512 32767 -13276 -4530 2342 END
START -3572 -6848 32767 -7320 2166 6830 END
START -960 -5220 32767 884 4177 9167 END
START 2592 -4236 32767 9856 705 8162 END
START 4600 -4348 32767 18424 -5040 5426 END
START 5136 -5616 32767 25242 -10676 2465 END
START 8532 -7236 32767 30740 -9777 685 END
START 11124 -8160 32767 32767 -4220 -1270 END
START 14404 -9368 32767 32767 44 -4182 END
START 18828 -8804 27844 32767 3707 -9815 END
START 19996 -9304 20352 32767 5724 -17593 END
START 20232 -9460 10340 32767 7915 -26736 END
START 18988 -9232 3356 32767 8858 -32768 END
START 14024 -10700 -1520 32767 12878 -32768 END
START 7956 -12624 -3844 32034 13225 -32768 END
START 3196 -13060 -7484 30049 13111 -32768 END
START -232 -14416 -10176 26793 13646 -32768 END
START -6440 -14880 -11288 22536 16147 -32768 END
START -17612 -15968 -12364 18737 15353 -32768 END
START -31352 -16372 -12008 14190 6997 -24719 END
START -32768 -15928 -9404 9742 -3185 -8264 END
START -32768 -15600 -7492 5066 -8138 11129 END
START -29608 -15440 -6864 -748 -5256 26218 END
START -23860 -15288 -5764 -5678 -2300 32767 END
START -20884 -15064 -5320 -10322 -1855 32767 END
START -16616 -14904 -4984 -14475 -5527 32767 END
START -5352 -14112 -3500 -18113 -9780 32767 END
START 11720 -8936 -1432 -21946 -12186 32767 END
START 32767 -1244 3500 -25182 -13927 32767 END
START 32767 7116 7856 -28703 -6722 22595 END
START 32767 6068 14212 -30081 -288 6968 END
START 31732 6164 15112 -28824 1844 1267 END
START 32767 5972 15660 -27905 4399 -6038 END
START 32767 5408 14060 -26437 7687 -15929 END
START 32767 2276 10016 -25458 7921 -27266 END
START 28604 -1408 5516 -25649 3445 -32768 END
START 23636 -6524 3264 -27492 2019 -32768 END
START 13240 -11644 1488 -30520 361 -32768 END
START 3560 -15196 2828 -32768 -2751 -32768 END
START -5588 -18756 4624 -32768 -5197 -32768 END
START -15840 -25508 14700 -32768 -9193 -32768 END
START -23744 -31632 32456 -32768 -11875 -31015 END