START 11060 5744 -22344 -10184 11177 4366 END
START 6636 136 -16988 -12906 -3945 4353 END
START 11468 -680 -12072 -13270 1 3468 END
START 7700 316 -12132 -16775 4870 2486 END
START -200 -812 -9176 -20119 5746 1074 END
START -932 -2224 -9704 -23441 3106 804 END
START -700 -3640 -9076 -26248 -229 31 END
START -744 -5508 -8072 -28572 -2879 23 END
START -1628 -7028 -7524 -31550 -3239 1314 END
START -2924 -9100 -8052 -32768 50 2932 END
START -3796 -11812 -6968 -32768 2947 4479 END
START -4132 -14172 -2252 -32768 3921 4267 END
START -5768 -18124 7096 -32768 2224 3231 END
START -6220 -20428 15976 -32768 -3080 3211 END
START -2672 -20840 25888 -32768 -9916 2338 END
START 1444 -19960 32767 -32768 -14451 -691 END
START 1300 -19652 32767 -32768 -15294 -3024 END
START -648 -19024 32767 -30344 -12415 -2454 END
START -900 -17128 32767 -25010 -4768 2971 END
START 1848 -14860 32767 -19608 -224 7125 END
START 6992 -13160 32767 -10633 237 8607 END
START 12744 -10564 32767 985 -563 5929 END
START 14720 -8916 32767 10123 95 1877 END
START 13624 -9208 32767 18048 -406 -774 END
START 13780 -9648 32767 24527 444 -2985 END
START 13128 -11272 32767 30432 1073 -5385 END
START 13372 -12848 32767 32767 2482 -8108 END
START 15192 -13952 31048 32767 5464 -11406 END
START 15208 -13956 23516 32767 7862 -16103 END
START 15464 -14312 18856 32767 6757 -20887 END
START 14780 -14016 12428 32767 6652 -27102 END
START 12316 -14416 7884 32767 5322 -32668 END
START 8852 -14472 3184 32767 4955 -32768 END
START 5656 -14000 -1564 32767 3773 -32768 END
START 1236 -12676 -6152 30486 5295 -32768 END
START -3160 -12536 -7764 24034 8185 -32768 END
START -7504 -12324 -8696 18315 9897 -32768 END
START -12220 -12368 -10280 13580 10289 -30941 END
START -22352 -14316 -9472 8449 6871 -25211 END
START -32768 -15180 -6056 5736 -1245 -12807 END
START -32768 -15144 -3744 3791 -8177 5977 END
START -32768 -15112 -5256 380 -9522 23275 END
START -26640 -15060 -6000 -4930 -8936 32767 END
START -16792 -14776 -5468 -10848 -8339 32767 END
START -5080 -12528 -2976 -15840 -6530 32767 END
START 6808 -8912 -1252 -20272 -6241 32767 END
START 17920 -4260 1900 -23844 -5402 32767 END
START 22476 -324 7120 -25802 -5868 29577 END
START 30044 2660 12572 -25296 -3942 19685 END
START 32767 5948 14712 -23686 -1203 7906 END
START 32767 8148 13796 -22780 2141 -6227 END
START 32767 6528 13492 -22671 3418 -19220 END
START 32767 4072 12276 -22025 6417 -29218 END
START 31760 408 9624 -23377 12056 -32768 END
START 25600 -4804 6820 -26281 16887 -32768 END
START 18860 -11388 5952 -30278 18952 -32768 END
START 6988 -19612 10620 -31430 13354 -32768 END
START -3460 -24980 17584 -28404 6160 -32768 END
START -17408 -29540 25364 -22819 -889 -32768 END
START -28552 -32768 30136 -16716 -6034 -32768 END