START 18176 4940 -23904 10642 10723 4546 END
START 4768 -220 -21744 1323 218 4129 END
START 3404 -1296 -16328 -4579 -2881 4452 END
START 2940 -1620 -14224 -11908 649 5998 END
START 2580 -3332 -10472 -16639 2861 6475 END
START 3088 -3500 -9004 -18796 1154 6512 END
START 4428 -3548 -9664 -20110 -1596 5204 END
START 5588 -3236 -12700 -22998 -4571 3624 END
START 5968 -3860 -12088 -27790 -6001 1805 END
START 5116 -5356 -10208 -32458 -3405 165 END
START 2204 -7696 -8816 -32768 -2204 -751 END
START -600 -9764 -6372 -32768 -3977 -1367 END
START -3672 -12480 -2820 -32768 -5613 -914 END
START -7140 -14896 4296 -32768 -4360 2339 END
START -7836 -16496 15096 -32768 -866 7133 END
START -3572 -18124 32560 -32768 3559 9369 END
START -524 -17852 32767 -32768 4108 6746 END
START -2108 -17260 32767 -32768 -4735 2154 END
START -2636 -16212 32767 -19591 -17725 -565 END
START -1472 -14764 32767 -6570 -28652 -1218 END
START 2008 -12556 32767 4254 -32768 -271 END
START 8316 -10324 32767 12860 -32768 -386 END
START 12336 -7532 32767 20176 -30243 -2555 END
START 15252 -5464 32767 25866 -25551 -3377 END
START 19764 -3412 32767 27827 -14574 -4529 END
START 23956 -1804 32767 26667 324 -6967 END
START 23800 -2332 29828 25434 8456 -10127 END
START 23200 -3376 27052 26862 9076 -14164 END
START 24868 -4640 24520 30093 7402 -20682 END
START 23760 -6424 20852 32767 7024 -27767 END
START 22744 -7720 16644 32767 7067 -32768 END
START 23488 -7868 9884 32767 10344 -32768 END
START 19916 -9800 4504 32767 15385 -32768 END
START 10284 -12992 504 30080 17576 -32768 END
START 2912 -14224 -1588 27434 16480 -32768 END
START -932 -14956 -4136 24319 16112 -32768 END
START -6752 -17340 -7204 19365 18324 -32768 END
START -20280 -19692 -7704 14706 19053 -32768 END
START -32768 -17940 -8420 10673 13273 -26210 END
START -32768 -15708 -8112 6317 2140 -5443 END
START -32768 -14600 -8044 1616 -3023 14759 END
START -27808 -13804 -7844 -4684 -1387 30016 END
START -19940 -12456 -8008 -10441 1059 32767 END
START -14308 -11560 -9596 -15528 -1359 32767 END
START -6216 -10772 -11904 -21380 -9404 32767 END
START 8132 -8512 -9232 -28505 -17879 32767 END
START 27404 -2868 -912 -32768 -13250 32767 END
START 32767 2660 7848 -32768 1949 24472 END
START 32036 4904 11668 -32768 8862 11856 END
START 29656 5964 13240 -31236 2930 2834 END
START 32767 7236 15464 -28618 -2279 -5413 END
START 32767 7460 15540 -26490 160 -16466 END
START 32767 5532 13196 -27999 9619 -30788 END
START 29740 -852 10816 -30650 17099 -32768 END
START 21692 -8712 9684 -32768 22127 -32768 END
START 13040 -16404 12128 -32768 25209 -32768 END
START -480 -24408 18184 -32768 23213 -32768 END
START -14880 -32768 25396 -31216 17456 -32768 END
START -32768 -32768 31940 -20161 7614 -32768 END