START 20152 8764 -20536 16457 1298 6346 END
START 8480 1024 -17336 7224 3560 5822 END
START 6404 -56 -15576 -1066 4403 4353 END
START -1748 -1648 -7500 -5586 960 3300 END
START -1496 -2392 -7324 -7392 -1134 2311 END
START -1620 -2652 -9260 -9912 -4082 2662 END
START -788 -2884 -11580 -13805 -4527 4102 END
START -1312 -2736 -13672 -20083 -3424 5800 END
START -120 -3916 -12892 -26540 -2712 6572 END
START 944 -5112 -10684 -31412 -1109 6049 END
START -256 -7732 -9640 -32768 -1283 5460 END
START -2248 -9752 -7708 -32768 -3059 5643 END
START -3944 -12236 -4032 -32768 -6351 8196 END
START -2252 -13752 1208 -32768 -5157 12055 END
START 20 -14844 13072 -32768 2227 15607 END
START 6556 -13856 29228 -32768 12798 14184 END
START 4500 -14188 32767 -32768 18301 6741 END
START -3576 -16756 32767 -32768 8067 1702 END
START -4556 -16676 32767 -30358 -5735 1131 END
START 2756 -14160 32767 -18666 -7853 1667 END
START 1768 -12688 32767 -9656 -3769 1560 END
START 3656 -11256 32767 -792 -583 4407 END
START 8404 -9368 32767 8178 3280 5959 END
START 13520 -7960 32767 17002 4081 4018 END
START 16412 -8104 32767 26030 2308 -837 END
START 17736 -9088 32767 32767 11 -7230 END
START 17280 -10856 32767 32767 16 -13748 END
START 16320 -13212 32036 32767 1633 -17719 END
START 17916 -14008 25784 32767 5398 -21539 END
START 19784 -15012 19572 32767 9877 -27362 END
START 18288 -16176 13164 32767 8962 -32768 END
START 14860 -16976 6508 32767 1113 -32768 END
START 8200 -17712 1772 32767 -10701 -32768 END
START 3484 -18168 -2912 32767 -18378 -32768 END
START 56 -17760 -7968 32767 -15814 -32768 END
START -4824 -17084 -12236 31660 -2509 -32768 END
START -15036 -17004 -15248 17390 9565 -32768 END
START -28420 -18364 -13712 6735 10110 -32768 END
START -32768 -16960 -9092 1083 -3396 -19937 END
START -32768 -16356 -4528 -3356 -10594 -731 END
START -32768 -16744 -1184 -6914 -7297 15325 END
START -28312 -15932 -836 -10897 -1447 27452 END
START -25228 -15860 -968 -14926 1257 32767 END
START -20580 -15308 -1892 -18676 1208 32767 END
START -12904 -15468 -3548 -23738 -68 32767 END
START -1680 -14848 -1920 -29572 -3339 32767 END
START 13824 -11536 2932 -32768 -4987 32767 END
START 27116 -6200 10388 -32768 -4053 32767 END
START 32767 1192 16368 -32283 2338 30321 END
START 32767 4756 17700 -29456 2897 15008 END
START 32767 6124 18108 -26566 -2155 4127 END
START 32767 7440 18324 -24901 -2835 -6221 END
START 32767 7612 16768 -24341 4144 -18150 END
START 32767 4816 12352 -24963 11108 -31418 END
START 32767 -788 7924 -27755 15977 -32768 END
START 28568 -7416 6768 -31269 18642 -32768 END
START 20240 -15552 5988 -32768 18427 -32768 END
START 8308 -24400 9776 -32768 11803 -32768 END
START -3172 -31680 18764 -32768 3402 -32768 END
START -15672 -32768 25284 -30111 1036 -32768 END
START -32768 -32768 32767 -26073 5390 -32768 END