START 372 4236 -23236 4944 -980 6394 END
START -6040 -516 -15564 -360 -10500 9478 END
START -4784 -3244 -12444 -4722 -10327 12785 END
START 1604 -3004 -15412 -10104 -5911 15881 END
START 4892 -3980 -15008 -16785 232 17035 END
START 5872 -4584 -14224 -23457 7093 16923 END
START 5216 -5072 -12056 -30184 12253 15325 END
START 3140 -6588 -9436 -32768 15497 12986 END
START 96 -8556 -7408 -32768 16888 12031 END
START -3036 -10832 -5796 -32768 15582 12698 END
START -6188 -13960 -3032 -32768 13789 15052 END
START -7920 -17312 2344 -32768 13351 19507 END
START -7152 -18792 11008 -32768 17269 23851 END
START -7480 -19644 22440 -32768 22711 27473 END
START -8172 -18972 32767 -32768 24859 31829 END
START 492 -16848 32767 -32768 22697 32767 END
START 7312 -15600 32767 -32768 23844 31456 END
START 22084 -14388 32767 -31715 14486 23567 END
START 24756 -12696 32767 -17580 4463 7516 END
START 18928 -13620 32767 -5041 -942 902 END
START 17192 -12744 32767 5730 1416 355 END
START 17348 -10924 32767 15267 3898 -123 END
START 15788 -10076 32767 22552 3604 -2423 END
START 12940 -9672 32767 27970 -314 -5540 END
START 13280 -9704 32767 31937 -4284 -9882 END
START 13028 -10252 30612 32767 -6580 -14698 END
START 14872 -10580 27968 32767 -8073 -19339 END
START 17792 -11024 23560 32767 -6905 -25790 END
START 21280 -11716 20236 32767 -5228 -32768 END
START 22436 -12948 14968 32767 -2441 -32768 END
START 19460 -15144 6964 32767 439 -32768 END
START 13448 -17448 216 32767 7373 -32768 END
START 5716 -18828 -4424 30283 13170 -32768 END
START -4400 -19908 -5744 26565 13158 -32768 END
START -11356 -20056 -6604 24182 5600 -32768 END
START -23128 -20672 -7420 21170 -91 -32768 END
START -32768 -17672 -8964 15364 -2377 -32768 END
START -32768 -14968 -8960 6893 -1383 -16946 END
START -32768 -14808 -7032 -718 2021 3646 END
START -32768 -13672 -4648 -5554 3823 20270 END
START -30704 -12524 -2964 -7869 2511 28502 END
START -27580 -11960 -2360 -9196 -577 32767 END
START -24136 -11092 -2060 -10405 -3150 32767 END
START -18460 -10304 -2004 -12466 -2508 32767 END
START -12152 -10164 -2660 -16349 715 32767 END
START -4920 -10640 868 -20388 2241 32767 END
START 5884 -10740 7296 -21498 1692 32767 END
START 23200 -5944 14304 -18680 -2822 32767 END
START 32767 2212 15828 -15460 -2113 32767 END
START 32767 5236 15080 -16220 3155 14551 END
START 32767 4652 16316 -18179 8738 -3 END
START 32767 2668 17748 -18630 10775 -8978 END
START 32767 2292 18680 -17477 13276 -17727 END
START 32767 1688 15992 -15861 18502 -31259 END
START 32767 -1788 11420 -16098 21535 -32768 END
START 29704 -6928 7724 -17042 20709 -32768 END
START 23508 -12976 4032 -19820 17360 -32768 END
START 14724 -20152 4360 -21711 11215 -32768 END
START 5760 -24888 7464 -23415 3821 -32768 END
START -3216 -27376 12396 -23607 -3813 -32768 END
START -17828 -30320 21780 -22623 -10609 -32768 END
START -28720 -32148 31300 -15926 -14933 -32768 END