START 18356 2956 -17568 19451 9158 -3215 END
START 10468 -1196 -22664 14143 3738 -2448 END
START 1996 -3032 -15096 8198 -273 -2004 END
START 2236 -2772 -14668 3942 -2421 -1140 END
START 1604 -2932 -14280 -1044 -1874 -198 END
START 124 -3208 -14540 -6123 164 2062 END
START 24 -2928 -15308 -12055 2243 3777 END
START -2824 -3448 -14816 -18576 3171 5456 END
START -436 -4116 -14688 -25504 2982 6126 END
START 708 -5180 -13732 -31866 3847 5860 END
START 628 -6916 -11020 -32768 5524 4803 END
START -1856 -9780 -8120 -32768 7023 4722 END
START -2636 -12504 -6604 -32768 6268 5216 END
START -3836 -15996 -5112 -32768 4991 6368 END
START -5780 -18156 1372 -32768 1279 8117 END
START -5316 -21900 14216 -32768 1779 11629 END
START 20 -22736 28312 -32768 4639 13325 END
START 6296 -22148 32767 -32768 9077 10551 END
START 1564 -22008 32767 -32768 8003 3686 END
START -6996 -20988 32767 -32768 -4016 2383 END
START -6512 -18008 32767 -21677 -9002 6451 END
START -2068 -14956 32767 -14887 -3091 13067 END
START 5456 -12336 32767 -8944 3175 16199 END
START 12400 -9852 32767 -253 6844 13992 END
START 15824 -7244 32767 9424 4554 8757 END
START 17164 -6436 32767 18661 987 2787 END
START 15600 -7408 32767 25876 -1435 -2557 END
START 14180 -8244 32767 31864 -1576 -7961 END
START 12256 -9696 32767 32767 1587 -12422 END
START 9884 -10052 25724 32767 2905 -15370 END
START 10772 -9768 22216 32767 4831 -19340 END
START 12296 -10868 20252 32767 11081 -24438 END
START 10932 -12952 15892 32767 16906 -30014 END
START 7004 -16172 12348 32767 21731 -31658 END
START 4508 -17124 6620 32767 23611 -30028 END
START 2564 -16656 328 32767 23658 -27625 END
START 1468 -15176 -4472 32767 21808 -25294 END
START -692 -13108 -9980 32767 18184 -24269 END
START -5540 -11596 -14976 30542 13075 -22851 END
START -10400 -10076 -20568 22190 8388 -19606 END
START -20476 -10236 -20004 10969 6567 -14715 END
START -30360 -11716 -16696 3157 -785 -4318 END
START -31572 -11876 -14280 -3470 -5924 8078 END
START -28184 -12308 -12056 -10143 -5628 20229 END
START -22848 -12560 -9932 -16806 -4658 30929 END
START -17196 -12712 -8396 -21851 -6534 32767 END
START -7432 -12164 -7464 -27238 -9813 32767 END
START 4180 -11068 -2944 -32491 -11361 32767 END
START 15160 -8804 5788 -32768 -14273 32767 END
START 27916 -5176 14572 -30822 -14823 25290 END
START 32767 -152 17440 -26969 -13892 14096 END
START 32767 816 15236 -25228 -11807 2832 END
START 32767 1528 11336 -25837 -12518 -6326 END
START 32767 268 7864 -28395 -9622 -16164 END
START 32767 -1728 5524 -32690 -4505 -25610 END
START 32640 -5540 2984 -32768 1626 -32768 END
START 28656 -10072 208 -32768 3893 -32768 END
START 21796 -17168 -200 -32768 4162 -32768 END
START 4660 -27788 10368 -32768 -1022 -32768 END
START -14752 -32768 27452 -32768 -10794 -32768 END
START -27692 -32768 32767 -32037 -14435 -32387 END