START 420 4364 -20628 -3281 3800 -304 END
START 6976 1072 -19468 -6993 3782 1904 END
START 2220 -136 -13504 -9440 784 3814 END
START -3524 -124 -7580 -11340 -905 3947 END
START -8 -132 -8256 -13280 -1127 2493 END
START 1568 -448 -9816 -15297 -424 508 END
START 3420 -1428 -12268 -18400 -730 -654 END
START 1336 -3020 -11696 -22293 -510 -953 END
START -1132 -4856 -10908 -26678 561 222 END
START -2876 -7248 -9676 -31698 942 2319 END
START -3376 -9368 -7188 -32768 2198 4515 END
START -3068 -11312 -3964 -32768 3885 6532 END
START -1468 -13616 -112 -32768 6175 7379 END
START -1720 -15264 5768 -32768 7996 7783 END
START -1736 -17068 12176 -32768 9255 8141 END
START -2672 -17616 19472 -32768 11261 8563 END
START -2452 -17348 29180 -32768 13227 8589 END
START -1976 -16676 32767 -32768 12886 8457 END
START 956 -13800 32767 -32768 12590 6969 END
START 3288 -10652 32767 -32402 15271 3370 END
START 1080 -8996 32767 -27349 20381 -172 END
START -2572 -9760 32767 -23344 20304 -1300 END
START -3304 -11424 32767 -16566 14979 -3909 END
START -8436 -15128 32767 -6367 5897 -5518 END
START -10068 -15604 32767 3898 -3563 -3601 END
START -7892 -14560 32767 10937 -5729 40 END
START -5288 -13248 32767 15661 -2452 4309 END
START -1712 -11700 32767 20388 -1776 7426 END
START 2968 -10556 32767 26004 -5357 6899 END
START 8172 -10300 32767 31802 -11714 2558 END
START 10876 -10508 32767 32767 -17682 -4321 END
START 15888 -12092 32767 32767 -20728 -12496 END
START 22740 -14640 32767 32767 -16145 -24122 END
START 17340 -18688 31324 32767 -4061 -32768 END
START 9248 -18744 22208 32767 6908 -32768 END
START 3316 -18400 13784 32767 13015 -31599 END
START 1104 -16220 6360 32767 11908 -29959 END
START -140 -14860 652 32767 8173 -30308 END
START -924 -13944 -6696 32767 7584 -31688 END
START -4332 -13248 -12184 31314 11200 -31374 END
START -15276 -11428 -16796 25524 12351 -26260 END
START -18284 -9148 -18212 17700 10695 -18954 END
START -21664 -8172 -18276 11806 10300 -11236 END
START -22632 -7452 -18480 5986 7142 -2791 END
START -21628 -6796 -17504 620 5152 4491 END
START -21944 -6672 -15692 -4167 4362 11536 END
START -20020 -5872 -15212 -9203 2246 18908 END
START -16816 -5528 -14408 -14988 620 25045 END
START -14464 -5728 -12040 -19996 -932 30816 END
START -11776 -5948 -9476 -24663 -2200 32767 END
START -1628 -5296 -6424 -29344 -5122 32767 END
START 14556 -3324 3004 -31484 -6144 32767 END
START 29156 1636 10144 -30390 -2028 24843 END
START 30020 2592 14376 -29263 -647 9886 END
START 25936 504 18192 -26581 -4239 1693 END
START 26776 280 19204 -24460 -6842 -2334 END
START 31664 476 19508 -24190 -3430 -6975 END
START 32767 200 18232 -24734 2000 -14833 END
START 32767 -1468 18196 -24638 5553 -24529 END
START 31084 -5528 15756 -24510 8330 -32768 END
START 22888 -11104 15068 -24520 11010 -32768 END
START 15096 -15512 12176 -25221 10814 -32768 END
START 8872 -18924 10648 -25848 8363 -32768 END
START 4160 -21468 8292 -27882 6252 -32768 END
START -6008 -24508 10764 -28640 622 -32768 END
START -14888 -26552 13264 -27651 -7305 -32768 END
START -22612 -30112 18956 -28564 -8817 -32768 END