START 10652 3668 -18672 3089 17545 -8804 END
START -6952 -468 -23296 -4757 -878 -3522 END
START -2688 -3024 -20088 -12477 -9468 1867 END
START -940 -3400 -12644 -19452 -3272 6830 END
START 88 -4596 -10636 -24383 6323 9679 END
START 68 -5164 -11856 -27450 8959 11048 END
START 724 -5264 -12672 -31230 5546 9584 END
START -412 -6444 -13068 -32768 -460 8247 END
START 2292 -8180 -9988 -32768 -5690 6361 END
START 2424 -10376 -4720 -32768 -4812 5333 END
START 3648 -12528 -244 -32768 -1577 5116 END
START 3000 -13736 4448 -32768 1610 4786 END
START 2108 -16084 10060 -32768 3138 3173 END
START -616 -19012 20716 -32768 255 2585 END
START -804 -20156 32760 -32768 641 2798 END
START -3352 -20564 32767 -32768 5356 4511 END
START -5172 -18676 32767 -32768 8409 6111 END
START -6420 -16876 32767 -32768 7965 5770 END
START -8232 -15000 32767 -27355 4899 6854 END
START -5944 -13360 32767 -19262 1458 8974 END
START -1988 -12200 32767 -11487 828 10405 END
START 1760 -10544 32767 -2629 -558 10830 END
START 8056 -8764 32767 5999 -416 9023 END
START 10552 -8380 32767 13367 -936 5923 END
START 11024 -8632 32767 20459 -2914 2770 END
START 10888 -10056 32767 26857 -4687 -487 END
START 10956 -11624 32767 32335 -3611 -3261 END
START 11328 -12816 32767 32767 -284 -5818 END
START 12360 -13332 29056 32767 2212 -8417 END
START 17848 -13596 25264 32767 3429 -13500 END
START 20984 -12764 18756 32767 3533 -21974 END
START 21468 -12124 10704 32767 3166 -32768 END
START 18612 -12764 5184 32767 1874 -32768 END
START 17632 -13176 -324 32767 1231 -32768 END
START 14712 -15092 -2816 32767 2082 -32768 END
START 10228 -18692 -8300 29343 6220 -32768 END
START 180 -22660 -11804 20280 14614 -32768 END
START -17556 -25924 -12668 11351 23677 -32768 END
START -32768 -21916 -13868 4467 22223 -32768 END
START -32768 -19992 -11988 -2077 15753 -22473 END
START -32768 -18420 -10996 -8688 14076 -4014 END
START -31548 -17876 -10400 -11286 8891 9470 END
START -27352 -16420 -10400 -15428 4415 17872 END
START -26900 -15600 -7816 -19323 275 26441 END
START -27932 -15596 -3692 -23150 -3172 32767 END
START -21872 -16648 3700 -26624 -6080 32767 END
START -13204 -17392 12716 -27384 -7311 32767 END
START -692 -16372 23264 -24155 -7348 32767 END
START 9328 -11828 32767 -15948 -7076 32767 END
START 18608 -5344 32767 -4348 -6606 32767 END
START 19880 -812 32767 5971 -9128 32767 END
START 24744 2752 25040 12252 -9884 31430 END
START 32767 7208 12376 11785 -9101 20844 END
START 32767 10544 4556 4847 -6405 7028 END
START 32767 9512 2248 -2629 -1408 -4549 END
START 27288 5616 3712 -7134 4131 -13529 END
START 21804 2512 1480 -9052 4865 -19937 END
START 18212 -428 -124 -10791 613 -24751 END
START 19184 -1700 -1600 -13051 -4406 -29042 END
START 19220 -4168 -3160 -17073 -4659 -32768 END
START 19604 -6564 -4568 -22431 -4928 -32768 END
START 18620 -9640 -708 -26958 -3758 -32768 END
START 16524 -12160 1760 -30081 -1419 -32768 END
START 11416 -16008 4688 -32768 1118 -32768 END
START 2736 -20140 7848 -32768 -792 -32768 END
START -8828 -27824 16764 -32768 -7527 -32768 END
START -23724 -32768 32656 -32768 -11977 -32768 END
START -32768 -32768 32767 -26303 -13779 -32768 END