START 8108 6068 -21228 11333 -357 3867 END
START 3800 544 -17768 4616 -4665 3690 END
START -412 -844 -14112 -1459 -7059 5008 END
START -1976 -452 -11980 -8767 -5531 6945 END
START -1944 -1768 -10112 -15026 -3091 8203 END
START 876 -1956 -11940 -20497 -1432 9793 END
START 1636 -2368 -10844 -25624 -2123 9480 END
START 1984 -3632 -9304 -29732 -2872 8658 END
START 3544 -4996 -8472 -32768 -4192 7767 END
START 1972 -6956 -7332 -32768 -4367 7050 END
START -1480 -10124 -5220 -32768 -5153 7473 END
START -2212 -14144 -440 -32768 -5686 10389 END
START -3532 -17628 9560 -32768 -2438 14866 END
START -3256 -20528 26124 -32768 406 19416 END
START 2032 -20060 32767 -32768 5615 20830 END
START 7988 -16932 32767 -32768 9494 17011 END
START 7080 -13864 32767 -32768 5513 12305 END
START 7024 -10628 32767 -24590 -1840 9565 END
START 9716 -8108 32767 -16904 -5051 7835 END
START 12424 -6264 32767 -10028 -1824 5613 END
START 12264 -5596 32767 -3818 2518 4417 END
START 13512 -4696 32767 1674 7141 3626 END
START 13148 -4728 32767 7098 9409 1451 END
START 11200 -5596 32767 13674 6575 -2277 END
START 9060 -7184 32767 21223 -779 -6164 END
START 9272 -7860 32767 27037 -6390 -8289 END
START 13588 -7504 32767 31602 -6783 -10152 END
START 21840 -7384 32767 32767 -890 -14248 END
START 25176 -8056 24424 32767 8782 -22031 END
START 23584 -9916 16744 32767 13402 -29493 END
START 21036 -11188 8724 32767 13699 -32768 END
START 19648 -11992 2432 32767 12557 -32768 END
START 13684 -14460 -1728 32767 12595 -32768 END
START 6320 -17096 -4408 30966 13111 -32768 END
START -112 -19440 -5248 23768 13217 -32768 END
START -10012 -22532 -3292 19226 11426 -32768 END
START -25972 -24648 -1508 18122 6769 -32768 END
START -32768 -21928 -2580 15931 248 -24377 END
START -32768 -18728 -4208 11459 -3819 -6202 END
START -32768 -17696 -4392 6538 -4906 13045 END
START -30720 -15564 -5868 2343 -4676 27079 END
START -24416 -13364 -8864 -1966 -6939 32767 END
START -17764 -11976 -11644 -9359 -10184 32767 END
START -10972 -11544 -13108 -18501 -11850 32767 END
START -420 -11136 -8952 -28287 -13091 32767 END
START 12116 -9908 -1532 -32768 -12449 32767 END
START 24792 -5968 5952 -32768 -9533 32767 END
START 29216 -2640 8692 -32768 -9745 25227 END
START 32767 1156 12596 -32768 -8701 12225 END
START 32767 1296 14200 -32768 -3153 -713 END
START 32767 876 16600 -32768 3039 -9712 END
START 32767 1700 17720 -32768 10909 -19429 END
START 32767 -340 15384 -32768 21849 -32433 END
START 26228 -6536 14392 -32768 27385 -32768 END
START 15832 -15372 16612 -32768 28347 -32768 END
START 4508 -23760 22688 -31060 23106 -32768 END
START -6732 -30172 28136 -22681 17980 -32768 END