START 6752 2232 -9228 618 2848 -4943 END
START -10864 -1008 -6392 -3086 -3263 -1983 END
START -5072 -3780 -10424 -5264 -2033 2107 END
START -5560 -4472 -11232 -7494 -2561 6218 END
START -4124 -5652 -12404 -10636 -3461 8728 END
START -4684 -6144 -12456 -15079 -4289 10778 END
START -4228 -7204 -12036 -20025 -3578 12054 END
START -3108 -8272 -12780 -26392 -917 13454 END
START -3420 -10564 -12528 -32768 1160 15865 END
START -3776 -13220 -10176 -32768 2165 18770 END
START -1972 -16632 -7080 -32768 4234 21412 END
START -944 -19100 -1948 -32768 6211 23070 END
START -1208 -21552 5504 -32768 7820 25578 END
START -1076 -22588 14304 -32768 7954 28591 END
START -2476 -23476 29132 -32768 2176 32767 END
START 11776 -20504 32767 -32768 -1869 32767 END
START 22288 -16552 32767 -32768 5041 32767 END
START 29112 -12448 32767 -32768 14658 28929 END
START 25324 -9412 32767 -32450 17198 21485 END
START 24764 -7488 32767 -21550 8453 17788 END
START 29964 -4776 32767 -8990 255 14058 END
START 32767 -2784 32767 1834 -5080 10563 END
START 32767 -1448 32767 11898 -5772 6087 END
START 32767 -1252 32767 19563 -1517 114 END
START 32767 -2332 32767 24926 245 -6667 END
START 32767 -4916 32767 28921 -968 -13658 END
START 27900 -6908 28808 31266 -3930 -19912 END
START 25288 -8704 24540 32767 -6330 -25603 END
START 24244 -10876 20236 32767 -5454 -31102 END
START 22228 -12648 15688 32767 -2671 -32768 END
START 19736 -13672 11128 32767 671 -32768 END
START 15336 -14748 7244 32767 3608 -32768 END
START 10632 -14672 3476 30387 4801 -32768 END
START 5968 -15444 2520 27508 5210 -32768 END
START 1624 -14316 1044 25053 3443 -32768 END
START -2760 -14544 360 22063 219 -32768 END
START -5304 -13940 120 18720 -1704 -32768 END
START -6800 -14648 -132 15018 -470 -32768 END
START -10876 -16964 -716 11358 2937 -32768 END
START -18224 -17812 -2896 8039 4695 -32768 END
START -28388 -17520 -3848 4155 3902 -32768 END
START -32768 -13968 -3124 518 2713 -22320 END
START -32768 -12776 -2004 -3106 5357 -3986 END
START -32768 -13572 -1284 -4585 6640 16426 END
START -30608 -13676 -3032 -5613 3872 32767 END
START -22372 -13212 -4084 -6931 1805 32767 END
START -15308 -13420 -3356 -8717 1186 32767 END
START -10576 -12496 -3528 -11303 810 32767 END
START 2944 -12512 -1124 -14407 -2531 32767 END
START 22864 -6592 -736 -17564 -1918 32767 END
START 32767 692 1088 -23180 1503 32767 END
START 32767 5112 4844 -28046 5030 29166 END
START 32767 5116 10964 -29189 2506 17009 END
START 32767 6524 14744 -29263 2428 7663 END
START 32767 7396 17864 -28716 7649 -3594 END
START 32767 7336 15932 -29422 19324 -20892 END
START 32767 2264 13208 -30932 24808 -32768 END
START 32767 -3820 11820 -31383 22766 -32768 END
START 27576 -10300 10008 -30400 19397 -32768 END
START 16536 -16432 7264 -31097 16475 -32768 END
START 6108 -21892 5012 -32768 15238 -32768 END
START -10108 -27188 8784 -32451 4879 -32768 END
START -24180 -28616 14656 -28843 -7002 -32768 END
START -32768 -30224 18868 -27000 -8287 -32768 END
START -32768 -30060 21376 -26894 -7770 -18228 END