START 16620 3516 -20436 12360 4407 1662 END
START 7096 148 -25952 1923 2036 3092 END
START 1316 -1892 -19528 -6673 -1898 4609 END
START 940 -1768 -13536 -12108 -4293 6431 END
START 2392 -1780 -10012 -14815 -4966 6621 END
START 6304 -1536 -11448 -17126 -5316 5921 END
START 6316 -1540 -12120 -20709 -6147 5194 END
START 6712 -1928 -11816 -25418 -8486 4628 END
START 7424 -2544 -9216 -30288 -10197 3820 END
START 6608 -3492 -5476 -32768 -9810 3427 END
START 6952 -4556 -2980 -32768 -7333 1929 END
START 4252 -7064 624 -32768 -5329 -497 END
START -2132 -10724 6840 -32768 -5686 -974 END
START -9500 -13728 18124 -32768 -9335 1228 END
START -10016 -16244 31568 -32768 -9694 6742 END
START -6576 -16104 32767 -32768 -2937 12336 END
START -2768 -14008 32767 -32768 365 13713 END
START -308 -11556 32767 -28343 -3905 11334 END
START 2708 -9020 32767 -22159 -7054 8365 END
START 5320 -7032 32767 -17569 -2750 7200 END
START 5172 -6112 32767 -11398 7 6705 END
START 8192 -4756 32767 -3660 -214 5861 END
START 11044 -3268 32767 4479 -119 3993 END
START 14024 -2456 32767 11301 277 1148 END
START 14440 -2936 32767 17544 751 -2792 END
START 13904 -4124 32767 22846 1462 -6442 END
START 14188 -5564 32767 26163 4084 -9304 END
START 12952 -7184 32716 28883 7215 -12165 END
START 12928 -8644 28164 32205 9834 -14940 END
START 12564 -9964 23236 32767 10029 -17262 END
START 15636 -9372 17304 32767 10667 -21816 END
START 13640 -9648 9832 32767 10476 -27199 END
START 11288 -9008 3200 32767 9325 -31272 END
START 6628 -8336 -1036 31745 8270 -32768 END
START 2208 -7940 -2936 27899 7286 -32768 END
START -1968 -7380 -5540 23797 6529 -32768 END
START -4948 -7408 -7256 18358 6745 -30602 END
START -7984 -8172 -7524 12341 7590 -28281 END
START -12532 -10808 -5524 8051 6847 -25789 END
START -17572 -12516 -3272 6097 3548 -20747 END
START -20912 -13952 -1024 5701 -867 -14102 END
START -23936 -14692 -16 7042 -5554 -5531 END
START -25604 -14140 -188 9062 -10549 4806 END
START -21772 -13388 -2456 10038 -14860 15301 END
START -16712 -12288 -4172 10087 -17661 23699 END
START -9948 -10520 -8408 7966 -18243 30645 END
START 380 -6264 -14200 981 -19001 32767 END
START 14612 32 -20180 -10297 -20384 32305 END
START 25328 3976 -15924 -23868 -21861 22883 END
START 27448 5968 -7324 -32768 -13731 11787 END
START 23140 4528 12 -32768 -6556 6222 END
START 24188 3536 4676 -32768 -7441 1846 END
START 29340 3176 6676 -32768 -8105 -5556 END
START 28352 -1196 9616 -32768 -5058 -14408 END
START 22080 -7592 15372 -32768 -317 -22538 END
START 10496 -15748 23336 -32768 3332 -27462 END
START -824 -22064 32767 -32768 -5 -26883 END
START -9264 -26164 32767 -32768 718 -22371 END
START -16132 -29040 32767 -32768 4260 -13146 END