START 13564 2608 -10700 10756 -721 1583 END
START 7264 -1116 -19308 6466 -59 2879 END
START 1644 -3240 -15412 1276 -802 4511 END
START -8944 -3776 -10556 -4044 1057 8195 END
START -8056 -3048 -11380 -10563 3431 10840 END
START -5344 -3916 -14768 -16844 6627 12898 END
START -2652 -3800 -15508 -23732 7015 13292 END
START -2676 -5648 -12064 -29176 8538 12604 END
START -3080 -7144 -11544 -32768 10366 12514 END
START -3400 -8996 -11824 -32768 10711 12060 END
START -3148 -10816 -9620 -32768 9794 11379 END
START -3360 -13344 -8100 -32768 9524 10459 END
START -5960 -16916 -3380 -32768 10057 11079 END
START -8708 -19648 8372 -32768 6405 14317 END
START -5616 -21388 29692 -32768 2496 18499 END
START 5180 -17696 32767 -32768 5458 18839 END
START 5940 -15204 32767 -32768 6970 12874 END
START 1096 -14260 32767 -32768 372 10253 END
START -792 -14236 32767 -23611 -9080 11889 END
START 9704 -11740 32767 -12271 -8537 16052 END
START 18008 -9248 32767 -3093 -2274 17149 END
START 27520 -6580 32767 7584 743 13893 END
START 32548 -4108 32767 16787 2235 6934 END
START 32767 -2464 32767 21103 1365 -797 END
START 32767 -2748 32767 21743 16 -10120 END
START 32080 -4916 31092 23208 443 -19102 END
START 28916 -8016 27076 25402 1860 -28366 END
START 29952 -9268 22428 24591 2651 -32768 END
START 24856 -15412 26160 26658 1602 -32768 END
START 16728 -18296 25304 31917 -5931 -32768 END
START 5488 -23112 23788 32767 -7807 -32768 END
START -204 -22624 17116 32767 -7587 -32768 END
START -4576 -22320 10548 32767 -1432 -32768 END
START -8688 -20968 6340 32767 4609 -32768 END
START -13772 -20448 1268 29204 9679 -32768 END
START -20216 -19064 -3900 24657 10907 -32768 END
START -26284 -19308 -5776 21924 8568 -27992 END
START -31908 -17600 -10164 20252 2542 -18134 END
START -32272 -15012 -15140 15676 -1995 -6931 END
START -29388 -12628 -19292 7446 -1089 3901 END
START -28192 -12696 -19632 -136 -479 12762 END
START -28100 -13460 -19056 -5724 -2777 22363 END
START -24800 -14692 -19476 -11301 -4927 32767 END
START -21400 -14476 -16540 -19521 -2036 32767 END
START -19752 -16168 -8804 -29027 4986 32767 END
START -14308 -18136 7892 -32768 11084 32767 END
START -144 -17532 29132 -32334 12616 32767 END
START 8952 -13284 32767 -20154 7580 32767 END
START 16616 -6296 32767 -6140 -3534 32767 END
START 22400 -868 32767 1793 -6956 32767 END
START 27940 2524 32767 5784 -504 31347 END
START 32767 5024 32767 6236 10996 25928 END
START 32767 6192 24764 6228 15432 19536 END
START 32767 6784 14104 5236 13380 12049 END
START 32767 6868 7472 2638 10240 4065 END
START 30804 6040 2960 -53 8306 -3318 END
START 30560 5304 40 -3319 7658 -9392 END
START 29528 4064 -2452 -5849 9243 -16002 END
START 25804 2008 -4964 -8312 9672 -22468 END
START 22856 -244 -6428 -10330 8813 -29138 END
START 19996 -3072 -9644 -13130 5843 -32768 END
START 16452 -6892 -10716 -18402 1837 -32768 END
START 9840 -10700 -8040 -23108 -3089 -32768 END
START 10648 -12148 -5616 -27572 -5784 -32768 END
START 11260 -15080 -5492 -32768 26 -32768 END
START 5564 -21360 -884 -32768 6012 -32768 END
START -8844 -29256 11428 -32768 -433 -32768 END
START -18944 -32768 30024 -32768 -18061 -32768 END
START -20984 -32768 32767 -32768 -18917 -27662 END
START -25628 -32768 32767 -27680 4161 -17978 END
START -32768 -30004 32767 -19947 14579 -8902 END