START 16676 4868 -7080 3338 1020 415 END
START -2244 4812 3084 4183 -1704 132 END
START 1500 2704 -3292 1119 -3121 -270 END
START 1848 3188 -3684 -1511 -4938 612 END
START 2652 2672 -2628 -4745 -4858 493 END
START 68 980 -2164 -6543 -3683 1540 END
START -1996 1456 -2532 -8379 -4716 4522 END
START -152 1536 -2536 -10334 -4114 6696 END
START 1680 1500 -5296 -13578 -1756 7894 END
START 616 -60 -4336 -17717 -1013 8587 END
START -228 -1304 -2544 -21022 -1226 10296 END
START 2956 -2492 256 -24470 125 10870 END
START 1492 -3800 2916 -26822 3375 11484 END
START -2500 -4744 5320 -28709 4042 13638 END
START -532 -4380 7524 -30209 2553 15737 END
START 1268 -4844 10252 -31794 3196 16666 END
START 2496 -4420 11712 -32768 2453 17624 END
START 6480 -3404 17528 -32768 2693 16443 END
START 9104 -1908 22404 -32768 4071 14072 END
START 7836 -2152 24228 -32387 5010 11731 END
START 5948 -3264 29544 -31050 2933 11673 END
START 6260 -2548 32767 -27072 -865 12029 END
START 11424 -1472 32767 -23030 -1363 12655 END
START 18288 616 32767 -20309 4893 10206 END
START 16900 780 32767 -14872 5765 5886 END
START 14432 480 32767 -7047 490 2426 END
START 12788 236 32767 -432 -3705 1103 END
START 13228 -60 32767 5969 -3682 1100 END
START 14212 -868 32767 11524 -1506 677 END
START 15804 -852 32767 17484 898 -1081 END
START 12984 -1836 32767 22413 3310 -3251 END
START 12536 -3160 32767 26560 1775 -4886 END
START 14608 -4052 31172 30198 509 -6878 END
START 16832 -4464 27868 32767 -555 -9546 END
START 20704 -4876 22828 32767 -453 -14467 END
START 24056 -3840 15100 32767 -460 -20522 END
START 24944 -3132 9668 32682 36 -29118 END
START 22300 -3584 7484 29583 -309 -32768 END
START 19216 -4672 7448 28520 -614 -32768 END
START 13516 -6636 7076 26566 916 -32768 END
START 4984 -9380 6840 25689 377 -32768 END
START -2076 -11512 6040 24036 4029 -32768 END
START -8496 -10192 2628 21184 9340 -32768 END
START -14520 -8632 -1752 15266 15232 -32768 END
START -22384 -8096 -1248 10967 13817 -26411 END
START -26468 -7256 -160 9950 7836 -17478 END
START -25088 -5708 -2340 8490 4836 -9873 END
START -24772 -3908 -4524 4531 4797 -2690 END
START -23384 -2736 -4564 507 4660 3440 END
START -23364 -1780 -4572 -2773 3902 9459 END
START -20580 -892 -4380 -5944 2041 15042 END
START -17652 -336 -4468 -9889 353 19636 END
START -13952 -608 -2020 -13864 483 23606 END
START -9684 -452 1800 -16576 2630 26601 END
START -7800 -420 4508 -17449 4503 28439 END
START -5364 -80 6340 -17206 3012 30537 END
START -728 1332 9160 -16168 -144 31053 END
START 5508 3232 11860 -15144 -985 28996 END
START 7380 3980 15992 -14176 -1750 27061 END
START 12884 5488 19616 -12221 -1739 25364 END
START 19156 7776 21492 -10278 -2025 21807 END
START 24152 9020 23444 -7952 -2474 17135 END
START 29756 10620 22880 -4924 -1625 10539 END
START 32584 11564 17580 -3255 -824 2489 END
START 31780 10520 12440 -4574 1933 -5172 END
START 27044 7988 8488 -7375 3707 -10091 END
START 24116 5060 7248 -8907 3804 -14210 END
START 20684 3068 4356 -10646 3405 -17250 END
START 18320 1280 2792 -13963 1446 -20699 END
START 17704 -1424 5016 -16812 512 -24445 END
START 14492 -4060 6544 -18973 1330 -27766 END
START 11172 -6460 9280 -21019 1166 -30225 END
START 6380 -7844 11668 -22325 805 -31980 END
START 1508 -8424 14240 -22972 -540 -32572 END
START -2512 -8144 16444 -22962 -2185 -32081 END
START -5980 -8064 18568 -23391 -2088 -31182 END
START -10652 -8784 24300 -22289 490 -29558 END
START -15004 -9032 27660 -19618 2545 -27863 END
START -22988 -9552 32448 -14075 -281 -24693 END
START -25792 -8248 32204 -7263 -4114 -18694 END
START -22236 -6152 29272 -3512 -3556 -13311 END