START 1544 4044 -20748 19710 3489 -6501 END
START 8956 -3496 -22176 12306 1795 -8567 END
START 6004 -4740 -23668 3297 1151 -10114 END
START 2400 -5504 -21048 -4478 -1141 -8804 END
START -1908 -6716 -15480 -9482 -1861 -6228 END
START -2148 -6216 -16268 -14288 -2025 -2612 END
START -3880 -6060 -16264 -20088 -2984 654 END
START -4036 -7124 -15016 -26809 -3012 4330 END
START -5560 -8456 -14616 -32768 -947 9571 END
START -6516 -10160 -14144 -32768 1359 14775 END
START -8244 -13052 -12724 -32768 2370 19825 END
START -8172 -16376 -8344 -32768 3657 24553 END
START -2932 -18828 440 -32768 4809 26796 END
START 408 -22260 14216 -32768 5634 23961 END
START 2936 -23832 29844 -32768 2982 19153 END
START -1360 -24072 32767 -32768 -1225 15149 END
START 44 -23244 32767 -32768 -4778 16661 END
START 3088 -20212 32767 -32768 -2883 20173 END
START 12008 -16636 32767 -31695 2643 20906 END
START 20324 -11328 32767 -22849 8167 15699 END
START 20248 -7520 32767 -14247 8741 7504 END
START 15880 -6712 32767 -5306 3306 2392 END
START 15340 -6100 32767 1615 1191 111 END
START 13020 -6644 32767 7273 1106 -1170 END
START 11568 -7700 32767 12631 318 -2748 END
START 8612 -8864 32767 16938 1203 -4240 END
START 3880 -10172 32767 20386 2078 -4356 END
START 1304 -11200 32767 22956 605 -2853 END
START 2760 -11508 30788 25226 -1343 -1988 END
START 6088 -11676 30108 27581 -2587 -1914 END
START 10096 -11792 30036 30561 -3608 -2929 END
START 18120 -10156 26380 32767 -3533 -6727 END
START 23384 -8800 22024 32767 -3321 -14328 END
START 29084 -7572 19716 32767 -1136 -23627 END
START 28140 -8400 12108 32542 2952 -32768 END
START 22028 -9672 6636 28900 5347 -32768 END
START 14524 -12168 5404 27458 4936 -32768 END
START 8812 -13980 1872 26565 4945 -32768 END
START 1904 -16664 -3164 24490 7956 -32768 END
START -13204 -18192 -5664 19829 10841 -32768 END
START -26344 -18416 -5252 16449 5548 -32768 END
START -32508 -17276 -3760 11257 2176 -27657 END
START -32768 -15904 -1608 6411 2976 -12034 END
START -32768 -15268 40 3207 4227 2443 END
START -30728 -14312 -796 2188 1408 12890 END
START -26352 -12716 -2612 773 -1203 19948 END
START -23856 -10988 -4020 -672 -4818 26168 END
START -21204 -9444 -4508 -2866 -7670 32250 END
START -17980 -7784 -4588 -5494 -8587 32767 END
START -12724 -7092 -3756 -8358 -9777 32767 END
START -3836 -6336 -120 -11517 -9589 32767 END
START 11668 -2944 4936 -12349 -6870 32767 END
START 28072 3248 7872 -13009 -2817 32767 END
START 31344 6140 12256 -12933 -1118 28074 END
START 30236 6216 14140 -10114 -5095 18371 END
START 32767 6760 15232 -8334 -10659 11005 END
START 32767 8064 14192 -7614 -10397 2189 END
START 32767 7892 12352 -9710 -1224 -7481 END
START 32767 5560 7956 -12975 9822 -15691 END
START 32188 2152 2400 -15945 14775 -23454 END
START 25776 -2124 -1200 -18444 13437 -32768 END
START 16296 -7044 -3812 -18755 5878 -32768 END
START 9908 -9988 -8024 -21161 -5861 -32768 END
START 2392 -11688 -5364 -24061 -22280 -32768 END
START -12 -10844 -2536 -28590 -31149 -32768 END
START 16 -11408 -2936 -32768 -20905 -29178 END
START -7944 -19540 3172 -32768 -7632 -19392 END
START -20292 -30684 27400 -32768 -9512 -7081 END