START 208 7064 -12476 3352 1282 3361 END
START 10184 1164 -18548 -932 2323 4255 END
START 4364 -312 -13796 -7169 -1381 4668 END
START 1732 -864 -10428 -12298 -2741 5294 END
START 644 -1636 -7920 -15779 -2051 5545 END
START -232 -1748 -8724 -19314 -368 5549 END
START -628 -2592 -10128 -24564 955 5440 END
START -2088 -4540 -11088 -30261 1084 5874 END
START -1404 -6600 -10620 -32768 -897 6543 END
START -288 -9732 -8128 -32768 -26 5835 END
START -1296 -13684 -4340 -32768 2155 5203 END
START -2720 -18076 -684 -32768 5563 4989 END
START -5472 -22196 6316 -32768 6450 5831 END
START -5828 -23800 19676 -32768 3190 7857 END
START -864 -21796 32767 -32768 2187 8721 END
START 4524 -17972 32767 -32768 5669 6331 END
START 7488 -15404 32767 -32768 9847 1620 END
START 1796 -15256 32767 -32768 11393 -3904 END
START -7092 -15132 32767 -24442 5546 -4211 END
START -9684 -13736 32767 -11879 1143 1064 END
START -6748 -11628 32767 -1638 -161 6213 END
START -3608 -10324 32767 7790 -1390 9388 END
START 220 -8996 32767 17144 -4543 10266 END
START 4708 -8860 32767 24744 -8538 8543 END
START 7832 -8920 32767 31201 -10791 4723 END
START 9120 -10072 32767 32767 -12054 678 END
START 12496 -10404 32767 32767 -11178 -3995 END
START 15064 -10100 28928 32767 -7728 -11657 END
START 17624 -10392 24456 32767 -3794 -20419 END
START 17808 -11828 17364 32767 2417 -31414 END
START 11156 -13960 8840 32767 8379 -32768 END
START 4736 -14472 968 32767 14059 -32768 END
START -2736 -14140 -4124 32767 15954 -32768 END
START -7312 -12272 -6372 32767 13321 -32768 END
START -8856 -10296 -7836 28093 12403 -27744 END
START -9692 -9864 -8424 22903 13360 -23160 END
START -13028 -10168 -9344 19414 14028 -18498 END
START -17176 -10204 -11040 15778 11816 -13112 END
START -24256 -9668 -12328 11685 6619 -4829 END
START -25908 -8860 -14028 6292 146 5934 END
START -23004 -7608 -15116 -805 -2436 15365 END
START -18540 -6740 -14848 -9503 -1698 23351 END
START -13708 -6452 -14708 -18220 -1561 28252 END
START -8624 -6824 -12796 -26251 -3848 31675 END
START -208 -6260 -8792 -32768 -9625 32486 END
START 8916 -5160 -1652 -32768 -11815 30299 END
START 17264 -3532 8096 -32768 -11690 26773 END
START 32460 1436 13776 -32768 -5634 18300 END
START 32767 5292 14868 -32768 3474 3935 END
START 32767 4040 18180 -32768 7529 -10807 END
START 32767 1408 19716 -31292 6803 -22393 END
START 32384 -1348 18748 -28281 7298 -32325 END
START 31820 -5060 15352 -27484 9543 -32768 END
START 27532 -10128 13528 -29154 14508 -32768 END
START 18888 -17476 12404 -30761 18411 -32768 END
START 6580 -24396 13864 -29403 13005 -32768 END
START 376 -31344 18524 -25131 2976 -32768 END
START -10088 -32768 25376 -18384 -7452 -32768 END
START -25080 -32768 30944 -11970 -15982 -32768 END
START -32768 -32768 32767 -7435 -13395 -32768 END