START 20080 4768 -11176 4905 4489 3237 END
START 10428 -1968 -17100 917 -2286 732 END
START 5252 -2896 -14160 -2928 -6953 1244 END
START 3200 -3308 -12560 -7218 -9534 4175 END
START 5384 -2968 -11924 -12125 -8466 5863 END
START 7496 -3592 -12060 -17082 -3890 5892 END
START 6656 -4312 -11420 -22077 -836 5422 END
START 4668 -5872 -10660 -26619 -334 4524 END
START 1920 -8168 -9532 -30879 -2676 4699 END
START 28 -10864 -7956 -32768 -5752 6164 END
START -1340 -13252 -6148 -32768 -7467 8260 END
START -3116 -16472 -3844 -32768 -6783 12588 END
START -3112 -17908 -1676 -32768 -2117 16423 END
START -7956 -19996 3008 -32768 2695 20886 END
START -9388 -20556 10700 -32768 3141 26451 END
START -2260 -24372 31316 -32768 -1533 28826 END
START 10116 -24680 32767 -32768 -12052 25043 END
START 23496 -16356 32767 -29401 -13874 12968 END
START 17284 -17280 32767 -20438 -10112 4851 END
START 12868 -17468 32767 -9473 -11341 8684 END
START 23708 -11468 32767 3853 -5439 12730 END
START 28708 -7872 32767 14281 2976 12021 END
START 32124 -5180 32767 22335 4635 8061 END
START 32767 -2012 32767 25864 3845 -1266 END
START 31208 -2916 32767 26862 821 -11253 END
START 27316 -5544 29136 27616 -2239 -19719 END
START 21308 -9296 27588 29534 -4634 -25677 END
START 20480 -10688 25384 32667 -5372 -29568 END
START 23380 -10676 22444 32767 -1981 -32768 END
START 24640 -11796 17420 32767 4059 -32768 END
START 18044 -15408 11068 32767 7262 -32768 END
START 7240 -17732 6132 32767 2981 -32768 END
START -904 -18944 5044 32767 -10633 -32768 END
START -6796 -16504 4184 32767 -30330 -32768 END
START -6304 -12716 2368 32767 -32768 -32768 END
START -3188 -10652 1656 26690 -32768 -32768 END
START -1368 -11048 1460 14794 -19014 -32768 END
START -8472 -14164 2404 3272 5717 -32768 END
START -27176 -15796 5468 -1560 18927 -32768 END
START -32768 -15976 10068 1948 12403 -18877 END
START -32768 -14956 10888 8233 -4328 7079 END
START -32768 -14068 8068 12639 -10194 26176 END
START -18092 -11948 2260 12234 -6503 32767 END
START -13684 -9452 -1136 8419 933 32767 END
START -11072 -9296 -3152 2872 8081 32767 END
START -8016 -8572 -4108 -3482 14374 32767 END
START -3912 -9472 -3612 -8575 16979 32767 END
START 9204 -10716 -6280 -12397 6300 32767 END
START 32767 -2956 -10948 -13788 -15216 32767 END
START 32767 10836 -14112 -22556 -19108 27189 END
START 32767 5300 -456 -28805 -286 1538 END
START 28292 316 -3556 -30092 7731 173 END
START 24576 1300 -8192 -32768 9156 -2560 END
START 27608 -1300 -7532 -32768 9049 -9471 END
START 27268 -5044 -4952 -32768 10295 -17499 END
START 26228 -9264 308 -32768 10687 -26963 END
START 21212 -15964 5872 -32768 15301 -32768 END
START 6928 -22680 15376 -32768 16699 -32768 END
START -1868 -22220 26696 -32768 7182 -30643 END
START -1352 -22280 32767 -32768 977 -28972 END