START 17256 6912 -11744 6356 -804 339 END
START 6144 -272 -14704 3229 -1592 1102 END
START 3256 -392 -12920 -2168 507 1537 END
START -3064 -1108 -7536 -6690 3534 1459 END
START -2180 -1280 -7888 -10126 4162 1576 END
START -764 -1444 -7732 -12590 2575 1183 END
START 376 -1540 -8228 -14606 693 134 END
START 1544 -1992 -9612 -17370 626 -612 END
START 344 -2960 -9820 -21525 1637 -651 END
START -1252 -4244 -9292 -25938 2128 -178 END
START -1884 -6008 -8416 -30649 2110 690 END
START -3000 -7744 -6740 -32768 1547 1650 END
START -2436 -9400 -4704 -32768 968 2547 END
START -1980 -11444 -1892 -32768 1836 2824 END
START -1232 -13908 2492 -32768 2904 2920 END
START -636 -16368 8632 -32768 3830 2232 END
START -2188 -17844 18216 -32768 2972 1748 END
START -3812 -18400 29104 -32768 -2713 2419 END
START 520 -17192 32767 -32768 -5266 3230 END
START 5348 -14636 32767 -32768 40 2401 END
START 5868 -12496 32767 -32768 8218 186 END
START 2588 -11824 32767 -32486 11960 -2480 END
START -2736 -11600 32767 -24953 9019 -3615 END
START -4332 -10196 32767 -16362 4486 -3296 END
START -5836 -9040 32767 -8824 2542 -1730 END
START -4964 -7560 32767 -2481 -52 359 END
START -2332 -5708 32767 1873 -1030 1490 END
START -108 -4344 30964 4602 -481 1882 END
START 916 -3232 26788 4642 387 2572 END
START 3560 -2316 26096 3939 1417 3429 END
START 6552 -1696 27052 4427 2185 2542 END
START 8992 -1008 26908 6875 1848 -179 END
START 9120 -1000 24432 9428 222 -3783 END
START 10292 -1500 21096 11066 -365 -6697 END
START 11044 -2608 17632 10918 986 -8896 END
START 12508 -2932 13524 9175 2417 -10548 END
START 16856 -3188 14292 6923 2332 -12838 END
START 21800 -2804 12640 5834 4903 -18466 END
START 20092 -4204 10884 4150 7730 -25387 END
START 15284 -6188 8568 3292 9488 -29213 END
START 10340 -7536 6800 2635 8509 -30736 END
START 6240 -8576 4292 1722 5464 -31646 END
START 2428 -9892 3772 -26 268 -32046 END
START -1936 -11612 5868 -1939 -4494 -31838 END
START -7512 -13388 9876 -3479 -9867 -29532 END
START -9716 -13988 13464 -5185 -10403 -25922 END
START -13048 -14516 18200 -6255 -7209 -20920 END