START 15632 10056 -18380 4210 4366 2214 END
START 2024 -348 -15728 315 -1289 2589 END
START 1856 -1224 -14896 -4313 -4075 3017 END
START -1344 -1608 -14828 -9013 -5906 4320 END
START 2152 -2040 -14360 -14711 -6681 6484 END
START 3952 -2376 -11404 -18767 -2176 6415 END
START 4448 -3356 -11368 -22153 2334 4795 END
START 3860 -5036 -11820 -26256 4435 3003 END
START 3952 -6720 -11828 -30602 5346 1089 END
START 1400 -9436 -11032 -32768 5520 -373 END
START -904 -12264 -8664 -32768 5470 -840 END
START -2556 -14028 -6648 -32768 6047 -246 END
START -1900 -16820 -4652 -32768 7835 -422 END
START -1424 -18960 -492 -32768 10161 -2252 END
START -3440 -20336 10468 -32768 12504 -3855 END
START -6436 -18396 24380 -32768 10033 -4159 END
START -6884 -14744 32767 -32768 5537 -4895 END
START -4604 -11680 32767 -32768 5841 -5417 END
START -4420 -9116 32767 -32768 7728 -7252 END
START -6028 -8692 32767 -27100 9267 -9731 END
START -11972 -8040 32767 -18844 8675 -9922 END
START -16068 -5432 32767 -11481 8439 -4666 END
START -13168 -3476 32767 -2681 6524 2201 END
START -6292 -1388 32767 7272 2648 5429 END
START -588 1748 32767 13180 -1040 6002 END
START 6024 1748 32767 16655 -1763 5321 END
START 13288 2124 28988 16919 -2523 2632 END
START 17392 2160 22328 16468 -2362 -1534 END
START 21244 1568 16532 14665 -2949 -5659 END
START 26292 640 14188 12642 -2854 -10674 END
START 29092 880 11664 11544 -3105 -17770 END
START 30072 -304 9780 10132 -2875 -25617 END
START 28724 -2152 6644 7800 -1472 -32768 END
START 24564 -5204 4588 4958 1419 -32768 END
START 18640 -9200 5368 1902 2951 -32768 END
START 11780 -12988 7236 -201 -301 -32768 END
START 3268 -17640 12632 -159 -6584 -32768 END
START -4956 -20648 15912 1828 -11023 -32768 END
START -15364 -22456 17600 820 -9503 -32768 END
START -28532 -24664 20652 2014 -10637 -32768 END
START -32768 -24604 19292 5199 -17474 -22703 END
START -32768 -21264 12792 4103 -18767 -9377 END