START 10960 1888 -15780 19973 257 9286 END
START 6336 -2212 -15688 15353 -5075 8253 END
START 8844 -2912 -12292 10675 -5383 6288 END
START 6836 -2144 -10748 6238 -2440 3184 END
START 4092 -2484 -10172 2395 1586 1251 END
START 1668 -2588 -10108 -1230 4520 788 END
START 276 -2580 -11332 -5773 6944 1098 END
START -1104 -2920 -11336 -10196 7108 2140 END
START 424 -2660 -11392 -14776 4598 2912 END
START 1984 -2304 -10120 -18800 3048 2189 END
START 3032 -2164 -9744 -22252 2348 491 END
START 3012 -2700 -10096 -25974 1778 -1402 END
START 2656 -3988 -10060 -30585 755 -3108 END
START 1680 -5720 -9416 -32768 -335 -4295 END
START 1252 -7684 -8608 -32768 -1359 -5137 END
START 544 -9808 -5620 -32768 -1892 -5028 END
START 736 -12748 960 -32768 -726 -3647 END
START 2092 -15440 9836 -32768 2182 -2766 END
START 6036 -18756 27256 -32768 7145 -4612 END
START 7372 -18428 32767 -32768 10845 -11858 END
START -3492 -20808 32767 -32768 2835 -20482 END
START -12916 -19984 32767 -28922 -11178 -19933 END
START -14156 -15652 32767 -21205 -15342 -11802 END
START -9592 -10868 32767 -20510 -3336 -2802 END
START -6856 -8280 32767 -20782 9637 2423 END
START -4500 -5980 32767 -19775 16643 3055 END