START 10028 6144 -14792 15562 -1213 -1664 END
START 7076 -368 -15196 8723 2126 -1908 END
START 3888 -1636 -14788 2790 7235 -847 END
START 1356 -2828 -12732 -2052 7357 1065 END
START 912 -3228 -11296 -5350 4936 2333 END
START 1120 -3144 -10956 -8152 1883 2503 END
START 1844 -3128 -11428 -11946 346 1952 END
START 2032 -3520 -11080 -17071 1240 1375 END
START 1160 -4700 -9740 -22205 3480 1132 END
START 472 -6108 -8836 -26954 5201 1293 END
START 452 -7488 -6552 -31131 5887 1011 END
START -256 -8640 -4984 -32768 5917 303 END
START -1752 -9860 -3168 -32768 4119 -289 END
START -3284 -11272 -168 -32768 1307 -373 END
START -5012 -12048 2268 -32768 529 452 END
START -5568 -13368 4304 -32768 2114 1970 END
START -4764 -13892 8640 -32768 5303 3991 END
START -1988 -13592 16552 -32768 5962 4306 END
START 3320 -12272 27716 -32768 3519 1566 END
START 6080 -11796 32767 -32768 681 -3568 END
START 2040 -12812 32767 -32768 -1955 -8479 END
START -3708 -13280 32767 -28558 -6061 -8261 END
START -3540 -11260 32767 -20737 -4244 -4952 END
START -1368 -9252 32767 -15818 4094 -2331 END
START -1424 -8688 32767 -11167 9791 -950 END
START -1196 -7584 32767 -5656 10336 -1167 END
START -1856 -6440 32767 111 7263 -1583 END
START -712 -4864 32767 4514 4555 -1207 END
START 2500 -3852 32767 7547 4710 -582 END
START 5764 -3272 30980 9597 6096 -682 END
START 9432 -3128 27104 11737 7066 -2043 END
START 13004 -3072 22572 13630 7175 -4908 END
START 16056 -2936 17420 13818 7948 -8867 END
START 16292 -2168 13836 13121 7566 -13056 END
START 14444 -1792 11336 12190 4934 -16650 END
START 11896 -1956 9172 11505 1813 -19541 END
START 9808 -2148 6192 9770 -776 -21995 END
START 6956 -2732 4012 6871 -2975 -23142 END
START 4676 -2884 4144 3902 -6823 -24400 END
START 2800 -3956 4964 751 -8390 -26119 END
START 128 -5704 5516 -3052 -6015 -26342 END
START -3408 -8220 8308 -7644 -1223 -26670 END
START -12632 -12160 13524 -9586 -1356 -25563 END
START -19040 -14700 19840 -6783 -8227 -21361 END
START -20696 -15576 21748 -859 -14569 -17519 END
START -19936 -15716 18384 2191 -14119 -13277 END