START 2144 3324 -3432 6798 2122 2209 END
START 6260 -1612 -18208 8039 2261 2525 END
START 2828 4328 -7028 6136 1003 2284 END
START 428 2704 -5012 6436 456 2217 END
START 2872 3336 -9196 5654 -706 2250 END
START 2856 3556 -9776 4617 -2621 2150 END
START 696 3488 -8168 3473 -3422 2126 END
START 4328 4044 -12804 2193 -4334 2012 END
START 2240 3680 -10556 827 -4888 1885 END
START 4604 3624 -13256 -724 -5428 1702 END
START 3332 3328 -11476 -2187 -6240 1444 END
START 4568 3148 -12536 -3767 -6452 1252 END
START 4484 2996 -11924 -5128 -6994 936 END
START 4664 3004 -11672 -6493 -6856 662 END
START 5428 3156 -11924 -7749 -6847 397 END
START 4952 2784 -10632 -8916 -6466 115 END
START 5608 2640 -10984 -9968 -5986 -157 END
START 4448 2140 -9072 -10944 -5560 -414 END
START 5172 2172 -9504 -11854 -4932 -640 END
START 3764 1804 -7764 -12691 -4412 -837 END
START 4124 1672 -7944 -13458 -3617 -921 END
START 2712 1368 -6380 -14072 -2945 -931 END
START 2608 1440 -6456 -14809 -2116 -882 END
START 2236 1432 -5660 -14865 -1321 -685 END
START 1476 1376 -4852 -15403 -463 -497 END
START 964 1344 -4548 -15614 473 -211 END
START 544 1084 -4256 -15817 1213 78 END
START -200 760 -3744 -15883 1946 449 END
START -404 476 -3912 -16004 2509 814 END
START -1012 336 -3768 -16108 2991 1240 END
START -1156 384 -4264 -16250 3401 1675 END
START -1404 436 -4404 -16430 3699 2102 END
START -1180 432 -5020 -16680 3943 2487 END
START -1504 396 -5008 -16965 3999 2831 END
START -1328 280 -5288 -17352 3951 3111 END
START -776 132 -5856 -17850 3889 3360 END
START -660 68 -6076 -18399 3659 3480 END
START -132 -212 -6444 -18939 3469 3571 END
START -76 -304 -6260 -19572 3132 3546 END
START -112 -444 -6624 -20137 2654 3529 END
START -276 -612 -6548 -20610 2056 3504 END
START -752 -656 -6632 -21135 1348 3549 END
START -1064 -740 -6736 -21683 448 3661 END
START -1548 -960 -6916 -22261 -478 3754 END
START -1680 -932 -6976 -22882 -1480 3971 END
START -1908 -1000 -7184 -23633 -2562 4276 END
START -1716 -1088 -7500 -24478 -3503 4584 END
START -1336 -1100 -7484 -25431 -4284 4925 END
START -924 -1188 -7396 -26417 -4709 5167 END
START -436 -1376 -7028 -27475 -4943 5422 END
START 72 -1492 -6572 -28580 -4817 5651 END
START 608 -1572 -6364 -29553 -4478 5779 END
START 1020 -1532 -5712 -30564 -3818 5898 END
START 1460 -1760 -5092 -31549 -2924 5968 END
START 1864 -1916 -4244 -32456 -1850 5989 END
START 2112 -2092 -3896 -32768 -698 6039 END
START 2412 -2516 -3328 -32768 533 6055 END
START 2528 -2808 -2524 -32768 1811 6095 END
START 2744 -3124 -1964 -32768 3264 6107 END
START 2464 -3424 -1156 -32768 4477 6144 END
START 2084 -3428 -340 -32768 5591 6207 END
START 1380 -3488 308 -32768 6275 6328 END
START 872 -3680 724 -32768 6784 6540 END
START 612 -3784 1264 -32768 7036 6780 END
START 260 -3876 1708 -32768 7044 7026 END
START 64 -3832 2584 -32768 6814 7242 END
START -244 -3680 3784 -32768 6392 7483 END
START -412 -3440 5376 -32768 5801 7767 END
START -508 -3396 7044 -32768 5045 8040 END
START -608 -2948 8908 -32768 4221 8338 END
START -372 -2824 10076 -32768 3444 8675 END
START -188 -2532 11836 -32768 2686 9011 END
START 396 -2340 13716 -32768 2104 9303 END
START 1036 -2236 15460 -32768 1714 9543 END
START 1648 -2092 17120 -32768 1475 9644 END
START 2228 -1884 18552 -32768 1358 9775 END
START 2668 -1468 20220 -32768 1318 9753 END
START 3440 -1080 21576 -32768 1395 9697 END
START 4344 -916 23068 -32768 1654 9471 END
START 5220 -512 24552 -32768 2082 9132 END
START 6292 -276 25984 -32768 2726 8611 END
START 7224 124 27360 -32768 3563 7961 END
START 8396 4 28680 -32768 4671 7227 END
START 9160 248 30324 -32768 5871 6381 END
START 9788 512 31820 -32768 7206 5410 END
START 10032 628 32767 -32768 8549 4301 END
START 9988 772 32767 -32768 9854 3232 END
START 9412 516 32767 -32768 10909 2146 END
START 8768 300 32767 -32768 11765 1138 END
START 7552 280 32767 -32768 12283 275 END
START 5992 384 32767 -32768 12531 -389 END
START 4108 -48 32767 -32768 12185 -789 END
START 2752 -524 32767 -32768 11287 -1166 END
START 12 744 32767 -32768 10129 -924 END
START 16 2252 32767 -32768 8600 -523 END
START -1528 1108 32767 -32768 7438 -94 END
START -908 1048 32767 -32124 6343 268 END
START -1680 1128 32767 -30757 5022 723 END
START -1276 1456 32767 -29072 3856 1197 END
START -1332 1524 32767 -27404 2777 1688 END
START -1100 1636 32767 -25530 1948 2126 END
START -628 1776 32767 -23597 1381 2629 END
START -308 2000 32767 -21408 1053 3124 END
START 224 2236 32767 -19231 973 3635 END
START 588 2312 32767 -17221 1084 4171 END
START 800 2236 32767 -15070 1336 4718 END
START 1468 2280 32767 -13271 1612 5277 END
START 1656 2276 32767 -11451 1953 5778 END
START 2236 2392 32767 -9761 2202 6295 END
START 2700 2540 32767 -8204 2310 6745 END
START 3336 2812 32767 -6793 2344 7198 END
START 3820 2860 32767 -5604 2327 7496 END
START 4524 2948 32767 -4441 2254 7709 END
START 5428 2976 32767 -3375 2211 7881 END
START 6416 2988 32767 -2265 2165 7931 END
START 7520 3096 32767 -1196 2322 7872 END
START 8988 3076 32767 -164 2586 7764 END
START 10340 3124 32767 841 3026 7511 END
START 11600 3228 32767 1697 3496 7155 END
START 12820 3272 32767 2612 3986 6714 END
START 13948 3348 32767 3384 4509 6117 END
START 14972 3236 32767 4134 4877 5399 END
START 15924 3372 32767 4803 5196 4575 END
START 16936 3272 32767 5396 5360 3755 END
START 17596 3392 32767 5964 5352 2873 END
START 18548 3476 31968 6494 5326 1831 END
START 19084 3524 30652 6941 5186 839 END
START 19532 3592 29184 7309 4906 -229 END
START 19896 3660 28376 7598 4523 -1313 END
START 20464 4048 26904 7822 4093 -2474 END
START 20904 4172 25756 7958 3699 -3730 END
START 21456 4372 24444 8038 3387 -4942 END
START 21664 4424 23112 7999 3172 -6123 END
START 21664 4340 22080 7916 3066 -7373 END
START 21736 4380 21384 7786 2898 -8539 END
START 21756 4404 20360 7700 2896 -9657 END
START 21760 4252 19692 7554 2931 -10730 END
START 22068 4332 19008 7505 3068 -11787 END
START 22468 4300 18344 7388 3297 -12867 END
START 22620 4192 17700 7375 3505 -14043 END
START 22872 4012 17196 7319 3686 -15210 END
START 23060 3892 16840 7265 3843 -16450 END
START 23068 3612 16348 7269 3908 -17747 END
START 23264 3332 15852 7216 4018 -18984 END
START 23356 3096 15440 7186 4073 -20198 END
START 23672 2764 14988 7113 4184 -21446 END
START 24084 2328 14284 7078 4296 -22755 END
START 24428 1920 13960 7122 4478 -24098 END
START 24804 1520 13148 7086 4613 -25476 END
START 24472 1188 12460 7001 4623 -27035 END
START 24228 864 11684 6950 4619 -28606 END
START 23532 664 11148 6768 4452 -30141 END
START 22752 448 10396 6484 4247 -31641 END
START 21808 64 9828 6151 3899 -32768 END
START 20804 -280 9396 5809 3567 -32768 END
START 20256 -652 8824 5465 3123 -32768 END
START 20156 -1064 8128 5113 2750 -32768 END
START 20268 -1332 7512 4833 2364 -32768 END
START 20496 -1512 6852 4436 1990 -32768 END
START 20344 -2092 6168 3956 1619 -32768 END
START 19816 -2540 5492 3460 1119 -32768 END
START 18712 -3016 4936 2808 601 -32768 END
START 16932 -3476 4516 2097 -178 -32768 END
START 15148 -3828 4400 1381 -991 -32768 END
START 12944 -4168 4332 638 -1804 -32768 END
START 11228 -4440 4024 -183 -2615 -32768 END
START 9360 -4664 3624 -936 -3244 -32768 END
START 7468 -5068 3796 -1712 -3776 -32768 END
START 5496 -5344 3664 -2509 -4164 -32768 END
START 3668 -5768 3940 -3268 -4451 -32768 END
START 1476 -6144 4332 -3983 -4711 -32768 END
START -484 -6344 4520 -4639 -4809 -32768 END
START -2600 -6428 4708 -5212 -4828 -32768 END
START -4472 -6268 5504 -5755 -4750 -32768 END
START -6068 -6112 5848 -6261 -4608 -32768 END
START -7656 -5916 6460 -6633 -4477 -32768 END
START -9064 -5932 7008 -6977 -4388 -32768 END
START -10344 -5952 7452 -7321 -4425 -32768 END
START -11392 -6284 7868 -7602 -4542 -32768 END
START -12532 -6456 8456 -7839 -4678 -32768 END
START -13272 -6532 8760 -8062 -4804 -32768 END
START -14140 -6628 9084 -8282 -4953 -32768 END
START -14840 -6620 9588 -8536 -5002 -32768 END
START -15468 -6772 10308 -8779 -5116 -32768 END
START -15884 -6864 11164 -9053 -5266 -32765 END
START -16612 -6924 11632 -9244 -5369 -31284 END
START -17056 -7204 12300 -9452 -5440 -29774 END
START -17456 -7476 13296 -9598 -5485 -28321 END
START -18024 -7764 14284 -9751 -5471 -26714 END
START -18400 -8064 14848 -9795 -5355 -25166 END
START -18440 -8384 15788 -9846 -5195 -23601 END
START -18688 -8684 16600 -9867 -5011 -22173 END
START -19180 -8936 17784 -9926 -4899 -20745 END
START -19468 -9024 18848 -9893 -4987 -19337 END
START -19948 -9068 20080 -9766 -5161 -18015 END
START -20348 -8964 20868 -9527 -5264 -16613 END
START -20560 -9136 21864 -9192 -5381 -15244 END
START -20984 -9068 23040 -8818 -5421 -13875 END
START -21112 -8912 23820 -8410 -5434 -12542 END
START -21256 -9040 25132 -7891 -5404 -11132 END
START -21188 -9316 25896 -7317 -5330 -9759 END
START -21144 -9204 26664 -6732 -5272 -8398 END
START -21056 -9056 27260 -5993 -5061 -6948 END