START 8644 2524 -12420 -3745 20565 2967 END
START 7328 -3084 -17880 -4883 12770 2118 END
START 7004 -3876 -16176 -8141 5259 1344 END
START 4660 -4388 -13140 -11203 2190 1095 END
START 2384 -4004 -11248 -14129 1312 1336 END
START 3028 -4212 -11036 -17641 2949 1367 END
START 2656 -4352 -11448 -21867 5491 1195 END
START 2532 -4612 -11608 -26506 7915 457 END
START 2388 -4940 -12460 -32129 10390 -967 END
START 1076 -6664 -10568 -32768 11048 -3535 END
START -1900 -9056 -7100 -32768 8361 -6197 END
START -4380 -12116 -452 -32768 1722 -7437 END
START -4496 -15092 9984 -32768 -3211 -6523 END
START -3404 -17236 24220 -32768 -5165 -6314 END
START -4328 -16416 32767 -32768 -1630 -7038 END
START -7628 -14388 32767 -32768 5200 -6047 END
START -8536 -10912 32767 -32768 12604 -3620 END
START -10632 -8668 32767 -32768 18180 -2405 END
START -10980 -7568 32767 -29766 18240 -2110 END
START -10432 -4472 32767 -22435 15622 -2998 END
START -11624 -2924 32767 -15617 11536 -4305 END
START -12404 -2552 32767 -8247 8342 -3498 END
START -12136 -2676 32767 -1197 5357 -1596 END
START -10112 -2416 32767 5889 3766 737 END
START -6012 -2804 32767 11588 3589 2186 END
START -2468 -2804 32767 15359 3382 1877 END
START 440 -2908 28296 17745 2275 405 END
START 2516 -2724 22468 18127 82 -1366 END
START 5308 -2544 18632 17348 -1246 -3291 END
START 7604 -3348 17072 16265 -2105 -5553 END
START 11468 -3584 15928 15828 -1020 -7786 END
START 14988 -3100 13776 14689 329 -11878 END
START 15988 -3788 11616 13949 1278 -16675 END
START 14848 -3956 8212 12506 88 -20862 END
START 17400 -4008 6576 10676 -741 -25152 END
START 17196 -4400 4776 7500 2407 -31105 END
START 11492 -6272 5196 3835 5647 -32768 END
START 2244 -9688 7688 3766 2658 -32768 END
START -5508 -12588 9528 5870 -5998 -32768 END
START -9876 -13600 10228 7607 -11940 -32768 END