START 20548 6072 -9900 20878 2504 9329 END
START 13184 2392 -13312 15660 -2364 5572 END
START 9944 280 -6100 12502 -3005 890 END
START 3020 -968 -3552 10912 -59 -1721 END
START -544 -2572 -6812 7396 4459 -1252 END
START -1324 -3616 -10912 2694 6712 592 END
START -2592 -4340 -11656 -1362 5123 3183 END
START -2212 -4080 -12904 -4856 1949 5706 END
START 1224 -2696 -13172 -8321 432 6597 END
START 3140 -2080 -13264 -12209 3224 6021 END
START 2376 -2108 -14128 -16478 5182 5433 END
START 2364 -2440 -13396 -20550 4395 4877 END
START 3456 -3008 -11988 -24522 4363 3987 END
START 4616 -3588 -10732 -28403 6033 2306 END
START 3804 -5164 -9492 -32768 7515 -84 END
START 2144 -6808 -6216 -32768 7993 -1872 END
START 600 -7628 -1540 -32768 8654 -2855 END
START -768 -9228 3856 -32768 8393 -3859 END
START -1888 -10884 10404 -32768 8577 -4321 END
START -4540 -12396 19564 -32768 6386 -3845 END
START -3940 -12640 28224 -32768 4880 -2329 END
START -6004 -12352 32767 -32768 5532 -1648 END
START -4944 -11404 32767 -32768 4130 -1506 END
START -3932 -11124 32767 -31314 2348 -1636 END
START -2888 -10848 32767 -23378 399 -1639 END
START -3728 -9704 32767 -14713 -1029 -728 END
START -2392 -7956 32767 -6152 -3290 1072 END
START 304 -6160 32767 1471 -4063 2207 END
START 3172 -4572 32767 7430 -3287 2458 END
START 5480 -3040 32767 11796 -2463 1535 END
START 8140 -1884 29088 14523 -1113 -122 END
START 10560 -1316 21800 15356 -732 -2693 END
START 15444 -516 15460 13849 -1055 -5130 END
START 21080 752 13344 10797 83 -10494 END
START 23724 1108 11584 7995 3328 -17232 END
START 25204 368 10244 5099 6951 -24011 END
START 22448 -1028 8652 3068 11177 -30998 END
START 16636 -3048 6904 1641 13263 -32768 END
START 15392 -4640 4932 -395 13101 -32768 END
START 13464 -6476 3936 -3087 11154 -32768 END
START 9016 -10508 5884 -5256 7480 -32768 END
START 820 -14236 9384 -5707 1902 -32768 END
START -8964 -17652 14300 -5145 -4688 -32768 END
START -16456 -18760 19848 -3548 -7684 -32768 END
START -22976 -20028 23480 -1920 -4430 -28442 END
START -29392 -21024 22908 882 -3544 -18373 END