START 21020 5872 -20020 6049 -14794 -2848 END
START 11476 1120 -15720 2057 -7106 -6314 END
START 368 -2692 -10020 -2736 2131 -5335 END
START -2724 -3828 -12280 -4976 1860 246 END
START -1404 -3596 -11568 -7794 -1336 4852 END
START 752 -3708 -11112 -10560 -2921 6348 END
START 2960 -3600 -11276 -14174 -2504 6035 END
START 5152 -3864 -10748 -17989 -1780 3593 END
START 4040 -4836 -9656 -21532 -1850 788 END
START 2884 -6308 -9648 -24653 -2850 -607 END
START 1948 -8248 -9644 -28652 -3214 -707 END
START 1616 -10372 -9208 -32768 -2606 -548 END
START 1088 -13444 -7948 -32768 -330 151 END
START 1908 -16788 -5064 -32768 963 140 END
START 1596 -20292 1072 -32768 2072 -442 END
START 3088 -21764 5644 -32768 2991 532 END
START -92 -23856 14328 -32768 458 2122 END
START -2332 -25312 22740 -32768 -3664 4721 END
START -60 -25352 32632 -32768 -8220 8159 END
START 8700 -23432 32767 -32768 -9369 7911 END
START 14444 -21268 32767 -32768 -8154 4072 END
START 18336 -19112 32767 -27144 -4433 -1974 END
START 14264 -17948 32767 -20895 -2333 -7107 END
START 11796 -16260 32767 -14245 -500 -8140 END
START 15068 -13148 32767 -9160 6574 -8518 END
START 17704 -10088 32767 -6194 16319 -11165 END
START 18992 -7464 32767 -2922 22444 -15448 END
START 18724 -4860 31372 226 22217 -22238 END
START 17168 -4452 27068 3910 19366 -30189 END
START 9952 -4832 23816 7153 12950 -32768 END
START 6856 -5140 20776 9570 6337 -32768 END
START 8292 -5812 18580 10284 3991 -32768 END
START 6192 -8204 15764 9904 3954 -32768 END
START 2100 -11964 14464 9807 1781 -32768 END
START -952 -15228 13648 8996 -1751 -32768 END
START -2244 -19692 15860 7207 -4137 -32768 END