START 9416 9040 -8040 595 -995 1169 END
START -10060 304 2136 -1323 -7427 417 END
START -432 -932 -1800 -3541 -5896 1123 END
START 6116 -712 -5848 -5974 -3419 1160 END
START 4476 -636 -6240 -9580 -1205 1515 END
START 2304 -1260 -4184 -12700 411 1827 END
START 2180 -1320 -3856 -15707 2031 1638 END
START 1268 -1516 -3120 -18706 2370 638 END
START -672 -2716 -1040 -21070 1951 -582 END
START -2976 -3684 -68 -23089 1875 -446 END
START -5440 -4580 464 -25777 2037 1166 END
START -5100 -4884 3636 -28897 1791 4128 END
START -1280 -4616 9072 -31360 3896 5801 END
START 3708 -3156 15676 -31848 7038 4191 END
START 4040 -992 20136 -31340 8378 674 END
START 1692 -668 24008 -30446 7551 -1414 END
START -1244 -524 29216 -29664 5365 -215 END
START 2688 -48 32767 -27756 4960 1967 END
START 7492 1432 32767 -23936 8331 1900 END
START 7544 2056 32767 -19615 11052 -290 END
START 6132 1552 32767 -14949 8621 -2595 END
START 5172 1072 32767 -9747 4810 -4058 END
START 3828 964 32767 -5644 2402 -3967 END
START 3728 940 32767 -2709 2253 -3304 END
START 2212 660 32767 -4 2896 -2391 END
START 1480 -52 32767 2172 2436 -1387 END
START 2388 -260 29932 4632 1107 -238 END
START 4104 -532 27160 6557 -1011 93 END
START 7424 -704 23932 8300 -2519 -648 END
START 9772 -1176 20348 9089 -4364 -2188 END
START 12880 -1876 18372 9593 -5652 -4392 END
START 17648 -1768 14640 8985 -4920 -7362 END
START 20648 -1496 12176 7082 -1745 -12183 END
START 18012 -3272 11144 5466 458 -16809 END
START 14872 -4404 9860 4181 48 -19027 END
START 15356 -4976 8412 2474 -153 -20308 END
START 17260 -4628 8332 245 456 -22693 END
START 17128 -4456 8132 -1525 1906 -26659 END
START 14520 -5220 8568 -3332 2479 -30614 END
START 11456 -5460 10284 -4826 2845 -32768 END
START 4980 -6824 11776 -5286 2418 -32768 END
START -1844 -8144 12532 -5546 -59 -32768 END
START -8960 -9708 16020 -5460 -902 -32768 END
START -15028 -10012 19444 -4439 -633 -27610 END
START -23044 -9968 20480 -1854 2108 -19184 END
START -26084 -7928 20984 -2813 3221 -12471 END