START 19276 6788 -8156 -35 5779 2408 END
START 1024 -564 -5260 -1493 1684 937 END
START -1704 -56 -4260 -5199 2695 -677 END
START 1076 -112 -5708 -7576 5274 -1264 END
START 3176 64 -8648 -10364 4404 -1297 END
START 1856 -248 -7356 -13024 2574 -810 END
START -8 36 -5288 -15869 1822 -247 END
START 1840 56 -5792 -19038 3224 -109 END
START 3116 -416 -6124 -23005 5543 -745 END
START 1472 -1612 -4636 -26844 6822 -1909 END
START -1556 -2776 -2760 -30280 5154 -2403 END
START -2316 -3868 -332 -32768 1340 -1284 END
START -768 -5592 3336 -32768 -1270 -580 END
START 1768 -7388 8380 -32768 -843 -613 END
START 2756 -7568 12892 -32768 2567 -2199 END
START 1064 -9100 19844 -32768 5358 -4116 END
START -2408 -10148 27024 -32768 5224 -4671 END
START -5168 -10056 32576 -32768 5114 -3683 END
START -5788 -8984 32767 -32768 3840 -852 END
START -3364 -7836 32767 -29701 2844 1112 END
START 1488 -6028 32767 -23507 4034 46 END
START 2160 -5732 32767 -18517 5660 -2581 END
START 380 -5240 32767 -13345 6363 -3546 END
START -924 -4572 32767 -8287 6452 -2600 END
START 1140 -3924 32767 -3447 6622 -846 END
START 3308 -2744 32767 873 7535 -403 END
START 5252 -2040 32767 5233 7287 -992 END
START 6916 -1472 30424 8969 6173 -2758 END
START 8428 -1560 24680 11750 4656 -5213 END
START 10724 -1992 18900 12555 4358 -8821 END
START 10328 -2696 15700 11951 4769 -12464 END
START 11968 -2912 14016 10715 5396 -14655 END
START 15644 -2840 14040 10081 6180 -17725 END
START 19024 -2852 12656 9564 7651 -24467 END
START 19888 -3864 10932 8435 11021 -32645 END
START 12912 -6776 7876 6317 13890 -32768 END
START 5708 -8248 6416 4285 13833 -32768 END
START 2076 -8512 5464 1693 10805 -32768 END
START -2160 -9564 7040 354 5002 -32768 END
START -9260 -11168 11520 739 -3195 -32768 END
START -16732 -13220 18440 4617 -14910 -32768 END