START 2112 3420 -7972 15200 -11042 -831 END
START 2580 -3008 -18200 15953 -9586 -485 END
START 6648 6384 -12924 12782 -9727 -558 END
START -1592 3344 -8528 12768 -8935 -298 END
START 3128 4484 -14564 10763 -8962 -117 END
START -4 4212 -10972 9228 -9149 69 END
START 1904 3820 -14508 7596 -8310 251 END
START 1864 3396 -14384 5905 -7940 395 END
START 840 2800 -13636 4474 -6916 638 END
START 1876 2752 -15060 2920 -6069 885 END
START -464 2724 -12588 1566 -5528 1257 END
START 980 3064 -14292 272 -4921 1675 END
START -1108 2944 -12032 -991 -4549 2072 END
START 504 2964 -13888 -2103 -3704 2539 END
START 328 2860 -13268 -3230 -3261 2902 END
START -892 2424 -11744 -4376 -2629 3254 END
START -136 2116 -12000 -5475 -2161 3573 END
START -576 2032 -11196 -6498 -1740 3882 END
START -304 1884 -11200 -7483 -1119 4172 END
START -72 1648 -10836 -8442 -647 4399 END
START -264 1408 -10260 -9331 66 4630 END
START 332 1336 -10108 -10237 554 4799 END
START 0 1144 -8952 -11000 1163 4964 END
START 432 952 -9112 -11760 1760 5070 END
START -80 852 -7984 -12449 2240 5170 END
START 564 832 -8076 -13046 2848 5235 END
START 304 660 -7588 -13542 3320 5313 END
START -288 572 -6700 -14059 3860 5389 END
START -120 636 -6828 -14318 4385 5525 END
START -656 572 -6168 -14753 4794 5666 END
START -848 508 -6088 -15014 5219 5866 END
START -1460 520 -5612 -15501 5532 6114 END
START -1808 420 -5576 -15788 5781 6453 END
START -2140 512 -5592 -16040 5940 6780 END
START -2504 400 -5524 -16402 6038 7205 END
START -2540 428 -5740 -16730 6070 7596 END
START -2692 408 -5832 -17158 6001 7989 END
START -2476 372 -5992 -17614 5920 8393 END
START -2476 172 -5840 -18154 5849 8783 END
START -2292 108 -6200 -18690 5676 9152 END
START -2032 -60 -6412 -19331 5430 9498 END
START -1964 -48 -6028 -19925 5160 9856 END
START -1504 -76 -6432 -20610 4891 10114 END
START -1048 -64 -6352 -21333 4662 10355 END
START -492 -216 -6332 -22079 4545 10513 END
START -64 -392 -5904 -22819 4442 10610 END
START 244 -620 -5768 -23517 4452 10632 END
START 580 -728 -5540 -24239 4462 10687 END
START 684 -832 -5244 -24881 4549 10668 END
START 932 -892 -5296 -25603 4664 10717 END
START 972 -1040 -5200 -26270 4834 10714 END
START 1152 -908 -5028 -27035 5046 10700 END
START 972 -940 -4824 -27863 5297 10726 END
START 1100 -876 -4484 -28761 5544 10791 END
START 912 -784 -4028 -29704 5862 10803 END
START 772 -688 -3828 -30659 6143 10900 END
START 640 -528 -2836 -31535 6509 11021 END
START 644 -580 -2076 -32394 6905 11231 END
START 700 -644 -1644 -32768 7290 11395 END
START 636 -896 -1016 -32768 7784 11626 END
START 872 -1224 -216 -32768 8210 11811 END
START 552 -1452 676 -32768 8510 12001 END
START 464 -1576 1548 -32768 8734 12137 END
START 444 -1840 2488 -32768 8931 12489 END
START 208 -1732 3116 -32768 9044 12324 END
START -132 -1720 4004 -32768 9041 12781 END
START -396 -1596 4872 -32768 9035 12955 END
START -568 -1472 5568 -32768 9027 13509 END
START -472 -1364 6308 -32768 9091 13965 END
START -40 -1476 7152 -32768 9173 14384 END
START 176 -1496 8204 -32768 9300 14784 END
START 808 -1508 9008 -32768 9551 15125 END
START 1560 -1408 9912 -32768 9763 15424 END
START 2476 -1176 10960 -32768 10180 15622 END
START 3708 -1128 12392 -32768 10706 15729 END
START 5392 -1824 13500 -32768 11499 15601 END
START 6748 -1164 14752 -32768 12319 15352 END
START 7876 -540 16176 -32768 13108 14890 END
START 8988 -160 17736 -32768 13873 14263 END
START 10312 -96 18912 -32768 14832 13343 END
START 11400 -164 19840 -32768 15684 12537 END
START 12200 -272 21456 -32768 16458 11099 END
START 12052 -68 22940 -32768 16797 9720 END
START 11628 264 23888 -32768 16879 8411 END
START 10724 440 25176 -32768 16600 7128 END
START 10008 800 25956 -32768 16036 5998 END
START 9336 1100 26792 -32768 15304 4947 END
START 8684 1228 27552 -32768 14582 3980 END
START 8240 1188 28176 -32768 13924 3220 END
START 7524 1156 29052 -32768 13001 2445 END
START 7224 1124 29736 -32768 12953 1808 END
START 6648 1000 30772 -32768 12261 1239 END
START 6024 924 31592 -32768 11893 774 END
START 5236 888 32767 -32768 11512 434 END
START 4344 1092 32767 -32768 11262 236 END
START 3452 1212 32767 -32768 11063 189 END
START 2576 1552 32767 -32768 10933 319 END
START 1480 1868 32767 -32768 10822 563 END
START 716 2004 32767 -32768 10765 993 END
START -272 2204 32767 -32768 10660 1517 END
START -928 2356 32767 -31693 10572 2162 END
START -1168 2292 32767 -30296 10518 2899 END
START -1472 2268 32767 -28683 10379 3762 END
START -1768 2232 32767 -27003 10215 4482 END
START -1892 1600 32767 -25330 10006 5350 END
START -1664 1800 32767 -22727 9834 6240 END
START -1840 4132 32767 -22134 9176 7158 END
START -840 2192 32767 -20384 9480 8056 END
START -228 2048 32767 -18773 9396 8814 END
START 580 2184 32767 -17195 9363 9481 END
START 1764 2308 32767 -15431 9173 10104 END
START 3732 2292 32767 -14110 9157 10509 END
START 5684 2264 32767 -12301 9305 10666 END
START 7836 2032 32767 -10660 9562 10509 END
START 9432 2232 32767 -9040 9726 10148 END
START 10716 2556 32767 -7546 9688 9639 END
START 11996 2832 32767 -6125 9594 9015 END
START 13188 2780 32767 -4761 9342 8289 END
START 14220 2968 32767 -3513 9046 7476 END
START 15276 3216 32767 -2311 8690 6612 END
START 16148 3176 32767 -1137 8273 5686 END
START 16800 3344 32767 39 7667 4748 END
START 17596 3448 32767 1040 7143 3738 END
START 18280 3644 32767 2091 6490 2675 END
START 19000 3836 32767 3085 5925 1554 END
START 19832 3940 32767 4028 5435 361 END
START 20608 4160 32767 4897 4940 -827 END
START 21072 4208 32767 5714 4527 -2157 END
START 21668 4228 32767 6478 4135 -3494 END
START 22068 4200 32767 7208 3810 -4876 END
START 22288 4092 32767 7963 3533 -6215 END
START 22660 4104 32767 8676 3363 -7519 END
START 22948 3900 32016 9411 3234 -8852 END
START 22996 3844 30428 10108 3161 -10214 END
START 23052 3700 28932 10791 3053 -11569 END
START 23248 3800 27500 11329 3024 -12923 END
START 23624 3592 25652 11650 2953 -14265 END
START 24460 3652 24132 11837 2975 -15689 END
START 25036 3516 22692 11855 2971 -17187 END
START 25492 3440 21296 11739 2946 -18875 END
START 25696 3272 19728 11599 2785 -20630 END
START 25848 3160 18592 11353 2271 -22546 END
START 26252 3284 17164 11001 1668 -24451 END
START 27020 3264 15472 10491 788 -26624 END
START 27676 3364 14052 9791 -88 -28860 END
START 28448 3128 12632 8885 -1005 -31339 END
START 28528 2876 11596 7834 -1946 -32768 END
START 28312 2172 10588 6657 -2936 -32768 END
START 27444 1068 9920 5397 -3815 -32768 END
START 26644 180 9984 4239 -4605 -32768 END
START 25660 -792 11136 3157 -5477 -32768 END
START 24384 -1568 12284 2268 -6501 -32768 END
START 23024 -2396 12740 1598 -7265 -32768 END
START 21680 -3216 12888 1194 -7684 -32768 END
START 20120 -3776 12512 1003 -7609 -32768 END
START 18464 -4300 12268 819 -7205 -32768 END
START 17320 -5692 12072 580 -6723 -32768 END
START 15900 -6540 11976 353 -6084 -32768 END
START 14100 -7084 11524 25 -5346 -32768 END
START 11804 -7644 11016 -362 -4597 -32768 END
START 9392 -8060 10760 -788 -3893 -32768 END
START 6900 -8224 10228 -1264 -3295 -32768 END
START 4084 -8420 10112 -1771 -2753 -32768 END
START 1136 -8400 9892 -2238 -2423 -32768 END
START -1880 -8612 9928 -2663 -2407 -32768 END
START -4556 -8424 9912 -3082 -2496 -32768 END
START -6900 -8464 9920 -3400 -2769 -32768 END
START -8728 -8376 9704 -3692 -3042 -32768 END
START -10100 -8188 9704 -3965 -3346 -32768 END
START -11292 -8192 9980 -4234 -3624 -32768 END
START -12272 -8132 10124 -4470 -3821 -32768 END
START -13056 -8280 10172 -4681 -3771 -32768 END
START -13964 -8256 10624 -4864 -3563 -32768 END
START -15184 -8176 10968 -4960 -3338 -32768 END
START -16348 -7884 11632 -5040 -3042 -32768 END
START -18016 -7376 12432 -5049 -2874 -32768 END
START -18828 -6704 13236 -4915 -2798 -32768 END
START -19368 -6776 12952 -4651 -2707 -32768 END
START -20520 -6928 13464 -4648 -2587 -32768 END
START -21920 -7076 13900 -4451 -2663 -32768 END
START -22968 -6772 14040 -4067 -2832 -32768 END
START -23776 -6360 14176 -3724 -2861 -30827 END
START -24632 -6048 14484 -3407 -3067 -28489 END
START -24984 -5712 14272 -3085 -3280 -26155 END
START -24920 -5488 14428 -2834 -3548 -24027 END
START -24912 -5488 14508 -2639 -3890 -21857 END
START -24896 -5476 14928 -2491 -4300 -19886 END
START -24392 -5200 14968 -2279 -4755 -17954 END
START -24028 -5096 15184 -2200 -5182 -16135 END
START -23220 -4968 15384 -2053 -5445 -14367 END
START -22468 -4984 15680 -2040 -5577 -12820 END
START -21912 -5036 16296 -1994 -5519 -11293 END
START -21576 -5108 17028 -1918 -5504 -9871 END
START -21664 -5028 17460 -1784 -5407 -8504 END
START -21876 -4836 18212 -1642 -5473 -7111 END
START -21884 -4884 18928 -1490 -5645 -5620 END
START -21756 -4684 19644 -1271 -6067 -4071 END
START -21196 -4700 19908 -1036 -6339 -2517 END
START -20384 -4640 20036 -819 -6496 -940 END