START 5824 5128 -17048 2404 -441 5101 END
START 6564 116 -14480 -323 -4826 4434 END
START 460 0 -8724 -4600 -4247 3045 END
START 5284 -276 -10512 -7564 -674 815 END
START 4756 -788 -11540 -10402 422 -1136 END
START 1920 -836 -11840 -13761 1517 -1926 END
START 704 -2244 -11664 -17508 1392 -1435 END
START 1168 -2900 -11408 -21118 508 -1076 END
START 1352 -3904 -10600 -24710 220 -1334 END
START 1776 -5220 -9376 -28502 116 -1898 END
START 2472 -6428 -7524 -32214 880 -3331 END
START 1812 -8292 -5384 -32768 1246 -4741 END
START 788 -10180 -3500 -32768 659 -5619 END
START -940 -11728 524 -32768 919 -5619 END
START -2156 -13244 6580 -32768 940 -5095 END
START -2252 -13964 14908 -32768 1201 -3956 END
START -672 -13400 25364 -32768 2409 -3761 END
START 136 -12068 32767 -32768 4730 -5734 END
START -3484 -10856 32767 -32768 4065 -7117 END
START -5112 -8676 32767 -32768 2410 -6063 END
START -4980 -8072 32767 -26855 1796 -4603 END
START -2164 -8296 32767 -19599 1378 -4676 END
START -3180 -7348 32767 -12605 3098 -5463 END
START -4196 -5968 32767 -5969 5901 -5154 END
START -5036 -5024 32767 -215 7738 -3868 END
START -4552 -4044 32767 4064 8144 -1724 END
START -1572 -2712 32767 7275 6857 -282 END
START 2952 -1536 32348 9682 4158 -797 END
START 8400 -392 27212 11379 842 -3330 END
START 13732 360 23180 11752 -978 -7233 END
START 17768 240 20328 11351 -187 -11726 END
START 19792 -76 17524 10339 2316 -16486 END
START 21144 -1052 14932 9014 6131 -21810 END
START 19044 -2328 11000 7797 8237 -27295 END
START 17072 -4280 7712 6058 6702 -31483 END
START 15140 -5336 6984 4099 4478 -32768 END
START 12236 -7276 7028 2449 3679 -32768 END
START 7484 -9876 6760 386 5011 -32768 END
START -1196 -13788 9136 -595 3907 -32768 END
START -11884 -17376 14080 956 -1740 -32768 END
START -19464 -19568 17924 4287 -7228 -32768 END
START -24548 -20128 18360 7130 -11436 -23765 END