START 4012 4272 -5348 6018 -1569 871 END
START 7512 52 -19732 7153 -2309 861 END
START 7148 7676 -8604 4711 -3370 659 END
START 3440 3296 -9912 5077 -4039 407 END
START 4480 4748 -10260 3545 -4763 134 END
START 3624 4728 -10420 2499 -6312 -270 END
START 1748 4892 -9096 1071 -7084 -583 END
START 3360 5316 -11268 -193 -8012 -875 END
START 1072 4804 -8684 -1341 -8351 -950 END
START 3196 4440 -11108 -2341 -8127 -905 END
START 1000 3884 -8184 -3293 -7936 -802 END
START 2536 3576 -10096 -3993 -6973 -593 END
START 684 3332 -8360 -4613 -6044 -356 END
START 1268 3368 -9396 -5237 -4887 -31 END
START 724 3352 -9028 -5809 -3763 280 END
START -108 3360 -8840 -6499 -2832 673 END
START -680 3488 -9008 -7276 -1725 1074 END
START -740 3440 -9612 -8153 -936 1498 END
START -1716 3212 -8912 -9058 -135 1984 END
START -1620 3156 -9232 -9986 468 2488 END
START -2628 2796 -8280 -10902 943 3004 END
START -1832 2496 -8924 -11655 1452 3535 END
START -2372 2036 -8048 -12435 1789 4018 END
START -1628 1776 -8644 -13154 2294 4534 END
START -1880 1368 -7924 -13805 2531 4906 END
START -1280 1124 -8160 -14570 2692 5296 END
START -1304 744 -7980 -15057 2610 5610 END
START -816 604 -7812 -15457 2471 5844 END
START -604 300 -8056 -16002 2251 6064 END
START -196 136 -7880 -16582 1850 6200 END
START -8 -172 -7932 -17201 1369 6276 END
START 540 -260 -7960 -17867 764 6229 END
START 652 -352 -7616 -18454 157 6131 END
START 1124 -396 -7512 -19171 -422 5979 END
START 1052 -580 -7184 -19852 -1030 5773 END
START 1204 -860 -6900 -20408 -1586 5579 END
START 816 -1240 -6476 -20915 -2196 5454 END
START 828 -1464 -6452 -21365 -2730 5370 END
START 572 -1892 -6128 -21797 -3196 5314 END
START 712 -2040 -5952 -22238 -3583 5268 END
START 588 -2240 -5964 -22716 -3827 5293 END
START 492 -2404 -5772 -23279 -3939 5299 END
START 64 -2624 -5672 -23851 -4007 5402 END
START -64 -2772 -5380 -24447 -3951 5527 END
START -480 -2924 -5060 -25048 -3902 5761 END
START -928 -3276 -4540 -25658 -3801 6031 END
START -1316 -3408 -4184 -26216 -3729 6384 END
START -1488 -3632 -3900 -26759 -3624 6756 END
START -1948 -3888 -3404 -27272 -3443 7261 END
START -2088 -4092 -3256 -27831 -3275 7840 END
START -2528 -4284 -2716 -28276 -3210 8464 END
START -2868 -4608 -2584 -28842 -3131 9223 END
START -2808 -4936 -2704 -29352 -3074 9984 END
START -2384 -5060 -2320 -30032 -2883 10732 END
START -1920 -5424 -2216 -30752 -2632 11373 END
START -1176 -5756 -2008 -31583 -2317 11929 END
START -496 -6016 -1568 -32403 -1925 12480 END
START 216 -6448 -848 -32768 -1575 12633 END
START 1124 -6684 -264 -32768 -1170 12937 END
START 1980 -7240 564 -32768 -762 13188 END
START 2780 -7676 1628 -32768 -349 13267 END
START 3596 -7936 2348 -32768 2 13176 END
START 4028 -8292 3364 -32768 281 12997 END
START 4592 -8556 4504 -32768 522 13040 END
START 4972 -8772 5448 -32768 649 12557 END
START 5340 -8824 6304 -32768 828 12540 END
START 5816 -8956 7408 -32768 983 12154 END
START 6168 -9136 8664 -32768 1144 11876 END
START 6644 -9332 10036 -32768 1273 11477 END
START 6880 -9580 11680 -32768 1295 11101 END
START 7044 -9708 13340 -32768 1238 10665 END
START 7068 -9772 14832 -32768 1106 10286 END
START 7100 -9592 16272 -32768 927 9901 END
START 7100 -9452 17500 -32768 742 9574 END
START 7072 -9088 18736 -32768 567 9232 END
START 7004 -8672 20116 -32768 249 8872 END
START 6968 -8056 20708 -32768 37 8559 END
START 6900 -7332 21268 -32768 -102 8318 END
START 6900 -6788 21976 -32768 -111 7960 END
START 6956 -5932 22936 -32768 -126 7614 END
START 7132 -5372 23396 -32768 -56 7299 END
START 6924 -4752 24616 -32768 -8 6904 END
START 6620 -4040 25640 -32768 36 6585 END
START 6328 -3588 26796 -32768 47 6307 END
START 6068 -3068 28364 -32768 151 6059 END
START 5960 -2428 29824 -32768 422 5869 END
START 5908 -1792 31244 -32768 897 5805 END
START 6424 -712 32767 -32768 1633 5805 END
START 7120 -392 32767 -32768 2527 5944 END
START 7364 -2020 32767 -32768 3588 5558 END
START 8024 16 32767 -32768 4855 5259 END
START 7580 3188 32767 -32768 5495 5720 END
START 7804 1832 32767 -32768 7209 6003 END
START 9304 -140 32767 -32768 8715 5726 END
START 9768 -1332 32767 -32768 9772 5380 END
START 10144 168 32767 -32768 10362 5073 END
START 10836 624 32767 -32024 11012 4759 END
START 11764 176 32767 -30511 11737 4260 END
START 12576 -456 32767 -28487 12216 3579 END
START 13044 -216 32767 -26344 12268 2884 END
START 12776 276 32767 -24224 11932 2208 END
START 12776 640 32767 -22039 11280 1536 END
START 12384 652 32767 -19914 10295 880 END
START 12108 616 32767 -17783 9120 298 END
START 11924 712 32767 -15721 7801 -227 END
START 11788 792 32767 -13648 6300 -695 END
START 11712 904 32767 -11611 4928 -1111 END
START 11964 908 32767 -9634 3615 -1560 END
START 12120 836 32767 -7757 2524 -1983 END
START 12092 964 32767 -6014 1538 -2420 END
START 12220 1080 32767 -4387 694 -2787 END
START 12312 1284 32767 -2837 -52 -3175 END
START 12164 1380 32767 -1512 -741 -3499 END
START 12276 1460 32767 -252 -1271 -3808 END
START 12308 1744 32767 905 -1590 -4089 END
START 12556 1816 32767 1890 -1651 -4350 END
START 12892 1968 32767 2718 -1493 -4634 END
START 13268 2160 32767 3347 -1116 -4927 END
START 13456 2372 32767 3872 -506 -5209 END
START 14068 2592 32767 4192 345 -5564 END
START 14616 2644 32767 4420 1327 -5926 END
START 15136 2636 32408 4549 2562 -6362 END
START 15776 2676 30904 4622 3832 -6843 END
START 16252 2624 29840 4672 5048 -7463 END
START 16684 2500 28716 4712 6058 -8102 END
START 16984 2488 27640 4737 6883 -8827 END
START 17528 2408 26764 4732 7475 -9613 END
START 18628 2424 25552 4749 7958 -10480 END
START 19800 2532 24448 4705 8244 -11519 END
START 21000 2648 23348 4551 8330 -12683 END
START 21784 2496 22512 4343 8164 -14086 END
START 22216 2396 21700 4076 7887 -15652 END
START 22068 2360 21096 3879 7299 -17185 END
START 21132 2064 20524 3783 6431 -18559 END
START 19884 1920 19784 3745 5297 -19734 END
START 19288 1888 18692 3695 4028 -20696 END
START 18940 1968 17240 3484 2892 -21627 END
START 19540 2124 15960 3113 2073 -22507 END
START 20156 2172 14964 2583 1578 -23497 END
START 20668 2100 14220 2001 1417 -24570 END
START 20996 1900 14120 1518 1363 -25763 END
START 20740 1444 13740 1001 1451 -27051 END
START 19964 1176 13412 649 1543 -28215 END
START 18832 1076 13276 346 1718 -29328 END
START 17980 704 13072 112 1852 -30194 END
START 17452 576 12884 -81 1887 -30905 END
START 16952 440 12052 -272 1902 -31516 END
START 16168 52 11652 -505 1797 -32104 END
START 15816 -276 10936 -700 1723 -32725 END
START 15024 -584 10252 -1005 1586 -32768 END
START 14356 -748 9748 -1357 1436 -32768 END
START 13240 -716 9148 -1759 1269 -32768 END
START 12172 -804 8444 -2201 1139 -32768 END
START 11188 -1064 7964 -2711 997 -32768 END
START 10160 -1416 7520 -3203 766 -32768 END
START 8908 -1876 7268 -3679 354 -32768 END
START 7936 -2116 7040 -4117 -252 -32768 END
START 7024 -2400 6472 -4620 -922 -32768 END
START 6184 -2556 6264 -5256 -1613 -32768 END
START 5348 -2724 6344 -5930 -2278 -32768 END
START 4568 -3004 6672 -6651 -2825 -32768 END
START 3600 -3508 6836 -7405 -3312 -32768 END
START 2560 -4108 7640 -8100 -3690 -32768 END
START 1276 -4792 8280 -8735 -4017 -32768 END
START -360 -5276 9436 -9251 -4382 -32768 END
START -1856 -5644 10440 -9605 -4693 -32768 END
START -3632 -6112 11848 -9866 -4969 -32768 END
START -5140 -6380 13064 -9971 -5254 -32768 END
START -6612 -6652 14172 -9939 -5510 -32768 END
START -8220 -6944 15276 -9757 -5791 -32768 END
START -9748 -7220 16412 -9490 -6084 -32768 END
START -11308 -7740 17200 -9139 -6430 -32768 END
START -12628 -8028 17968 -8818 -6639 -31594 END
START -14020 -8388 18584 -8498 -6627 -30214 END
START -14740 -8752 18972 -8263 -6335 -28802 END
START -15552 -9096 19424 -8062 -5762 -27278 END
START -16084 -9520 20124 -7894 -5065 -25709 END
START -16932 -9848 20668 -7673 -4391 -24155 END
START -17748 -10324 21268 -7484 -3907 -22640 END
START -18812 -10500 22456 -7146 -3762 -21073 END
START -19808 -10620 23120 -6781 -3912 -19508 END
START -20816 -10628 23908 -6388 -4315 -17875 END
START -21692 -10784 24740 -5943 -4852 -16140 END
START -22464 -10832 25460 -5472 -5482 -14372 END
START -22900 -10916 26324 -4953 -5940 -12545 END
START -22892 -10928 26640 -4384 -6191 -10722 END
START -22736 -11104 27128 -3782 -6275 -8907 END
START -22272 -11468 27576 -3059 -6094 -7119 END