START 16812 6132 -7220 9045 5309 2217 END
START 864 1532 -7752 6507 -565 1763 END
START 1412 -116 -8680 2609 -2886 1162 END
START 1952 -676 -8456 -932 -2051 1270 END
START 2364 -488 -10152 -4330 -1191 1202 END
START 1696 -1112 -10164 -7910 -158 1094 END
START 1348 -988 -11412 -11643 -169 1264 END
START 1668 -1348 -11320 -15652 -546 887 END
START 932 -2160 -11136 -18995 -466 747 END
START 2160 -2864 -11672 -22817 -685 548 END
START 2816 -3980 -11304 -26946 -689 -407 END
START 3320 -5684 -11244 -31600 11 -1542 END
START 3380 -7904 -10652 -32768 1552 -2631 END
START 2656 -10816 -9240 -32768 2715 -3632 END
START 2008 -14120 -6912 -32768 4636 -4482 END
START 336 -17116 -1736 -32768 6491 -5037 END
START -2668 -18400 7732 -32768 6284 -4560 END
START -4384 -18296 18740 -32768 4190 -3317 END
START 120 -17440 32664 -32768 3965 -3504 END
START 1044 -18104 32767 -32768 5164 -7460 END
START -4396 -19848 32767 -32768 398 -11448 END
START -9664 -20028 32767 -26284 -4152 -11097 END
START -12284 -18640 32767 -16248 -2931 -6547 END
START -11164 -16124 32767 -9368 4065 -105 END
START -7284 -13320 32767 -4262 10640 4519 END
START -3804 -9816 32767 -104 13687 6169 END
START -1428 -7500 32767 4948 10505 6179 END
START 5136 -5440 32767 9807 3555 4410 END
START 10604 -3364 27488 11879 -5 723 END
START 14192 -2484 23264 11655 1689 -3730 END
START 15400 -2016 19496 10971 5924 -7703 END
START 14132 -2172 15240 10287 7278 -11531 END
START 11236 -2468 11624 10272 4489 -15197 END
START 10360 -2404 10000 10027 -2368 -18222 END
START 14560 -1156 9812 9435 -5806 -21482 END
START 15584 -828 7852 7606 -5214 -26225 END
START 15440 -1420 5652 4783 -3955 -30159 END
START 12932 -3532 5680 1181 -2576 -32712 END
START 8936 -6276 8116 -1190 -2382 -32768 END
START 1816 -10732 13616 -860 -3495 -32768 END
START -4780 -16292 15940 -258 -2361 -32768 END
START -16112 -22140 19776 947 -2001 -29191 END