START 2228 3748 -3720 3777 -2503 1705 END
START 4828 -2420 -15520 4781 -2038 1815 END
START 6080 4708 -7612 2703 -2890 1599 END
START -272 2308 -2424 3227 -2354 1470 END
START 3792 2716 -7960 2380 -3127 1515 END
START -692 2268 -2820 1999 -4387 1535 END
START 2324 2828 -7348 1449 -4630 1710 END
START 388 2244 -6248 951 -5218 1847 END
START 1460 2216 -7984 478 -5072 2116 END
START 976 2016 -8188 -85 -5144 2329 END
START 808 2124 -8484 -763 -5379 2556 END
START 68 2212 -8268 -1550 -5136 2847 END
START 664 2328 -9884 -2365 -5200 3058 END
START -712 2316 -9144 -3250 -4934 3381 END
START 720 2688 -11072 -4290 -4699 3681 END
START -524 2632 -9912 -5332 -4498 3955 END
START 680 2940 -11456 -6529 -3935 4285 END
START -376 2764 -10408 -7725 -3627 4485 END
START 580 2672 -11448 -8905 -2936 4738 END
START 156 2600 -10648 -10120 -2394 4917 END
START 528 2416 -10804 -11122 -1698 5110 END
START 556 2308 -10532 -12210 -927 5239 END
START 564 2200 -10428 -13182 -182 5363 END
START 548 2016 -9868 -14133 680 5494 END
START 508 2076 -10024 -14917 1330 5592 END
START 156 1872 -9144 -15922 2096 5696 END
START 216 1828 -9336 -16803 2683 5804 END
START -500 1760 -8448 -17594 3376 5922 END
START -236 1616 -8640 -18398 3888 6037 END
START -920 1212 -7700 -19110 4367 6221 END
START -684 1200 -7816 -19770 4808 6411 END
START -1172 800 -7048 -20419 5107 6598 END
START -716 728 -7052 -21034 5408 6774 END
START -928 460 -6380 -21620 5587 6885 END
START -696 220 -5940 -22116 5728 6965 END
START -740 -136 -5704 -22674 5654 7023 END
START -708 -284 -5148 -23175 5544 7013 END
START -848 -456 -4716 -23640 5345 7023 END
START -936 -520 -4508 -24058 4967 7067 END
START -1324 -696 -4068 -24462 4600 7165 END
START -1492 -800 -3928 -24813 4123 7300 END
START -1924 -1088 -3428 -25165 3654 7499 END
START -1908 -1144 -3532 -25524 3112 7771 END
START -2208 -1220 -3148 -25911 2624 8136 END
START -2112 -1180 -3004 -26358 2130 8474 END
START -2432 -1152 -2748 -26828 1643 8934 END
START -2444 -1092 -2668 -27306 1171 9407 END
START -2472 -1036 -2316 -27819 707 9886 END
START -2320 -1064 -1984 -28429 401 10344 END
START -2016 -1416 -1656 -28948 85 10789 END
START -1968 -1540 -1276 -29519 -81 11266 END
START -1988 -1932 -1084 -30018 -272 11770 END
START -2112 -2104 -868 -30515 -353 12390 END
START -1884 -2200 -1112 -31090 -331 13003 END
START -1540 -2316 -1604 -31775 -60 13453 END
START -1064 -2372 -1540 -32679 420 13997 END
START -528 -2528 -1780 -32768 1176 14421 END
START 68 -2592 -1668 -32768 2088 14766 END
START 556 -2840 -1340 -32768 3194 15052 END
START 1252 -3108 -960 -32768 4577 15254 END
START 1744 -3612 -140 -32768 6082 15379 END
START 2388 -3944 704 -32768 7733 15470 END
START 2804 -4288 1964 -32768 9333 15485 END
START 3048 -4548 3008 -32768 10817 15431 END
START 3124 -4616 4516 -32768 12048 15357 END
START 3140 -4712 6244 -32768 12979 15281 END
START 3224 -4776 8416 -32768 13540 15108 END
START 3260 -5008 9748 -32768 14038 14893 END
START 3056 -5376 11908 -32768 13904 14687 END
START 3072 -6004 13644 -32768 13288 14437 END
START 2612 -6020 15416 -32768 12776 14227 END
START 2484 -5608 16824 -32768 11495 13985 END
START 2416 -5312 18296 -32768 10344 13840 END
START 2764 -4960 20120 -32768 9392 13611 END
START 3092 -4752 21380 -32768 8615 13450 END
START 3524 -4648 23096 -32768 7915 13200 END
START 3560 -4444 24600 -32768 7372 13117 END
START 3792 -4348 26124 -32768 6954 12608 END
START 3868 -4060 27568 -32768 6779 12609 END
START 4240 -3736 28884 -32768 6737 12568 END
START 4612 -3388 29844 -32768 6884 12304 END
START 5068 -3080 30844 -32768 7155 12051 END
START 5476 -2880 31860 -32768 7524 11664 END
START 5680 -2620 32767 -32768 7992 11257 END
START 5572 -2656 32767 -32768 8382 10856 END
START 5208 -2640 32767 -32768 8570 10598 END
START 4516 -2636 32767 -32768 8526 10411 END
START 3972 -2688 32767 -32768 8097 10415 END
START 3696 -2732 32767 -32768 7653 10496 END
START 3744 -2372 32767 -32768 7043 10644 END
START 4300 -2120 32767 -32231 6471 10777 END
START 4796 -2532 32767 -31475 5930 10762 END
START 5760 -2992 32767 -29546 5246 10550 END
START 5796 408 32767 -30022 3905 10518 END
START 7204 -1660 32767 -28906 3845 10321 END
START 7896 -1980 32767 -27894 3407 9966 END
START 8500 -1988 32767 -26542 3064 9548 END
START 9020 -1680 32767 -25140 2586 9141 END
START 9708 -1444 32767 -23716 2352 8612 END
START 10372 -1360 32767 -22229 2358 7993 END
START 10692 -1124 32767 -20744 2479 7348 END
START 10872 -972 32767 -19097 2741 6677 END
START 10984 -660 32767 -17515 3006 6116 END
START 10904 -356 32767 -16131 3238 5595 END
START 11068 -364 32767 -14894 3524 5092 END
START 10760 -312 32767 -13602 3702 4614 END
START 10764 -92 32767 -12402 3756 4167 END
START 10344 -16 32767 -11220 3620 3776 END
START 10216 -72 32767 -10178 3429 3417 END
START 10124 116 32767 -9079 3184 3168 END
START 10332 248 32767 -8064 3018 2892 END
START 10728 436 32767 -7124 3033 2681 END
START 11376 756 32767 -6317 3145 2450 END
START 11936 888 32767 -5513 3414 2211 END
START 12576 1000 32767 -4757 3751 1828 END
START 13092 1264 32767 -3963 4227 1476 END
START 13580 1144 32767 -3151 4767 1051 END
START 13856 1176 32767 -2254 5366 657 END
START 13872 1096 32767 -1382 5869 251 END
START 14004 1040 32767 -406 6329 -107 END
START 13824 968 32767 598 6570 -394 END
START 13892 936 32767 1585 6696 -659 END
START 14232 912 32767 2501 6706 -922 END
START 14780 1152 32767 3359 6624 -1249 END
START 15480 1292 32767 4129 6454 -1642 END
START 16272 1268 32767 4794 6275 -2157 END
START 17056 1288 32767 5369 6010 -2802 END
START 17712 1304 32704 5962 5726 -3534 END
START 18504 1392 31788 6496 5403 -4359 END
START 19356 1328 30816 6986 5091 -5306 END
START 20408 1372 29624 7490 4811 -6312 END
START 21620 1428 28320 8012 4645 -7413 END
START 22488 1344 27348 8508 4513 -8685 END
START 23128 1304 25992 8987 4367 -10082 END
START 23324 1132 25080 9393 4180 -11503 END
START 23632 1072 23444 9796 3878 -13009 END
START 23236 832 21872 10090 3537 -14418 END
START 22848 900 20404 10276 3054 -15781 END
START 22112 848 18828 10283 2431 -17058 END
START 21832 824 17316 10154 1771 -18273 END
START 21344 820 15752 9946 1149 -19358 END
START 21192 808 14520 9594 728 -20461 END
START 21272 940 13260 9123 330 -21581 END
START 21472 736 12316 8583 122 -22671 END
START 21252 636 11584 7989 -19 -23858 END
START 20956 220 10708 7471 34 -24970 END
START 20112 -312 9956 6944 213 -26064 END
START 19236 -656 9420 6496 580 -27070 END
START 18424 -880 8984 6040 942 -27880 END
START 17120 -1060 8404 5594 1384 -28616 END
START 16012 -1064 7996 5090 1756 -29223 END
START 14924 -1004 7528 4558 2074 -29718 END
START 14028 -920 6672 3932 2346 -30207 END
START 13376 -908 6244 3263 2581 -30673 END
START 12764 -788 5716 2511 2739 -31084 END
START 12000 -812 5656 1783 2774 -31512 END
START 11528 -972 5384 1055 2706 -31938 END
START 11172 -1040 5584 377 2524 -32428 END
START 10628 -1452 5592 -279 2268 -32768 END
START 10188 -1776 5640 -815 1904 -32768 END
START 9504 -2084 5988 -1326 1441 -32768 END
START 9136 -2276 6480 -1671 798 -32768 END
START 8540 -2420 6720 -2101 26 -32768 END
START 8120 -2556 7076 -2416 -727 -32768 END
START 7628 -2860 7424 -2736 -1492 -32768 END
START 6836 -3084 8004 -3059 -2190 -32768 END
START 5920 -3332 8328 -3285 -2874 -32768 END
START 4972 -3608 8880 -3512 -3472 -32768 END
START 4180 -3784 9392 -3660 -4000 -32768 END
START 3064 -4164 9868 -3762 -4404 -32768 END
START 1796 -4388 10264 -3806 -4739 -32768 END
START 584 -4760 10520 -3818 -5038 -32768 END
START -472 -4948 10504 -3820 -5269 -32768 END
START -1680 -5028 10616 -3850 -5329 -32768 END
START -2860 -5196 10488 -3904 -5211 -32768 END
START -3872 -5112 10508 -4076 -4889 -32768 END
START -5020 -5256 10352 -4298 -4492 -32768 END
START -6280 -5272 10224 -4601 -4082 -32768 END
START -7292 -5320 10280 -4970 -3647 -32700 END
START -8600 -5268 10236 -5357 -3301 -31731 END
START -9536 -5468 10592 -5830 -3029 -30623 END
START -10456 -5640 11100 -6312 -2916 -29375 END
START -11156 -5916 11524 -6776 -2722 -28135 END
START -11928 -6000 12256 -7255 -2567 -26842 END
START -12172 -6048 12972 -7660 -2273 -25518 END
START -12660 -6284 13652 -8003 -1933 -24228 END
START -12904 -6344 14752 -8251 -1630 -23019 END
START -13164 -6636 15520 -8491 -1377 -21832 END
START -13352 -6880 16660 -8617 -1265 -20697 END
START -13512 -7108 17820 -8705 -1320 -19733 END