START 20988 10348 -18916 -4 -6776 1187 END
START 8888 1120 -19072 -8432 3999 1384 END
START 2340 -2140 -14400 -15049 8446 4226 END
START 1192 -3496 -11088 -19782 8019 5960 END
START 3748 -4880 -7512 -22073 5051 3772 END
START 5556 -6744 -4868 -23375 2043 281 END
START 4704 -8124 -3788 -25410 596 -3195 END
START 1576 -10768 -3172 -28956 1411 -4309 END
START -1252 -13064 -1972 -32768 2691 -2472 END
START -3852 -14848 152 -32768 5287 501 END
START -6124 -15592 3172 -32768 6723 3410 END
START -9056 -15244 6672 -32768 6629 5821 END
START -6980 -13564 13268 -32768 4790 8323 END
START -2724 -11044 22060 -32768 5935 8259 END
START -612 -9924 32767 -32768 6864 6045 END
START 1608 -10092 32767 -32768 6372 2892 END
START 1992 -10456 32767 -32768 4933 840 END
START 612 -9988 32767 -30410 2243 1101 END
START 2700 -8348 32767 -20592 1730 1731 END
START 5016 -5716 32767 -11404 2499 1531 END
START 6164 -3472 32767 -3645 4122 447 END
START 5548 -2080 32767 3158 5097 -450 END
START 6604 -1120 32767 8895 4426 -1207 END
START 9696 -432 32767 12523 3609 -2987 END
START 13656 -1368 30612 14963 3502 -5716 END
START 19212 -1940 24168 16336 4488 -10137 END
START 21392 -3240 18804 16299 6107 -15614 END
START 22004 -3588 13304 15022 6313 -21884 END
START 20268 -4744 10200 13019 6750 -27530 END
START 18608 -5284 8224 11756 4637 -32768 END
START 16260 -6072 6760 10987 2860 -32768 END
START 14808 -6636 4404 9419 2025 -32768 END
START 10252 -8488 2204 6010 1804 -32768 END
START 2456 -11744 2244 2133 867 -32768 END
START -5432 -14800 6312 531 -4267 -32768 END
START -9872 -17216 11552 -459 -7295 -32768 END
START -17704 -20436 16688 -1255 -3071 -32768 END
START -26296 -23812 19776 -1156 223 -25382 END