START 6036 2336 -16204 10816 -5860 2802 END
START 1684 -656 -13932 7126 -11549 2748 END
START 1420 -1784 -10900 5311 -14839 2664 END
START 3476 -1860 -10852 2777 -13365 3284 END
START 5792 -1704 -12232 -2102 -7324 1816 END
START 4576 -2940 -14756 -8408 -2993 286 END
START 2188 -4020 -13836 -13848 -2855 -82 END
START 1536 -4984 -13688 -18099 -3190 328 END
START 772 -5784 -14368 -22193 -3745 778 END
START 1708 -7036 -15476 -26702 -3253 991 END
START 676 -8228 -17256 -32075 -1903 1822 END
START -1288 -9616 -18944 -32768 -3949 3325 END
START -976 -10772 -18892 -32768 -8244 6120 END
START 640 -12008 -14272 -32768 -13039 8893 END
START 5004 -14312 -3660 -32768 -15054 11380 END
START 13632 -20584 16140 -32768 -9972 11294 END
START 16988 -25948 32767 -32768 -259 6229 END
START 8316 -28540 32767 -32768 -1649 970 END
START -1716 -28132 32767 -32768 -12218 -210 END
START -3032 -21872 32767 -19175 -14697 5310 END
START 4212 -13684 32767 -11002 -1274 10584 END
START 8256 -7840 32767 -5855 12655 11725 END
START 10720 -3644 32767 52 15411 8941 END
START 14208 -804 32767 5704 14226 4442 END
START 16356 664 32767 9726 12375 -1553 END
START 16680 244 27548 11699 11835 -6708 END
START 18764 -864 22988 13074 12103 -12081 END
START 19020 -2268 17964 13320 13076 -18008 END
START 23152 -2544 12588 11001 16457 -24472 END
START 22264 -3480 9504 6052 21210 -31066 END
START 24564 -3976 9916 3488 23961 -32768 END
START 23732 -4504 8836 3046 23390 -32768 END
START 17472 -6828 7148 2790 19799 -32768 END
START 7056 -7500 6308 2463 15980 -32768 END
START 3352 -6880 4008 1366 12704 -32768 END
START -480 -8220 3264 -1270 8434 -32768 END
START -5916 -11688 8440 -792 -2421 -32768 END
START -7280 -14708 13836 2101 -10117 -32768 END
START -13696 -16812 14492 1329 -4929 -30798 END