START 2028 4464 -2260 8855 1910 306 END
START 5092 -1548 -16428 10086 2530 544 END
START 4132 5260 -6548 7694 1569 419 END
START 492 3528 12 8153 1455 211 END
START 1064 3016 -1028 7263 802 160 END
START 4284 3228 -4172 6597 -582 -84 END
START 1768 2516 -1088 5849 -1510 -416 END
START 4968 2236 -5036 5170 -1828 -744 END
START 2200 1524 -2260 4532 -2864 -1132 END
START 3024 1584 -4480 3929 -3203 -1366 END
START 1392 1756 -3224 3357 -4097 -1483 END
START 1236 2128 -4184 2769 -4550 -1506 END
START 720 2308 -4624 2099 -4745 -1405 END
START 140 2324 -4904 1482 -5135 -1209 END
START -1192 2164 -4304 770 -5072 -908 END
START -784 2292 -5704 67 -5292 -594 END
START -2228 2160 -4684 -699 -5163 -183 END
START -1564 2412 -6044 -1519 -4977 245 END
START -2836 2396 -4876 -2413 -4825 678 END
START -2156 2624 -5640 -3245 -4417 1172 END
START -3204 2400 -4440 -4112 -4196 1679 END
START -2656 2504 -4744 -4872 -3643 2246 END
START -2696 2400 -3844 -5488 -3243 2746 END
START -2140 2432 -3532 -6037 -2632 3302 END
START -1872 2448 -3372 -6420 -2043 3730 END
START -1204 2460 -3080 -6746 -1394 4101 END
START -668 2512 -2804 -6969 -670 4310 END
START 244 2692 -3120 -7121 -77 4427 END
START 260 2828 -2736 -7278 575 4483 END
START 952 2960 -3372 -7359 1082 4486 END
START 664 3036 -3048 -7475 1507 4468 END
START 1000 3228 -3912 -7548 1897 4488 END
START 568 3500 -4180 -7663 2016 4496 END
START 916 3640 -5016 -7824 2113 4498 END
START 944 3856 -5492 -8058 2073 4507 END
START 860 3812 -5724 -8342 1977 4443 END
START 1076 3944 -6464 -8732 1811 4403 END
START 1104 3812 -7112 -9131 1568 4341 END
START 1108 3804 -7552 -9587 1255 4266 END
START 1376 3876 -8296 -10083 799 4139 END
START 1576 3852 -8728 -10615 268 3994 END
START 1924 3908 -9392 -11186 -210 3762 END
START 1892 3964 -9644 -11953 -819 3463 END
START 1968 3876 -9912 -12713 -1341 3163 END
START 1856 3924 -9952 -13579 -1782 2825 END
START 1708 3616 -10008 -14483 -2111 2578 END
START 1136 3468 -9860 -15228 -2502 2377 END
START 816 3132 -9872 -15815 -2841 2266 END
START 240 2868 -9664 -16583 -3203 2265 END
START 132 2608 -9932 -17295 -3474 2276 END
START -320 2532 -9852 -18125 -3613 2352 END
START -388 2604 -9856 -19004 -3586 2474 END
START -680 2372 -9908 -20033 -3445 2631 END
START -1140 2056 -9320 -21061 -3330 2865 END
START -1780 1732 -8916 -22043 -3109 3171 END
START -2108 1416 -8336 -22999 -2789 3584 END
START -2476 1076 -7788 -23856 -2360 4105 END
START -2772 824 -7516 -24579 -1903 4711 END
START -2896 336 -7184 -25236 -1450 5300 END
START -2644 120 -7344 -25881 -996 5923 END
START -2396 -124 -7376 -26627 -496 6444 END
START -2248 -68 -7448 -27494 -72 6935 END
START -2228 76 -7532 -28456 303 7443 END
START -2300 300 -7144 -29568 716 7943 END
START -2092 560 -6924 -30661 1048 8427 END
START -1836 660 -6448 -31804 1453 8873 END
START -1456 360 -5740 -32768 1870 9305 END
START -1328 108 -5180 -32768 2200 9664 END
START -1076 -276 -4448 -32768 2715 9959 END
START -492 -744 -3672 -32768 3184 10224 END
START -244 -1028 -3176 -32768 3705 10436 END
START 112 -1172 -2572 -32768 4170 10593 END
START 464 -1024 -1796 -32768 4700 10776 END
START 920 -1028 -1064 -32768 5214 10878 END
START 1336 -1160 -324 -32768 5731 10933 END
START 1820 -1216 348 -32768 6242 10942 END
START 2316 -1424 1488 -32768 6674 10895 END
START 2468 -1856 2736 -32768 7015 10784 END
START 2776 -2212 3592 -32768 7215 10664 END
START 2872 -2592 4484 -32768 7286 10567 END
START 2888 -2796 5604 -32768 7238 10502 END
START 2852 -2804 6784 -32768 7118 10438 END
START 2888 -2600 7872 -32768 6926 10449 END
START 2960 -2296 9064 -32768 6658 10428 END
START 3080 -2276 10204 -32768 6440 10469 END
START 3528 -2208 11328 -32768 6181 10460 END
START 3948 -2212 12484 -32768 6098 10425 END
START 4384 -2132 13840 -32768 6133 10313 END
START 4944 -2108 14880 -32768 6190 10166 END
START 5064 -1888 16228 -32768 6218 9958 END
START 5488 -1720 17032 -32768 6331 9791 END
START 5480 -1424 18436 -32768 6377 9607 END
START 5460 -1324 19168 -32768 6489 9390 END
START 5300 -1284 20376 -32768 6473 9178 END
START 5204 -1348 21784 -32768 6384 8924 END
START 5020 -1260 22828 -32768 6112 8657 END
START 4748 -1236 23840 -32768 5869 8477 END
START 4584 -1204 24452 -32768 5608 8262 END
START 4296 -1152 25380 -32768 5304 8097 END
START 4328 -1152 26616 -32768 5009 7945 END
START 4272 -1068 27848 -32768 4714 7847 END
START 4084 -952 29368 -32768 4433 7717 END
START 4052 -868 31212 -32768 4235 7621 END
START 4112 -852 32056 -32768 4262 7548 END
START 4136 -856 32767 -32768 4430 7455 END
START 4248 -848 32767 -32768 4794 7399 END
START 4404 -920 32767 -32768 5326 7307 END
START 4508 -980 32767 -32768 5963 7258 END
START 4644 -932 32767 -32768 6612 7217 END
START 4532 -556 32767 -32768 7367 7149 END
START 4452 -324 32767 -32768 8011 7084 END
START 4276 -24 32767 -32768 8543 6962 END
START 3696 92 32767 -31973 8936 6916 END
START 3388 368 32767 -30574 9058 6875 END
START 3076 424 32767 -29000 9066 6837 END
START 2668 572 32767 -27257 8832 6898 END
START 2496 732 32767 -25535 8597 6925 END
START 2220 936 32767 -23689 8176 7059 END
START 2152 1156 32767 -21890 7724 7222 END
START 2248 1452 32767 -20027 7159 7374 END
START 2528 1768 32767 -18225 6553 7551 END
START 2800 1948 32767 -16516 5899 7711 END
START 3292 2220 32767 -14714 5279 7867 END
START 3872 2336 32767 -13289 4633 7937 END
START 4308 2496 32767 -11622 4034 7974 END
START 5016 2680 32767 -10070 3451 7993 END
START 5660 2880 32767 -8560 2928 7958 END
START 6556 3176 32767 -7137 2531 7935 END
START 7444 3336 32767 -5868 2310 7822 END
START 8436 3648 32767 -4646 2331 7679 END
START 9528 3920 32767 -3579 2455 7480 END
START 10396 4152 32767 -2713 2743 7153 END
START 10976 4308 32767 -1927 3080 6795 END
START 11580 4528 32767 -1219 3446 6398 END
START 11796 4512 32767 -502 3771 5965 END
START 11972 4460 32767 104 4039 5566 END
START 12092 4596 32767 751 4107 5126 END
START 12080 4680 32767 1415 4111 4734 END
START 12220 4580 32767 1995 3951 4322 END
START 12164 4500 32767 2667 3700 3930 END
START 12136 4260 32767 3288 3352 3581 END
START 12468 4344 31992 3902 3052 3236 END
START 13100 4348 30348 4441 2783 2865 END
START 13744 4496 28768 4841 2716 2350 END
START 14560 4672 27240 5124 2805 1859 END
START 15428 4644 25908 5270 3037 1276 END
START 16192 4784 24712 5303 3383 650 END
START 16928 4748 23528 5208 3716 -72 END
START 17344 4740 22700 5117 4055 -782 END
START 17960 4760 22200 5048 4402 -1520 END
START 18496 4480 21416 4958 4668 -2352 END
START 18748 4316 20792 4906 4863 -3202 END
START 18952 4184 20240 4868 4944 -4186 END
START 19056 3892 19748 4920 4939 -5146 END
START 18904 3580 19392 4958 4767 -6098 END
START 18656 3280 18888 5059 4532 -7022 END
START 18328 2768 18568 5158 4135 -7860 END
START 17784 2376 18136 5283 3609 -8646 END
START 17696 2036 17444 5487 3072 -9338 END
START 17684 1628 17104 5635 2439 -10094 END
START 17944 1296 16672 5821 1845 -10800 END
START 18044 968 16108 5982 1239 -11588 END
START 18276 468 15704 6129 696 -12408 END
START 18396 120 15020 6244 308 -13330 END
START 18620 -300 14412 6352 57 -14197 END
START 18552 -584 13688 6417 -91 -14989 END
START 18516 -928 12984 6432 -198 -15851 END
START 18272 -1232 12288 6395 -359 -16574 END
START 17924 -1364 11324 6287 -495 -17299 END
START 17868 -1448 10640 6080 -649 -17925 END
START 17672 -1256 9884 5747 -876 -18547 END
START 17812 -1236 9480 5355 -1033 -19182 END
START 18072 -1188 8896 4910 -1184 -19784 END
START 18628 -1180 8520 4440 -1251 -20495 END
START 18868 -1040 8232 3968 -1269 -21241 END
START 19160 -1076 7876 3462 -1151 -22107 END
START 19232 -1184 7580 3067 -1052 -22995 END
START 18996 -1476 7376 2643 -877 -24033 END
START 18788 -1456 6876 2304 -744 -24965 END
START 18112 -1604 6628 1943 -643 -25907 END
START 17464 -1672 6124 1514 -542 -26752 END
START 16804 -1540 5960 1061 -494 -27433 END
START 16448 -1448 5176 519 -469 -28044 END
START 16284 -1244 4892 -73 -453 -28600 END
START 16332 -1016 4660 -782 -472 -29237 END
START 16220 -1152 4476 -1578 -495 -29974 END
START 15952 -1284 4564 -2401 -542 -30767 END
START 15556 -1424 4768 -3281 -715 -31678 END
START 14768 -1476 5252 -4123 -840 -32571 END
START 13924 -1548 5644 -4940 -1044 -32768 END
START 13028 -1576 6440 -5727 -1192 -32768 END
START 12016 -1860 7188 -6500 -1322 -32768 END
START 10896 -2108 8128 -7164 -1471 -32768 END
START 9728 -2424 9364 -7714 -1640 -32768 END
START 8592 -2800 10532 -8238 -1836 -32768 END
START 7152 -3212 11708 -8614 -2087 -32768 END
START 5720 -3452 13072 -8869 -2485 -32768 END
START 4344 -3684 14536 -8994 -3027 -32768 END
START 2908 -3812 15616 -8940 -3542 -32768 END
START 1428 -3920 16900 -8792 -4186 -32768 END
START 116 -4156 18128 -8569 -4852 -32768 END
START -1392 -4312 19496 -8227 -5609 -32768 END
START -2668 -4600 20864 -7829 -6526 -32768 END
START -3888 -4804 22112 -7354 -7453 -32768 END
START -4968 -4944 23648 -6748 -8466 -32768 END
START -5900 -5116 24944 -6033 -9475 -32768 END
START -6720 -5476 26192 -5173 -10528 -32768 END