START 3864 4236 -5892 3972 -1883 -472 END
START 5916 -604 -18144 5035 -869 0 END
START 6856 8096 -9336 2448 -1606 43 END
START -144 2764 -5876 2697 -1369 112 END
START 2752 3616 -8148 1683 -1109 330 END
START 1980 3772 -7308 853 -1709 476 END
START 1160 3652 -6732 -56 -1500 651 END
START 3144 3952 -8840 -815 -1056 856 END
START 3220 3736 -9092 -1560 -1197 1015 END
START 748 3120 -5656 -2318 -662 1266 END
START 2888 3156 -8028 -2851 -672 1424 END
START 864 2712 -5292 -3428 -536 1632 END
START 2468 2612 -6784 -3892 -291 1838 END
START 1728 2416 -5392 -4304 -519 1997 END
START 2336 2368 -6064 -4706 -233 2147 END
START 2428 2228 -6000 -5119 -236 2225 END
START 2236 2156 -5688 -5506 16 2241 END
START 2360 2128 -5344 -5932 344 2290 END
START 2828 2116 -6044 -6372 353 2268 END
START 1916 1876 -5184 -6763 662 2333 END
START 2736 1916 -6308 -7217 756 2379 END
START 1836 1908 -5424 -7580 902 2492 END
START 2576 1864 -6420 -8085 1065 2555 END
START 1808 1876 -5716 -8557 1072 2618 END
START 2384 1780 -6680 -9103 1219 2720 END
START 1892 1820 -6164 -9618 1187 2777 END
START 2312 1724 -6644 -10207 1337 2835 END
START 2052 1632 -6900 -10845 1410 2884 END
START 2108 1404 -6940 -11473 1519 2968 END
START 2056 1312 -7236 -12158 1703 2997 END
START 1992 1320 -7208 -12838 1837 3070 END
START 1604 1176 -7280 -13583 2032 3083 END
START 1588 1068 -7604 -14368 2135 3178 END
START 1064 892 -7432 -15109 2312 3244 END
START 1168 1012 -7772 -15650 2396 3303 END
START 728 964 -7588 -16436 2552 3365 END
START 716 856 -7864 -17178 2652 3404 END
START 84 564 -7560 -17898 2757 3462 END
START -76 380 -7740 -18565 2832 3506 END
START -588 184 -7628 -19290 2868 3606 END
START -780 64 -7832 -19986 2878 3754 END
START -1284 -192 -7764 -20726 2878 3894 END
START -1672 -152 -7684 -21525 2738 4066 END
START -2096 -252 -7408 -22343 2596 4308 END
START -2596 -336 -7340 -23157 2362 4652 END
START -3208 -176 -7028 -24016 2140 5046 END
START -3516 -460 -6440 -24744 1840 5483 END
START -3676 -632 -5888 -25486 1641 6042 END
START -3584 -840 -5540 -26123 1515 6623 END
START -3400 -1140 -5196 -26728 1526 7182 END
START -2876 -1424 -4956 -27322 1579 7758 END
START -2460 -1812 -4348 -27904 1745 8272 END
START -1740 -2096 -4312 -28508 1929 8700 END
START -852 -2100 -3964 -29173 2220 9035 END
START -120 -2148 -3560 -29798 2558 9267 END
START 340 -2276 -3132 -30518 2830 9420 END
START 1044 -2320 -2808 -31218 3124 9442 END
START 1628 -2372 -2292 -31940 3395 9424 END
START 2184 -2628 -1844 -32601 3722 9328 END
START 2668 -2864 -1536 -32768 4095 9176 END
START 3076 -3064 -1396 -32768 4523 9031 END
START 3568 -3284 -944 -32768 4980 8796 END
START 3684 -3276 -576 -32768 5472 8503 END
START 3688 -3260 104 -32768 5877 8170 END
START 3408 -3344 540 -32768 6127 7872 END
START 3184 -3192 1380 -32768 6301 7596 END
START 2768 -3196 2360 -32768 6266 7345 END
START 2388 -3216 3260 -32768 6185 7235 END
START 1840 -3328 4188 -32768 5953 7196 END
START 1628 -3372 5020 -32768 5662 7233 END
START 1344 -3484 6108 -32768 5407 7358 END
START 1192 -3432 6504 -32768 5167 7522 END
START 1216 -3400 7552 -32768 4976 7706 END
START 1368 -3508 8536 -32768 4868 7895 END
START 1416 -3700 9708 -32768 4772 8066 END
START 1604 -4048 11100 -32768 4726 8227 END
START 1664 -4276 12388 -32768 4756 8318 END
START 1620 -4420 13956 -32768 4897 8377 END
START 1824 -4640 15300 -32768 5156 8522 END
START 2092 -4620 16296 -32768 5639 8633 END
START 2144 -4568 17588 -32768 6310 8748 END
START 2344 -4448 18888 -32768 7126 8897 END
START 2704 -4132 20520 -32768 8024 8992 END
START 3080 -4044 22084 -32768 8956 9052 END
START 3464 -3780 23724 -32768 9966 9029 END
START 3704 -3456 25780 -32768 10810 8923 END
START 3952 -3296 28036 -32768 11465 8739 END
START 4540 -3096 30700 -32768 12062 8523 END
START 4580 -2868 32767 -32768 12443 8219 END
START 4664 -2640 32767 -32768 12560 7764 END
START 4924 -2468 32767 -32768 12614 7326 END
START 5020 -2208 32767 -32768 12398 6815 END
START 5308 -1844 32767 -32768 12017 6306 END
START 5452 -1256 32767 -32768 11372 5696 END
START 5780 -1044 32767 -32768 10549 5020 END
START 6012 -704 32767 -32768 9482 4365 END
START 6296 -332 32767 -32768 8495 3634 END
START 6480 -172 32767 -32189 7476 2996 END
START 6808 -520 32767 -30488 6703 2276 END
START 5824 -128 32767 -27858 5924 1768 END
START 5716 2432 32767 -27148 4448 1553 END
START 5332 1048 32767 -25401 4007 1417 END
START 5360 896 32767 -23756 3445 1334 END
START 4908 1092 32767 -22015 2737 1324 END
START 4732 1492 32767 -20269 1988 1412 END
START 5092 1680 32767 -18548 1354 1554 END
START 5312 1860 32767 -16846 901 1579 END
START 5868 1924 32767 -15218 765 1718 END
START 5752 2060 32767 -13436 587 1858 END
START 6312 2404 32767 -11665 609 2105 END
START 6736 2448 32767 -10094 687 2363 END
START 6900 2436 32767 -8518 1001 2569 END
START 7780 2428 32767 -7074 1438 2844 END
START 8240 2432 32767 -5676 1973 3017 END
START 8908 2248 32767 -4261 2562 3162 END
START 9712 2272 32767 -2883 3288 3228 END
START 10672 2284 32767 -1549 4045 3293 END
START 11960 2160 32767 -273 4935 3253 END
START 13152 2016 32767 1041 5793 3054 END
START 14532 1964 32767 2273 6622 2725 END
START 15496 1808 32767 3573 7417 2240 END
START 16652 1904 32767 4671 8058 1595 END
START 17656 1824 32767 5844 8580 825 END
START 18800 1924 32767 6930 8959 -117 END
START 19492 1824 32767 7860 9107 -1160 END
START 20240 1572 32767 8848 9032 -2279 END
START 21256 1536 32767 9821 8789 -3524 END
START 21948 1532 32767 10796 8311 -4881 END
START 23144 1736 32767 11526 7722 -6351 END
START 24064 1728 31404 12196 7070 -8067 END
START 24632 1664 28968 12690 6323 -9826 END
START 24824 1624 26832 13002 5633 -11650 END
START 24500 1772 24796 13114 4764 -13548 END
START 23796 1836 23080 13061 3910 -15287 END
START 22840 1868 21272 12880 2860 -16894 END
START 21748 1812 19784 12645 1823 -18260 END
START 20900 1828 18608 12335 843 -19452 END
START 20152 1644 17200 11998 -21 -20403 END
START 19660 1512 15880 11668 -725 -21208 END
START 19528 1368 14912 11275 -1191 -21965 END
START 19532 1596 13840 10760 -1465 -22823 END
START 19404 1532 13036 10272 -1624 -23789 END
START 19256 1356 12556 9746 -1650 -24805 END
START 19056 1116 11992 9249 -1495 -25805 END
START 18856 764 11348 8802 -1254 -26715 END
START 18320 424 10920 8432 -818 -27637 END
START 17892 64 10248 8094 -343 -28436 END
START 17664 -64 9956 7758 195 -29224 END
START 17272 -156 9440 7504 717 -30003 END
START 16820 -348 8948 7228 1178 -30826 END
START 16708 -504 8680 6974 1554 -31660 END
START 16284 -604 8056 6720 1826 -32579 END
START 15744 -860 7384 6441 1908 -32768 END
START 15112 -1012 6732 6061 1806 -32768 END
START 14124 -1260 6240 5690 1439 -32768 END
START 13268 -1364 5800 5248 903 -32768 END
START 12776 -1492 5160 4727 98 -32768 END
START 12392 -1556 4556 4177 -804 -32768 END
START 12244 -1564 3980 3472 -1804 -32768 END
START 11948 -1884 3700 2712 -2917 -32768 END
START 11516 -2152 3288 1951 -4028 -32768 END
START 11008 -2452 3460 1142 -5149 -32768 END
START 10012 -2716 3512 281 -6244 -32768 END
START 8784 -2824 3788 -489 -7154 -32768 END
START 7524 -3084 4252 -1247 -7934 -32768 END
START 6156 -3288 4916 -1977 -8482 -32768 END
START 4492 -3552 5600 -2585 -8877 -32768 END
START 2780 -3796 6268 -3030 -9141 -32768 END
START 916 -4156 6780 -3395 -9257 -32768 END
START -780 -4284 7152 -3661 -9200 -32768 END
START -2480 -4248 7640 -3840 -9066 -32768 END
START -4148 -4164 7484 -4060 -8709 -32768 END
START -5856 -4044 7528 -4371 -8211 -32768 END
START -7416 -3828 7684 -4741 -7603 -32768 END
START -9176 -3836 8020 -5218 -7071 -32768 END
START -10780 -3720 8352 -5660 -6516 -32768 END
START -12336 -3604 8484 -6061 -6035 -32768 END
START -13884 -3788 9056 -6525 -5687 -32768 END
START -15120 -3992 9772 -6879 -5505 -32768 END
START -16464 -4164 10200 -7269 -5532 -32768 END
START -18084 -4436 11060 -7612 -5592 -32099 END
START -19012 -4308 11636 -7969 -5628 -30143 END
START -20104 -4468 12456 -8313 -5589 -28268 END
START -21012 -4444 13920 -8563 -5456 -26175 END
START -21768 -4624 15040 -8773 -5489 -24098 END
START -22392 -4796 16564 -8878 -5740 -22132 END
START -22540 -5156 17984 -8886 -6081 -20126 END
START -22512 -5408 19180 -8761 -6365 -18187 END
START -22256 -5472 20200 -8522 -6443 -16306 END
START -21960 -5536 21188 -8232 -6325 -14598 END
START -21872 -5600 22464 -7837 -6037 -12846 END
START -21736 -5972 23412 -7386 -5704 -11140 END
START -21380 -6480 24740 -6831 -5315 -9327 END
START -21160 -6948 25636 -6294 -4859 -7486 END
START -20600 -7408 26436 -5688 -4479 -5743 END
START -19856 -7684 26912 -5061 -4027 -3964 END