START 19848 5040 -20052 5398 6240 7396 END
START 3288 536 -14084 220 1301 6988 END
START -696 -1320 -11024 -5288 -1800 5307 END
START 780 -2712 -13656 -12815 -3337 4183 END
START 1152 -3724 -12160 -20183 -5160 3074 END
START 1252 -5700 -9188 -25215 -1831 1173 END
START -1972 -7464 -9528 -28956 2264 1010 END
START -4948 -9344 -9672 -32473 2539 2328 END
START -7356 -11028 -10680 -32768 299 4842 END
START -6916 -12268 -10492 -32768 -3617 7645 END
START -4092 -14876 -8352 -32768 -3635 9124 END
START 124 -16320 -5176 -32768 1814 9112 END
START 328 -18108 1120 -32768 8523 6357 END
START 656 -20440 16184 -32768 9047 3675 END
START 2944 -21140 32767 -32768 5958 -1184 END
START 1932 -19620 32767 -32768 623 -8029 END
START -4720 -17624 32767 -29680 -8783 -10497 END
START -2920 -14300 32767 -18386 -12538 -6791 END
START 812 -10972 32767 -12774 -2568 -3401 END
START 2448 -8336 32767 -7946 6288 -1552 END
START 3688 -6272 32767 -3866 11499 -1814 END
START 3092 -5304 32767 627 13136 -3242 END
START 2608 -4884 31728 3768 11816 -4675 END
START 2604 -4808 26144 5394 9446 -5393 END
START 3664 -5284 23184 6125 6406 -5903 END
START 8368 -4856 21236 6774 4766 -6677 END
START 14148 -4136 19064 7123 5445 -9465 END
START 18088 -3876 16732 7347 6097 -14168 END
START 19660 -3464 13644 6901 6184 -19161 END
START 21584 -3048 12720 5795 5025 -23316 END
START 22828 -2724 12608 5121 3478 -28249 END
START 23624 -3064 11884 5244 2143 -32768 END
START 22024 -4160 9892 4445 846 -32768 END
START 21064 -6500 8488 2456 -1229 -32768 END
START 19876 -10516 8112 -2904 754 -32768 END
START 8800 -18160 15056 -6500 2993 -32768 END
START -7192 -26336 23672 -3073 -957 -32768 END
START -20548 -29820 28884 4464 -9117 -32768 END