START 18552 5456 -16652 8431 -1149 2995 END
START 2904 2148 -17936 2144 -8127 2947 END
START 1908 144 -13832 -3092 -8571 2541 END
START 880 -580 -11564 -7586 -5367 2558 END
START 980 -1320 -10660 -11133 -1210 1425 END
START -568 -2136 -12160 -14233 1353 507 END
START -1812 -2828 -13212 -17825 -164 889 END
START -1348 -4264 -13264 -21832 -2644 1666 END
START 1568 -5320 -13416 -27145 -2588 1527 END
START 1616 -7644 -12076 -32768 -76 614 END
START 40 -10620 -10112 -32768 496 380 END
START -1452 -13600 -6484 -32768 -3620 434 END
START -2128 -15776 -804 -32768 -10122 1299 END
START -904 -17232 6496 -32768 -13525 3816 END
START 2316 -17692 16256 -32768 -12889 6974 END
START 9964 -16728 29000 -32768 -4683 8031 END
START 13200 -15640 32767 -32768 1828 4358 END
START 8432 -14560 32767 -32768 -2000 -234 END
START 5964 -11108 32767 -30142 -9083 -2169 END
START 6452 -7432 32767 -17472 -13188 -1677 END
START 11276 -5160 32767 -7684 -14089 -1572 END
START 15808 -3108 32767 165 -14093 -4395 END
START 17352 -1608 32767 4224 -12065 -8255 END
START 15568 -1204 32767 4571 -5729 -10781 END
START 10804 -600 32767 3907 1969 -10449 END
START 8276 -96 32404 4567 6250 -8429 END
START 8628 1136 28404 5577 6984 -7878 END
START 9064 1216 25260 6028 4974 -9196 END
START 9028 1508 22976 6491 1450 -9948 END
START 8952 1840 21944 6697 -851 -10006 END
START 9376 2304 20576 6722 448 -8373 END
START 12940 2660 19448 6524 4618 -6450 END
START 18336 4052 16116 6176 10093 -6595 END
START 23656 3792 13016 5366 11847 -10532 END
START 27340 3000 9020 4131 9468 -16922 END
START 27516 1816 6136 2071 6390 -24178 END
START 24884 -800 6580 538 3957 -30348 END
START 20328 -3756 5020 -499 5248 -32768 END
START 14188 -6152 1844 -2181 6059 -32768 END
START 10896 -7860 -104 -5156 4910 -32768 END
START 5712 -10384 1600 -7166 -1279 -32768 END
START 276 -13044 5504 -7156 -11228 -32768 END
START -7988 -18608 11236 -7204 -20892 -32768 END
START -20344 -24968 20600 -7272 -22607 -32768 END
START -32768 -29292 32276 -3071 -22676 -21225 END
START -32768 -28316 32767 6414 -21396 -1328 END