START 17636 7880 -13500 3378 4697 144 END
START 7588 636 -14420 1634 -265 -1255 END
START -108 -1276 -8964 12 -1701 -1920 END
START 2612 -1352 -10752 -2424 -2612 -2083 END
START 1536 -1176 -10744 -5996 -2752 -2345 END
START 2024 -1812 -12288 -10620 -2385 -3206 END
START 2972 -2508 -12216 -15669 -2231 -3574 END
START 4704 -3056 -11980 -20844 -528 -4958 END
START 3732 -5008 -12012 -25743 629 -6400 END
START 3676 -6720 -11576 -30684 1126 -6785 END
START 2768 -8948 -10540 -32768 907 -7755 END
START 444 -11348 -8864 -32768 -621 -8229 END
START -852 -14372 -6608 -32768 -2553 -7957 END
START -2800 -17296 -1280 -32768 -3520 -7131 END
START -6268 -19616 8816 -32768 -4713 -4793 END
START -3936 -21400 25616 -32768 -5629 -2670 END
START 1484 -20620 32767 -32768 -1846 -5764 END
START -3152 -19816 32767 -32768 1915 -10829 END
START -12356 -19184 32767 -30619 -493 -10128 END
START -12072 -15932 32767 -20227 -1536 -4069 END
START -6648 -10768 32767 -12652 3735 783 END
START -2020 -7796 32767 -7365 9998 2784 END
START 1904 -4980 32767 -2921 13691 2278 END
START 3932 -2800 32767 1181 13206 -46 END
START 5560 -1404 31312 3885 9965 -2916 END
START 6224 -568 27432 5324 4972 -5090 END
START 10976 308 26164 6459 2167 -7740 END
START 15604 592 25548 7018 2989 -11556 END
START 17840 528 24140 7604 5640 -16442 END
START 18244 -252 21296 7635 7555 -21585 END
START 20080 -1768 18956 6853 10451 -26615 END
START 19372 -3784 17000 7100 13423 -32757 END
START 15912 -6488 13896 7448 14461 -32768 END
START 8868 -9140 12064 7498 14177 -32768 END
START 676 -12768 10476 7551 10975 -32768 END
START -11816 -16784 13740 10088 -1084 -32768 END