START 8780 5152 -5260 14897 -3072 202 END
START 8820 840 -12396 15698 -2622 -187 END
START 13324 7908 -10252 13335 -2783 -890 END
START 6760 4512 -6688 13538 -2189 -1649 END
START 10628 5604 -11924 12181 -1822 -2364 END
START 7308 5300 -9716 10902 -2453 -3221 END
START 6992 5544 -11512 9389 -2637 -3808 END
START 5976 5880 -12660 7709 -3401 -4281 END
START 4036 6028 -11900 6179 -3688 -4449 END
START 4704 6220 -13988 4465 -4504 -4495 END
START 2352 5976 -12112 2786 -4692 -4343 END
START 3520 6052 -14124 1090 -5050 -4198 END
START 1612 5580 -12024 -491 -4945 -3922 END
START 2864 5532 -13156 -1945 -4781 -3644 END
START 1788 5172 -11148 -3371 -4596 -3372 END
START 2248 5020 -11456 -4636 -4022 -3135 END
START 1824 4796 -10236 -5773 -3641 -2910 END
START 1988 4708 -9932 -6784 -2900 -2695 END
START 1900 4704 -8720 -7684 -2478 -2542 END
START 1376 4536 -7736 -8415 -1879 -2338 END
START 1676 4440 -7296 -9035 -1496 -2194 END
START 904 4180 -5892 -9487 -1012 -1954 END
START 1328 3988 -5908 -9856 -581 -1766 END
START 496 3564 -4932 -10112 -181 -1521 END
START 852 3500 -5128 -10282 390 -1248 END
START 196 3196 -4076 -10482 781 -944 END
START 284 3196 -4012 -10601 1164 -674 END
START 348 3180 -4332 -10759 1582 -314 END
START 36 3096 -4004 -10890 1960 -21 END
START 72 3088 -4144 -11084 2300 250 END
START -184 2984 -4024 -11256 2541 528 END
START -76 2904 -4288 -11461 2801 757 END
START 52 2796 -4484 -11683 2912 942 END
START -4 2808 -4532 -11924 3017 1099 END
START -32 2680 -4756 -12207 3102 1207 END
START -52 2724 -5120 -12494 3104 1309 END
START -288 2724 -5340 -12824 3071 1398 END
START -424 2504 -5912 -13227 2990 1495 END
START -772 2444 -6016 -13642 2816 1598 END
START -1016 2508 -6496 -14089 2553 1675 END
START -1728 2396 -6388 -14836 2146 1840 END
START -2204 2272 -6600 -15090 1578 2094 END
START -2844 2108 -6944 -15807 850 2454 END
START -3444 1840 -7404 -16369 51 2893 END
START -3880 1732 -7912 -16998 -835 3394 END
START -3904 1500 -8352 -17733 -1786 3956 END
START -3920 1592 -8668 -18601 -2647 4523 END
START -3656 1644 -8656 -19584 -3582 4955 END
START -3272 1552 -8768 -20740 -4252 5416 END
START -3064 1408 -8680 -21890 -4797 5838 END
START -2688 1260 -8300 -23061 -5155 6244 END
START -2392 888 -7532 -24199 -5254 6680 END
START -1872 684 -6948 -25161 -5141 7055 END
START -1328 260 -6440 -26093 -4696 7464 END
START -1100 56 -5596 -26920 -4061 7877 END
START -864 -348 -4960 -27672 -3312 8186 END
START -784 -716 -4412 -28385 -2431 8542 END
START -672 -860 -4056 -29073 -1543 8850 END
START -552 -896 -3472 -29776 -519 9154 END
START -564 -976 -2832 -30463 530 9457 END
START -552 -1004 -2348 -31127 1600 9766 END
START -604 -1020 -1688 -31788 2659 10058 END
START -348 -1204 -1204 -32571 3719 10309 END
START -420 -1352 -268 -32768 4660 10547 END
START -240 -1764 224 -32768 5481 10804 END
START -376 -2120 940 -32768 6202 11017 END
START -288 -2336 1764 -32768 6798 11228 END
START -508 -2652 2332 -32768 7291 11505 END
START -668 -2764 3084 -32768 7592 11735 END
START -848 -2688 3696 -32768 7734 12138 END
START -888 -2752 4208 -32768 7783 12341 END
START -920 -2744 5040 -32768 7677 12820 END
START -740 -2928 5764 -32768 7572 13302 END
START -568 -3084 6648 -32768 7334 13631 END
START -316 -3252 7528 -32768 7027 14007 END
START 220 -3368 8320 -32768 6802 14358 END
START 920 -3492 9264 -32768 6569 14608 END
START 1684 -3512 10120 -32768 6268 14728 END
START 2224 -3544 10920 -32768 6132 14804 END
START 2780 -3560 11940 -32768 5823 14789 END
START 3160 -3508 12944 -32768 5656 14750 END
START 3796 -3408 13820 -32768 5455 14681 END
START 4168 -3408 15024 -32768 5310 14583 END
START 4496 -3200 16180 -32768 5249 14472 END
START 5048 -3304 17524 -32768 5252 14250 END
START 5360 -3400 19116 -32768 5161 14055 END
START 5852 -3184 20508 -32768 5212 13769 END
START 6360 -3180 22048 -32768 5307 13462 END
START 6884 -3132 23488 -32768 5621 13057 END
START 7564 -3016 24904 -32768 5968 12440 END
START 8080 -3088 26324 -32768 6289 12102 END
START 8224 -3096 27348 -32768 6561 11463 END
START 8260 -2872 28556 -32768 6785 10863 END
START 7624 -2324 29588 -32768 6787 10435 END
START 7044 -1708 30436 -32768 6765 10096 END
START 6540 -1364 31104 -32768 6730 9924 END
START 6496 -904 31624 -32768 6790 9806 END
START 6480 -532 32232 -32701 6834 9765 END
START 6304 -380 32767 -32091 6828 9713 END
START 6124 -336 32767 -31410 6796 9668 END
START 6192 -40 32767 -30692 6670 9646 END
START 6028 12 32767 -29875 6539 9634 END
START 5980 224 32767 -29060 6376 9624 END
START 5840 516 32767 -28159 6227 9694 END
START 5704 956 32767 -27337 6101 9733 END
START 5668 1188 32767 -26457 5940 9827 END
START 5728 1228 32767 -25557 5853 9902 END
START 5872 1416 32767 -24555 5805 9990 END
START 5820 1408 32767 -23502 5707 10113 END
START 5664 1512 32767 -22302 5536 10237 END
START 5676 1492 32767 -21052 5300 10428 END
START 5980 1612 32767 -19673 4969 10613 END
START 6580 1664 32767 -18291 4809 10821 END
START 7224 1732 32767 -16974 4720 10931 END
START 8492 1800 32767 -15678 4394 10765 END
START 8536 2364 32767 -14192 4252 10905 END
START 10192 2928 32767 -13510 4191 10750 END
START 10840 2244 32767 -12280 4181 10521 END
START 12296 1928 32767 -11066 4351 10095 END
START 13744 2344 32767 -9790 4443 9726 END
START 14644 2384 32767 -8428 4510 9105 END
START 15880 2352 32767 -7035 4614 8421 END
START 16552 2368 32767 -5673 4710 7563 END
START 17264 2484 32767 -4195 4797 6567 END
START 17524 2576 32767 -2810 4772 5557 END
START 17700 2644 32767 -1399 4745 4492 END
START 17632 2640 32767 -41 4525 3448 END
START 17608 2664 32767 1188 4288 2483 END
START 17632 2520 32767 2463 4102 1602 END
START 17696 2456 32767 3670 3941 747 END
START 17652 2324 32767 4718 3833 26 END
START 17752 2344 32767 5672 3695 -680 END
START 17832 2164 32767 6488 3606 -1336 END
START 17912 1988 32767 7312 3422 -1980 END
START 17852 1888 32767 8013 3235 -2564 END
START 18096 1936 32767 8625 2992 -3150 END
START 18520 1944 32767 9078 2776 -3756 END
START 19128 1956 31584 9433 2548 -4410 END
START 19456 1968 30556 9730 2318 -5115 END
START 20148 1936 29444 9979 2093 -5890 END
START 20388 1908 28456 10219 1894 -6761 END
START 20696 1932 27444 10470 1775 -7663 END
START 20828 1716 26640 10696 1612 -8546 END
START 20924 1664 25404 10989 1573 -9475 END
START 21188 1568 24352 11249 1566 -10419 END
START 21468 1460 22928 11573 1673 -11338 END
START 21692 1328 21480 11810 1859 -12306 END
START 21948 1152 20000 11932 2090 -13283 END
START 21908 1024 18052 12014 2292 -14374 END
START 21796 1060 16452 11852 2432 -15412 END
START 21528 912 15236 11665 2484 -16514 END
START 21300 1004 13844 11325 2436 -17541 END
START 21288 832 12540 10914 2310 -18656 END
START 21132 912 11668 10420 2163 -19650 END
START 21340 880 10620 9903 1940 -20753 END
START 21620 788 9748 9293 1739 -21895 END
START 21992 608 9188 8613 1536 -23106 END
START 22248 524 8472 7998 1309 -24362 END
START 22364 188 7688 7321 1158 -25778 END
START 22284 -84 7212 6611 1051 -27251 END
START 21552 -508 6620 5973 946 -28704 END
START 20976 -636 6248 5334 872 -30055 END
START 19904 -956 5764 4707 845 -31381 END
START 18768 -1148 5320 4007 838 -32486 END
START 17556 -1408 4804 3284 891 -32768 END
START 16224 -1564 4452 2538 985 -32768 END
START 14904 -1876 4108 1834 1145 -32768 END
START 13496 -2084 4008 1164 1159 -32768 END
START 12076 -2164 3760 543 1182 -32768 END
START 10692 -2104 3528 -65 1137 -32768 END
START 9516 -2052 3200 -661 1094 -32768 END
START 8408 -2092 2992 -1256 1075 -32768 END
START 7748 -2140 2636 -1886 1073 -32768 END
START 7100 -2228 2636 -2574 1090 -32768 END
START 6476 -2268 2316 -3242 1169 -32768 END
START 6108 -2504 2280 -3936 1203 -32768 END
START 5944 -2688 2288 -4578 1302 -32768 END
START 5680 -3004 2392 -5218 1340 -32768 END
START 5572 -3164 2484 -5846 1275 -32768 END
START 5208 -3564 2736 -6436 1082 -32768 END
START 4700 -3612 2956 -7041 714 -32768 END
START 4080 -3740 3332 -7615 314 -32768 END
START 3288 -4048 3636 -8132 -120 -32768 END
START 2312 -4276 4008 -8673 -603 -32768 END
START 1264 -4444 4392 -9161 -1060 -32768 END
START 224 -4616 4756 -9515 -1558 -32768 END
START -904 -4896 5132 -9980 -2025 -32768 END
START -2112 -5024 5496 -10285 -2516 -32768 END
START -3224 -5128 6252 -10628 -3030 -32768 END
START -4132 -4968 6556 -11056 -3555 -32768 END
START -5368 -5056 7432 -11419 -4095 -32768 END
START -6496 -5024 8300 -11818 -4666 -32768 END
START -7516 -4844 9376 -12166 -5275 -32768 END
START -8768 -5044 10596 -12372 -5831 -32768 END
START -9880 -5028 11676 -12459 -6356 -32768 END
START -11148 -5316 12716 -12457 -6869 -32768 END
START -12116 -5508 13892 -12289 -7422 -32768 END
START -13108 -5796 15048 -12014 -7882 -32768 END
START -13976 -5836 16008 -11662 -8271 -31706 END
START -14692 -5924 16736 -11278 -8478 -30478 END
START -15152 -6100 17392 -10847 -8480 -29172 END
START -15680 -6128 18012 -10473 -8349 -27843 END
START -16280 -6388 18668 -10163 -8132 -26527 END
START -16908 -6412 19504 -9916 -7888 -25142 END
START -17328 -6532 20232 -9688 -7587 -23745 END
START -18000 -6816 21112 -9531 -7409 -22271 END
START -18824 -6816 22124 -9277 -7359 -20863 END
START -19680 -6928 23412 -8983 -7503 -19276 END
START -20624 -7224 24604 -8599 -7901 -17734 END
START -21540 -7312 26320 -8059 -8379 -16028 END
START -21576 -7288 27180 -7391 -8833 -14310 END
START -21480 -7208 27724 -6640 -8964 -12569 END
START -20832 -7332 28668 -5860 -9017 -10863 END
START -20444 -7552 29352 -5133 -8980 -9298 END
START -19716 -7760 30064 -4316 -8786 -7711 END