START 14696 5492 -6048 11153 6145 9391 END
START 5080 -792 -10124 9133 -1512 8922 END
START 3808 -1896 -7596 6865 -4815 7664 END
START 876 -2060 -4580 4338 -5320 6259 END
START 2088 -1672 -5108 1608 -2824 4050 END
START 304 -2100 -7504 -1487 96 3269 END
START 560 -1916 -9432 -5064 868 3638 END
START -856 -2008 -9504 -8487 1144 4259 END
START -588 -2156 -10364 -11894 960 4898 END
START 748 -2468 -10972 -15665 14 5121 END
START 2320 -2732 -10740 -19194 -105 4376 END
START 3152 -3472 -11120 -23288 1203 2882 END
START 2380 -4676 -11656 -28068 1900 1586 END
START 1512 -6240 -10680 -32768 2049 1307 END
START 1064 -8368 -7380 -32768 910 1438 END
START 2000 -10276 -3960 -32768 -738 1524 END
START 2212 -12056 1204 -32768 -2366 1398 END
START 5776 -13244 9092 -32768 665 1495 END
START 7288 -14032 18840 -32768 6744 -617 END
START 884 -14960 31124 -32768 6743 -3691 END
START -3316 -15856 32767 -32768 930 -4670 END
START -6552 -15920 32767 -32768 -3223 -2733 END
START -5496 -15192 32767 -32768 -3304 1355 END
START 888 -11908 32767 -25491 1947 4578 END
START 5428 -8984 32767 -18921 10445 4811 END
START 5748 -7304 32767 -13717 17875 4344 END
START 3948 -6804 32767 -8788 20335 2880 END
START 1036 -6704 32767 -2238 15435 713 END
START 4 -6584 32767 4325 9471 -154 END
START 2068 -6116 32767 8342 6901 339 END
START 6156 -5304 28756 10014 7859 761 END
START 10352 -5096 24280 10477 9335 -366 END
START 13864 -4172 19708 10689 8078 -3386 END
START 16828 -3692 17212 11155 4981 -7872 END
START 18816 -3028 14860 11508 3044 -13267 END
START 18156 -3068 12292 11299 3057 -18196 END
START 17716 -3468 9496 10365 4235 -22599 END
START 15260 -4816 6948 8656 5861 -26935 END
START 11764 -6876 6072 7123 4928 -30675 END
START 6244 -8676 6192 6297 879 -32768 END
START 2200 -10556 7220 5712 -4869 -32768 END
START -1908 -13024 9276 4581 -10028 -32768 END
START -6996 -15660 12120 2166 -10175 -32768 END
START -16960 -19064 17228 466 -7278 -32000 END
START -25032 -20548 21124 2474 -8008 -22979 END
START -25712 -19392 20028 4325 -7585 -12808 END