START 1752 4252 -1956 3192 -5387 552 END
START 1792 -1808 -9916 4330 -5305 982 END
START 5336 7088 -7732 2172 -7058 979 END
START -2240 2304 -3448 2348 -7491 1167 END
START 1560 2936 -6692 1374 -8419 1547 END
START -404 2784 -5100 675 -10050 1817 END
START 220 2872 -6544 -262 -10125 2126 END
START 1492 2892 -8024 -1151 -10534 2378 END
START 76 2464 -6220 -1989 -10407 2658 END
START 2304 2340 -8488 -2834 -10044 2980 END
START 360 1928 -6188 -3735 -9836 3219 END
START 2824 2000 -8596 -4567 -8905 3467 END
START 1640 1612 -6720 -5441 -8151 3627 END
START 3360 1716 -8016 -6337 -6969 3758 END
START 3308 1832 -7772 -7222 -5913 3821 END
START 3016 1688 -6740 -8035 -4780 3827 END
START 3572 1708 -6720 -8867 -3588 3784 END
START 3600 1552 -6592 -9571 -2726 3638 END
START 3280 1328 -5928 -10175 -1698 3522 END
START 3568 1204 -6324 -10791 -1141 3326 END
START 2560 996 -5680 -11341 -517 3095 END
START 2852 964 -6400 -11892 -146 2926 END
START 1700 808 -5912 -12458 184 2786 END
START 1992 792 -7052 -13039 473 2650 END
START 908 600 -6472 -13715 597 2557 END
START 912 424 -7500 -14564 729 2525 END
START 384 372 -7456 -15066 584 2552 END
START -704 180 -7208 -15832 407 2623 END
START -1084 204 -7460 -16584 71 2760 END
START -1752 92 -7156 -17310 -434 2936 END
START -2036 -28 -7188 -18035 -846 3194 END
START -2476 -184 -7052 -18696 -1414 3447 END
START -2980 -408 -6660 -19335 -1985 3765 END
START -3296 -460 -6728 -19998 -2601 4192 END
START -3708 -608 -5956 -20601 -3208 4620 END
START -3460 -688 -6136 -21187 -3689 5138 END
START -3648 -860 -5636 -21771 -4110 5670 END
START -3360 -1144 -5816 -22376 -4261 6229 END
START -3492 -1408 -5468 -22970 -4320 6802 END
START -3208 -1472 -5680 -23649 -4180 7346 END
START -3364 -1556 -5488 -24289 -4028 7931 END
START -3328 -1532 -5308 -25054 -3722 8459 END
START -3316 -1632 -5060 -25789 -3386 9001 END
START -3520 -1940 -4888 -26556 -2948 9565 END
START -3508 -2040 -4328 -27323 -2524 10173 END
START -3604 -2288 -4220 -28115 -1973 10806 END
START -3420 -2548 -4052 -28874 -1333 11358 END
START -3508 -2768 -3596 -29598 -640 12044 END
START -3208 -2856 -3436 -30398 108 12654 END
START -2812 -2976 -2896 -31231 855 13001 END
START -2060 -2932 -2448 -32075 1649 13742 END
START -1284 -3092 -1816 -32768 2429 14159 END
START -524 -3264 -1004 -32768 3129 14527 END
START 340 -3408 52 -32768 3683 14787 END
START 1240 -3576 992 -32768 4125 14910 END
START 2092 -3768 1980 -32768 4468 14903 END
START 2976 -3756 2856 -32768 4663 14809 END
START 3676 -3804 3468 -32768 4758 14575 END
START 4408 -3848 4012 -32768 4957 14298 END
START 5144 -3764 4552 -32768 5156 13848 END
START 5504 -3568 5188 -32768 5300 13370 END
START 5852 -3588 5692 -32768 5468 12715 END
START 5740 -3688 6444 -32768 5465 12385 END
START 5896 -3592 6800 -32768 5477 11832 END
START 5748 -3456 7564 -32768 5385 11369 END
START 5540 -3244 8236 -32768 5333 10874 END
START 5268 -3000 8872 -32768 5170 10464 END
START 4752 -2972 9644 -32768 5066 10089 END
START 4548 -2920 10496 -32768 4946 9917 END
START 4056 -3000 11452 -32768 4962 9778 END
START 3716 -2956 12352 -32768 5014 9714 END
START 3332 -3116 13556 -32768 5100 9698 END
START 2860 -3148 14860 -32768 5159 9751 END
START 2704 -3220 15824 -32768 5217 9920 END
START 2544 -3132 16576 -32768 5490 10025 END
START 2192 -3396 17876 -32768 5789 10229 END
START 2024 -3540 19124 -32768 6225 10414 END
START 1732 -3628 20680 -32768 6598 10692 END
START 1464 -3816 22412 -32768 6984 10975 END
START 1284 -3924 24052 -32768 7340 11267 END
START 896 -4352 25980 -32768 7705 11652 END
START 1248 -4472 27688 -32768 8206 11943 END
START 2008 -4476 29228 -32768 8957 12321 END
START 2556 -4460 31280 -32768 9805 12695 END
START 3104 -4372 32767 -32768 10647 12746 END
START 3956 -4288 32767 -32768 11505 12691 END
START 4804 -4360 32767 -32768 12278 12605 END
START 5588 -4204 32767 -32768 13048 12545 END
START 5820 -4060 32767 -32768 13433 12113 END
START 5852 -3820 32767 -32768 13221 11664 END
START 5884 -3748 32767 -32768 13146 11129 END
START 5720 -3484 32767 -32768 13002 10618 END
START 5752 -3140 32767 -32554 12152 10115 END
START 5208 -3456 32767 -30812 11310 9572 END
START 5236 -3488 32767 -27812 10115 9166 END
START 4212 12 32767 -27322 7963 8957 END
START 4516 -1988 32767 -25479 6769 8728 END
START 4872 -2360 32767 -23559 5536 8535 END
START 4692 -2384 32767 -21500 4258 8311 END
START 4700 -1912 32767 -19460 3097 8167 END
START 5116 -1804 32767 -17478 2080 8102 END
START 5028 -1980 32767 -15485 1375 8087 END
START 5428 -2124 32767 -13678 1158 8129 END
START 5192 -2496 32767 -11495 1060 8325 END
START 5024 -2568 32767 -9641 1096 8629 END
START 4644 -2420 32767 -7750 1119 9062 END
START 4360 -2656 32767 -5935 1232 9647 END
START 4144 -2660 32767 -4239 1240 10213 END
START 3996 -2764 32767 -2437 1417 10864 END
START 3912 -2776 32767 -628 1442 11528 END
START 4016 -2712 32767 1136 1403 12197 END
START 4396 -2700 32767 2919 1371 12534 END
START 4676 -2716 32767 4614 1527 13259 END
START 5404 -2680 32767 6283 1738 13700 END
START 5852 -2864 32767 7861 2070 14104 END
START 6524 -3160 32767 9418 2519 14482 END
START 7336 -3272 32767 10888 2966 14682 END
START 8420 -3160 32767 12184 3455 14803 END
START 9560 -3076 32767 13356 3850 14747 END
START 10716 -2796 32767 14366 4230 14492 END
START 12216 -2656 32767 15278 4608 14008 END
START 13448 -2572 32767 16039 4977 13424 END
START 14576 -2464 32767 16741 5225 12406 END
START 15708 -2196 32767 17290 5368 11651 END
START 16960 -2072 32767 17772 5492 10454 END
START 17852 -1640 32068 18106 5425 9177 END
START 18656 -1364 30488 18401 5286 7793 END
START 19704 -780 28108 18673 4982 6231 END
START 20740 -440 26184 18786 4694 4632 END
START 21452 -56 24172 18865 4321 2920 END
START 21764 312 22720 18702 3987 1196 END
START 22324 696 20716 18409 3567 -632 END
START 22416 796 19148 17920 3127 -2499 END
START 22244 996 17308 17284 2674 -4309 END
START 21844 1360 16164 16562 2158 -6075 END
START 21504 1592 14980 15759 1636 -7722 END
START 21132 1692 14136 14980 1099 -9279 END
START 20440 1852 13248 14136 617 -10723 END
START 20080 1952 12576 13446 231 -12034 END
START 19604 2048 12084 12727 1 -13347 END
START 19100 1980 11668 12095 -48 -14480 END
START 18244 1876 11452 11505 -15 -15563 END
START 17408 1636 11076 11025 156 -16533 END
START 16624 1456 10712 10611 402 -17413 END
START 15580 1216 10300 10307 741 -18106 END
START 14664 984 9748 10052 1032 -18640 END
START 13932 852 9152 9842 1454 -19027 END
START 13236 920 8316 9548 1901 -19284 END
START 12984 968 7620 9267 2403 -19583 END
START 12864 1080 6696 8867 2935 -19842 END
START 12836 984 6148 8426 3352 -20093 END
START 12928 900 5572 8042 3645 -20439 END
START 13232 900 4684 7614 3825 -20825 END
START 13444 1020 4072 7052 3852 -21366 END
START 13580 1016 3180 6499 3703 -22053 END
START 13616 1068 2832 5890 3314 -22775 END
START 13504 1096 2548 5202 2638 -23571 END
START 13716 1212 1964 4594 1807 -24377 END
START 13832 1332 1500 3939 763 -25254 END
START 14228 1168 812 3362 -304 -26244 END
START 14516 1132 60 2686 -1303 -27265 END
START 15060 988 -696 1915 -2213 -28390 END
START 15148 960 -1176 1050 -3125 -29527 END
START 15328 988 -1484 51 -3933 -30752 END
START 15388 1268 -1932 -1036 -4581 -31944 END
START 15444 1480 -1584 -2276 -5081 -32768 END
START 15556 1428 -1236 -3502 -5421 -32768 END
START 15632 1272 -456 -4681 -5621 -32768 END
START 15740 892 92 -5738 -5588 -32768 END
START 15916 384 696 -6622 -5416 -32768 END
START 15484 -108 1716 -7340 -5251 -32768 END
START 14688 -464 2340 -7813 -5062 -32768 END
START 13584 -696 2532 -8197 -5013 -32768 END
START 12332 -840 2524 -8574 -5018 -32768 END
START 10888 -880 2556 -8998 -5058 -32768 END
START 9448 -796 2444 -9561 -5140 -32768 END
START 7936 -888 2468 -10245 -5266 -32768 END
START 6560 -1060 2848 -11005 -5501 -32768 END
START 5272 -1312 3144 -11792 -5791 -32768 END
START 4288 -1596 3836 -12570 -6110 -32768 END
START 3168 -1980 4664 -13237 -6474 -32768 END
START 2116 -2280 5832 -13895 -6814 -32768 END
START 1128 -2448 6664 -14505 -7194 -32768 END
START 20 -2736 8048 -14906 -7558 -32768 END
START -892 -2852 9188 -14794 -7817 -32768 END
START -2016 -2956 10360 -15260 -8111 -32768 END
START -2908 -3124 11352 -15242 -8272 -32768 END
START -3648 -3276 12600 -15268 -8409 -32768 END
START -4124 -3660 13616 -15255 -8370 -32768 END
START -4408 -4044 14560 -15228 -8191 -32768 END
START -4804 -4324 15648 -15245 -7853 -32768 END
START -5460 -4900 16724 -15265 -7425 -32768 END
START -6460 -5872 18076 -15286 -6850 -32768 END
START -7056 -6216 19024 -15378 -6127 -32768 END
START -8128 -6772 20352 -15324 -5425 -32768 END
START -9224 -7388 21872 -15144 -4834 -32768 END
START -10092 -8172 23268 -14863 -4544 -32768 END
START -11228 -9092 25292 -14970 -4534 -32768 END
START -12272 -10008 26812 -14494 -4710 -32068 END
START -13220 -10732 28756 -13985 -5096 -31281 END
START -14340 -11356 30620 -13448 -5523 -30492 END
START -16540 -12028 32767 -12638 -6143 -29572 END
START -18400 -12320 32767 -11651 -6923 -28540 END
START -19976 -12736 32767 -10375 -7773 -27315 END
START -21760 -13208 32767 -8825 -8529 -25959 END
START -23508 -13036 32767 -7038 -9283 -24392 END
START -25220 -12924 32767 -4992 -9840 -22527 END
START -26832 -12716 32767 -2781 -10287 -20437 END
START -27508 -12520 32767 -536 -10508 -18161 END