START -1444 6020 -4804 9222 8887 883 END
START 3436 -224 -22756 10869 8133 1519 END
START -2748 7464 -6628 8190 5990 1826 END
START -1616 6316 -7532 8386 4568 2112 END
START -1576 6252 -7244 7293 3183 2381 END
START 504 6356 -10304 6333 650 2505 END
START -1892 5860 -7952 5164 -284 2651 END
START 1656 6252 -12320 4061 -1677 2694 END
START -876 5724 -9188 2928 -2471 2779 END
START 2000 5876 -11920 1780 -2884 2885 END
START 148 5788 -9512 655 -3574 2947 END
START 1680 5960 -11112 -387 -3383 3134 END
START 1836 5712 -10604 -1379 -3284 3260 END
START 2208 5548 -10180 -2459 -2839 3331 END
START 3264 5336 -10180 -3502 -2355 3352 END
START 3296 5360 -8996 -4507 -1793 3242 END
START 4676 5456 -9428 -5473 -1132 3082 END
START 4160 5200 -7456 -6430 -594 2723 END
START 5448 5028 -8112 -7224 88 2409 END
START 5600 4884 -7544 -7870 619 2026 END
START 4492 4532 -5448 -8435 1226 1693 END
START 5148 4420 -6176 -8843 1751 1353 END
START 4000 4296 -4780 -9228 2208 1038 END
START 4208 4332 -4968 -9572 2550 825 END
START 3164 4168 -4424 -9895 2623 690 END
START 2848 4068 -4348 -10157 2682 594 END
START 2176 3976 -3888 -10402 2509 554 END
START 1780 3768 -4012 -10663 2286 534 END
START 1584 3624 -4280 -10855 2051 615 END
START 920 3600 -4252 -11097 1571 670 END
START 684 3468 -4228 -11421 1102 811 END
START 592 3520 -4688 -11732 507 920 END
START 300 3324 -4528 -12100 -109 1080 END
START 336 3244 -4904 -12495 -740 1252 END
START -24 3012 -4780 -12927 -1443 1455 END
START 8 2808 -5092 -13331 -2166 1621 END
START -356 2380 -5240 -13714 -3029 1829 END
START -260 2184 -5468 -14178 -3815 2038 END
START -276 1964 -5660 -14644 -4688 2262 END
START -120 1796 -6024 -15107 -5537 2523 END
START -160 1800 -6128 -15683 -6230 2713 END
START 56 1496 -6472 -16374 -6876 2937 END
START 8 1440 -6428 -17157 -7364 3093 END
START 36 1272 -6568 -17878 -7807 3288 END
START -120 760 -6244 -18632 -8123 3471 END
START -220 532 -6348 -19340 -8433 3762 END
START -508 220 -6172 -19945 -8657 4007 END
START -848 -148 -6244 -20585 -8870 4357 END
START -1168 -496 -6504 -21260 -9049 4754 END
START -1232 -752 -6796 -21945 -9100 5139 END
START -1568 -968 -7064 -22718 -9180 5528 END
START -1644 -1112 -7464 -23651 -9121 5914 END
START -1708 -1376 -7844 -24711 -8994 6332 END
START -1564 -1472 -7816 -25909 -8700 6711 END
START -1332 -1732 -7792 -27137 -8243 7104 END
START -1100 -1816 -7468 -28415 -7711 7517 END
START -708 -2204 -7160 -29806 -6976 7907 END
START -180 -2588 -6552 -31005 -6266 8198 END
START 548 -3056 -5904 -32224 -5415 8441 END
START 1148 -3640 -5104 -32768 -4537 8599 END
START 1716 -4152 -4676 -32768 -3679 8697 END
START 1940 -4496 -3744 -32768 -2897 8748 END
START 2256 -4736 -3236 -32768 -2239 8764 END
START 2180 -5020 -2212 -32768 -1758 8816 END
START 2424 -5172 -1400 -32768 -1428 8831 END
START 2440 -5476 -92 -32768 -1228 8877 END
START 2624 -5732 1004 -32768 -1195 8927 END
START 2868 -5880 2292 -32768 -1140 8953 END
START 2744 -6060 3576 -32768 -1105 8993 END
START 2664 -6096 4848 -32768 -1192 9050 END
START 2496 -6200 6160 -32768 -1325 9120 END
START 2192 -6040 7224 -32768 -1489 9202 END
START 2160 -5896 8264 -32768 -1692 9360 END
START 2160 -5688 8676 -32768 -1792 9560 END
START 1744 -5600 9352 -32768 -1909 9718 END
START 1656 -5472 10116 -32768 -1932 9956 END
START 1408 -5504 10760 -32768 -1848 10177 END
START 1236 -5620 11828 -32768 -1690 10443 END
START 1040 -5684 12756 -32768 -1392 10715 END
START 656 -5980 13636 -32768 -997 10965 END
START 576 -6048 14672 -32768 -497 11245 END
START 356 -5924 15616 -32768 198 11564 END
START 12 -5848 16748 -32768 1053 11930 END
START -128 -5956 17996 -32768 1992 12360 END
START 68 -6136 19080 -32768 2900 12484 END
START 424 -6424 20664 -32768 3808 12818 END
START 1432 -6404 21752 -32768 4897 13309 END
START 2504 -6728 24024 -32768 5935 13357 END
START 4220 -6692 25448 -32768 7067 13272 END
START 5568 -6640 27452 -32768 8140 13050 END
START 6728 -6512 29136 -32768 9031 12427 END
START 7460 -6340 31088 -32768 9677 11451 END
START 8252 -6064 32767 -32768 10128 10489 END
START 8488 -5776 32767 -32768 10246 9318 END
START 8628 -5348 32767 -32768 10317 8194 END
START 8472 -4864 32767 -32768 10127 7081 END
START 8252 -4568 32767 -32768 9830 6040 END
START 8128 -4160 32767 -32768 9443 5103 END
START 7696 -3624 32767 -32768 9058 4240 END
START 7468 -3292 32767 -32768 8683 3552 END
START 7024 -3132 32767 -32768 8299 2887 END
START 6628 -3000 32767 -32768 7939 2343 END
START 6096 -2868 32767 -32358 7661 1850 END
START 5748 -2688 32767 -31265 7382 1460 END
START 5124 -2620 32767 -30137 7094 1157 END
START 4720 -2508 32767 -28964 7027 865 END
START 4136 -2328 32767 -27725 7119 732 END
START 3660 -2252 32767 -26472 7441 666 END
START 3040 -2272 32767 -25231 7956 715 END
START 2652 -2400 32767 -23996 8569 873 END
START 2072 -2608 32767 -22737 9339 1135 END
START 1588 -2564 32767 -21464 10119 1494 END
START 792 -3144 32767 -20151 10965 1915 END
START 464 -3332 32767 -18585 11700 2398 END
START -676 -2188 32767 -17514 12029 2989 END
START -988 -2884 32767 -16354 12665 3627 END
START -1076 -3032 32767 -15120 13422 4262 END
START -1608 -3324 32767 -13972 13507 4897 END
START -1536 -3512 32767 -12636 14197 5530 END
START -1732 -3752 32767 -11278 14418 6134 END
START -1720 -3928 32767 -9925 14680 6755 END
START -1428 -4296 32767 -8436 14889 7401 END
START -744 -4460 32767 -6986 15055 8001 END
START 64 -4792 32767 -5535 15264 8581 END
START 1504 -4940 32767 -4140 15529 8946 END
START 3060 -5012 32767 -2718 15708 9161 END
START 4788 -4880 32767 -1244 15773 9112 END
START 6432 -4904 32767 284 15694 8776 END
START 8048 -4648 32767 1859 15627 8137 END
START 9444 -4680 32767 3403 15332 7335 END
START 10888 -4720 32767 5036 14804 6345 END
START 12168 -4720 32767 6662 14156 5213 END
START 13636 -4568 32767 8198 13386 3923 END
START 15104 -4428 32767 9666 12858 2520 END
START 16284 -4056 32767 11070 11864 830 END
START 17548 -4024 32767 12299 11060 -894 END
START 18392 -3620 32767 13371 10267 -2757 END
START 19120 -3500 32767 14384 9506 -4681 END
START 19420 -3208 32767 15287 8756 -6779 END
START 19284 -3008 32044 15981 8012 -8861 END
START 18860 -2908 30164 16554 7349 -10891 END
START 18296 -2548 27976 17006 6686 -12897 END
START 17664 -2520 25596 17216 6019 -14737 END
START 16860 -2432 23472 17238 5332 -16450 END
START 15784 -2476 21432 17053 4694 -17883 END
START 14436 -2628 19204 16645 3979 -19045 END
START 12632 -2848 17648 16144 3136 -19840 END
START 11212 -2912 15932 15477 2146 -20420 END
START 10044 -2772 14136 14689 1188 -20810 END
START 9128 -2388 12656 13759 369 -21081 END
START 8940 -1988 11360 12642 -292 -21272 END
START 9128 -1656 10460 11391 -784 -21471 END
START 10168 -1288 9932 10143 -1069 -21790 END
START 11800 -1328 9652 8814 -1175 -22302 END
START 13048 -1616 9808 7715 -1052 -23035 END
START 14108 -1984 10284 6824 -710 -24033 END
START 14516 -2368 10368 6059 -182 -25203 END
START 14960 -2632 10880 5502 364 -26478 END
START 14928 -2920 11256 5123 866 -27774 END
START 14656 -3060 11820 4870 1220 -29011 END
START 14052 -3284 12476 4746 1357 -30267 END
START 13056 -3496 12744 4695 1303 -31528 END
START 11996 -3732 12988 4760 1112 -32670 END
START 10780 -3656 13192 4958 748 -32768 END
START 9212 -3872 13380 5235 158 -32768 END
START 7796 -4144 13336 5551 -471 -32768 END
START 6316 -4276 12808 5929 -1388 -32768 END
START 4768 -4232 12184 6213 -2287 -32768 END
START 3632 -4304 11484 6451 -3187 -32768 END
START 2688 -4384 10532 6498 -3886 -32768 END
START 1832 -4492 9772 6407 -4469 -32768 END
START 976 -4364 9216 6203 -4949 -32768 END
START 76 -4344 8684 5915 -5385 -32768 END
START -732 -4232 8228 5506 -5880 -32768 END
START -1812 -4300 7960 5107 -6316 -32768 END
START -2504 -4312 7736 4701 -6675 -32768 END
START -3480 -4408 7632 4193 -6953 -32768 END
START -4316 -4512 7220 3753 -7170 -32768 END
START -4912 -4472 7192 3256 -7363 -32768 END
START -5712 -4552 7284 2726 -7498 -32768 END
START -6288 -4572 6944 2114 -7530 -32768 END
START -6764 -4768 6956 1507 -7376 -32768 END
START -7024 -4868 6796 823 -6962 -32768 END
START -7428 -5144 6812 84 -6311 -32768 END
START -8308 -5180 7136 -570 -5577 -32578 END
START -8916 -5180 7268 -1239 -4787 -31871 END
START -9816 -5524 7812 -1857 -3944 -31128 END
START -11336 -5856 8540 -2430 -3215 -30251 END
START -12580 -5984 9148 -2924 -2636 -29324 END
START -13724 -5996 9760 -3351 -2277 -28276 END
START -14600 -6072 10392 -3741 -2027 -27191 END
START -14900 -5952 10796 -4159 -1807 -26097 END
START -15220 -6332 11488 -4551 -1450 -25064 END
START -15396 -7004 12304 -4852 -1007 -24036 END
START -16324 -7332 13224 -5077 -812 -22982 END
START -16812 -7928 14104 -5444 -594 -21854 END
START -17104 -8612 15084 -5620 -578 -20802 END
START -17272 -8956 15924 -5793 -379 -19791 END
START -17412 -9108 16580 -5899 -8 -18694 END
START -17928 -9164 17808 -5838 306 -17696 END
START -18400 -9100 18864 -5706 601 -16592 END
START -19144 -9116 20116 -5426 778 -15489 END
START -19984 -9100 21064 -5035 807 -14387 END
START -20604 -9260 22036 -4610 770 -13178 END
START -21396 -9464 22748 -4100 780 -11802 END
START -21872 -9568 23668 -3545 828 -10339 END
START -22064 -9612 24152 -2975 1079 -8811 END
START -22240 -9876 24836 -2405 1574 -7160 END