START 2880 4624 -5064 14765 -2602 443 END
START 4416 -2476 -17384 15456 -2802 828 END
START 6988 7112 -10880 12737 -4266 833 END
START -1192 4012 -4932 12699 -4695 992 END
START 4304 5304 -11480 11007 -5687 1137 END
START 724 5048 -7560 9594 -6987 1226 END
START 3568 5536 -11452 7979 -7042 1298 END
START 3452 5392 -10592 6417 -7653 1201 END
START 3984 5044 -10164 4748 -7415 1168 END
START 5588 4804 -10592 3227 -7623 1037 END
START 4724 4416 -8488 1931 -7426 831 END
START 6736 4564 -9924 799 -7052 574 END
START 5476 4152 -7424 -207 -6838 216 END
START 5764 4044 -7300 -1067 -6052 -114 END
START 7352 3996 -8656 -1929 -5504 -621 END
START 6020 3456 -6684 -2663 -4788 -1043 END
START 6756 3268 -7560 -3408 -4061 -1498 END
START 5516 3036 -6440 -4095 -3544 -1895 END
START 5336 3020 -6588 -4729 -2700 -2175 END
START 4708 2860 -6548 -5339 -2089 -2427 END
START 3944 2672 -6548 -5934 -1271 -2480 END
START 3364 2612 -7092 -6547 -639 -2533 END
START 2300 2536 -6548 -7149 2 -2401 END
START 1972 2528 -7344 -7806 590 -2248 END
START 808 2408 -6812 -8513 1041 -2021 END
START 796 2524 -7520 -9267 1569 -1732 END
START 296 2488 -7592 -10043 1893 -1424 END
START -660 2216 -7120 -10823 2300 -1036 END
START -644 2168 -7116 -11624 2448 -592 END
START -1304 1880 -6720 -12327 2555 -161 END
START -1596 1928 -6692 -13022 2455 349 END
START -2004 1752 -6368 -13657 2244 866 END
START -2056 1788 -6236 -14308 1928 1387 END
START -2088 1692 -5772 -14730 1502 1955 END
START -2212 1552 -5368 -15426 1079 2426 END
START -1916 1596 -5120 -15835 621 2890 END
START -1780 1512 -4516 -16323 165 3344 END
START -1592 1364 -4464 -16644 -299 3771 END
START -1404 1304 -4112 -16985 -714 4102 END
START -1096 1276 -4084 -17296 -1143 4489 END
START -952 1220 -3844 -17614 -1529 4810 END
START -632 1100 -4120 -17901 -1846 5115 END
START -324 1024 -4140 -18247 -2051 5384 END
START 144 932 -4504 -18713 -2132 5595 END
START 508 828 -4536 -19226 -2130 5738 END
START 988 816 -4488 -19789 -2064 5792 END
START 1128 888 -4536 -20394 -1918 5788 END
START 1308 716 -4532 -21063 -1821 5720 END
START 1524 568 -4292 -21712 -1689 5597 END
START 1644 520 -4052 -22391 -1559 5472 END
START 1512 340 -3780 -23008 -1442 5305 END
START 1664 292 -3564 -23664 -1307 5174 END
START 1484 224 -3380 -24255 -1192 5018 END
START 1344 156 -3140 -24823 -1096 4940 END
START 1144 -60 -2940 -25379 -1002 4923 END
START 952 -268 -2796 -25975 -932 4869 END
START 508 -344 -2748 -26533 -953 4924 END
START 276 -380 -2580 -27193 -979 4982 END
START 84 -420 -2636 -27868 -960 5120 END
START -156 -520 -2580 -28530 -1014 5271 END
START -932 -600 -2292 -29258 -1184 5535 END
START -1304 -636 -1860 -29982 -1405 5850 END
START -1568 -788 -1548 -30689 -1667 6271 END
START -1812 -1116 -1268 -31383 -1881 6748 END
START -2024 -1284 -960 -32068 -2091 7293 END
START -1860 -1444 -380 -32757 -2190 7782 END
START -1788 -1608 -352 -32768 -2183 8316 END
START -1492 -1740 76 -32768 -2137 8727 END
START -1160 -1912 204 -32768 -1922 9206 END
START -692 -1804 828 -32768 -1600 9590 END
START 0 -2040 1368 -32768 -1072 10000 END
START 440 -2204 2260 -32768 -477 10341 END
START 1332 -2456 3224 -32768 254 10625 END
START 1884 -2844 4380 -32768 1027 10864 END
START 2288 -3324 5472 -32768 1752 10975 END
START 2380 -3684 6924 -32768 2360 11068 END
START 2752 -3760 8044 -32768 2873 11138 END
START 3040 -3664 9164 -32768 3303 11154 END
START 3508 -3616 10328 -32768 3738 11073 END
START 3708 -3376 11440 -32768 4138 11053 END
START 3920 -3192 12828 -32768 4297 10905 END
START 4052 -3208 14392 -32768 4340 10716 END
START 4504 -3156 15340 -32768 4293 10486 END
START 4224 -3168 16708 -32768 4220 10198 END
START 4688 -2940 17632 -32768 4191 9893 END
START 4380 -2904 19112 -32768 4028 9630 END
START 4304 -2512 20252 -32768 3889 9382 END
START 4116 -2088 21260 -32768 3712 9277 END
START 4136 -1892 22304 -32768 3714 9189 END
START 3848 -1836 23848 -32768 3582 9175 END
START 3776 -1648 25348 -32768 3452 9116 END
START 3952 -1548 26684 -32768 3427 9098 END
START 3656 -1236 28624 -32768 3328 9096 END
START 3392 -1036 30492 -32768 3171 9096 END
START 3004 -888 32584 -32768 2916 9195 END
START 2704 -680 32767 -32768 2714 9356 END
START 2676 -492 32767 -32768 2488 9584 END
START 2844 -476 32767 -32768 2324 9861 END
START 2904 -288 32767 -31471 2103 10142 END
START 2988 -256 32767 -29885 1750 10344 END
START 3124 -108 32767 -28162 1278 10528 END
START 3404 -20 32767 -26394 693 10646 END
START 3584 204 32767 -24571 119 10717 END
START 4280 272 32767 -22809 -343 10812 END
START 5216 424 32767 -20978 -720 10800 END
START 6212 604 32767 -19218 -935 10769 END
START 6968 784 32767 -17652 -1025 10626 END
START 7932 968 32767 -16139 -1057 10364 END
START 8848 1204 32767 -14869 -1070 10080 END
START 9772 1280 32767 -13424 -950 9716 END
START 10872 1476 32767 -12196 -782 9327 END
START 11716 1524 32767 -10972 -575 8854 END
START 12648 1544 32767 -9835 -317 8265 END
START 13416 1716 32767 -8839 12 7662 END
START 14092 1808 32767 -7808 339 6914 END
START 14644 2100 32767 -6864 607 6109 END
START 14992 2132 32767 -5949 947 5293 END
START 15428 2232 32767 -5078 1229 4426 END
START 15732 2084 32767 -4253 1613 3554 END
START 15872 2208 32767 -3446 1953 2744 END
START 15820 2196 32767 -2696 2247 1962 END
START 15876 2284 32767 -1984 2503 1189 END
START 15760 2316 32767 -1250 2751 525 END
START 15804 2328 32767 -561 2982 -173 END
START 15816 2288 32767 153 3234 -834 END
START 15892 2008 32767 883 3508 -1551 END
START 15784 1884 32767 1617 3800 -2285 END
START 15744 1876 32767 2381 4125 -2942 END
START 15560 1716 32767 3094 4385 -3642 END
START 15436 1612 32767 3840 4694 -4275 END
START 15500 1576 32767 4605 4942 -4871 END
START 15840 1472 32767 5419 5235 -5471 END
START 16088 1388 32767 6212 5530 -6102 END
START 16436 1160 32767 7023 5768 -6813 END
START 16596 1024 32767 7834 5990 -7563 END
START 16860 796 31964 8556 6136 -8360 END
START 17052 572 30576 9226 6209 -9198 END
START 17028 472 29024 9740 6213 -10036 END
START 16972 388 27456 10184 6187 -10891 END
START 16868 296 25984 10508 6095 -11652 END
START 16920 76 24752 10752 6041 -12431 END
START 16956 60 23376 10915 5920 -13166 END
START 16748 -120 22104 10994 5851 -13952 END
START 16848 -372 20932 11082 5797 -14720 END
START 16692 -476 19640 11064 5742 -15482 END
START 16380 -736 18688 11097 5550 -16220 END
START 16356 -896 17564 11092 5258 -16935 END
START 16592 -992 16472 10980 4901 -17606 END
START 17476 -1024 15168 10894 4533 -18358 END
START 18332 -944 13772 10590 4120 -19221 END
START 19356 -880 12840 10189 3680 -20286 END
START 20092 -880 11860 9747 3289 -21513 END
START 20740 -924 10744 9237 2901 -22897 END
START 21364 -1084 9644 8617 2548 -24469 END
START 21660 -1116 8784 8017 2193 -25978 END
START 21512 -1308 8036 7363 1988 -27497 END
START 21192 -1452 7364 6712 1781 -29010 END
START 20356 -1356 6648 6036 1607 -30402 END
START 19128 -1300 6120 5398 1320 -31803 END
START 17840 -1432 5688 4664 1037 -32768 END
START 16348 -1616 5480 4012 706 -32768 END
START 15208 -1772 5072 3312 234 -32768 END
START 14532 -1712 4716 2627 -102 -32768 END
START 13940 -1824 4192 1888 -433 -32768 END
START 13740 -1876 3784 1105 -655 -32768 END
START 13548 -2088 3436 316 -772 -32768 END
START 13264 -2228 3324 -440 -858 -32768 END
START 13180 -2456 3376 -1235 -838 -32768 END
START 13104 -2528 3332 -2086 -816 -32768 END
START 12660 -2712 3552 -2972 -765 -32768 END
START 11964 -2860 3580 -3781 -723 -32768 END
START 11136 -3168 3968 -4559 -684 -32768 END
START 9892 -3488 4396 -5304 -626 -32768 END
START 8812 -3776 4784 -5918 -575 -32768 END
START 7704 -4008 5236 -6477 -457 -32768 END
START 6852 -4108 5660 -6907 -356 -32768 END
START 5924 -4220 5972 -7313 -252 -32768 END
START 4876 -4344 6116 -7690 -170 -32768 END
START 3616 -4384 6528 -7992 -241 -32768 END
START 2244 -4504 6880 -8326 -510 -32768 END
START 1232 -4472 7136 -8616 -1020 -32768 END
START 60 -4516 7280 -8913 -1661 -32768 END
START -564 -4520 7428 -9235 -2274 -32768 END
START -1252 -4532 7604 -9609 -2775 -32768 END
START -1904 -4584 7724 -10046 -3259 -32768 END
START -2824 -4840 8232 -10483 -3589 -32768 END
START -3736 -4808 8824 -11002 -3925 -32768 END
START -4604 -4876 9464 -11423 -4189 -32768 END
START -5628 -5096 10392 -11763 -4387 -32768 END
START -6992 -5400 11064 -12036 -4545 -32768 END
START -8100 -5672 11672 -12223 -4714 -32768 END
START -9404 -5936 12448 -12333 -4913 -32768 END
START -10708 -6008 13216 -12463 -5102 -32768 END
START -12392 -6108 14468 -12612 -5234 -32768 END
START -13612 -6292 15428 -12710 -5291 -32768 END
START -14812 -6460 16600 -12750 -5280 -31828 END
START -16228 -6568 17724 -12726 -5220 -30405 END
START -17504 -6848 18904 -12564 -5145 -28918 END
START -18576 -7012 20000 -12230 -5056 -27206 END
START -19752 -7404 20964 -11724 -4914 -25426 END
START -20752 -7932 21704 -11136 -4746 -23609 END
START -22260 -8228 23176 -10387 -4606 -21508 END
START -23092 -8456 23680 -9630 -4565 -19432 END
START -23920 -8440 24436 -8898 -4625 -17270 END
START -24464 -8444 24580 -8190 -4736 -15168 END
START -24800 -8588 24860 -7531 -4792 -12939 END
START -25084 -8692 25348 -6871 -4756 -10735 END
START -24724 -8584 25276 -6282 -4556 -8559 END
START -24552 -8724 25704 -5579 -4259 -6375 END
START -23996 -8376 25608 -4874 -3768 -4222 END