START 6920 7296 -20528 9387 2030 2765 END
START -4304 1860 -23552 2120 -9032 5680 END
START -4216 564 -19584 -5268 -11550 8050 END
START -4592 -176 -16440 -12201 -5888 9744 END
START -1364 -692 -15584 -18173 2876 10624 END
START -1272 -1956 -14532 -23267 9816 10737 END
START -92 -2380 -14348 -27647 11354 9402 END
START 752 -4548 -12480 -31157 9463 6721 END
START 612 -6204 -9128 -32768 5058 5541 END
START 464 -7944 -5584 -32768 2140 4797 END
START 452 -10408 -2304 -32768 859 5997 END
START -112 -12012 1756 -32768 3379 8597 END
START 2832 -15768 11164 -32768 8180 12875 END
START 9204 -14064 25212 -32768 14572 16194 END
START 16904 -10368 32767 -32768 17211 11018 END
START 23988 -5224 32767 -30011 16881 -2691 END
START 17392 -5292 32767 -25434 8841 -17866 END
START 10068 -8544 32767 -21631 2895 -24572 END
START 8740 -8088 32767 -15471 5950 -24508 END
START 10160 -6500 32767 -9733 15239 -23953 END
START 14692 -5364 32767 -3775 24194 -25648 END
START 17572 -4780 32767 2986 27373 -31357 END
START 19108 -5992 32767 9172 23455 -32768 END
START 18900 -7112 32767 14061 18269 -32768 END
START 17796 -9928 27068 17887 16329 -32768 END
START 9968 -13944 18468 18866 18080 -32768 END
START -920 -17668 13084 18195 16295 -32768 END
START -12444 -21360 11032 18287 7738 -32768 END
START -24836 -24132 10728 19480 -5174 -32768 END
START -32768 -24932 12056 20631 -16367 -32768 END
START -32768 -23400 11088 19620 -19506 -28935 END
START -32768 -20080 7640 14632 -14204 -10153 END
START -32768 -18320 6252 7481 -5701 3882 END