START 3916 3916 -14456 330 3692 3766 END
START 2628 -604 -15768 -3373 -4342 4027 END
START 692 -1684 -11956 -7520 -5906 4168 END
START 496 -1492 -9496 -11448 -3217 3805 END
START -312 -1944 -8928 -15017 -165 2738 END
START -752 -2396 -9224 -18266 890 2465 END
START 1588 -2892 -10092 -21930 1295 1846 END
START 1528 -3880 -9656 -26216 2290 655 END
START 1472 -5136 -10104 -30764 3362 -502 END
START 612 -6744 -9344 -32768 4212 -1372 END
START -1108 -8628 -7148 -32768 4302 -1784 END
START -3084 -11240 -1368 -32768 4467 -522 END
START -3064 -13536 7344 -32768 5525 1509 END
START -532 -14400 19020 -32768 7801 2204 END
START 1956 -13752 31504 -32768 8119 -715 END
START -2136 -13976 32767 -32768 2838 -5890 END
START -8264 -13316 32767 -32768 -7955 -6372 END
START -7964 -10364 32767 -27884 -10138 -1910 END
START -3620 -7660 32767 -25678 -766 3297 END
START -336 -7024 32767 -23030 9868 5369 END
START 836 -5396 32767 -17131 15877 3196 END
START -2332 -4580 32767 -7117 11363 961 END
START -1328 -4720 32767 2865 3626 -142 END
START 1072 -4156 32767 11110 399 401 END
START 5976 -3284 32767 17280 1912 1371 END
START 11264 -2648 32767 20867 5765 1577 END
START 13856 -1592 23712 21655 7607 -140 END
START 14564 -1044 14776 21232 3677 -2746 END
START 16144 -80 9456 20249 -1596 -6362 END
START 16956 -228 6248 19217 -3433 -10820 END
START 16432 -580 2944 17831 -3453 -14949 END
START 15288 -1380 -652 15641 -3444 -19113 END
START 12784 -2156 -3160 12010 -4866 -21851 END
START 12776 -2064 -3852 7607 -5655 -23633 END
START 12684 -2688 -2772 3138 -4371 -26126 END
START 11028 -4124 32 -302 -4309 -28682 END
START 9652 -5384 1844 -2830 -5687 -31241 END
START 7428 -7148 5076 -5703 -6466 -32768 END
START 2484 -9768 10232 -8329 -6249 -32768 END
START -5356 -13500 18616 -9290 -4707 -32768 END
START -15980 -17640 26488 -4902 -7467 -32768 END
START -22376 -18948 27040 -118 -9399 -29207 END
START -27908 -18196 24980 821 -4855 -21796 END
START -30720 -16044 21760 -335 1468 -13092 END
START -31480 -13432 19620 -1782 5406 -5015 END