START 7712 7236 -3132 5612 6930 104 END
START 1584 4532 -640 5309 -3266 -478 END
START -3080 3756 2948 4355 -940 -1121 END
START 4372 3260 -3836 2549 -664 -2024 END
START 324 3504 -4776 592 -3625 -2464 END
START -1164 2932 -5736 -2435 -4956 -2343 END
START -784 3096 -7804 -7231 -4555 -992 END
START 360 2376 -8408 -12563 -3312 -691 END
START 276 660 -8360 -17584 -1876 -3 END
START -548 -368 -8056 -21718 -1891 -16 END
START -944 -2452 -7064 -25222 -3509 -410 END
START -1752 -3968 -6608 -29666 -4630 -480 END
START -3064 -5604 -3860 -32768 -4498 1075 END
START -2452 -7776 1476 -32768 -3481 3115 END
START -2140 -9372 7440 -32768 -2002 4764 END
START 40 -9816 14188 -32768 1236 4489 END
START 1464 -9984 24140 -32768 5021 2448 END
START -2316 -9656 31664 -32768 8612 -637 END
START -6676 -10476 32767 -32768 8899 -287 END
START -6508 -9256 32767 -32768 9848 908 END
START -8176 -7628 32767 -24875 9793 1696 END
START -7716 -6208 32767 -16610 6712 2105 END
START -7068 -5272 32767 -9453 5050 2429 END
START -5452 -4360 32767 -4009 4805 2850 END
START -3704 -4004 32767 609 4950 3029 END
START -1864 -3144 32228 4038 3824 2341 END
START -336 -2852 28116 6726 2879 1281 END
START 1436 -2712 23792 8854 1871 -66 END
START -1880 -1252 16356 9532 -2817 -1820 END
START 6308 -1620 16536 6621 -4862 -2917 END
START 11068 -1968 17984 4820 984 -5451 END
START 11016 -2884 16608 4682 5186 -8395 END
START 9016 -3972 15336 5693 2151 -11463 END
START 8444 -4264 14944 6593 -1511 -13569 END
START 9928 -4240 14012 5976 -1211 -15072 END
START 11500 -4320 14448 4927 838 -17673 END
START 12696 -5124 15404 4833 2029 -21552 END
START 10204 -5244 15068 5231 2230 -26043 END
START 5896 -6808 15348 5613 1264 -28252 END
START 3488 -7016 15416 4835 2401 -28938 END
START 316 -7840 15232 4528 3469 -29443 END
START -2644 -8700 15528 4933 2178 -29319 END
START -5432 -9176 15084 5531 529 -29318 END
START -9984 -9528 15276 6031 -30 -28282 END
START -14892 -9040 13736 5671 307 -25705 END
START -20420 -8628 12704 4590 -601 -22679 END
START -23272 -8276 12252 3397 -571 -17950 END
START -25712 -7412 11276 1148 222 -11765 END
START -23680 -6460 11556 -337 -824 -5889 END