START 18636 8312 -9300 2257 2170 1615 END
START 9572 1128 -11748 -1033 -2372 1327 END
START 6380 -1204 -8768 -5606 -905 667 END
START 1188 -1072 -4704 -9516 2920 0 END
START 4060 -2112 -8300 -12971 7811 -1432 END
START 352 -3168 -8396 -16342 8624 -1410 END
START -1912 -4000 -7924 -18780 7082 -195 END
START -2572 -4592 -8124 -21495 4891 981 END
START -1892 -5784 -7944 -25821 4785 1790 END
START -2112 -7608 -6508 -30967 6708 2071 END
START -4104 -9300 -3112 -32768 8020 2602 END
START -4136 -10024 -416 -32768 8881 2846 END
START -5716 -10608 1536 -32768 10367 2247 END
START -8280 -12020 4168 -32768 8914 2922 END
START -9792 -12156 9388 -32768 5350 5531 END
START -6104 -14096 19648 -32768 2580 8312 END
START 2036 -14904 32444 -32768 5400 8337 END
START 6436 -13636 32767 -32768 12410 3983 END
START 3244 -12416 32767 -32768 14428 -1678 END
START -2524 -11488 32767 -28549 9330 -3000 END
START -2804 -9360 32767 -21446 4558 -1213 END
START -364 -7360 32767 -15528 4110 96 END
START 1524 -5644 32767 -9534 4164 481 END
START 3568 -4028 32767 -4281 4529 -666 END
START 3480 -3140 32767 48 4243 -1864 END
START 3456 -2556 32767 3317 3329 -2469 END
START 3880 -1996 32764 5832 2011 -3019 END
START 4848 -2352 30100 7650 973 -3323 END
START 7360 -2716 27120 9664 226 -4083 END
START 11372 -2756 23944 10910 633 -6339 END
START 14956 -3888 20020 11328 1864 -10175 END
START 18484 -3968 15228 10507 4182 -14941 END
START 18592 -4640 10860 7850 6441 -20817 END
START 16196 -5792 9424 5627 6421 -26147 END
START 13156 -7476 9644 4467 5666 -30204 END
START 12516 -8472 9640 4481 3653 -32730 END
START 12344 -8948 7544 3561 5096 -32768 END
START 8232 -10712 5828 1245 6423 -32768 END
START 4048 -11996 5240 -1443 5343 -32768 END
START -832 -13416 7524 -4030 1153 -32768 END
START -7036 -15004 12384 -4632 -3394 -32768 END
START -14744 -15836 18328 -2013 -8825 -32768 END
START -20868 -16344 20040 1068 -9079 -27984 END
START -24288 -17412 17136 753 -3817 -18974 END