START -284 3608 -11644 7335 5898 -1473 END
START 756 -1164 -19104 7406 6872 -599 END
START 2228 5620 -13828 4662 6582 -117 END
START -2916 2884 -11764 4505 6778 499 END
START 744 4360 -16184 2880 5668 1142 END
START -3688 4132 -12164 1475 3635 1641 END
START -1472 3864 -15896 -35 2002 2117 END
START -2204 3360 -14892 -1750 -432 2547 END
START -928 3296 -16208 -3465 -1963 2909 END
START -256 3228 -16312 -5387 -3912 3185 END
START 104 3212 -15732 -7407 -5197 3292 END
START 1808 3564 -16784 -9608 -5951 3284 END
START 1192 3520 -14964 -11844 -6323 3128 END
START 3168 3868 -15724 -14084 -5859 2995 END
START 2392 3440 -13640 -15969 -5123 2764 END
START 3572 3232 -13416 -17807 -3739 2667 END
START 2560 2416 -10964 -19286 -2250 2502 END
START 2988 1932 -10348 -20454 -427 2440 END
START 1780 1560 -8188 -21217 1130 2404 END
START 1256 852 -6840 -21759 2664 2499 END
START 312 728 -5480 -21961 4162 2635 END
START -312 508 -5028 -22067 5717 2861 END
START -664 480 -4500 -22024 7211 3165 END
START -1364 376 -4188 -21926 8462 3517 END
START -2244 -32 -3724 -21894 9530 3942 END
START -2716 -252 -3828 -21888 10151 4402 END
START -3628 -432 -3528 -21874 10331 4907 END
START -3708 -640 -3972 -21941 10363 5457 END
START -3828 -864 -3904 -22042 10067 5936 END
START -3540 -1180 -4296 -22183 9587 6380 END
START -3584 -1320 -4280 -22399 8861 6746 END
START -3192 -1400 -4392 -22634 8041 7048 END
START -2876 -1680 -4172 -22827 7116 7257 END
START -2516 -1888 -4316 -22968 6122 7445 END
START -2400 -2132 -3960 -23062 4974 7658 END
START -2284 -2252 -3860 -23095 3793 7810 END
START -1888 -2492 -3708 -23082 2580 8007 END
START -1768 -2668 -3872 -23041 1319 8168 END
START -1436 -2836 -4044 -23012 137 8316 END
START -1236 -3028 -4436 -23045 -991 8500 END
START -992 -3088 -5308 -23170 -1941 8607 END
START -648 -3200 -5728 -23474 -2821 8775 END
START -296 -3296 -6476 -23977 -3463 8898 END
START 196 -3420 -6816 -24619 -3878 8973 END
START 380 -3568 -6992 -25347 -4064 9026 END
START 304 -3800 -6976 -26166 -4167 9086 END
START -144 -3952 -6952 -26955 -4180 9193 END
START -464 -3944 -6636 -27749 -4140 9404 END
START -684 -4000 -6392 -28559 -3996 9694 END
START -1028 -4172 -6332 -29395 -3692 10001 END
START -1252 -4312 -6232 -30248 -3219 10394 END
START -1640 -4360 -5736 -31190 -2678 10870 END
START -1936 -4292 -5416 -32088 -2084 11410 END
START -2052 -4440 -5156 -32768 -1357 12011 END
START -2144 -4460 -4596 -32768 -573 12457 END
START -2284 -4612 -4368 -32768 338 13136 END
START -2436 -4812 -3668 -32768 1311 13927 END
START -2792 -5100 -3172 -32768 2335 14705 END
START -3000 -5292 -2680 -32768 3358 15540 END
START -3036 -5600 -2144 -32768 4285 16359 END
START -3152 -5968 -1468 -32768 5058 17231 END
START -3156 -6284 -508 -32768 5753 18086 END
START -3196 -6332 620 -32768 6146 18934 END
START -3008 -6072 2076 -32768 6448 19742 END
START -2792 -5944 3640 -32768 6615 20491 END
START -2116 -5920 5484 -32768 6727 21220 END
START -1124 -5892 7348 -32768 6951 21824 END
START 136 -5928 9532 -32768 7366 22311 END
START 1724 -5816 11944 -32768 7847 22619 END
START 3232 -5800 14236 -32768 8488 22768 END
START 4864 -6024 16920 -32768 9168 22650 END
START 6188 -5956 19528 -32768 9852 22388 END
START 7348 -5752 22420 -32768 10491 21968 END
START 8416 -5404 26020 -32768 11110 21335 END
START 9044 -4952 28572 -32768 11416 20627 END
START 9100 -4704 31432 -32768 11742 19868 END
START 9792 -4100 32767 -32768 11923 19064 END
START 10052 -3632 32767 -32768 12276 18250 END
START 10632 -4532 32767 -32768 12757 17651 END
START 12048 -6012 32767 -32768 13418 15927 END
START 11180 -1748 32767 -32768 13589 15477 END
START 10688 132 32767 -32768 14632 15055 END
START 11124 -1880 32767 -32768 15729 14252 END
START 10868 -2652 32767 -32768 16859 13268 END
START 9592 -1492 32767 -32768 17414 12348 END
START 8688 -984 32767 -32768 17591 11699 END
START 7740 -1284 32767 -32768 17402 11053 END
START 6692 -1772 32767 -32768 16826 10395 END
START 5452 -1264 32767 -31805 15756 10056 END
START 4072 -684 32767 -29470 14231 9955 END
START 3180 -260 32767 -27172 12422 10044 END
START 2868 -268 32767 -24745 10389 10319 END
START 3172 -212 32767 -22303 8607 10650 END
START 4200 0 32767 -19966 7034 10944 END
START 5276 232 32767 -17588 5876 11118 END
START 6848 540 32767 -15099 5096 11256 END
START 8796 1652 32767 -13437 4911 11267 END
START 10564 164 32767 -10921 5267 11057 END
START 12704 852 32767 -8382 5987 10701 END
START 14980 1248 32767 -6458 7344 10141 END
START 16400 1540 32767 -4538 8789 9451 END
START 18156 2124 32767 -2927 10218 8509 END
START 18724 2528 32767 -1421 11632 7418 END
START 19864 2752 32767 -133 12897 6168 END
START 19988 3012 32767 995 13691 4878 END
START 20428 3196 32767 1984 13959 3611 END
START 20792 3388 32767 2984 13998 2354 END
START 21320 3460 32767 3806 13978 1024 END
START 21648 3636 32767 4557 13590 -413 END
START 22268 3652 32767 5175 12972 -1899 END
START 22836 3964 32767 5704 12298 -3458 END
START 23548 4284 32767 6074 11496 -5132 END
START 24204 4392 32767 6431 10599 -6928 END
START 24256 4436 32624 6703 9547 -8792 END
START 24548 4512 30948 6906 8537 -10674 END
START 24528 4528 29764 7082 7592 -12485 END
START 24092 4612 28420 7192 6735 -14224 END
START 23568 4660 27292 7287 6033 -15864 END
START 22960 4488 26076 7321 5508 -17332 END
START 22276 4324 25104 7377 5146 -18670 END
START 21196 3936 23760 7346 5029 -19908 END
START 20496 3776 23016 7411 4922 -20957 END
START 19876 3504 22404 7411 5036 -21932 END
START 19324 3460 21692 7485 5213 -22747 END
START 18844 3204 20976 7580 5500 -23512 END
START 18104 3108 20312 7710 5780 -24238 END
START 17832 2824 19396 7882 6118 -25032 END
START 17308 2508 18624 8025 6376 -25796 END
START 17264 2240 17540 8200 6649 -26471 END
START 17044 2164 16660 8283 6935 -27145 END
START 16924 1920 15840 8280 7238 -27846 END
START 16836 1816 14608 8225 7590 -28461 END
START 16800 1604 13764 8115 7961 -29117 END
START 17040 1396 12756 7913 8348 -29745 END
START 17208 1140 11960 7713 8752 -30491 END
START 17048 744 11588 7511 9001 -31278 END
START 16756 548 11036 7296 9064 -32107 END
START 16360 308 10444 7088 8988 -32768 END
START 16100 -84 9636 6886 8809 -32768 END
START 15700 -484 9028 6649 8440 -32768 END
START 15268 -788 8752 6329 7913 -32768 END
START 14756 -928 8188 5994 7234 -32768 END
START 14016 -1244 7744 5613 6378 -32768 END
START 13396 -1404 7448 5146 5383 -32768 END
START 12256 -1548 7184 4620 4224 -32768 END
START 11716 -1924 6772 4097 3213 -32768 END
START 11224 -2112 6464 3580 2275 -32768 END
START 10784 -2436 6416 3078 1542 -32768 END
START 10396 -2564 6364 2546 996 -32768 END
START 10096 -2696 5864 2060 793 -32768 END
START 8956 -3044 6528 1582 564 -32768 END
START 7980 -3316 6304 1119 409 -32768 END
START 6632 -3672 6612 633 250 -32768 END
START 5508 -3916 6812 195 67 -32768 END
START 3764 -4148 6904 -251 -251 -32768 END
START 1896 -4424 7076 -609 -536 -32768 END
START 36 -4764 7200 -977 -934 -32768 END
START -1868 -4872 7220 -1250 -1243 -32768 END
START -3648 -5056 7100 -1579 -1454 -32768 END
START -5640 -5248 7244 -1910 -1721 -32768 END
START -7492 -5408 7316 -2263 -2019 -32768 END
START -9300 -5452 7724 -2626 -2418 -32768 END
START -10796 -5372 8216 -3040 -2800 -32768 END
START -12104 -5248 8460 -3410 -3234 -32768 END
START -13464 -5280 8968 -3770 -3543 -32768 END
START -14456 -5480 9452 -4019 -3830 -32768 END
START -15516 -5560 10288 -4276 -4075 -32768 END
START -16692 -5644 10940 -4473 -4410 -32768 END
START -17772 -5656 11940 -4592 -4786 -31880 END
START -18784 -5796 12600 -4720 -5111 -30319 END
START -19704 -5932 13404 -4704 -5328 -28709 END
START -20144 -6012 14296 -4683 -5384 -27026 END
START -20696 -6152 15012 -4633 -5379 -25360 END
START -21020 -6264 15724 -4560 -5337 -23633 END
START -21356 -6540 16564 -4501 -5346 -21897 END
START -21736 -6772 17408 -4392 -5360 -20295 END
START -21760 -6996 18248 -4270 -5308 -18626 END
START -22108 -7252 19164 -4013 -5241 -16967 END
START -22312 -7348 19972 -3733 -5082 -15380 END
START -22340 -7580 20656 -3281 -4848 -13670 END
START -22160 -7804 21316 -2767 -4467 -12016 END
START -21140 -8128 21768 -2174 -4006 -10334 END
START -20324 -8268 22264 -1552 -3445 -8689 END
START -19116 -8480 22404 -940 -2901 -7270 END
START -17880 -8568 22428 -364 -2411 -5972 END
START -16568 -8740 22712 113 -1939 -4955 END
START -15044 -8896 22844 568 -1596 -4188 END
START -13932 -8688 22816 1050 -1284 -3634 END
START -12728 -8560 22812 1388 -968 -3303 END
START -11828 -8488 22796 1813 -588 -3070 END