START 9980 8760 -11996 5920 8639 202 END
START 7844 1804 -10872 5735 -3231 -685 END
START 2728 1244 -10468 3945 -10548 -489 END
START -820 1916 -13492 -744 -16966 790 END
START -504 964 -11756 -6434 -23625 1350 END
START 2488 768 -10208 -10820 -23660 1588 END
START 4844 76 -9608 -15138 -16789 689 END
START 2880 -1496 -12532 -21646 -5436 1324 END
START -1332 -3800 -14648 -29952 1747 3887 END
START -3412 -6940 -13364 -32768 3579 6791 END
START -1924 -9596 -10416 -32768 2954 9104 END
START 2332 -12076 -7196 -32768 4062 8722 END
START 4328 -14632 -2732 -32768 6413 7154 END
START 5524 -17136 4932 -32768 10175 6134 END
START 4168 -19580 15044 -32768 13350 5034 END
START 2204 -21520 27928 -32768 10237 3920 END
START 1760 -20600 32767 -32768 -1147 2025 END
START 3300 -17464 32767 -32768 -8825 -1390 END
START -820 -16832 32767 -27355 -10464 -3041 END
START -5364 -15804 32767 -20853 -6928 207 END
START -8624 -13552 32767 -16348 319 6062 END
START -7236 -11728 32767 -11187 3652 11402 END
START -1056 -8660 32767 -5230 3669 13363 END
START 2420 -6004 32767 1456 2370 11514 END
START 3744 -4084 32767 7550 -82 8983 END
START 4724 -2968 31188 11365 -965 6628 END
START 5240 -2420 25228 12796 527 4506 END
START 4484 -2600 20624 12651 3599 2697 END
START 2360 -3612 16176 11752 5152 1575 END
START 2428 -4132 12856 10078 4610 1007 END
START 3764 -4384 10848 7378 4413 717 END
START 6440 -3896 10476 4522 5800 1084 END
START 11612 -3068 11864 2203 6586 971 END
START 18196 -1768 12024 1155 8390 -1696 END
START 23800 -1232 11508 529 9143 -7000 END
START 25116 -540 9264 105 10238 -13147 END
START 23772 -1024 8000 -1249 10483 -19336 END
START 19076 -2208 7968 -2553 10123 -23956 END
START 16244 -3116 8432 -2843 9925 -26496 END
START 13232 -4044 7600 -3670 10137 -28549 END
START 10116 -5756 8224 -4588 7358 -30251 END
START 6488 -7784 11384 -3767 2520 -31904 END