START 1116 3048 -6796 4977 -1197 -2425 END
START 1964 -1844 -17052 5772 -1357 -1992 END
START 3844 5768 -12028 3480 -1302 -1843 END
START -1448 2252 -8760 3450 -1142 -1628 END
START 1520 2156 -12912 2163 -1697 -1541 END
START -2124 2116 -9456 982 -2641 -1411 END
START 560 2208 -13588 -461 -2847 -1200 END
START -1756 1716 -11804 -1954 -3449 -949 END
START -536 1564 -13488 -3300 -3346 -530 END
START -1480 1324 -12596 -4732 -3697 -103 END
START -1436 1268 -12692 -6078 -3620 406 END
START -1204 1056 -12532 -7284 -3791 836 END
START -1620 756 -11488 -8480 -3876 1302 END
START -420 680 -12272 -9644 -3696 1690 END
START -120 712 -12092 -10666 -3719 1943 END
START -916 220 -10268 -11766 -3382 2158 END
START 388 240 -10588 -12780 -3324 2318 END
START -356 48 -9204 -13719 -2917 2420 END
START 708 136 -9624 -14596 -2647 2479 END
START 108 -88 -8416 -15012 -2189 2527 END
START 956 -180 -8420 -15753 -1606 2563 END
START 776 -228 -7672 -16367 -1103 2545 END
START 948 -396 -7388 -16936 -407 2541 END
START 704 -512 -6804 -17448 29 2554 END
START 236 -764 -6372 -17888 429 2608 END
START -64 -872 -6036 -18232 830 2688 END
START -164 -964 -6172 -18582 1050 2811 END
START -988 -988 -5648 -18907 1293 2996 END
START -1080 -988 -6048 -19229 1433 3172 END
START -1816 -1232 -5380 -19637 1493 3394 END
START -2044 -1348 -5576 -19975 1458 3689 END
START -3116 -1584 -5128 -20349 1237 4090 END
START -3580 -1864 -5488 -20675 891 4587 END
START -4576 -1872 -5168 -21005 330 5162 END
START -4944 -1752 -5420 -21361 -371 5841 END
START -5252 -1628 -5272 -21760 -1144 6580 END
START -5356 -1516 -5344 -22192 -1932 7331 END
START -5016 -1472 -5228 -22623 -2695 8108 END
START -4668 -1532 -5268 -23137 -3242 8833 END
START -3788 -1676 -5272 -23628 -3610 9515 END
START -2984 -1956 -4956 -24150 -3778 10144 END
START -2212 -2168 -4600 -24659 -3824 10669 END
START -1340 -2256 -4412 -25109 -3670 11177 END
START -612 -2648 -4208 -25539 -3430 11582 END
START 104 -2604 -4064 -25947 -3029 11964 END
START 664 -2520 -3952 -26367 -2569 12290 END
START 1012 -2472 -3800 -26846 -2019 12300 END
START 1564 -2448 -3752 -27337 -1442 12721 END
START 1932 -2672 -3748 -28005 -869 12737 END
START 2384 -2872 -3868 -28643 -260 12715 END
START 2552 -2916 -3844 -29383 346 12787 END
START 2860 -2868 -3756 -30124 877 13010 END
START 3116 -2824 -3508 -31078 1456 12865 END
START 3328 -2744 -3136 -32034 2027 12946 END
START 3516 -2820 -2388 -32768 2492 12864 END
START 3708 -2984 -1760 -32768 2966 12751 END
START 3852 -3148 -972 -32768 3381 13092 END
START 3832 -3268 -92 -32768 3742 12776 END
START 4088 -3176 1036 -32768 4131 13094 END
START 4152 -3016 2204 -32768 4422 12927 END
START 4704 -2892 3208 -32768 4831 13185 END
START 5132 -2736 4328 -32768 5257 13205 END
START 5560 -2784 5724 -32768 5658 13191 END
START 6124 -2952 7024 -32768 6107 12726 END
START 6244 -3012 8140 -32768 6454 12622 END
START 6580 -3120 9500 -32768 6759 12381 END
START 6808 -3096 10604 -32768 6929 12001 END
START 6780 -3060 11956 -32768 7101 11708 END
START 6708 -2992 13480 -32768 7195 11254 END
START 6524 -3168 14884 -32768 7111 10921 END
START 6360 -2984 16156 -32768 7057 10626 END
START 6252 -2972 17576 -32768 6965 10394 END
START 6156 -2968 19016 -32768 6919 10235 END
START 6216 -3128 21072 -32768 6836 10125 END
START 6404 -3080 23472 -32768 6798 10000 END
START 6484 -3120 25668 -32768 6719 9832 END
START 6888 -3444 27708 -32768 6956 9644 END
START 7140 -3552 29688 -32768 7096 9374 END
START 7212 -3528 31860 -32768 7378 9073 END
START 7532 -3520 32767 -32768 7724 8719 END
START 7412 -3504 32767 -32768 8077 8315 END
START 7264 -3352 32767 -32768 8344 7976 END
START 7196 -3264 32767 -32768 8564 7625 END
START 6704 -3176 32767 -32768 8633 7354 END
START 6440 -3192 32767 -32768 8638 7127 END
START 5724 -3180 32767 -32768 8397 6993 END
START 5348 -3100 32767 -32768 8064 6955 END
START 5004 -2992 32767 -32676 7531 6969 END
START 4732 -2776 32767 -30897 6979 7052 END
START 4496 -2596 32767 -29030 6325 7236 END
START 4312 -2540 32767 -27072 5591 7457 END
START 4332 -2360 32767 -25067 4889 7762 END
START 4236 -2068 32767 -22954 4194 8076 END
START 4324 -1700 32767 -20973 3604 8465 END
START 4376 -1364 32767 -18967 2978 8876 END
START 4656 -1196 32767 -17012 2371 9266 END
START 5024 -996 32767 -14946 1875 9702 END
START 5516 -704 32767 -13302 1444 10018 END
START 5972 -420 32767 -11302 1096 10367 END
START 6728 -368 32767 -9478 928 10592 END
START 7328 -1092 32767 -7771 899 10879 END
START 8036 -224 32767 -5780 888 11244 END
START 8564 1052 32767 -4829 779 11664 END
START 9476 348 32767 -3657 1325 12031 END
START 11196 676 32767 -2563 1641 12102 END
START 12272 912 32767 -1504 2215 12074 END
START 14248 1500 32767 -634 2669 11857 END
START 15452 1624 32767 129 3208 11484 END
START 17452 1896 32767 912 3740 10853 END
START 18828 2120 32767 1618 4249 10043 END
START 20264 2432 32767 2327 4687 9059 END
START 21128 2680 32767 3016 5040 7951 END
START 22320 2924 32767 3727 5303 6820 END
START 22916 3088 32767 4392 5459 5519 END
START 23852 3204 32767 5015 5584 4162 END
START 24432 3424 32767 5678 5665 2814 END
START 25140 3540 32767 6225 5745 1378 END
START 25592 3724 31172 6633 5720 -108 END
START 25980 3848 29768 6890 5684 -1636 END
START 26224 3912 28192 7166 5469 -3271 END
START 26268 3956 26840 7275 5222 -4933 END
START 26104 3912 25620 7324 4848 -6592 END
START 25736 3804 24356 7392 4328 -8195 END
START 25704 3860 22740 7430 3731 -9735 END
START 25528 3960 21552 7379 3136 -11275 END
START 25488 4044 20060 7194 2372 -12841 END
START 25484 3964 18880 6931 1680 -14393 END
START 25464 4028 17600 6486 1056 -16020 END
START 25568 3852 16400 6026 605 -17600 END
START 25476 3672 15368 5512 241 -19145 END
START 25164 3508 14624 4978 29 -20678 END
START 24836 3188 13720 4432 -19 -22141 END
START 24192 2944 13228 3870 66 -23480 END
START 23672 2648 12276 3353 509 -24719 END
START 23472 2312 11444 2757 1219 -25872 END
START 23320 2284 10916 2185 2159 -26974 END
START 23372 2176 10164 1523 3330 -28029 END
START 23288 1848 9868 871 4628 -29140 END
START 22964 1428 9496 313 5760 -30201 END
START 22704 1004 8912 -204 6879 -31321 END
START 22072 676 8568 -648 7850 -32405 END
START 21152 340 8284 -1052 8495 -32768 END
START 20388 240 7860 -1503 8976 -32768 END
START 19324 -72 7560 -1892 9277 -32768 END
START 18484 -536 6988 -2324 9252 -32768 END
START 17576 -1060 6528 -2763 8849 -32768 END
START 16976 -1272 6164 -3193 8136 -32768 END
START 16664 -1628 5984 -3708 7150 -32768 END
START 16736 -1844 5376 -4278 6064 -32768 END
START 16464 -1880 5452 -4889 4713 -32768 END
START 15940 -2068 5480 -5548 3326 -32768 END
START 15588 -2456 5788 -6205 1840 -32768 END
START 14552 -2836 6228 -6760 462 -32768 END
START 13596 -3348 6548 -7235 -826 -32768 END
START 12520 -3948 6980 -7600 -1878 -32768 END
START 11644 -4316 7040 -7948 -2587 -32768 END
START 10620 -4712 7392 -8137 -2874 -32768 END
START 9480 -5092 7504 -8369 -2925 -32768 END
START 8196 -5412 7800 -8563 -2725 -32768 END
START 6776 -5796 8084 -8691 -2446 -32768 END
START 4816 -6084 8476 -8892 -2288 -32768 END
START 2996 -6264 8736 -9008 -2189 -32768 END
START 896 -6544 8940 -9090 -2190 -32768 END
START -1352 -6732 9152 -9192 -2341 -32768 END
START -3292 -6764 9088 -9286 -2601 -32768 END
START -5244 -6692 8956 -9423 -2810 -32768 END
START -7016 -6476 8712 -9616 -2983 -32768 END
START -8700 -6280 8416 -9931 -3028 -32768 END
START -9884 -6244 8564 -10359 -3063 -32768 END
START -11152 -6144 8968 -10890 -3018 -32768 END
START -12408 -6316 9504 -11440 -2979 -32768 END
START -13312 -6320 9816 -12060 -2797 -32768 END
START -14324 -6292 10472 -12655 -2557 -32768 END
START -15632 -6640 11868 -13170 -2295 -32768 END
START -16484 -6616 12968 -13654 -2073 -32768 END
START -17352 -6672 14436 -14063 -1955 -32768 END
START -18260 -7180 15608 -14271 -1905 -32768 END
START -19112 -7744 16900 -14351 -1816 -32440 END
START -20172 -8244 18316 -14131 -1943 -30731 END
START -21124 -8092 20056 -13879 -2316 -28970 END
START -21408 -8124 21564 -13442 -2533 -27224 END
START -22076 -8256 23276 -12806 -2745 -25294 END
START -22228 -8312 24452 -12124 -2882 -23472 END
START -22364 -8504 25648 -11370 -2942 -21610 END
START -22528 -8820 26928 -10556 -3070 -19791 END
START -22628 -9152 27952 -9657 -3331 -18059 END
START -22368 -9296 28868 -8640 -3667 -16352 END
START -21996 -9448 29784 -7534 -3874 -14774 END
START -21896 -9636 30760 -6310 -4262 -13233 END
START -22140 -9784 31564 -5136 -4688 -11753 END
START -22404 -9616 32284 -3668 -5436 -10116 END