START 16144 12680 -4416 -7637 3366 4312 END
START 10136 2524 -10580 -8149 1478 5005 END
START 7352 1964 -9148 -11109 -56 3809 END
START 7436 2360 -9492 -16100 -3213 1367 END
START 5724 1132 -6540 -20862 -275 -2090 END
START 1008 -1728 -4852 -24185 3187 -3334 END
START -3200 -4332 -5336 -26792 3584 -2342 END
START -2776 -6912 -6212 -29693 748 -180 END
START -1760 -9172 -6532 -32239 -1380 1748 END
START 588 -8316 -8224 -32768 -4086 4039 END
START 6224 -8812 -7952 -32768 -3498 1135 END
START 4868 -11552 -6368 -32768 -235 -2519 END
START -148 -15880 -3500 -32768 5142 -3629 END
START -6264 -20340 2360 -32768 6362 -1562 END
START -8936 -24908 16796 -32768 -726 3006 END
START 1952 -27040 32767 -32768 -10319 4676 END
START 15988 -22292 32767 -32768 -13359 -2835 END
START 6996 -20932 32767 -29883 -11966 -10175 END
START -76 -19336 32767 -24390 -4599 -7190 END
START -1576 -15628 32767 -19414 5604 -1130 END
START 676 -12500 32767 -13423 12752 2170 END
START 1468 -10460 32767 -6657 14254 2066 END
START 1036 -9160 32767 409 9969 1229 END
START 2560 -7628 32767 5527 5681 854 END
START 5652 -5824 31220 7175 6021 804 END
START 8192 -5196 28016 7258 8169 605 END
START 12120 -4796 25812 8097 7861 -768 END
START 17064 -4200 24280 9905 5648 -4154 END
START 20508 -3840 22692 11592 4829 -10069 END
START 20272 -4684 20668 13006 5021 -15177 END
START 21596 -4828 18120 13540 6360 -18101 END
START 24796 -5276 15224 13945 9447 -23207 END
START 25312 -6432 10040 11951 14374 -29637 END
START 22288 -8688 8664 8243 18109 -32768 END
START 19276 -10544 8992 6454 18498 -32768 END
START 14892 -12436 10044 5994 15988 -32768 END
START 5920 -15444 11624 7003 9520 -32768 END
START -2132 -18320 13340 9755 952 -32768 END
START -8600 -19496 14104 12484 -6939 -32768 END
START -12992 -20912 12428 13034 -9302 -32768 END
START -19860 -21540 9524 7807 -2579 -32768 END
START -27940 -23312 10684 1591 5453 -25182 END
START -32768 -23428 13128 -910 8515 -13323 END