START 6328 4484 -7980 16366 -7672 -2734 END
START 12004 -396 -25288 17158 -6847 -2837 END
START 5172 6376 -13828 14124 -7278 -3454 END
START 3700 5756 -13112 12953 -6731 -3755 END
START 4828 5492 -17132 10669 -7453 -4023 END
START 1408 5528 -14412 8350 -7776 -4129 END
START 4064 5912 -19460 5815 -7560 -4138 END
START 832 5496 -16764 3448 -7357 -4032 END
START 2752 5924 -19576 1077 -6302 -3746 END
START -8 5672 -16836 -1309 -5910 -3479 END
START 1016 5620 -17244 -3340 -4880 -3123 END
START -140 5404 -15328 -5199 -4157 -2758 END
START -344 5648 -14300 -6937 -3324 -2394 END
START -524 5408 -12776 -8384 -2547 -2031 END
START -1208 5056 -10940 -9626 -1969 -1643 END
START -556 4936 -10952 -10646 -1030 -1229 END
START -1716 4652 -8668 -11485 -308 -805 END
START -908 4568 -8500 -12129 646 -331 END
START -1184 4524 -7776 -12648 1249 130 END
START -2516 4336 -5828 -13054 1886 600 END
START -2192 4228 -5592 -13414 2315 1124 END
START -2948 3884 -4044 -13593 2652 1663 END
START -2500 3832 -3776 -13642 3047 2294 END
START -2612 3748 -3172 -13610 3449 2844 END
START -2276 3540 -2996 -13512 3876 3429 END
START -2144 3472 -2868 -13462 4174 3952 END
START -2040 3388 -2544 -13432 4459 4434 END
START -1632 3272 -2516 -13470 4570 4878 END
START -1436 3024 -2420 -13535 4678 5278 END
START -900 2944 -2508 -13676 4660 5575 END
START -632 2844 -2448 -13893 4554 5884 END
START -128 2596 -2680 -13998 4470 6077 END
START -44 2408 -2424 -14161 4212 6245 END
START 228 2176 -2960 -14520 3932 6364 END
START 404 1924 -2632 -14562 3478 6396 END
START 908 1880 -3132 -14409 2933 6417 END
START 1324 1604 -3232 -14640 2278 6337 END
START 1972 1624 -3472 -14700 1660 6189 END
START 2228 1388 -4116 -14954 1099 5938 END
START 2584 1240 -4368 -15489 586 5540 END
START 2840 920 -4644 -15930 158 5118 END
START 3016 704 -4936 -16473 -225 4675 END
START 2908 412 -5276 -17057 -530 4214 END
START 2872 320 -5652 -17707 -714 3773 END
START 2380 220 -6156 -18485 -899 3412 END
START 1952 72 -6600 -19331 -939 3090 END
START 1540 -164 -6468 -20268 -1006 2825 END
START 1184 -372 -6596 -21328 -928 2611 END
START 596 -784 -6668 -22368 -843 2536 END
START -8 -1180 -6532 -23373 -696 2554 END
START -440 -1552 -6284 -24348 -522 2722 END
START -1428 -1644 -6152 -25400 -319 3008 END
START -2036 -1732 -5808 -26340 -82 3398 END
START -2576 -1800 -5268 -27372 172 3908 END
START -3152 -1960 -5036 -28359 403 4479 END
START -3384 -2168 -4248 -29318 652 5084 END
START -3644 -2472 -3564 -30291 850 5756 END
START -3812 -2792 -2952 -31110 1077 6339 END
START -4048 -3100 -2520 -31925 1326 7011 END
START -4032 -3296 -1860 -32753 1573 7669 END
START -3988 -3440 -1048 -32768 1913 8334 END
START -4012 -3840 -492 -32768 2203 8946 END
START -4152 -4228 156 -32768 2477 9515 END
START -4140 -4820 732 -32768 2679 10128 END
START -4236 -5228 1128 -32768 2871 10735 END
START -4016 -5420 1524 -32768 3145 11326 END
START -3820 -5580 1936 -32768 3483 11890 END
START -3760 -5516 2620 -32768 3776 12478 END
START -3452 -5644 3108 -32768 4113 12835 END
START -3028 -5484 4040 -32768 4426 13584 END
START -2576 -5524 5068 -32768 4725 14172 END
START -1740 -5608 6260 -32768 4978 14677 END
START -920 -5920 7652 -32768 5292 15120 END
START 140 -6148 8956 -32768 5546 15455 END
START 1192 -6144 10436 -32768 5840 15710 END
START 2136 -6168 11808 -32768 6139 15874 END
START 2920 -6088 13064 -32768 6458 15900 END
START 3568 -6072 14196 -32768 6761 15906 END
START 4016 -5592 15528 -32768 6960 15791 END
START 4540 -5164 16664 -32768 7152 15658 END
START 4448 -4760 17728 -32768 7228 15517 END
START 4868 -4500 18216 -32768 7281 15346 END
START 4832 -4348 19088 -32768 7196 15192 END
START 4968 -3808 19652 -32768 7229 15002 END
START 5028 -3368 20112 -32768 7156 14830 END
START 5068 -3024 20684 -32768 7089 14728 END
START 5200 -2516 21556 -32768 7029 14672 END
START 5308 -2196 22044 -32768 7066 14546 END
START 5532 -1956 23028 -32768 7085 14455 END
START 5992 -1708 23996 -32768 7242 14340 END
START 6204 -1596 25124 -32768 7361 14164 END
START 6412 -1480 26368 -32768 7468 13994 END
START 6404 -1716 27864 -32768 7509 13868 END
START 6468 -1740 28956 -32768 7441 13702 END
START 6764 -1744 29980 -32768 7428 13588 END
START 7008 -1456 31240 -32768 7323 13548 END
START 7500 -1220 32340 -32768 7352 13376 END
START 8208 -1140 32767 -32768 7431 13054 END
START 9096 -1108 32767 -32768 7600 12973 END
START 9752 -1132 32767 -32768 7840 12475 END
START 10300 -1008 32767 -32768 8185 11949 END
START 10932 -960 32767 -32768 8548 11406 END
START 11368 -952 32767 -32096 8980 10777 END
START 11620 -696 32767 -31005 9482 10056 END
START 11736 -576 32767 -29887 9867 9390 END
START 11864 -396 32767 -28634 10237 8644 END
START 11692 -268 32767 -27400 10495 7908 END
START 11732 -140 32767 -26105 10683 7210 END
START 11516 -80 32767 -24780 10731 6495 END
START 11076 176 32767 -23433 10640 5844 END
START 10816 280 32767 -22133 10426 5258 END
START 10620 256 32767 -20847 10191 4676 END
START 10464 436 32767 -19520 9809 4163 END
START 10324 636 32767 -18248 9529 3748 END
START 10324 384 32767 -16973 9096 3205 END
START 9584 1316 32767 -15383 8719 2921 END
START 9984 880 32767 -14779 8612 2624 END
START 9732 488 32767 -13221 8357 2318 END
START 9392 236 32767 -12078 8251 2091 END
START 9072 240 32767 -10686 7838 1967 END
START 9220 8 32767 -9130 7569 1889 END
START 9468 -48 32767 -7680 7413 1825 END
START 9876 -136 32767 -6016 7335 1737 END
START 10516 -308 32767 -4355 7359 1643 END
START 11400 -352 32767 -2657 7400 1464 END
START 12504 -556 32767 -1124 7524 1210 END
START 13584 -848 32767 440 7702 818 END
START 14512 -1000 32767 1916 7848 362 END
START 15752 -1144 32767 3468 8130 -243 END
START 16872 -1156 32767 4940 8461 -990 END
START 17748 -1256 32767 6307 8726 -1762 END
START 18576 -1140 32767 7614 8846 -2738 END
START 19316 -1028 32767 8924 8891 -3800 END
START 20012 -1076 32767 10061 8812 -4899 END
START 20432 -1144 32767 11157 8806 -6101 END
START 20888 -1064 32767 12074 8706 -7316 END
START 21064 -1080 32767 12976 8500 -8603 END
START 21072 -1076 32444 13716 8161 -9837 END
START 20916 -1108 30476 14338 7664 -11127 END
START 20516 -1220 28488 14816 6927 -12296 END
START 20088 -1480 26336 15232 5980 -13458 END
START 19320 -1572 24120 15548 4868 -14399 END
START 18572 -1524 21340 15649 3520 -15338 END
START 18184 -1396 19176 15585 2110 -16163 END
START 18052 -1148 17196 15289 716 -16982 END
START 18152 -964 15500 14782 -568 -17787 END
START 18604 -744 13924 14169 -1757 -18633 END
START 19060 -676 12232 13439 -2878 -19587 END
START 19116 -532 11012 12687 -3837 -20572 END
START 19324 -616 9684 11786 -4553 -21653 END
START 19448 -708 8444 10879 -4999 -22715 END
START 19584 -692 7280 9881 -5138 -23757 END
START 19404 -496 6388 8840 -4916 -24858 END
START 19252 -584 5440 7744 -4346 -25942 END
START 18612 -580 5056 6656 -3566 -26939 END
START 17684 -700 4636 5534 -2654 -27947 END
START 16780 -932 4524 4439 -1623 -28845 END
START 15588 -1080 4764 3409 -577 -29616 END
START 14440 -1212 4460 2473 475 -30244 END
START 13156 -1436 4780 1662 1440 -30839 END
START 11880 -1436 5104 992 2151 -31327 END
START 10704 -1488 5220 476 2519 -31694 END
START 10412 -1572 5104 90 2733 -32021 END
START 10440 -1512 5008 -263 2784 -32354 END
START 10956 -1676 4772 -599 2627 -32768 END
START 11732 -1548 4364 -949 2395 -32768 END
START 12060 -1700 4388 -1386 2090 -32768 END
START 12284 -1644 4176 -1864 1481 -32768 END
START 11864 -1776 4180 -2424 681 -32768 END
START 11268 -1856 4340 -2996 -285 -32768 END
START 10260 -1880 4420 -3504 -1354 -32768 END
START 8972 -1984 4648 -4098 -2650 -32768 END
START 7500 -2132 4836 -4649 -4060 -32768 END
START 6144 -2388 5304 -5106 -5442 -32768 END
START 4532 -2548 5716 -5571 -6861 -32768 END
START 3064 -2644 6068 -5983 -8229 -32768 END
START 1724 -2540 6484 -6344 -9315 -32768 END
START 668 -2460 6496 -6673 -10128 -32768 END
START -252 -2388 6760 -7033 -10645 -32768 END
START -1284 -2456 7196 -7334 -10796 -32768 END
START -2468 -2444 7640 -7770 -10723 -32768 END
START -3700 -2480 8280 -8211 -10511 -32768 END
START -5104 -2684 9044 -8666 -10032 -32768 END
START -6664 -2768 9964 -9036 -9451 -32768 END
START -8204 -2936 10672 -9364 -8749 -32768 END
START -9908 -3076 11756 -9568 -7942 -32768 END
START -11412 -3404 12416 -9685 -6897 -32768 END
START -12844 -3508 13068 -9698 -5872 -32768 END
START -14664 -3640 13876 -9703 -4755 -32768 END
START -16324 -3592 14340 -9718 -3789 -32768 END
START -18104 -3772 15512 -9699 -3080 -32768 END
START -19704 -3836 16468 -9716 -2708 -31869 END
START -20872 -3984 17536 -9725 -2335 -30088 END
START -22560 -4460 19164 -9658 -2337 -27986 END
START -23568 -4808 20540 -9469 -2492 -25998 END
START -24408 -4676 21908 -9188 -2932 -23887 END
START -24640 -4804 22916 -8861 -3338 -21895 END