START 1984 3268 -4944 3363 -2059 -1603 END
START 5144 -580 -17980 4120 -1287 -1351 END
START 4624 7024 -8564 1265 -2809 -1443 END
START -1840 2228 -5556 1298 -2631 -1392 END
START 448 2940 -7080 47 -3522 -1150 END
START -116 2588 -6548 -666 -4537 -1040 END
START -772 2152 -6160 -1495 -4470 -840 END
START 1192 1948 -8448 -2260 -4821 -719 END
START -860 1352 -6000 -2897 -4692 -490 END
START 1248 1504 -8748 -3587 -4372 -286 END
START -1088 1176 -5868 -4239 -4655 -129 END
START 748 1352 -8364 -4983 -4231 98 END
START 652 984 -8300 -5637 -4250 242 END
START -528 872 -6828 -6322 -4023 464 END
START 196 860 -8144 -7055 -3568 647 END
START -260 516 -7884 -7754 -3310 854 END
START -336 384 -7968 -8479 -2668 1078 END
START -252 256 -8196 -9261 -2158 1342 END
START -1004 -12 -7596 -10013 -1752 1654 END
START -1240 -164 -7564 -10685 -1131 1958 END
START -532 -308 -8552 -11377 -872 2266 END
START -1664 -512 -7480 -12023 -392 2638 END
START -720 -392 -8452 -12623 -159 3001 END
START -1376 -628 -7644 -13241 69 3315 END
START -328 -560 -8404 -13815 267 3569 END
START -960 -556 -7560 -14303 259 3746 END
START -348 -484 -7824 -14877 314 3846 END
START -508 -604 -7424 -15564 130 3921 END
START -368 -576 -7356 -16089 -95 3924 END
START -584 -632 -7120 -16596 -310 3997 END
START -316 -724 -6916 -17029 -644 4093 END
START -316 -756 -6852 -17437 -851 4182 END
START -104 -728 -6768 -17815 -1155 4273 END
START -256 -732 -6316 -18197 -1382 4421 END
START 404 -968 -6592 -18581 -1645 4548 END
START 84 -920 -6164 -18949 -1869 4677 END
START 564 -1140 -6560 -19316 -2034 4776 END
START 324 -1416 -6312 -19703 -2278 4889 END
START 680 -1384 -6508 -20056 -2424 5046 END
START 440 -1436 -6436 -20573 -2719 5147 END
START 692 -1428 -6760 -21070 -2824 5270 END
START 732 -1544 -6928 -21623 -3046 5433 END
START 372 -1780 -6696 -22153 -3293 5555 END
START 220 -1952 -7128 -22730 -3556 5811 END
START 276 -2288 -7312 -23406 -3848 6037 END
START 412 -2372 -7708 -24015 -3980 6228 END
START 304 -2540 -7808 -24781 -4213 6420 END
START 344 -2692 -7848 -25618 -4312 6628 END
START 212 -2672 -8032 -26491 -4390 6821 END
START -120 -2492 -8084 -27500 -4382 7037 END
START -44 -2548 -8292 -28534 -4344 7234 END
START -488 -2544 -8076 -29555 -4255 7491 END
START -484 -2824 -7836 -30626 -4092 7745 END
START -932 -3032 -7388 -31696 -3982 8039 END
START -1024 -3344 -7192 -32756 -3882 8379 END
START -1448 -3512 -6732 -32768 -3807 8750 END
START -1772 -3708 -6272 -32768 -3706 9194 END
START -2032 -3816 -5916 -32768 -3643 9706 END
START -2192 -3952 -5476 -32768 -3427 10271 END
START -2156 -4296 -5140 -32768 -3125 10862 END
START -1900 -4640 -4484 -32768 -2697 11510 END
START -1692 -4972 -3876 -32768 -2079 12094 END
START -1132 -5404 -3036 -32768 -1353 12811 END
START -648 -5640 -2092 -32768 -452 13170 END
START -116 -5952 -1020 -32768 470 13791 END
START 876 -6260 580 -32768 1544 14262 END
START 1788 -6524 2004 -32768 2704 14629 END
START 3052 -6948 3432 -32768 3972 14935 END
START 4144 -7108 4864 -32768 5298 15085 END
START 5064 -7268 6672 -32768 6722 15102 END
START 5836 -7192 8448 -32768 8002 14976 END
START 6480 -6916 10020 -32768 9220 14673 END
START 7392 -6504 11704 -32768 10310 14257 END
START 8032 -6412 13568 -32768 11320 13587 END
START 8336 -6448 15448 -32768 12026 12951 END
START 8800 -6528 17228 -32768 12501 12081 END
START 8768 -6616 19072 -32768 12629 10994 END
START 8792 -6984 21716 -32768 12770 9985 END
START 9060 -7020 23652 -32768 12655 8872 END
START 8680 -7052 26000 -32768 12267 7866 END
START 8200 -6972 28348 -32768 11675 6787 END
START 7752 -7152 30652 -32768 11035 5777 END
START 7024 -7232 32767 -32768 10177 4835 END
START 6324 -7324 32767 -32768 9260 3938 END
START 5464 -7240 32767 -32768 8394 3242 END
START 4492 -7196 32767 -32768 7624 2750 END
START 3724 -7168 32767 -32768 6915 2428 END
START 3040 -6920 32767 -32768 6378 2342 END
START 2352 -7100 32767 -32768 6024 2391 END
START 2892 -8192 32767 -32768 6124 2486 END
START 2008 -8528 32767 -32768 6487 2816 END
START 2056 -5772 32767 -32768 6749 3313 END
START 840 -6396 32767 -32768 7277 3860 END
START 848 -6756 32767 -32768 7759 4439 END
START 960 -7052 32767 -32768 8219 5018 END
START 844 -6648 32767 -32312 8604 5605 END
START 1220 -6072 32767 -29656 9027 6253 END
START 1600 -5464 32767 -27045 9422 6800 END
START 2224 -4696 32767 -24522 9772 7302 END
START 2528 -4260 32767 -21984 9871 7674 END
START 3328 -3780 32767 -19603 9711 8008 END
START 4044 -3448 32767 -17450 9388 8140 END
START 5600 -3048 32767 -15331 9055 8121 END
START 6304 -2932 32767 -13652 8560 7939 END
START 7876 -2532 32767 -11994 8151 7620 END
START 9292 -2380 32767 -10466 7668 7102 END
START 10936 -2444 32767 -8911 7350 6417 END
START 12140 -2096 32767 -7415 7050 5547 END
START 13132 -1956 32767 -5943 6661 4494 END
START 14316 -1500 32767 -4495 6348 3355 END
START 15180 -1052 32767 -3191 6196 2040 END
START 16448 -792 32767 -1937 6208 635 END
START 17076 -404 32767 -838 6308 -892 END
START 17496 -224 32767 60 6489 -2415 END
START 17548 60 32767 880 6617 -3946 END
START 17588 228 32767 1606 6786 -5463 END
START 17652 228 32767 2261 7002 -6976 END
START 17916 508 32767 2880 7418 -8526 END
START 17900 716 32767 3413 7936 -10090 END
START 17732 644 32767 3861 8521 -11626 END
START 17332 512 32767 4281 9169 -13120 END
START 16644 420 32767 4592 9741 -14534 END
START 15948 288 32556 4895 10347 -15816 END
START 14844 180 31432 5166 10819 -16975 END
START 13892 -92 30164 5440 11130 -17877 END
START 13084 -380 29132 5698 11260 -18718 END
START 12488 -628 28032 5937 11247 -19463 END
START 11716 -1224 26912 6225 11083 -20192 END
START 10952 -1424 25956 6565 10600 -20940 END
START 10660 -1672 25248 6896 9854 -21703 END
START 10620 -1836 24124 7240 8964 -22392 END
START 10464 -2012 23244 7554 7979 -23178 END
START 10412 -2028 22488 7792 6954 -23884 END
START 10224 -1992 21564 7903 5953 -24620 END
START 10000 -1820 20692 7929 4954 -25254 END
START 9724 -1552 20224 7913 4167 -25833 END
START 9500 -1596 19888 7830 3431 -26289 END
START 9744 -1508 19516 7756 2878 -26710 END
START 10464 -1528 19376 7737 2689 -27061 END
START 11248 -1568 19192 7812 2818 -27430 END
START 11708 -1676 19136 7977 3089 -27858 END
START 12000 -1684 19144 8185 3392 -28324 END
START 11724 -1548 18872 8501 3738 -28868 END
START 11744 -1544 18348 8902 3969 -29439 END
START 11532 -1580 18012 9301 4175 -30055 END
START 11428 -1552 17396 9668 4205 -30624 END
START 11268 -1548 16368 9964 4215 -31176 END
START 10816 -1512 15284 10140 4062 -31761 END
START 10260 -1308 14676 10167 3688 -32281 END
START 9712 -1188 13836 10079 3284 -32764 END
START 9496 -1128 12984 10018 2867 -32768 END
START 9140 -1128 12356 9817 2367 -32768 END
START 9336 -1296 11576 9583 1867 -32768 END
START 9700 -1304 10704 9335 1400 -32768 END
START 10696 -1564 9968 9052 939 -32768 END
START 11828 -1612 9028 8647 626 -32768 END
START 12592 -1788 8472 8171 351 -32768 END
START 12740 -1924 7988 7650 51 -32768 END
START 12512 -2192 7752 7013 -339 -32768 END
START 11660 -2476 7608 6371 -848 -32768 END
START 10428 -2800 7836 5683 -1439 -32768 END
START 8816 -3152 8092 4921 -2059 -32768 END
START 6968 -3452 8472 4220 -2744 -32768 END
START 5064 -3636 9168 3607 -3345 -32768 END
START 3128 -3648 9660 3175 -3881 -32768 END
START 1908 -3784 10080 2883 -4416 -32768 END
START -100 -4100 10720 2798 -4813 -32768 END
START -1604 -4532 11236 2814 -5178 -32768 END
START -3044 -4688 11648 2986 -5664 -32768 END
START -4404 -4740 11892 3182 -6146 -32768 END
START -5880 -4864 12340 3422 -6686 -32768 END
START -7224 -4840 12500 3648 -7176 -32768 END
START -8476 -4668 12608 3882 -7752 -32768 END
START -9672 -4752 12868 4165 -8244 -32768 END
START -10764 -4724 12888 4372 -8761 -32768 END
START -11684 -4908 12664 4618 -9076 -32768 END
START -12576 -4904 12260 4841 -9176 -32768 END
START -13344 -4932 11644 5049 -9019 -32768 END
START -14084 -4852 11132 5183 -8678 -32768 END
START -14764 -4804 10532 5208 -8275 -31555 END
START -15800 -4752 9960 5101 -7966 -30125 END
START -16264 -4916 9540 4797 -7615 -28665 END
START -17756 -4672 8876 4576 -7695 -27040 END
START -18584 -4068 8540 3777 -7735 -25453 END
START -18864 -4344 8396 3162 -7996 -23805 END
START -18876 -4672 8200 2355 -8090 -22126 END
START -18964 -4964 8072 1591 -8096 -20540 END
START -18968 -5256 8164 812 -8064 -19024 END
START -19016 -5500 8692 52 -8066 -17562 END
START -18936 -5556 9180 -650 -8105 -16137 END
START -18880 -5700 9792 -1353 -8130 -14821 END
START -18584 -5980 10308 -1949 -8239 -13608 END
START -18648 -6152 11364 -2576 -8389 -12391 END
START -18676 -6344 12320 -3179 -8574 -11222 END
START -18560 -6184 12484 -3672 -8666 -10043 END