START 18536 7912 -1648 16345 -2360 984 END
START 14808 -1096 -8044 14242 -5686 1651 END
START 8208 660 -7512 8873 -4829 1598 END
START -2512 536 -4564 2492 -3796 1778 END
START -4428 -96 -3204 -3336 -2862 1025 END
START -5520 -576 -2800 -4757 -2376 2602 END
START -2868 -1192 -5876 -6843 -1424 5797 END
START -2868 -272 -9108 -11526 1626 8599 END
START -3068 -352 -9980 -17570 4179 10517 END
START -2456 -636 -8096 -22803 4551 11488 END
START -1100 -1060 -5856 -26727 3634 10917 END
START -1244 -2280 -2356 -29069 2249 10640 END
START -960 -2360 292 -32024 694 11227 END
START 2020 -3648 5336 -32768 247 11895 END
START 5816 -2596 14140 -32768 -230 12160 END
START 10444 -384 23708 -32768 -910 10752 END
START 19052 1764 32767 -29988 1188 7275 END
START 18516 3672 32767 -26517 5370 2596 END
START 14064 3748 32767 -21373 6020 367 END
START 13688 4900 32767 -14868 5104 -62 END
START 12804 5872 32767 -8281 5374 -571 END
START 11116 5900 32767 -1699 4642 -688 END
START 10900 5652 32767 4999 2843 -1505 END
START 11364 5032 32767 10487 2849 -2817 END
START 8884 3140 32767 15126 2832 -4132 END
START 6616 1880 32767 18830 803 -4290 END
START 7024 948 30552 21295 -1123 -4306 END
START 7944 -152 27204 23516 -2298 -4819 END
START 9432 -548 24132 26231 -2623 -6171 END
START 10072 -1388 20208 28595 -2948 -8283 END
START 10504 -1452 15052 29276 -1869 -10824 END
START 8844 -2236 10192 28147 -1850 -12139 END
START 11256 -1064 5960 25387 -2589 -13039 END
START 11628 -1060 4364 22808 -1588 -16283 END
START 9344 -1692 2348 21389 -347 -18837 END
START 6072 -2444 -2860 19109 501 -19541 END
START 4136 -2100 -6264 14676 -1060 -19541 END
START 2152 -2520 -7688 10117 -2672 -19091 END
START 428 -2172 -10052 4353 -2843 -17555 END
START -228 -2468 -10328 -2015 -1005 -16638 END
START -2352 -3096 -11484 -8342 1456 -15012 END
START -7372 -4176 -13012 -15151 1474 -11963 END
START -10688 -4236 -10888 -21604 -2548 -7803 END
START -9456 -5268 -7680 -26514 -4229 -3206 END
START -7020 -4904 -4852 -31876 -3036 38 END
START -5960 -4904 748 -32768 -1021 1017 END
START -8016 -4632 6088 -32768 -1535 2870 END
START -7904 -4204 13952 -32768 -4626 5577 END
START -1828 -2988 28156 -32768 -5879 7818 END
START 2904 -1064 32767 -32579 -3595 7294 END
START 6856 1564 32767 -23232 -861 4531 END
START 5632 3472 32767 -13128 -598 267 END
START 1860 3400 32767 -3481 -889 -2002 END
START -2068 3112 32767 5749 -562 -469 END
START -2692 2920 32767 14416 762 2378 END
START -2048 2140 32767 21923 1517 5061 END
START 228 1756 32767 27594 742 6167 END
START 3644 1656 32767 31321 -177 4980 END
START 6400 1624 26500 32767 -1703 2614 END
START 9332 1712 19736 32767 -3904 -1491 END
START 11072 1920 12620 32767 -5924 -5316 END
START 11572 2112 6884 32767 -7177 -8928 END
START 12412 2320 2376 32767 -6774 -12314 END
START 11332 2204 -328 30585 -4884 -16268 END
START 7924 1024 -2472 28867 -5071 -19015 END
START 5480 -100 -4616 27301 -5754 -20346 END
START 5992 -1044 -7392 24823 -4483 -21177 END
START 5024 -848 -13988 18928 -2763 -21054 END
START 3972 -812 -17820 8502 -3575 -20837 END
START 2592 -1964 -19192 -3541 -8899 -19733 END
START 1504 -3948 -14584 -12489 -12147 -18569 END
START 728 -5364 -12176 -20705 -9877 -17409 END
START -2000 -7000 -10276 -27924 -6284 -15145 END
START -2616 -8076 -9160 -32768 -4462 -13000 END
START -3032 -9572 -7504 -32768 -2695 -10645 END
START -3140 -9580 -3824 -32768 -1432 -9222 END
START -6044 -10344 564 -32768 3068 -8614 END
START -10944 -10068 5212 -32768 4793 -5830 END
START -15388 -10584 14564 -32768 6228 -1721 END
START -15576 -11408 32767 -32768 10064 4282 END
START -14204 -10356 32767 -32768 21024 7984 END