START 23056 -1912 32268 -7630 -3393 10507 END
START 25784 -6488 23828 -5159 -2141 9847 END
START 21852 -1812 30028 -6137 -2173 8745 END
START 23768 -1088 31624 -5069 -2839 8073 END
START 22628 -880 32767 -4893 -3430 7325 END
START 22644 -1012 32767 -4559 -3671 6542 END
START 24700 -672 31216 -4310 -3241 5575 END
START 22744 -992 32767 -4024 -3145 4698 END
START 25252 -568 32528 -3788 -2782 3917 END
START 22940 -728 32767 -3498 -3015 3101 END
START 25452 -332 32767 -3237 -2578 2381 END
START 24184 -488 32767 -2908 -2631 1654 END
START 25436 -372 32767 -2464 -2268 980 END
START 25080 -524 32767 -1963 -2242 305 END
START 25400 -460 32767 -1388 -2160 -387 END
START 25344 -456 32767 -577 -1947 -1019 END
START 25864 -308 32767 370 -2003 -1712 END
START 25468 -300 32767 1532 -1802 -2363 END
START 26324 -140 32767 2771 -1870 -3098 END
START 25764 -224 32767 4135 -1778 -3811 END
START 26740 -216 32767 5570 -1930 -4616 END
START 26000 -416 32767 7068 -2089 -5455 END
START 26428 -504 32767 8500 -2347 -6264 END
START 25692 -560 32767 9935 -2675 -7018 END
START 26108 -704 32767 11369 -3041 -7740 END
START 25744 -964 32767 12825 -3547 -8422 END
START 25672 -1136 32767 14269 -4117 -9099 END
START 25500 -1340 32767 15682 -4858 -9832 END
START 25404 -1468 32767 17179 -5684 -10625 END
START 25540 -1708 32767 18646 -6626 -11458 END
START 25232 -1888 32767 20178 -7635 -12350 END
START 24584 -2072 32767 21729 -8825 -13372 END
START 24292 -2392 32767 23273 -10050 -14384 END
START 23244 -2612 32767 24809 -11425 -15381 END
START 22788 -2796 32767 26306 -12689 -16395 END
START 21764 -3068 32767 27700 -14099 -17307 END
START 20960 -3272 32767 29025 -15452 -18195 END
START 20028 -3344 32767 30241 -16822 -18978 END
START 18932 -3792 32767 31354 -18132 -19735 END
START 18072 -4052 32444 32421 -19404 -20413 END
START 17200 -4304 31048 32767 -20621 -21068 END
START 16552 -4464 29584 32767 -21646 -21641 END
START 16184 -4508 27620 32767 -22253 -22175 END
START 15884 -4580 26068 32767 -22419 -22665 END
START 15688 -4552 23980 32767 -22232 -23143 END
START 15388 -4668 21736 32767 -21690 -23624 END
START 15004 -4692 20016 32767 -20876 -24042 END
START 14852 -4744 18408 32767 -19865 -24504 END
START 14448 -4716 16948 32767 -18718 -24940 END
START 13872 -4944 15456 32767 -17529 -25389 END
START 13056 -5068 14344 32767 -16288 -25833 END
START 12220 -5148 12972 32767 -15208 -26261 END
START 10776 -5096 11548 32767 -14220 -26606 END
START 9788 -5160 10268 32767 -13307 -26865 END
START 8848 -5120 9328 32767 -12486 -27064 END
START 7804 -5208 7948 32767 -11697 -27237 END
START 6984 -5152 6656 32767 -10865 -27273 END
START 6208 -5228 5352 32767 -10087 -27310 END
START 5376 -5156 4404 32767 -9286 -27348 END
START 4532 -5012 3244 32767 -8586 -27272 END
START 3604 -4948 2220 32368 -8027 -27218 END
START 3004 -4796 1192 31686 -7517 -27080 END
START 2140 -4916 452 30985 -7148 -26948 END
START 1484 -4904 -752 30299 -6836 -26702 END
START 668 -4880 -1600 29512 -6705 -26460 END
START -356 -4876 -2232 28760 -6649 -26097 END
START -1312 -4764 -2912 28015 -6741 -25647 END
START -2348 -4504 -3680 27116 -6934 -25120 END
START -3112 -4200 -4608 26319 -7293 -24607 END
START -3976 -3948 -5376 25474 -7752 -23986 END
START -4852 -3368 -6140 24597 -8389 -23299 END
START -5552 -3140 -6984 23553 -9164 -22594 END
START -6316 -3156 -7748 22492 -10048 -21843 END
START -6928 -3072 -8628 21382 -10925 -21096 END
START -7496 -2764 -9432 20164 -11675 -20326 END
START -8012 -2432 -10264 18830 -12402 -19406 END
START -8388 -1916 -10508 17528 -12983 -18548 END
START -8488 -1520 -11040 16150 -13443 -17641 END
START -8752 -1336 -11492 14773 -13815 -16686 END
START -8832 -1124 -11716 13368 -14002 -15729 END
START -8680 -888 -11888 12069 -14016 -14814 END
START -8736 -648 -12148 10756 -13821 -13845 END
START -8536 -512 -12844 9454 -13509 -12876 END
START -8824 -372 -13120 8244 -13123 -11951 END
START -8760 -24 -13772 6943 -12542 -11003 END
START -8756 104 -14136 5598 -11882 -10103 END
START -8720 480 -14872 4051 -11058 -9172 END
START -8492 524 -14900 2522 -10173 -8278 END
START -8340 752 -14940 973 -9223 -7373 END
START -8200 740 -14944 -508 -8272 -6494 END
START -8216 924 -14732 -2026 -7267 -5616 END
START -7720 772 -14416 -3452 -6347 -4814 END
START -7640 780 -13680 -4702 -5561 -4072 END
START -7392 620 -13220 -5857 -4816 -3330 END
START -7432 756 -12452 -6917 -4258 -2595 END
START -6656 420 -12336 -7835 -3674 -1977 END
START -6104 300 -12212 -8620 -3028 -1433 END
START -5544 164 -11812 -9391 -2443 -935 END
START -5116 148 -11424 -10070 -2033 -546 END
START -4760 192 -11320 -10752 -1738 -241 END
START -4584 340 -10984 -11450 -1488 57 END
START -4288 332 -10796 -12147 -1332 297 END
START -4136 388 -10776 -12794 -1354 541 END
START -4080 260 -10788 -13479 -1432 835 END
START -4100 180 -10592 -14062 -1634 1080 END
START -3816 24 -10780 -14831 -1890 1374 END
START -3444 0 -10796 -15348 -2151 1634 END
START -3344 -136 -10632 -16092 -2482 1869 END
START -3160 -116 -10692 -16835 -2836 2121 END
START -2856 -200 -10720 -17581 -3206 2322 END
START -2500 -56 -10928 -18390 -3494 2525 END
START -2024 -144 -10688 -19207 -3691 2659 END
START -1780 -224 -10556 -20043 -3831 2767 END
START -1604 -364 -10212 -20922 -3883 2858 END
START -1560 -620 -9712 -21763 -3923 2936 END
START -1508 -776 -9240 -22549 -3887 3048 END
START -1588 -956 -8968 -23320 -3783 3189 END
START -1940 -1024 -8484 -24039 -3603 3408 END
START -2156 -1216 -8464 -24651 -3478 3671 END
START -2488 -1368 -8000 -25321 -3304 4021 END
START -2760 -1428 -7712 -25967 -3098 4390 END
START -2980 -1380 -7544 -26735 -2832 4823 END
START -3232 -1488 -7344 -27469 -2516 5316 END
START -3584 -1724 -6980 -28242 -2202 5804 END
START -3836 -2020 -6900 -29054 -1849 6431 END
START -3928 -2112 -6324 -29818 -1460 7028 END
START -4080 -2296 -6252 -30644 -946 7734 END
START -4280 -2440 -6192 -31493 -390 8440 END
START -4372 -2712 -5868 -32361 194 9187 END
START -4436 -2924 -5724 -32768 810 9981 END
START -4140 -3060 -5592 -32768 1468 10788 END
START -3808 -3276 -5324 -32768 2189 11622 END
START -3516 -3316 -4764 -32768 2928 12425 END
START -2804 -3704 -4020 -32768 3640 13053 END
START -2056 -3800 -3104 -32768 4421 13624 END
START -1172 -4044 -1796 -32768 5189 14178 END
START -432 -4328 -120 -32768 5841 14694 END
START 548 -4604 1596 -32768 6547 15127 END
START 1820 -4888 3416 -32768 7163 15520 END
START 3016 -5188 5484 -32768 7870 15852 END
START 4576 -5336 7176 -32768 8764 16028 END
START 5976 -5388 9040 -32768 9765 16029 END
START 7416 -5212 11144 -32768 10805 15864 END
START 9068 -5208 13316 -32768 11930 15539 END
START 10296 -5048 15592 -32768 13075 14999 END
START 11768 -4936 18132 -32768 13727 14288 END
START 12608 -4640 20820 -32768 14501 13389 END
START 13408 -4364 23168 -32768 15066 12632 END
START 14500 -4116 25284 -32768 15522 11603 END
START 15192 -4020 28488 -32768 15735 10541 END
START 15468 -3620 31088 -32768 15502 9456 END
START 15664 -3444 32767 -32768 15261 8439 END
START 15556 -3060 32767 -32768 14719 7448 END
START 15492 -2748 32767 -32768 14037 6523 END
START 15388 -2428 32767 -32768 13156 5697 END
START 15440 -1888 32767 -32768 12980 4991 END
START 15620 -1536 32767 -32768 12577 4449 END
START 15688 -1252 32767 -32768 12462 3930 END
START 16004 -1280 32767 -32768 12492 3496 END
START 16348 -1052 32767 -32768 12473 3101 END
START 16840 -1008 32767 -32768 12664 2642 END
START 17364 -1208 32767 -32768 12747 2180 END
START 18000 -1120 32767 -31350 13297 1743 END
START 18604 -1140 32767 -29559 13278 1174 END
START 19096 -964 32767 -27618 13299 557 END
START 19340 -936 32767 -25345 13577 -157 END
START 19580 -868 32767 -22949 13407 -971 END
START 19360 -780 32767 -20389 13564 -1841 END
START 19172 -892 32767 -17535 13038 -2809 END
START 18604 -960 32767 -14528 12766 -3660 END
START 17944 -984 32767 -11726 12012 -4450 END
START 17228 -1008 32767 -8843 11349 -5051 END
START 16608 -1008 32767 -5915 10497 -5555 END
START 15996 -964 32767 -3218 9569 -5955 END
START 15760 -832 32767 -707 8678 -6276 END
START 15488 -772 32767 1809 7790 -6609 END
START 15512 -784 32767 4069 6930 -6935 END
START 15268 -812 32767 6320 6073 -7319 END
START 15188 -828 32767 8469 5242 -7692 END
START 15092 -756 32767 10501 4541 -8120 END
START 15044 -892 32767 12437 3983 -8514 END
START 14960 -864 32767 14267 3568 -8895 END
START 14748 -872 32767 15928 3213 -9287 END
START 14416 -924 32767 17528 2880 -9682 END
START 14128 -1072 32767 19104 2521 -10012 END
START 13776 -1120 32767 20543 2222 -10332 END
START 13212 -1304 32767 22063 1884 -10655 END
START 13008 -1196 32767 23516 1465 -10939 END
START 12680 -1364 32767 24806 1060 -11229 END
START 12324 -1372 32767 26072 553 -11509 END
START 12176 -1496 32767 27231 56 -11820 END
START 12440 -1704 32767 28263 -402 -12165 END
START 12596 -1760 32767 29214 -821 -12551 END
START 12684 -1764 32767 30114 -1214 -13012 END
START 12764 -1672 32576 31052 -1619 -13553 END
START 12984 -1708 31000 31901 -2001 -14123 END
START 12892 -1648 29548 32733 -2493 -14898 END
START 12820 -1972 27868 32767 -3129 -15628 END
START 12484 -2160 26540 32767 -3857 -16484 END
START 12388 -2272 24932 32767 -4605 -17360 END
START 11972 -2348 23436 32767 -5281 -18189 END
START 11536 -2572 21376 32767 -6088 -19057 END
START 11140 -2820 19652 32767 -6843 -19919 END
START 10336 -2908 18124 32767 -7607 -20787 END
START 9432 -2956 16668 32767 -8418 -21524 END
START 8592 -3000 15100 32767 -9116 -22191 END
START 7524 -3024 13572 32767 -9870 -22765 END
START 6952 -2980 11928 32767 -10466 -23247 END
START 6220 -2916 10204 32767 -11030 -23649 END
START 5500 -2900 8732 32767 -11484 -24009 END
START 4932 -2788 7032 32767 -11707 -24249 END
START 4228 -2720 5584 32767 -11885 -24441 END
START 3544 -2704 4280 32767 -11936 -24548 END
START 2824 -2560 2880 32767 -11906 -24571 END
START 1916 -2576 1072 32767 -11705 -24496 END
START 1240 -2352 -168 32767 -11449 -24332 END
START 424 -2296 -1420 32767 -11057 -24115 END
START -368 -2024 -2612 32020 -10663 -23837 END
START -1024 -1920 -3904 30961 -10175 -23447 END
START -1944 -1676 -4848 29882 -9685 -23025 END
START -2780 -1548 -5916 28626 -9188 -22446 END
START -3640 -1336 -6836 27407 -8750 -21873 END
START -4488 -1216 -7976 26111 -8288 -21174 END
START -5280 -1012 -8928 24690 -7832 -20363 END
START -6000 -852 -10000 23301 -7486 -19530 END
START -7080 -500 -10748 21769 -7306 -18495 END
START -7908 -60 -12000 20223 -7266 -17479 END
START -8508 144 -12768 18603 -7437 -16378 END
START -9288 480 -13824 16877 -7699 -15251 END
START -9580 780 -14532 14994 -7976 -14039 END
START -9828 1176 -15308 13044 -8220 -12953 END
START -9876 1372 -15928 11018 -8357 -11832 END
START -10016 1492 -16052 8835 -8522 -10713 END
START -10228 1356 -16028 6837 -8756 -9633 END
START -10344 1344 -15820 4966 -9004 -8531 END
START -10564 1144 -15668 3089 -9292 -7358 END
START -10380 1220 -15640 1468 -9478 -6249 END
START -10220 1304 -15640 -108 -9493 -5186 END
START -9676 1360 -15628 -1687 -9273 -4144 END
START -9424 1228 -15440 -3193 -8857 -3238 END
START -9004 1408 -14752 -4759 -8364 -2386 END
START -8708 1304 -14344 -6260 -7796 -1593 END
START -8364 904 -13740 -7701 -7147 -809 END
START -8236 780 -12932 -8900 -6559 -74 END
START -8160 684 -12572 -10010 -5827 681 END
START -8132 544 -11816 -11045 -5203 1431 END
START -8156 624 -11012 -11914 -4776 2263 END
START -7976 296 -10516 -12747 -4531 3063 END
START -7684 88 -10168 -13470 -4447 3826 END
START -7108 -168 -9944 -14072 -4284 4539 END
START -6252 -208 -9748 -14898 -4029 5143 END
START -5584 -288 -9360 -15367 -3816 5539 END
START -5020 -492 -9128 -16056 -3722 5928 END
START -4856 -804 -8880 -16644 -3857 6279 END
START -4816 -1064 -8804 -17114 -4253 6634 END
START -4652 -1280 -9080 -17555 -4838 7039 END
START -4168 -1384 -9592 -18136 -5428 7395 END
START -3292 -1440 -10116 -18821 -5978 7725 END
START -2316 -1264 -10240 -19723 -6416 7860 END
START -1456 -1352 -10168 -20773 -6810 7926 END
START -640 -1376 -9752 -21787 -7076 7784 END
START -20 -1572 -9428 -22818 -7215 7615 END
START 728 -1572 -8772 -23684 -7091 7370 END
START 1288 -1876 -8324 -24493 -6787 7103 END
START 1744 -1972 -7720 -25212 -6331 6847 END
START 1672 -2292 -7232 -25789 -5748 6653 END
START 1520 -2456 -6660 -26335 -5240 6526 END
START 1192 -2556 -6308 -26848 -4699 6451 END
START 616 -2664 -5976 -27338 -4328 6481 END
START 188 -2668 -5488 -27865 -3992 6585 END
START -160 -2728 -5192 -28474 -3696 6772 END
START -368 -2748 -4932 -29128 -3382 6995 END
START -432 -2828 -4512 -29834 -3008 7254 END
START -696 -3104 -4228 -30541 -2598 7522 END
START -608 -3388 -3616 -31197 -2298 7805 END
START -576 -3616 -2940 -31877 -1973 8136 END
START -344 -3972 -2416 -32467 -1665 8475 END
START 24 -4164 -1928 -32768 -1205 8798 END
START 412 -4176 -1176 -32768 -789 8990 END
START 708 -4404 -328 -32768 -337 9191 END
START 876 -4536 748 -32768 20 9284 END
START 1044 -4672 1304 -32768 270 9415 END
START 1140 -4768 2340 -32768 406 9540 END
START 1060 -4704 3380 -32768 378 9714 END
START 1280 -4660 4356 -32768 389 9915 END
START 1468 -4616 5080 -32768 515 10077 END
START 1920 -4692 6036 -32768 690 10323 END
START 2348 -4628 7164 -32768 945 10524 END
START 2992 -4700 7936 -32768 1423 10745 END
START 3768 -4712 8996 -32768 2066 10921 END
START 4548 -4872 10112 -32768 2904 10998 END
START 5184 -4996 11480 -32768 3834 10988 END
START 5520 -5024 13288 -32768 4643 10935 END
START 6096 -5124 15008 -32768 5557 10854 END
START 6348 -5276 17104 -32768 6414 10714 END
START 6840 -5200 19028 -32768 7291 10664 END
START 6964 -5408 21532 -32768 8174 10542 END
START 7320 -5500 23556 -32768 9159 10498 END
START 7632 -5988 26168 -32768 9898 10357 END
START 7836 -6344 29752 -32768 10764 10186 END
START 7828 -6672 31944 -32768 11303 9997 END
START 7896 -7140 32767 -32768 11698 9879 END
START 7464 -7432 32767 -32768 11762 9715 END
START 7296 -7692 32767 -32768 11565 9533 END
START 7644 -7920 32767 -32768 11276 9347 END
START 7588 -7956 32767 -32768 10807 9098 END
START 8116 -8032 32767 -32768 10385 8818 END
START 8260 -8252 32767 -32768 9777 8429 END
START 8576 -8576 32767 -32768 9095 8040 END
START 8604 -8916 32767 -32491 8351 7595 END
START 8616 -8884 32767 -30043 7473 7143 END
START 8596 -8584 32767 -27343 6585 6730 END
START 8888 -8528 32767 -24408 5620 6294 END
START 9304 -8788 32767 -21292 4839 5780 END
START 9708 -9092 32767 -17919 3902 5233 END
START 10024 -8856 32767 -14762 3100 4629 END
START 10388 -8704 32767 -11371 2349 3955 END
START 10552 -8488 32767 -8100 1800 3290 END
START 10348 -7700 32767 -4913 1141 2591 END
START 9752 -6980 32767 -1969 504 1964 END
START 9336 -6772 32767 740 -170 1405 END
START 8872 -6528 32767 3212 -613 918 END
START 8164 -6332 32767 5384 -920 524 END
START 7528 -5700 32767 7360 -1167 263 END
START 6692 -5388 32767 9060 -1439 114 END
START 6176 -4860 32767 10599 -1672 77 END
START 5824 -4484 32767 12025 -1653 183 END
START 5492 -4052 32767 13255 -1554 338 END
START 5388 -3616 32767 14266 -1270 451 END