START 28316 -1940 13888 1065 1797 15175 END
START 32767 -7736 -4392 3360 3047 14615 END
START 29096 4 10528 771 2481 13708 END
START 26572 -1056 16508 2049 2389 13070 END
START 30932 -1000 10596 1631 1907 12345 END
START 26852 -1452 15856 1467 642 11275 END
START 31288 -1080 11208 1169 380 10344 END
START 29516 -1364 14012 851 -711 9236 END
START 31596 -900 12768 535 -1154 8231 END
START 31728 -868 13656 121 -2237 7112 END
START 32296 -852 14468 -270 -3045 6028 END
START 32767 -1044 14132 -610 -3810 4823 END
START 32767 -1180 16160 -886 -4666 3569 END
START 32767 -1360 15428 -1078 -5160 2326 END
START 32767 -1668 17820 -1133 -6025 1010 END
START 32767 -1560 17672 -1051 -6605 -221 END
START 32767 -1712 20088 -826 -7548 -1459 END
START 32767 -1740 19876 -449 -8305 -2590 END
START 32767 -1960 21596 -4 -9286 -3722 END
START 32767 -1948 21736 560 -10191 -4745 END
START 32767 -1940 22752 1278 -11277 -5802 END
START 32767 -1928 23012 2061 -12295 -6799 END
START 32767 -1892 22792 2908 -13171 -7832 END
START 32767 -2088 23092 3777 -13811 -8800 END
START 32767 -1988 22548 4666 -14218 -9755 END
START 32767 -2064 22160 5469 -14358 -10706 END
START 32767 -2028 21260 6217 -14219 -11721 END
START 32767 -1888 21052 6857 -13927 -12739 END
START 32767 -1860 20096 7365 -13466 -13707 END
START 32767 -1680 19656 7718 -12958 -14833 END
START 32767 -1664 18828 8010 -12250 -15907 END
START 32767 -1492 18744 8233 -11530 -17060 END
START 32767 -1472 18276 8378 -10636 -18270 END
START 32767 -1588 17704 8621 -9535 -19624 END
START 32767 -1664 17580 8867 -8533 -20918 END
START 32767 -1892 17484 9190 -7466 -22287 END
START 32767 -2056 17180 9598 -6531 -23585 END
START 32767 -2280 17168 10015 -5689 -24887 END
START 32767 -2240 16684 10468 -5025 -26129 END
START 32656 -2416 16608 10871 -4565 -27266 END
START 31964 -2368 16360 11311 -4229 -28473 END
START 30780 -2416 16532 11810 -4087 -29634 END
START 29780 -2632 16264 12307 -4163 -30822 END
START 28580 -2932 16392 12836 -4333 -31883 END
START 27060 -3252 15920 13430 -4656 -32768 END
START 25880 -3464 15536 14118 -5028 -32768 END
START 24824 -3708 15216 14760 -5464 -32768 END
START 23688 -3868 14500 15406 -5934 -32768 END
START 22892 -4008 14148 16010 -6467 -32768 END
START 21820 -4228 13676 16544 -7075 -32768 END
START 20876 -4500 12920 17084 -7781 -32768 END
START 19480 -4584 12676 17530 -8703 -32768 END
START 18140 -4808 12072 18010 -9842 -32768 END
START 16244 -5040 11396 18415 -11114 -32768 END
START 14600 -5052 10840 18837 -12500 -32768 END
START 13112 -5256 10048 19173 -13956 -32768 END
START 11652 -5372 9300 19504 -15424 -32768 END
START 10052 -5504 8480 19774 -16951 -32768 END
START 8576 -5656 7624 20022 -18395 -32768 END
START 7104 -5640 6852 20198 -19729 -32768 END
START 5804 -5556 6084 20322 -21049 -32768 END
START 4332 -5528 5324 20400 -22344 -32768 END
START 3336 -5444 4500 20436 -23413 -32768 END
START 2360 -5272 3592 20422 -24261 -32768 END
START 1388 -5076 2304 20317 -24871 -32768 END
START 968 -4788 1228 20146 -25029 -32768 END
START 788 -4640 -172 19888 -24711 -32768 END
START 728 -4416 -1328 19530 -23885 -32768 END
START 576 -4312 -2720 19060 -22577 -32768 END
START 400 -4308 -4216 18415 -20800 -32768 END
START 44 -4320 -5084 17581 -18890 -32768 END
START -548 -4188 -6704 16607 -16827 -32768 END
START -1300 -4068 -7608 15496 -14822 -32768 END
START -1936 -3884 -8600 14212 -12764 -32768 END
START -2764 -3752 -9812 12871 -10759 -32768 END
START -3596 -3532 -10984 11441 -8887 -32768 END
START -4372 -3368 -12276 9887 -6990 -32768 END
START -5400 -2972 -13456 8200 -5214 -32768 END
START -6464 -2472 -14472 6392 -3732 -32048 END
START -7492 -1876 -15336 4337 -2570 -30894 END
START -8436 -1584 -15572 2119 -1578 -29716 END
START -9028 -1288 -15904 -69 -846 -28565 END
START -9700 -1092 -15660 -2272 -357 -27408 END
START -10148 -1104 -15780 -4415 90 -26184 END
START -10672 -1072 -15452 -6438 316 -24986 END
START -11152 -1092 -14888 -8267 383 -23793 END
START -11596 -1056 -14012 -9901 356 -22593 END
START -12044 -1296 -12960 -11353 330 -21364 END
START -12544 -1416 -11972 -12498 148 -20041 END
START -13024 -1632 -10980 -13471 -190 -18686 END
START -13384 -1616 -10312 -14245 -618 -17289 END
START -13416 -1568 -9780 -14936 -1071 -15931 END
START -13452 -1496 -9028 -15866 -1529 -14597 END
START -13380 -1332 -8436 -16476 -1929 -13316 END
START -13432 -1224 -7544 -17068 -2237 -11916 END
START -13420 -1084 -7052 -17616 -2497 -10564 END
START -13236 -944 -6432 -18038 -2652 -9190 END
START -13216 -872 -5872 -18431 -2712 -7888 END
START -12892 -820 -5480 -18689 -2628 -6548 END
START -12964 -832 -4892 -18866 -2526 -5232 END
START -12616 -912 -4608 -19050 -2236 -3913 END
START -12444 -720 -4468 -19181 -1829 -2599 END
START -12088 -768 -4776 -19357 -1275 -1259 END
START -11888 -700 -4592 -19566 -694 108 END
START -11848 -880 -4812 -19744 -139 1340 END
START -11708 -740 -4480 -20087 441 2678 END
START -11584 -764 -5036 -20308 932 3968 END
START -11628 -996 -5412 -20646 1338 5301 END
START -11184 -1032 -6260 -21031 1755 6656 END
START -10584 -756 -6784 -21688 2198 7968 END
START -9924 -664 -7340 -22453 2661 9151 END
START -9372 -496 -7620 -23364 3116 10179 END
START -8864 -352 -7736 -24456 3545 11202 END
START -8084 -220 -7480 -25548 4033 12050 END
START -7664 -312 -7000 -26696 4342 13033 END
START -7120 -484 -6692 -27777 4591 13739 END
START -6728 -532 -6096 -28810 4795 14655 END
START -6244 -648 -5392 -29747 4953 15451 END
START -5844 -812 -4636 -30596 5076 16274 END
START -4984 -820 -3856 -31410 5212 17016 END
START -3976 -768 -3104 -32154 5519 17689 END
START -3112 -664 -2024 -32768 5815 18268 END
START -2132 -648 -952 -32768 6281 18762 END
START -1220 -624 220 -32768 6690 19189 END
START -480 -632 1448 -32768 7213 19566 END
START 128 -492 2684 -32768 7687 19897 END
START 716 -468 3848 -32768 8232 20165 END
START 1404 -352 4684 -32768 8738 20396 END
START 2076 -272 5544 -32768 9428 20560 END
START 2968 -108 6496 -32768 10351 20682 END
START 3812 372 7256 -32768 11444 20767 END
START 4500 668 8288 -32768 12678 20746 END
START 5296 988 9436 -32768 13861 20722 END
START 6008 1376 10808 -32768 14922 20679 END
START 6232 1480 12852 -32768 15775 20563 END
START 7712 2080 13960 -32768 16688 20475 END
START 8360 2388 16320 -32768 17225 20309 END
START 9696 2700 17960 -32768 17949 20031 END
START 10940 3040 19596 -32768 18376 19583 END
START 11760 3268 22160 -32768 18629 19018 END
START 12988 3464 23708 -32768 18659 18328 END
START 13872 3924 26840 -32768 18317 17477 END
START 14568 4168 29064 -32714 17667 16608 END
START 15404 4408 30756 -31568 16741 15709 END
START 16584 4800 32532 -30242 15853 14768 END
START 17544 4920 32767 -28834 15021 13787 END
START 18552 5204 32767 -27419 14350 12696 END
START 19380 5468 32767 -25973 13625 11897 END
START 19848 5788 32767 -24636 12920 10778 END
START 20452 5888 32767 -23362 12176 9823 END
START 21268 6112 32767 -22073 11497 8851 END
START 21768 6276 32767 -20802 10807 7923 END
START 22332 6560 32767 -19626 10125 7064 END
START 22980 6788 32767 -18361 9439 6219 END
START 23860 7032 32767 -17073 8829 5401 END
START 24812 7112 32767 -15592 8267 4498 END
START 25564 7232 32767 -14212 7712 3553 END
START 26436 7364 32767 -12282 7196 2485 END
START 26880 7368 32767 -10494 6827 1308 END
START 27420 7532 32767 -8574 6514 136 END
START 27608 7808 32767 -6673 6242 -1106 END
START 27956 7868 32767 -4685 6024 -2326 END
START 27944 7884 32767 -2608 5886 -3522 END
START 27896 7736 32767 -584 5756 -4693 END
START 27936 7548 32767 1538 5810 -5804 END
START 27636 7456 32767 3550 5824 -6840 END
START 27716 7364 32767 5515 5894 -7840 END
START 27428 7444 32767 7281 6011 -8730 END
START 27556 7612 32767 9017 6206 -9653 END
START 27488 7608 32767 10632 6385 -10587 END
START 27572 7420 32767 12283 6595 -11658 END
START 27292 7120 32767 13849 6831 -12772 END
START 26976 6956 32767 15306 7046 -13880 END
START 26256 6756 32767 16779 7211 -15060 END
START 25296 6524 32767 18152 7278 -16119 END
START 24192 6276 32767 19505 7229 -17149 END
START 23304 6128 32767 20701 7141 -18004 END
START 22448 5900 32767 21843 6947 -18788 END
START 21832 5692 32767 22884 6800 -19482 END
START 20812 5240 32767 23911 6569 -20216 END
START 20124 4956 32767 24935 6334 -20972 END
START 19244 4788 32767 26009 5975 -21791 END
START 18208 4536 32112 27112 5542 -22631 END
START 17208 4164 30884 28166 5022 -23450 END
START 16016 3960 29380 29217 4336 -24219 END
START 14772 3692 27888 30171 3554 -24965 END
START 13664 3256 26392 31064 2673 -25661 END
START 12632 3092 24864 31815 1730 -26226 END
START 11828 3156 23536 32470 712 -26742 END
START 10884 3172 21964 32767 -349 -27228 END
START 10236 3144 20508 32767 -1394 -27741 END
START 9540 2892 18876 32767 -2419 -28183 END
START 8556 2756 17836 32767 -3429 -28723 END
START 8064 2508 16696 32767 -4467 -29166 END
START 7304 2348 15584 32767 -5445 -29591 END
START 6304 2116 14400 32767 -6473 -30024 END
START 5692 2028 12992 32767 -7464 -30431 END
START 4928 1864 11864 32767 -8375 -30826 END
START 4184 1668 10540 32767 -9186 -31194 END
START 3396 1324 9388 32767 -9934 -31495 END
START 2740 1152 8300 32767 -10464 -31743 END
START 1844 1028 6824 32767 -10800 -31913 END
START 1016 1004 5540 32767 -11063 -31990 END
START 308 932 4248 32767 -11217 -31954 END
START -536 1084 3020 32767 -11237 -31836 END
START -1256 1024 1892 32767 -11231 -31601 END
START -2084 1036 840 32767 -11094 -31334 END
START -2868 1156 -92 32405 -10864 -30952 END
START -3548 1068 -1240 31669 -10533 -30475 END
START -4040 1244 -2456 30912 -10075 -29924 END
START -4476 1284 -3164 30030 -9453 -29312 END
START -5024 1420 -4272 29115 -8680 -28681 END
START -5216 1460 -5088 28130 -7757 -27955 END
START -5604 1668 -5996 27100 -6664 -27179 END
START -5816 1816 -6776 26161 -5432 -26363 END
START -6184 1820 -7112 25145 -4308 -25549 END
START -6796 1764 -7284 24048 -3271 -24653 END
START -7112 1940 -8228 22842 -2295 -23779 END
START -7664 2216 -8812 21620 -1261 -22917 END
START -8036 2512 -9408 20379 -290 -21895 END
START -8424 2672 -10212 19143 733 -20919 END
START -8676 2716 -10864 17898 1803 -19881 END
START -8800 2984 -11924 16626 2961 -18777 END
START -9220 2984 -12376 15252 4142 -17610 END
START -9452 2944 -12460 13833 4599 -16528 END
START -9644 2936 -12860 12226 4840 -15381 END
START -9724 3120 -13444 10610 4906 -14330 END
START -9580 3312 -13640 8984 4832 -13292 END
START -9580 3408 -14056 7458 4824 -12334 END
START -9868 3268 -13804 6018 4542 -11334 END
START -10160 3080 -13764 4632 4013 -10328 END
START -10360 2924 -13624 3291 3253 -9209 END
START -10592 3020 -13468 1992 2314 -8151 END
START -10304 2988 -13964 733 1292 -7137 END
START -9812 3040 -14040 -550 406 -6151 END
START -9456 2932 -13756 -1825 -552 -5297 END
START -8980 2808 -13512 -3122 -1341 -4532 END
START -8276 2736 -13488 -4445 -1999 -3860 END
START -8040 2560 -13112 -5616 -2502 -3264 END
START -7532 2444 -12588 -6783 -3034 -2722 END
START -7480 2216 -11984 -7779 -3472 -2263 END
START -7056 1948 -12224 -8651 -3816 -1785 END
START -7472 1744 -11560 -9369 -4375 -1247 END
START -7304 1820 -11600 -10131 -4829 -731 END
START -7176 1836 -12064 -10926 -4991 -233 END
START -6764 1764 -12148 -11807 -5312 216 END
START -6596 1728 -12472 -12828 -5214 605 END
START -6216 1600 -12352 -13902 -5155 968 END
START -6072 1328 -12468 -14905 -4749 1414 END
START -6104 1336 -12120 -16095 -4423 1861 END
START -5996 1248 -12304 -17223 -3965 2324 END
START -6116 1104 -11720 -18370 -3476 2828 END
START -6104 1080 -11552 -19460 -3004 3441 END
START -5944 892 -11492 -20536 -2497 4033 END
START -5688 740 -11248 -21530 -1934 4601 END
START -5660 548 -10864 -22546 -1417 5156 END
START -5528 328 -10444 -23464 -1008 5731 END
START -5552 124 -10040 -24322 -767 6270 END
START -5572 20 -9676 -25173 -689 6890 END
START -5580 -124 -9420 -25940 -871 7426 END
START -5584 -332 -9108 -26684 -1260 8114 END
START -5660 -544 -9084 -27354 -1872 8709 END
START -5280 -716 -9108 -27986 -2592 9415 END
START -4776 -1064 -9072 -28681 -3352 10060 END
START -4108 -1012 -9132 -29522 -4053 10561 END
START -3340 -848 -9200 -30385 -4549 11014 END
START -2652 -824 -9100 -31425 -4922 11303 END
START -2268 -804 -8576 -32520 -5212 11488 END
START -1852 -836 -8052 -32768 -5420 11614 END
START -1424 -944 -7408 -32768 -5459 11727 END
START -1208 -1240 -6780 -32768 -5352 11857 END
START -1248 -1536 -6148 -32768 -5035 11904 END
START -1108 -1624 -5580 -32768 -4566 12036 END
START -900 -1756 -4752 -32768 -3798 12237 END
START -584 -1800 -4032 -32768 -2852 12673 END
START -172 -1768 -3204 -32768 -1705 12781 END
START 488 -1764 -2024 -32768 -452 12736 END
START 932 -1820 -780 -32768 844 12786 END
START 1280 -1988 408 -32768 2057 13108 END
START 1604 -2292 2064 -32768 3265 12820 END
START 1620 -2412 3060 -32768 4352 13139 END
START 1688 -2416 4556 -32768 5374 12771 END
START 1912 -2512 5364 -32768 6395 12861 END
START 1924 -2432 6948 -32768 7351 12913 END
START 2296 -2536 8168 -32768 8139 12608 END
START 2260 -2660 9932 -32768 8813 12597 END
START 2552 -2688 11540 -32768 9317 12519 END
START 2468 -2692 13288 -32768 9646 12018 END
START 2704 -2736 15020 -32768 9844 11884 END
START 2876 -2820 17020 -32768 9996 11606 END
START 3332 -2916 19432 -32768 10025 11331 END
START 3384 -3288 22024 -32768 10031 11015 END
START 4320 -3220 24124 -32768 9949 10686 END
START 4488 -3552 26916 -32768 9838 10231 END
START 5092 -3500 29740 -32768 9672 9703 END
START 5672 -3584 32148 -32768 9585 9159 END
START 5948 -3536 32767 -32768 9408 8507 END
START 5952 -3528 32767 -32768 9091 7739 END
START 5832 -3476 32767 -32768 8712 6987 END
START 5764 -3492 32767 -32768 8138 6175 END
START 5492 -3356 32767 -32768 7496 5403 END
START 5232 -3080 32767 -32768 6859 4743 END
START 4776 -2940 32767 -32768 6239 4147 END
START 4200 -2716 32767 -32768 5611 3603 END
START 3376 -2632 32767 -30904 4856 3158 END
START 2808 -2368 32767 -28139 4082 2838 END
START 2224 -1892 32767 -25372 3241 2643 END
START 1720 -1468 32767 -22632 2546 2525 END
START 1292 -1192 32767 -19881 1861 2507 END
START 1008 -740 32767 -17253 1301 2540 END
START 876 -396 32767 -14926 843 2675 END
START 612 -28 32767 -12499 603 2861 END
START 608 468 32767 -10488 456 3105 END
START 396 976 32767 -8625 366 3309 END