START 28036 -872 1680 1376 5756 22995 END
START 29188 1092 7652 -2560 2144 19226 END
START 32767 604 20200 -1688 -3114 11922 END
START 32767 1620 26244 447 -5272 4922 END
START 32740 956 30632 1936 -7093 -3206 END
START 29172 -1184 32767 4322 -7034 -9334 END
START 25032 -2680 32767 9266 -3682 -12756 END
START 21448 -3968 32767 11624 2248 -14941 END
START 14824 -5428 32767 15247 5458 -16400 END
START 9504 -6348 28528 19577 2990 -17688 END
START 5872 -6460 22896 22384 -2298 -18603 END
START 2676 -6320 17596 24682 -7564 -19638 END
START 640 -6032 12416 25305 -11431 -20340 END
START -2836 -6024 7452 24763 -11601 -19456 END
START -4876 -5156 2632 22321 -9746 -16577 END
START -6120 -4324 -1312 18833 -6639 -12902 END
START -7356 -2852 -5508 14668 -3758 -8779 END
START -7340 -1844 -8612 10082 -2439 -4630 END
START -5444 -1044 -10580 6046 -1713 -1663 END
START -2560 -264 -12252 2230 -1332 -655 END
START -236 508 -13124 -1177 -1185 -2035 END
START -1996 184 -14728 -4689 -2172 -2893 END
START -3004 -160 -15576 -9169 -3638 -2144 END
START -3172 -676 -15136 -14190 -4034 -353 END
START -816 -992 -13004 -19167 -3576 1299 END
START 2836 -1660 -10428 -23864 7 1385 END
START 3624 -2508 -6792 -27864 2482 827 END
START 5172 -3036 -1684 -30991 2863 -186 END
START 6552 -3504 6156 -32590 1631 -1166 END
START 7756 -2960 14708 -32768 2396 -1605 END
START 10072 -2124 25464 -32768 5991 -1533 END
START 12172 -768 32767 -30434 10323 -2331 END
START 13680 -104 32767 -25903 10896 -5730 END
START 9948 -764 32767 -18930 5501 -8900 END
START 9404 -108 32767 -10215 -2198 -10468 END
START 10276 212 32767 -1350 -3566 -11016 END
START 10256 1132 32767 6304 480 -10207 END
START 10016 1436 32767 12278 3770 -9287 END
START 10748 2208 32767 17296 3613 -9780 END
START 11360 1240 32767 21033 1376 -12060 END
START 8876 40 28304 23558 -1453 -14661 END
START 7020 -1240 22808 25324 -3885 -16316 END
START 5032 -2484 18396 26594 -5286 -17593 END
START 2360 -3184 14144 27744 -6446 -18553 END
START 172 -3628 10872 28552 -7003 -19131 END
START -3092 -4172 7216 29070 -6886 -18515 END
START -5352 -4156 580 28147 -6663 -15943 END
START -6704 -2168 -6216 23548 -9002 -12625 END
START -6576 -1148 -7576 18348 -11424 -9967 END
START -5752 -44 -8848 13858 -11885 -7867 END
START -4312 736 -10624 9393 -9724 -6362 END
START -3648 1228 -12956 4137 -5945 -4975 END
START -3772 1436 -15244 -2026 -2449 -3706 END
START -4312 1276 -15640 -7902 -728 -2144 END
START -3044 1268 -15572 -12901 -540 -1263 END
START -1880 768 -16144 -17918 -543 -1177 END
START -796 -276 -15016 -22828 -1296 -1653 END
START 168 -1848 -13028 -26602 -2249 -2409 END
START 424 -3672 -12860 -30388 -2829 -3069 END
START 136 -6288 -12852 -32768 -2997 -2586 END
START 80 -8876 -11000 -32768 -990 -919 END
START 528 -11936 -5660 -32768 3765 856 END
START 1688 -15004 3868 -32768 9532 2383 END
START -168 -17760 14696 -32768 12933 2118 END
START -1880 -20304 28588 -32768 7349 1752 END
START -1108 -20588 32767 -32768 -1315 113 END
START 1176 -19600 32767 -32768 -5173 -1848 END
START 2624 -18400 32767 -30290 -1070 -2720 END