START 10832 6936 -16304 830 815 4030 END
START -3912 1584 -10612 -7770 -6427 4265 END
START -1188 -1400 -6216 -11055 -4117 4619 END
START 2764 -948 -5144 -13776 -1324 5173 END
START 4076 -1368 -4516 -14749 2191 2881 END
START 3076 -1988 -6964 -16985 4345 425 END
START 844 -3636 -9272 -21739 5059 -4 END
START -676 -5220 -8228 -26197 4377 1317 END
START -972 -5708 -6792 -30251 4147 2264 END
START -992 -7404 -4984 -32768 4190 2712 END
START -1188 -8648 -2196 -32768 6566 2756 END
START -1936 -9480 2784 -32768 10154 2066 END
START -5964 -9544 10296 -32768 10172 1635 END
START -9668 -9372 21392 -32768 3565 3299 END
START -7200 -8460 32767 -32768 -3557 6247 END
START -2912 -7156 32767 -32768 -5232 9045 END
START 1748 -6104 32767 -32768 -4143 10789 END
START 7272 -7208 32767 -25680 -3029 10598 END
START 7740 -6240 32767 -15736 -2397 8989 END
START 8604 -4208 32767 -5059 -4027 8189 END
START 11192 -4064 32767 3328 -2897 5683 END
START 8028 -5828 32767 11611 -2364 3625 END
START 8364 -7432 32767 19341 -2692 2672 END
START 8336 -7832 32767 24900 -1466 1047 END
START 5960 -9500 32767 30556 -1353 -636 END
START 4576 -11756 32767 32767 -3332 -1908 END
START 4956 -11408 21428 32767 -6409 -2422 END
START 8072 -10452 16404 32767 -7874 -4801 END
START 8856 -9952 12124 32767 -7131 -8719 END
START 8064 -9696 3424 32767 -6251 -11763 END
START 7772 -8192 -3292 31393 -6230 -13923 END
START 5876 -7336 -5120 26678 -4082 -15589 END
START 3536 -6268 -8008 22325 -2154 -16021 END
START 2256 -5584 -9544 18152 -1617 -15739 END
START 1788 -4692 -10060 14608 -2279 -15638 END
START 1256 -4220 -13220 10810 -2560 -15433 END
START -496 -3312 -15776 4505 -3243 -13769 END
START -2564 -3300 -15500 -2194 -1359 -12404 END
START -6012 -4244 -16584 -8633 1645 -9889 END
START -9672 -4456 -17072 -14585 1432 -6413 END
START -11532 -4464 -17908 -21525 441 -3269 END
START -12528 -5256 -16856 -29965 1241 303 END
START -12808 -5868 -12600 -32768 2971 3842 END
START -12720 -6596 -4972 -32768 4879 6634 END
START -10764 -7920 11256 -32768 8495 8804 END
START -4668 -8944 32767 -32768 11916 8582 END
START -5472 -9080 32767 -32768 10003 2833 END
START -10220 -10360 32767 -26569 -1298 -376 END
START -10816 -8856 32767 -12182 -8219 1218 END
START -7956 -6204 32767 -227 -3907 6117 END
START -2836 -3544 32767 7746 2678 10902 END
START 2980 -2032 32767 15382 7129 11255 END
START 7404 -1608 32767 23264 6039 8042 END
START 7764 -2032 32767 28602 3274 2410 END
START 4548 -4044 32767 32767 17 -1407 END
START 2136 -5524 29532 32767 -2739 -2843 END
START 1844 -6452 21508 32767 -5040 -2767 END
START 4860 -5688 12764 32767 -5614 -3956 END
START 6976 -4368 4864 32767 -3823 -6225 END
START 6392 -3332 -436 32767 -2414 -8913 END
START 5308 -2624 -4884 30271 -2442 -11417 END
START 3444 -2784 -7836 26327 -3321 -13637 END
START 1192 -3572 -10508 23258 -5256 -14280 END
START -296 -3404 -13964 19611 -8209 -13897 END
START 480 -2912 -16428 14342 -11014 -13535 END
START 1624 -2456 -18168 7334 -9951 -13663 END
START 1820 -2320 -18432 -115 -7879 -13703 END
START 1332 -2436 -16880 -7085 -5406 -13668 END
START 1840 -2736 -15208 -12781 -4017 -14084 END
START 1908 -3476 -13640 -17380 -4617 -15237 END
START 2676 -3840 -14068 -22233 -7077 -16707 END
START 3380 -5104 -13240 -27090 -8537 -18705 END
START 3352 -6328 -13776 -32768 -9911 -19504 END
START 3856 -8296 -13976 -32768 -6307 -21007 END
START 2088 -13008 -12720 -32768 -1752 -22639 END
START -4372 -19928 -5484 -32768 3259 -25039 END