START 16904 916 32767 -12710 -349 9708 END
START 20460 -5260 25084 -9715 874 9300 END
START 22740 3788 32767 -10467 -1564 8155 END
START 14612 796 32767 -8245 -1379 7201 END
START 20596 1280 32767 -7151 -2147 6288 END
START 17776 1132 32767 -5727 -3019 5258 END
START 18728 1156 32767 -4362 -2649 4342 END
START 19216 1304 32767 -2927 -3060 3423 END
START 17428 1016 32767 -1402 -2652 2711 END
START 18620 1180 32767 11 -2968 2089 END
START 16148 1056 32767 1380 -2843 1636 END
START 17744 1588 32767 2718 -3027 1246 END
START 15912 1484 32767 4128 -3115 847 END
START 17200 1720 32767 5492 -2956 399 END
START 16500 1652 32767 6789 -2941 -7 END
START 17136 1668 32767 8084 -2667 -392 END
START 17460 1588 32767 9318 -2672 -871 END
START 17656 1452 32767 10591 -2435 -1340 END
START 18528 1408 32767 11783 -2500 -1900 END
START 18576 1248 32767 13094 -2522 -2520 END
START 19660 1100 32767 14515 -2755 -3239 END
START 19292 876 32767 15891 -2998 -4102 END
START 19980 848 32767 17273 -3485 -4999 END
START 19312 660 32767 18671 -4060 -5995 END
START 19684 676 32767 19966 -4779 -6968 END
START 18976 456 32767 21277 -5590 -7992 END
START 19004 264 32767 22486 -6394 -8938 END
START 18676 176 32767 23651 -7284 -9865 END
START 18416 -160 32767 24855 -8100 -10757 END
START 18124 -448 32767 26124 -9053 -11666 END
START 17628 -640 32767 27400 -9824 -12534 END
START 17316 -892 32767 28843 -10800 -13433 END
START 16344 -1256 32767 30314 -11648 -14198 END
START 15384 -1472 32767 31982 -12537 -14984 END
START 15000 -1812 32767 32767 -13278 -15724 END
START 14240 -2136 32767 32767 -13885 -16358 END
START 13788 -2324 32767 32767 -14323 -16903 END
START 13280 -2532 32767 32767 -14638 -17386 END
START 13140 -2820 32767 32767 -14774 -17785 END
START 12648 -3180 32020 32767 -14919 -18224 END
START 12160 -3284 29908 32767 -15020 -18602 END
START 11504 -3592 28656 32767 -15084 -19074 END
START 10828 -3892 27236 32767 -15218 -19471 END
START 9992 -4016 25700 32767 -15521 -19844 END
START 9124 -4276 23852 32767 -15942 -20155 END
START 8388 -4536 22056 32767 -16350 -20403 END
START 7696 -4596 20244 32767 -16770 -20548 END
START 7040 -4776 18340 32767 -17222 -20682 END
START 6528 -4864 16328 32767 -17570 -20781 END
START 6048 -4944 13836 32767 -17991 -20860 END
START 5420 -4432 12328 32767 -18424 -20942 END
START 4820 -4408 10768 32767 -19093 -21077 END
START 4120 -4480 9628 32767 -19914 -21263 END
START 3688 -4668 8352 32767 -20828 -21520 END
START 3064 -4732 7176 32767 -21644 -21777 END
START 2428 -4812 5980 32767 -22344 -22039 END
START 2016 -4604 4312 32767 -22818 -22228 END
START 1584 -4464 2560 32767 -22854 -22450 END
START 1336 -4340 876 32767 -22548 -22595 END
START 952 -4176 -724 32767 -21890 -22728 END
START 560 -3988 -2324 32767 -20975 -22822 END
START 108 -3832 -3740 32767 -19876 -22850 END
START -532 -3500 -4992 32767 -18526 -22848 END
START -1112 -3056 -6496 32767 -17097 -22734 END
START -1860 -2744 -7632 32767 -15607 -22594 END
START -2572 -2400 -8604 32767 -14078 -22368 END
START -3408 -1728 -9940 32767 -12436 -22048 END
START -4136 -1416 -11164 32767 -10665 -21655 END
START -4816 -1032 -12056 32767 -8946 -21185 END
START -5312 -716 -13272 31073 -7243 -20566 END
START -6024 -436 -13944 29125 -5767 -19877 END
START -6820 -72 -14704 27032 -4454 -19076 END
START -7496 260 -15500 24969 -3348 -18182 END
START -8172 728 -15716 22755 -2632 -17191 END
START -8684 1376 -16252 20664 -2148 -16215 END
START -9208 1644 -16632 18612 -1981 -15233 END
START -9588 1868 -17076 16570 -2082 -14171 END
START -9944 1936 -17496 14583 -2507 -13130 END
START -10220 2188 -18072 12716 -3082 -12078 END
START -10436 2344 -18600 10821 -3843 -11026 END
START -10264 2828 -19300 8737 -4708 -10052 END
START -10264 2900 -19440 6612 -5585 -9111 END
START -10264 3132 -19716 4500 -6438 -8212 END
START -10000 3212 -19448 2361 -7291 -7364 END
START -9772 3116 -19336 275 -8069 -6512 END
START -9364 2876 -18920 -1660 -8761 -5736 END
START -8904 2836 -18564 -3512 -9260 -4960 END
START -8348 2632 -18332 -5207 -9576 -4283 END
START -7712 2308 -18224 -6942 -9740 -3620 END
START -6784 2224 -17816 -8545 -9642 -3108 END
START -6032 2148 -17452 -10234 -9122 -2656 END
START -5180 2212 -17032 -11803 -8604 -2293 END
START -5016 1872 -16072 -13491 -7779 -2012 END
START -4356 1800 -15724 -15236 -7070 -1798 END
START -4268 1464 -14768 -16525 -6273 -1581 END
START -3724 1480 -13808 -18014 -5329 -1347 END
START -3632 1268 -13076 -19209 -4526 -1110 END
START -3444 1192 -12220 -20387 -3600 -863 END
START -3264 1032 -11324 -21361 -2829 -641 END
START -3428 716 -10160 -22190 -2099 -448 END
START -3176 556 -9600 -22827 -1457 -216 END
START -3344 432 -8844 -23359 -882 38 END
START -3108 192 -8312 -23796 -367 257 END
START -3244 -24 -7744 -24165 60 514 END
START -3516 -224 -7244 -24324 316 783 END
START -3708 -292 -7068 -24501 409 1104 END
START -3892 -376 -7068 -24633 287 1543 END
START -4096 -336 -7076 -24775 116 2002 END
START -4404 -324 -7300 -24984 -195 2456 END
START -4400 -284 -7532 -25308 -606 2967 END
START -4084 -196 -7988 -25738 -927 3413 END
START -3748 -296 -7868 -26316 -1356 3831 END
START -3364 -312 -7908 -26967 -1713 4237 END
START -2744 -440 -7984 -27752 -2091 4590 END
START -2204 -356 -7704 -28546 -2462 4908 END
START -1748 -284 -7052 -29400 -2756 5146 END
START -1336 -428 -6264 -30131 -3038 5305 END
START -1272 -512 -5328 -30812 -3460 5499 END
START -1088 -716 -4852 -31312 -3959 5677 END
START -856 -904 -4476 -31682 -4480 5904 END
START -372 -1040 -4544 -32036 -4851 6088 END
START 32 -808 -4448 -32437 -5095 6255 END
START 448 -492 -4544 -32768 -5026 6363 END
START 824 -372 -4416 -32768 -4845 6414 END
START 1100 -316 -4452 -32768 -4420 6428 END
START 1268 -168 -4140 -32768 -3843 6414 END
START 1240 -160 -3568 -32768 -3145 6402 END
START 1080 -236 -2848 -32768 -2367 6478 END
START 868 -312 -2252 -32768 -1520 6526 END
START 768 -436 -1392 -32768 -542 6674 END
START 280 -720 -576 -32768 457 6867 END
START -340 -976 464 -32768 1426 7151 END
START -968 -1120 1224 -32768 2329 7468 END
START -1660 -1168 1988 -32768 3188 7959 END
START -2216 -1212 3064 -32768 4086 8586 END
START -2792 -1252 4356 -32768 4773 9322 END
START -3076 -1440 5292 -32768 5526 10133 END
START -3040 -1552 6412 -32768 6183 11130 END
START -2680 -1876 7896 -32768 6780 12054 END
START -1704 -2068 9428 -32768 7383 13058 END
START -124 -2220 11000 -32768 8043 13982 END
START 1580 -2364 12820 -32768 8747 14573 END
START 3512 -2320 15000 -32768 9512 14892 END
START 5276 -2236 17600 -32768 10250 14879 END
START 6856 -2068 20676 -32768 10947 14527 END
START 8200 -2036 23556 -32768 11596 13887 END
START 9556 -1772 26616 -32768 11923 13115 END
START 10344 -1844 29036 -32768 12458 12234 END
START 10916 -1764 31924 -32768 13156 10970 END
START 11200 -1608 32767 -32768 13586 9825 END
START 11280 -1180 32767 -32768 13862 8768 END
START 11172 -684 32767 -32768 14219 7737 END
START 10848 -232 32767 -32768 14484 6878 END
START 10588 184 32767 -32768 14508 6012 END
START 10028 556 32767 -32768 14367 5279 END
START 9680 784 32767 -32768 14126 4656 END
START 9216 1136 32767 -32768 13712 4154 END
START 9060 1356 32767 -32768 13011 3725 END
START 9128 1532 32767 -31789 12571 3421 END
START 9456 1552 32767 -30041 11824 3161 END
START 10088 1676 32767 -28265 11134 2909 END
START 10576 1828 32767 -26387 10359 2572 END
START 11196 1748 32767 -24490 9566 2198 END
START 11800 1780 32767 -22514 8824 1720 END
START 12324 1872 32767 -20318 7920 1153 END
START 12916 2120 32767 -18256 7089 515 END
START 13352 1896 32767 -15974 6383 -200 END
START 13464 1884 32767 -13313 5621 -960 END
START 13584 2028 32767 -10562 5034 -1695 END
START 13580 2000 32767 -7768 4544 -2424 END
START 13576 1988 32767 -4945 4166 -3060 END
START 13472 1880 32767 -2092 3941 -3641 END
START 13384 1996 32767 717 3752 -4152 END
START 13080 1872 32767 3375 3554 -4669 END
START 13092 1740 32767 5949 3328 -5076 END
START 13048 1868 32767 8245 3106 -5532 END
START 13184 1712 32767 10452 2983 -5969 END
START 13228 1896 32767 12382 2876 -6451 END
START 13296 1928 32767 14141 2734 -6942 END
START 13120 1848 32767 15811 2570 -7505 END
START 12784 1836 32767 17244 2376 -8009 END
START 12680 1788 32767 18659 2161 -8528 END
START 12420 1708 32767 20001 1979 -9040 END
START 12344 1516 32767 21350 1792 -9517 END
START 12104 1288 32767 22712 1599 -10038 END
START 12132 1092 32767 23979 1466 -10482 END
START 12112 892 32767 25326 1414 -10947 END
START 11896 772 32767 26585 1344 -11478 END
START 11784 696 32767 27774 1280 -11939 END
START 11668 568 32767 28903 1199 -12442 END
START 11652 344 32767 30065 1060 -12975 END
START 11484 284 32767 31049 833 -13551 END
START 11272 288 32767 32030 521 -14134 END
START 10984 128 32767 32767 51 -14747 END
START 10724 112 32484 32767 -467 -15326 END
START 10452 -128 31296 32767 -1115 -15960 END
START 10144 -416 29920 32767 -1807 -16616 END
START 9728 -560 28972 32767 -2584 -17305 END
START 9244 -788 27868 32767 -3409 -17918 END
START 8864 -888 26528 32767 -4228 -18529 END
START 8612 -928 25260 32767 -4937 -19111 END
START 8140 -1100 23624 32767 -5784 -19753 END
START 7920 -1276 22236 32767 -6571 -20353 END
START 7388 -1484 20936 32767 -7464 -20980 END
START 6948 -1536 19692 32767 -8302 -21584 END
START 6272 -1748 18288 32767 -9115 -22169 END
START 5592 -1784 16868 32767 -9926 -22675 END
START 5120 -1804 15596 32767 -10592 -23147 END
START 4560 -1972 14548 32767 -11209 -23573 END
START 3732 -2116 13108 32767 -11771 -23948 END
START 3164 -2184 12088 32767 -12290 -24296 END
START 2412 -2236 10908 32767 -12766 -24540 END
START 1752 -2296 9776 32767 -13119 -24787 END
START 944 -2456 8904 32767 -13490 -24922 END
START 404 -2440 7840 32767 -13733 -24977 END
START -548 -2572 6868 32767 -13984 -25020 END
START -1380 -2564 5596 32767 -14062 -24969 END
START -2084 -2420 4504 32767 -14023 -24952 END
START -2660 -2352 3616 32767 -13838 -24846 END
START -3396 -2188 2488 32767 -13468 -24705 END
START -3964 -2156 1324 32767 -12871 -24474 END
START -4636 -2060 -60 32767 -12145 -24203 END
START -5244 -1836 -1304 32767 -11266 -23857 END
START -5768 -1764 -2464 32767 -10209 -23391 END
START -6504 -1384 -3608 32767 -9155 -22879 END
START -7036 -1008 -4672 32767 -8091 -22329 END
START -7580 -888 -5624 32544 -7058 -21680 END
START -7840 -620 -6640 31094 -6033 -21030 END
START -8568 -500 -7192 29622 -5076 -20331 END
START -9032 -436 -7812 28090 -4143 -19621 END
START -9480 -224 -8068 26524 -3302 -18802 END
START -9988 76 -8652 25004 -2463 -18034 END
START -10200 392 -9248 23605 -1603 -17217 END
START -10608 544 -9568 22122 -712 -16264 END
START -10944 608 -9784 20722 117 -15410 END
START -11272 704 -10176 19380 787 -14443 END
START -11544 880 -10380 18056 1415 -13503 END
START -11996 976 -10700 16781 1801 -12505 END
START -12524 1216 -10900 15504 1972 -11439 END
START -13168 1340 -11276 14309 1725 -10366 END
START -13732 1516 -11688 13179 987 -9142 END
START -14004 1648 -12380 11972 -118 -7978 END
START -14048 1724 -12832 10827 -1428 -6895 END
START -13920 1744 -13460 9573 -2996 -5880 END
START -13876 1836 -14068 8334 -4869 -4818 END
START -13476 2000 -14564 7046 -6735 -3828 END
START -12932 2220 -15272 5622 -8487 -2934 END
START -11852 2528 -15768 3974 -9924 -2171 END
START -11096 2724 -16400 2132 -11124 -1453 END
START -10412 2756 -16076 281 -12018 -876 END
START -9316 2796 -16608 -1519 -12397 -341 END
START -8644 2792 -16196 -3355 -12720 147 END
START -7520 2724 -16696 -5178 -12377 567 END
START -7096 2684 -15588 -6931 -11912 856 END
START -6316 2528 -15344 -8717 -11227 1069 END
START -5924 2356 -14532 -10467 -10341 1231 END
START -5404 2148 -14220 -12006 -9246 1420 END
START -5612 1984 -13236 -13451 -8168 1597 END
START -5304 1732 -12856 -14938 -6948 1778 END
START -5496 1664 -12316 -15810 -5750 1985 END
START -5432 1576 -12084 -16971 -4635 2226 END
START -5608 1536 -11660 -18057 -3477 2488 END
START -5668 1476 -11236 -19020 -2557 2774 END
START -6164 1196 -10704 -19981 -1817 3091 END
START -6412 1008 -10456 -20891 -1411 3518 END
START -6944 748 -10140 -21698 -1347 3962 END
START -7360 608 -9896 -22459 -1656 4566 END
START -7572 564 -9952 -23221 -2109 5024 END
START -7456 368 -9640 -24049 -2801 5644 END
START -7000 340 -9680 -24908 -3551 6147 END
START -6504 276 -9380 -25834 -4173 6546 END
START -5988 36 -8832 -26847 -4802 6900 END
START -5588 -72 -8008 -27730 -5393 7209 END
START -5192 -440 -7580 -28640 -5863 7539 END
START -4768 -564 -7124 -29367 -6081 7786 END
START -4520 -1016 -6552 -29965 -6235 8093 END
START -4336 -1340 -6296 -30509 -6301 8397 END
START -3812 -1560 -6176 -31043 -6292 8719 END
START -3432 -1604 -5924 -31616 -6198 9008 END
START -2860 -1740 -5916 -32301 -5975 9154 END
START -2344 -1748 -5936 -32768 -5651 9330 END
START -2128 -1964 -5876 -32768 -5248 9499 END
START -1652 -2216 -5696 -32768 -4811 9577 END
START -1208 -2428 -5656 -32768 -4082 9694 END
START -732 -2640 -5416 -32768 -3336 9716 END
START -680 -2892 -4960 -32768 -2541 9737 END
START -612 -3188 -4356 -32768 -1847 9793 END
START -692 -3400 -3572 -32768 -1330 9892 END
START -664 -3808 -2680 -32768 -906 9998 END
START -272 -4160 -2008 -32768 -447 10199 END
START 248 -4228 -1076 -32768 84 10339 END
START 632 -4504 -220 -32768 673 10407 END
START 772 -4712 1064 -32768 1147 10385 END
START 708 -4888 2248 -32768 1511 10344 END
START 588 -5008 3392 -32768 1748 10325 END
START 276 -5160 4608 -32768 1812 10314 END
START 84 -5484 5348 -32768 1735 10359 END
START -308 -5844 6520 -32768 1518 10470 END
START -340 -5928 7608 -32768 1265 10584 END
START -144 -5824 8308 -32768 1164 10733 END
START 228 -5684 9396 -32768 1288 10773 END
START 548 -5512 10388 -32768 1743 10845 END
START 1060 -5508 11692 -32768 2406 10836 END
START 1368 -5588 12964 -32768 3170 10859 END
START 1864 -5864 14724 -32768 4041 10884 END
START 2152 -6216 17572 -32768 4926 10886 END
START 2256 -6524 19220 -32768 5634 10895 END
START 2472 -6728 21244 -32768 6335 10871 END
START 2788 -7184 23060 -32768 6962 10750 END
START 2832 -7028 24828 -32768 7140 10691 END
START 3060 -7160 26804 -32768 7315 10494 END
START 3368 -7060 28720 -32768 7238 10326 END
START 3880 -7020 30532 -32768 7104 10042 END
START 4172 -6884 32396 -32768 6624 9798 END
START 4472 -6744 32767 -32768 6006 9507 END
START 4544 -6616 32767 -32768 5124 9172 END
START 5040 -6360 32767 -32768 4087 8731 END
START 5564 -6180 32767 -32768 3128 8177 END
START 6012 -5764 32767 -32768 2203 7565 END
START 6072 -5468 32767 -32768 1306 6876 END
START 6144 -5140 32767 -32768 464 6212 END
START 5900 -4888 32767 -32768 -290 5598 END
START 5260 -4604 32767 -32418 -1093 5054 END
START 5316 -4404 32767 -31084 -1745 4602 END
START 5108 -4284 32767 -29667 -2351 4207 END
START 5292 -4472 32767 -28068 -2700 3878 END