START 15080 -1084 19172 -7862 5625 8019 END
START 20564 -7064 3624 -6046 7566 8083 END
START 19300 720 14256 -8233 7121 7556 END
START 12976 -864 23884 -7524 7647 7316 END
START 18548 -260 17424 -8069 7320 6954 END
START 14804 -288 23744 -8596 6454 6542 END
START 18932 -164 20344 -9036 6555 6071 END
START 18052 -436 23188 -9407 6026 5501 END
START 19380 -548 23964 -9632 6169 4960 END
START 19624 -796 25640 -9765 5542 4316 END
START 19140 -840 28084 -9690 5182 3685 END
START 20696 -520 28272 -9443 4647 3012 END
START 19884 -428 31600 -9045 4060 2304 END
START 21580 -56 31360 -8453 3847 1522 END
START 20600 -56 32767 -7770 3394 736 END
START 21704 176 32767 -6970 3239 -26 END
START 21544 360 32767 -6038 2854 -884 END
START 20704 388 32767 -5040 2498 -1702 END
START 20812 664 32767 -3913 2187 -2557 END
START 20284 404 32767 -2808 1784 -3281 END
START 19820 528 32767 -1576 1449 -4052 END
START 19260 472 32767 -323 856 -4709 END
START 18556 512 32767 911 361 -5314 END
START 18352 488 32767 2126 -209 -5816 END
START 17680 368 32767 3351 -660 -6273 END
START 17540 340 32767 4576 -1262 -6673 END
START 16872 156 32767 5773 -1779 -7043 END
START 16888 -12 32767 6869 -2325 -7317 END
START 16672 -248 32767 8057 -2794 -7616 END
START 16976 -200 32767 9284 -3247 -7872 END
START 17096 -456 32767 10576 -3582 -8216 END
START 17444 -640 32767 11942 -3830 -8594 END
START 17680 -868 32767 13319 -3940 -9058 END
START 17756 -1160 32767 14787 -4015 -9591 END
START 17688 -1468 32767 16291 -4247 -10194 END
START 17616 -1796 32767 17773 -4522 -10807 END
START 17364 -2120 32767 19335 -4873 -11427 END
START 17008 -2352 32767 20940 -5344 -12082 END
START 16576 -2540 32767 22590 -5909 -12733 END
START 15924 -2980 32767 24180 -6559 -13410 END
START 15268 -3440 32767 25748 -7205 -13986 END
START 14296 -4004 32767 27354 -7963 -14563 END
START 13304 -4276 32767 28903 -8774 -15093 END
START 12528 -4508 32767 30424 -9553 -15523 END
START 11808 -4824 32767 31836 -10404 -15865 END
START 11092 -5268 32767 32767 -11239 -16150 END
START 10508 -5540 32767 32767 -12127 -16388 END
START 9832 -5924 32767 32767 -13032 -16613 END
START 9392 -6168 32767 32767 -13988 -16811 END
START 8968 -6508 32767 32767 -14826 -17028 END
START 8656 -7016 32232 32767 -15874 -17233 END
START 8524 -7388 30892 32767 -16991 -17482 END
START 8312 -7876 29232 32767 -18126 -17746 END
START 8116 -8140 27508 32767 -19260 -18085 END
START 8000 -8236 25612 32767 -20318 -18448 END
START 7764 -8388 23552 32767 -21388 -18903 END
START 7636 -8500 21664 32767 -22470 -19367 END
START 7364 -8708 19220 32767 -23464 -19854 END
START 6880 -8744 17056 32767 -24266 -20338 END
START 6416 -8808 14744 32767 -24889 -20777 END
START 5824 -8852 11992 32767 -25230 -21147 END
START 5616 -8620 9724 32767 -25208 -21465 END
START 5324 -8644 7600 32767 -24818 -21719 END
START 5080 -8408 5272 32767 -24118 -21845 END
START 4952 -8076 3020 32767 -23075 -21912 END
START 4804 -7688 752 32767 -21805 -21986 END
START 4688 -7280 -1296 32767 -20258 -22007 END
START 4780 -6872 -3508 32767 -18444 -22034 END
START 4596 -6608 -5324 32767 -16516 -22054 END
START 4580 -6352 -7044 32767 -14443 -22044 END
START 4160 -6224 -8500 32767 -12372 -22020 END
START 3316 -5824 -9892 32767 -10496 -21923 END
START 2336 -5412 -10844 32767 -8837 -21705 END
START 1520 -5236 -12332 32203 -7438 -21391 END
START 316 -4956 -13264 30208 -6403 -20950 END
START -1096 -4504 -14572 28096 -5610 -20413 END
START -1852 -4100 -15188 25945 -5123 -19772 END
START -2732 -3644 -15860 23862 -4962 -19124 END
START -3564 -3192 -16256 21643 -5075 -18372 END
START -4452 -2732 -16056 19476 -5501 -17568 END
START -4888 -2440 -16308 17421 -6177 -16703 END
START -5184 -2076 -16192 15517 -6992 -15915 END
START -5536 -1948 -15932 13665 -7968 -15071 END
START -5792 -1764 -15712 11991 -9005 -14234 END
START -6000 -1720 -15824 10448 -10071 -13395 END
START -5936 -1712 -15980 8943 -11047 -12573 END
START -5740 -1416 -15828 7448 -11818 -11819 END
START -5588 -1300 -15812 5928 -12263 -11103 END
START -5464 -988 -15616 4472 -12395 -10403 END
START -5488 -832 -15608 3001 -12265 -9716 END
START -5300 -704 -15904 1655 -11798 -9018 END
START -5304 -600 -16576 345 -11021 -8293 END
START -5584 -520 -16392 -985 -10096 -7573 END
START -5812 -228 -16492 -2400 -9105 -6805 END
START -6008 -312 -16976 -3733 -8080 -6008 END
START -6352 -212 -16548 -5252 -7099 -5184 END
START -6528 -260 -17188 -6798 -6184 -4343 END
START -6904 -348 -16468 -8298 -5356 -3456 END
START -7044 -428 -16856 -9629 -4720 -2557 END
START -7316 -724 -16728 -10902 -4190 -1569 END
START -7260 -748 -16824 -12155 -3862 -648 END
START -7112 -784 -16932 -13443 -3613 334 END
START -6856 -748 -17004 -14923 -3475 1255 END
START -6392 -852 -16692 -15993 -3541 2066 END
START -5432 -892 -16656 -17465 -3740 2828 END
START -4224 -1236 -16344 -18877 -3895 3487 END
START -2832 -1368 -15884 -20250 -4077 3942 END
START -1604 -1532 -14820 -21724 -4249 4225 END
START -536 -1452 -13672 -22954 -4431 4307 END
START 496 -1472 -12404 -24035 -4552 4213 END
START 1396 -1548 -11084 -24851 -4542 4031 END
START 1936 -1772 -9800 -25478 -4389 3738 END
START 2320 -1880 -8636 -25906 -4307 3435 END
START 2332 -2160 -7776 -26162 -4193 3136 END
START 2160 -2296 -7064 -26223 -4059 2869 END
START 1652 -2320 -6672 -26246 -3997 2731 END
START 1344 -2356 -6444 -26206 -3948 2647 END
START 956 -2188 -6492 -26180 -3841 2603 END
START 536 -2092 -6608 -26303 -3654 2684 END
START 236 -1852 -6920 -26536 -3414 2759 END
START -96 -1672 -6848 -26982 -3119 2893 END
START -376 -1636 -6932 -27551 -2767 3081 END
START -784 -1760 -6748 -28230 -2402 3342 END
START -1152 -1868 -6416 -28976 -2048 3669 END
START -1544 -1964 -6108 -29744 -1765 4102 END
START -1840 -2020 -5540 -30501 -1402 4598 END
START -2048 -2240 -5256 -31158 -1134 5171 END
START -2176 -2364 -4728 -31820 -854 5840 END
START -2320 -2568 -4184 -32366 -725 6537 END
START -2308 -2652 -3904 -32768 -718 7198 END
START -2088 -2700 -3268 -32768 -786 7971 END
START -1664 -2436 -2732 -32768 -807 8749 END
START -900 -2288 -1976 -32768 -692 9430 END
START 112 -2064 -1116 -32768 -516 10099 END
START 1312 -1868 264 -32768 -128 10611 END
START 2624 -1804 1168 -32768 448 11112 END
START 4036 -1800 3016 -32768 1309 11397 END
START 5332 -1660 4544 -32768 2292 11594 END
START 6720 -1496 6508 -32768 3570 11691 END
START 7932 -1400 8440 -32768 5016 11686 END
START 8764 -972 10652 -32768 6459 11621 END
START 9700 -824 12852 -32768 7985 11472 END
START 10584 -684 14756 -32768 9412 11271 END
START 11512 -492 16684 -32768 10750 11045 END
START 12420 -228 18968 -32768 12048 10684 END
START 13660 92 21108 -32768 12963 10192 END
START 14872 408 23404 -32768 14005 9621 END
START 15432 660 26212 -32768 14497 8806 END
START 16736 780 28612 -32768 14960 7828 END
START 17764 1148 32376 -32768 14744 6762 END
START 19072 1080 32767 -32768 14841 5651 END
START 19372 1120 32767 -32768 14821 4501 END
START 19912 1032 32767 -32768 14570 3284 END
START 20124 1288 32767 -32768 14099 2032 END
START 20368 1828 32767 -32768 13663 780 END
START 20384 1924 32767 -32750 13045 -545 END
START 20172 2232 32767 -31295 12783 -1831 END
START 20120 2336 32767 -29531 12054 -3109 END
START 19560 2292 32767 -27568 11419 -4306 END
START 19212 2168 32767 -25514 10715 -5347 END
START 18772 2052 32767 -23161 9935 -6355 END
START 18280 1776 32767 -20651 9161 -7277 END
START 17656 1800 32767 -18230 8470 -8032 END
START 17036 1804 32767 -15627 7759 -8694 END
START 16488 1956 32767 -12983 7190 -9283 END
START 15892 2100 32767 -10083 6765 -9842 END
START 15308 2016 32767 -7278 6567 -10309 END
START 15032 1860 32767 -4369 6491 -10722 END
START 14784 1624 32767 -1647 6491 -11033 END
START 14372 1448 32767 984 6566 -11319 END
START 14036 1332 32767 3423 6669 -11517 END
START 13796 1408 32767 5688 6698 -11732 END
START 13640 1432 32767 7782 6765 -11937 END
START 13416 1348 32767 9860 6808 -12105 END
START 13428 1468 32767 11771 6874 -12345 END
START 13112 1292 32767 13641 6938 -12659 END
START 13080 1016 32767 15351 6988 -12979 END
START 13176 888 32767 17069 7115 -13377 END
START 13012 660 32767 18665 7231 -13680 END
START 12892 416 32767 20182 7345 -14082 END
START 13044 92 32767 21740 7531 -14490 END
START 12812 0 32767 23109 7668 -14879 END
START 12144 -284 32767 24443 7600 -15269 END
START 11600 -276 32767 25853 7426 -15658 END
START 10768 12 32767 27095 6937 -15993 END
START 10148 -276 32767 28143 6367 -16318 END
START 9872 -784 32767 29260 5656 -16603 END
START 9708 -996 32767 30278 4874 -16973 END
START 9268 -1172 31064 31206 4094 -17293 END
START 8960 -1224 29480 32140 3177 -17711 END
START 8576 -1320 27796 32767 2225 -18084 END
START 8224 -1336 26084 32767 1274 -18470 END
START 7960 -1428 24068 32767 401 -18897 END
START 7760 -1456 22412 32767 -370 -19307 END
START 7564 -1540 20548 32767 -1211 -19755 END
START 6996 -1564 18940 32767 -2008 -20217 END
START 6472 -1536 16572 32767 -2778 -20696 END
START 6128 -1448 14532 32767 -3533 -21196 END
START 5704 -1352 13028 32767 -4326 -21679 END
START 5200 -1392 11412 32767 -5016 -22128 END
START 4488 -1556 9916 32767 -5862 -22505 END
START 3820 -1556 8576 32767 -6579 -22782 END
START 3180 -1504 7276 32767 -7338 -23074 END
START 2504 -996 6280 32767 -8007 -23303 END
START 2176 -712 4828 32767 -8493 -23512 END
START 1456 -876 3720 32767 -8728 -23648 END
START 656 -1228 2972 32767 -8921 -23631 END
START -300 -1428 1916 32767 -9090 -23506 END
START -1000 -1316 844 32753 -9318 -23289 END
START -1556 -1200 -264 32132 -9327 -23020 END
START -2160 -984 -1468 31378 -9151 -22723 END
START -2764 -560 -2888 30580 -8826 -22394 END
START -3472 -100 -3832 29728 -8437 -21976 END
START -4180 204 -4988 28797 -7989 -21536 END
START -4820 624 -6112 27741 -7583 -21013 END
START -5496 848 -7076 26597 -7190 -20428 END
START -6040 980 -8196 25365 -6794 -19780 END
START -6772 1108 -9012 24039 -6488 -19046 END
START -7328 1432 -9720 22600 -6309 -18261 END
START -7896 1808 -10764 21095 -6086 -17436 END
START -8468 1932 -11508 19428 -5969 -16432 END
START -9036 1960 -12048 17805 -5910 -15396 END
START -9724 2272 -12464 16145 -5984 -14218 END
START -10228 2600 -13052 14375 -6052 -13014 END
START -10688 3036 -13652 12686 -6196 -11762 END
START -10812 3296 -13912 10941 -6503 -10463 END
START -10916 3588 -14384 9213 -6924 -9205 END
START -10908 3436 -14864 7445 -7255 -7952 END
START -10872 3360 -15152 5687 -7626 -6758 END
START -11008 3212 -15428 3729 -7979 -5513 END
START -10948 3228 -15296 1906 -8718 -4361 END
START -10440 2984 -15692 147 -9242 -3190 END
START -10384 2968 -15552 -1526 -9836 -2017 END
START -10040 2812 -15824 -3220 -10521 -922 END
START -9236 2748 -15836 -4915 -11034 123 END
START -8156 2684 -16012 -6597 -11329 916 END
START -7016 2504 -15972 -8370 -11355 1602 END
START -6092 2456 -15316 -10243 -11160 2119 END
START -4952 2332 -14920 -12053 -10691 2475 END
START -4508 1948 -13824 -13829 -10123 2759 END
START -3648 1524 -13308 -15188 -9382 2994 END
START -3064 1108 -12524 -16712 -8586 3178 END
START -2388 500 -12080 -17832 -7665 3342 END
START -2256 164 -11108 -18895 -6882 3548 END
START -1976 -312 -10820 -19776 -6096 3674 END
START -1980 -392 -10280 -20583 -5520 3816 END
START -2024 -540 -10100 -21322 -5036 3969 END
START -2212 -632 -9836 -22100 -4811 4097 END
START -2132 -736 -9768 -22903 -4679 4201 END
START -2076 -748 -9652 -23742 -4646 4355 END
START -2196 -1008 -9344 -24546 -4715 4510 END
START -2060 -1196 -9008 -25413 -4893 4686 END
START -1748 -1392 -8756 -26290 -5040 4931 END
START -1228 -1528 -8524 -27120 -5065 5159 END
START -456 -1740 -8556 -27900 -4882 5337 END
START 488 -1860 -8596 -28708 -4424 5392 END
START 1224 -2100 -8424 -29458 -3880 5338 END
START 1772 -2256 -8244 -30309 -3238 5228 END
START 2044 -2500 -7620 -31125 -2665 5005 END
START 2012 -2864 -7288 -31939 -2225 4791 END
START 1744 -3352 -6624 -32768 -2011 4594 END
START 1316 -3560 -6040 -32768 -1968 4535 END
START 1072 -3816 -5676 -32768 -2023 4528 END
START 612 -3880 -5180 -32768 -2096 4589 END
START 176 -3968 -4840 -32768 -2192 4715 END
START -12 -4128 -4248 -32768 -2208 4884 END
START -136 -4312 -3996 -32768 -2271 5082 END
START -388 -4372 -3500 -32768 -2187 5294 END
START -564 -4668 -3060 -32768 -1968 5521 END
START -716 -4912 -2232 -32768 -1697 5745 END
START -1144 -4964 -1460 -32768 -1442 6055 END
START -1600 -5204 -800 -32768 -1244 6416 END
START -1948 -5412 -60 -32768 -1029 6885 END
START -2356 -5536 544 -32768 -834 7424 END
START -2424 -5616 716 -32768 -610 7990 END
START -2520 -5784 1312 -32768 -321 8605 END
START -2400 -5964 1956 -32768 -42 9215 END
START -1936 -6032 2856 -32768 367 9765 END
START -1216 -6144 3812 -32768 812 10284 END
START -464 -6156 4964 -32768 1350 10761 END
START 244 -6328 6508 -32768 1915 11093 END
START 1028 -6484 8336 -32768 2470 11350 END
START 1932 -6600 9976 -32768 3143 11472 END
START 3168 -6808 11556 -32768 3933 11463 END
START 4240 -7212 13420 -32768 4648 11303 END
START 5324 -7388 15336 -32768 5445 11061 END
START 6212 -7272 17536 -32768 6050 10621 END
START 7056 -7228 19636 -32768 6531 10081 END
START 7676 -7028 21588 -32768 6814 9367 END
START 8248 -6768 23720 -32768 7143 8630 END
START 8768 -6656 25740 -32768 7291 7700 END
START 9088 -6368 28100 -32768 7230 6787 END
START 9292 -6204 30544 -32768 7119 5792 END
START 9204 -6344 32767 -32768 6822 4663 END
START 9488 -6356 32767 -32768 6600 3513 END
START 9660 -6448 32767 -32768 6601 2336 END
START 9384 -6544 32767 -32768 6579 1121 END
START 8864 -6504 32767 -32768 6431 -96 END
START 8336 -6548 32767 -32768 6369 -1265 END
START 7480 -6764 32767 -32768 6275 -2312 END
START 6532 -7108 32767 -32327 6351 -3252 END
START 5320 -7260 32767 -30615 6266 -3900 END
START 3792 -7536 32767 -28814 6001 -4344 END
START 2116 -7748 32767 -26903 5535 -4545 END
START 344 -7696 32767 -24989 4757 -4464 END
START -844 -7756 32767 -22965 3964 -4157 END
START -1800 -7800 32767 -20905 3279 -3721 END