START 17132 11468 -11468 10365 8257 -2281 END
START -1088 832 -9012 5158 6711 -828 END
START 6524 1880 -15176 -3073 9024 -129 END
START 4660 1156 -12312 -11798 9959 -133 END
START 2176 -576 -7632 -17669 11069 -549 END
START 568 -1480 -5128 -21964 10709 -691 END
START -1008 -2700 -4132 -25112 8124 -1019 END
START -1328 -3040 -2312 -28231 4660 -291 END
START -2152 -3612 -260 -31232 2535 1341 END
START -1404 -3228 2088 -32768 826 3391 END
START 272 -1764 5748 -32768 551 4845 END
START 12 -184 10044 -32768 1644 5703 END
START 32 264 18944 -32768 2079 5815 END
START 2008 -1056 32767 -32768 1941 5534 END
START 2840 548 32767 -32768 4302 4205 END
START -524 1584 32767 -25673 7172 2618 END
START -4560 2480 32767 -15696 5207 3665 END
START -5204 3460 32767 -5790 -833 6476 END
START -1548 5156 32767 3122 -5433 8699 END
START 4148 5124 32767 9895 -5791 9538 END
START 8868 3788 32767 14291 -1774 8227 END
START 10524 1964 32767 19012 1442 5200 END
START 9040 900 32767 24714 295 900 END
START 6876 -516 30296 29363 -2238 -2471 END
START 4864 -1556 22668 32763 -5561 -4925 END
START 4500 -1848 15580 32767 -8690 -7299 END
START 4512 -1712 10348 32767 -11133 -10217 END
START 4120 -1540 5620 32767 -13287 -13442 END
START 4144 -1428 1444 32767 -14360 -16549 END
START 4620 -1028 -2596 29676 -13994 -19515 END
START 3096 -1068 -6928 24629 -12835 -21776 END
START 972 -940 -10876 18448 -11322 -21858 END
START -88 -772 -13800 11003 -11073 -20911 END
START -552 -252 -14112 3399 -11450 -20075 END
START -676 -756 -12388 -3060 -10881 -19565 END
START 0 -1504 -11348 -9023 -9396 -18935 END
START 404 -2732 -10424 -14586 -8123 -18258 END
START -376 -4284 -9972 -21296 -6974 -17257 END
START -2464 -6204 -7876 -28387 -6225 -14845 END
START -2620 -7752 -3932 -32768 -4909 -11971 END
START -5396 -9096 2256 -32768 -1492 -9398 END
START -9220 -9688 9472 -32768 -558 -5566 END
START -12908 -9092 16592 -32768 -956 -1149 END
START -12168 -8332 26284 -32768 -1140 2752 END
START -10432 -6592 32767 -32768 3015 4630 END
START -9612 -5104 32767 -30046 6343 5017 END
START -8808 -2508 32767 -20049 6889 3071 END
START -10372 -1076 32767 -9406 3159 2644 END
START -7776 492 32767 1026 -328 4035 END
START -4204 1116 32767 9727 -1246 5684 END
START 1824 1576 32767 17638 -1105 5728 END
START 5808 864 32767 24626 -419 3393 END
START 7884 -40 32767 30378 -788 315 END
START 8084 -1172 30504 32767 -2767 -2819 END
START 7708 -2192 22592 32767 -6052 -5935 END
START 8688 -2820 16040 32767 -9271 -9423 END
START 8020 -3140 10856 32767 -11504 -12745 END
START 8064 -3064 6064 32767 -13177 -15625 END
START 7868 -2956 2512 32767 -13990 -17641 END
START 7592 -2404 -764 32767 -14384 -19179 END
START 9496 -1528 -4664 29750 -14202 -20483 END
START 9812 -904 -7396 24169 -11932 -23339 END
START 9132 -1296 -7888 18997 -10450 -25904 END
START 6284 -1784 -9036 14100 -9637 -27890 END
START 4832 -2436 -9204 9076 -9880 -29052 END
START 3640 -2484 -10080 4259 -9220 -29523 END
START 1420 -3152 -10388 -1440 -10145 -29093 END
START 1340 -3744 -11660 -7478 -10693 -28020 END
START 4008 -4144 -11796 -14778 -12555 -27943 END
START 3536 -4912 -10016 -21952 -11122 -30845 END
START -1484 -7600 -8572 -29188 -9974 -31540 END
START -4988 -9460 -8204 -32768 -9899 -29411 END
START -6964 -12188 -7204 -32768 -9443 -27051 END
START -16068 -17260 1120 -32768 -8549 -22542 END
START -22800 -20556 14360 -32768 -5632 -13845 END