START 19176 5152 14072 -15029 3638 19077 END
START 21556 -1868 668 -13079 4229 18968 END
START 23232 8092 11500 -15077 3129 18652 END
START 16672 5352 21072 -13652 2835 18444 END
START 22480 5316 14732 -13350 1717 18126 END
START 19396 5244 19740 -12819 815 17726 END
START 21440 5044 18400 -12302 284 17246 END
START 22280 4796 18412 -11679 -192 16749 END
START 22980 4572 18064 -11055 -397 16317 END
START 21820 4268 19800 -10474 -1020 15986 END
START 23712 4468 17880 -9891 -1278 15810 END
START 22820 4344 19508 -9347 -1733 15599 END
START 25516 4712 17600 -8937 -1734 15423 END
START 25180 4660 19252 -8598 -2088 15132 END
START 27412 4772 18172 -8337 -2120 14681 END
START 27804 4704 19352 -8214 -2598 14128 END
START 29512 4740 19588 -7999 -2900 13470 END
START 30988 4748 20176 -7740 -3459 12428 END
START 32364 4560 20952 -7428 -3658 11794 END
START 32767 4720 21036 -6964 -4207 10583 END
START 32767 4656 22208 -6385 -4522 9332 END
START 32767 4772 21844 -5785 -5008 7895 END
START 32767 4620 22516 -5116 -5356 6350 END
START 32767 4512 21872 -4538 -5779 4686 END
START 32767 4560 22548 -3964 -6212 3070 END
START 32767 4588 21912 -3466 -6700 1543 END
START 32767 4640 21964 -3024 -7134 40 END
START 32767 4708 21228 -2578 -7352 -1332 END
START 32767 4548 21016 -2270 -7516 -2742 END
START 32767 4628 20584 -1946 -7537 -4031 END
START 32767 4692 20296 -1675 -7517 -5412 END
START 32767 4656 20268 -1434 -7426 -6822 END
START 32767 4888 20356 -1293 -7418 -8201 END
START 32767 4828 20648 -1056 -7242 -9592 END
START 32767 4796 20832 -761 -7074 -11059 END
START 32767 4764 21116 -315 -6744 -12627 END
START 32767 4544 21364 211 -6399 -14188 END
START 32767 4328 21564 855 -6007 -15844 END
START 32767 4092 21444 1628 -5602 -17590 END
START 32767 3984 21384 2409 -5237 -19231 END
START 32767 3808 20736 3178 -4887 -20842 END
START 32767 3612 20392 3903 -4603 -22375 END
START 32767 3432 19884 4631 -4440 -23914 END
START 32767 3344 19696 5252 -4325 -25416 END
START 32767 3176 19228 5913 -4300 -26760 END
START 32084 2852 19004 6550 -4347 -28054 END
START 31044 2560 18352 7252 -4453 -29340 END
START 30204 2292 18008 7896 -4594 -30507 END
START 29368 2084 17428 8579 -4896 -31656 END
START 28584 1704 16760 9322 -5190 -32768 END
START 28136 1428 16224 9974 -5520 -32768 END
START 27448 1296 15192 10589 -5938 -32768 END
START 26876 1152 14128 11203 -6493 -32768 END
START 26224 788 13228 11624 -7242 -32768 END
START 25492 564 12160 11921 -8085 -32768 END
START 24784 388 11120 12054 -9086 -32768 END
START 23608 -48 9936 12046 -10338 -32768 END
START 22524 -364 8664 11953 -11625 -32768 END
START 20692 -968 7840 11737 -13126 -32768 END
START 18776 -1744 6828 11464 -14865 -32768 END
START 16300 -2252 6016 11110 -16682 -32768 END
START 13092 -2712 4724 10736 -18689 -32768 END
START 10712 -2920 3752 10329 -20727 -32768 END
START 8500 -2696 2792 9774 -22788 -32768 END
START 6604 -2628 2024 9172 -24686 -32768 END
START 4968 -2312 1400 8411 -26458 -32768 END
START 3492 -2308 888 7581 -28077 -32768 END
START 2496 -2260 312 6692 -29288 -32768 END
START 1732 -2368 -88 5815 -30121 -32768 END
START 872 -2296 -432 4948 -30558 -32768 END
START -16 -2172 -824 4111 -30438 -32768 END
START -460 -2004 -1508 3232 -29747 -32768 END
START -872 -1880 -2216 2377 -28468 -32768 END
START -1704 -1688 -3116 1419 -26623 -32768 END
START -2184 -1580 -3704 394 -24503 -32768 END
START -3200 -1520 -4316 -836 -22040 -32768 END
START -4296 -1452 -4912 -2075 -19562 -32768 END
START -5516 -1432 -5288 -3432 -17131 -31484 END
START -6948 -1088 -5760 -4797 -14778 -29728 END
START -8416 -940 -6204 -6176 -12576 -27945 END
START -9552 -760 -6500 -7487 -10649 -26078 END
START -10808 -588 -6692 -8888 -8891 -24160 END
START -11848 -420 -6812 -10321 -7224 -22139 END
START -12888 -272 -6528 -11659 -5821 -20207 END
START -13824 -140 -6388 -12992 -4482 -18122 END
START -15180 -20 -5692 -14065 -3539 -16106 END
START -16120 -180 -5448 -14942 -2681 -13924 END
START -17408 -384 -4576 -15795 -2180 -11570 END
START -18580 -344 -4340 -16323 -1886 -9176 END
START -19652 -136 -3416 -16842 -1999 -6744 END
START -20492 -256 -3616 -17297 -2140 -4236 END
START -21512 -100 -3040 -17815 -2588 -1564 END
START -22020 124 -3120 -18239 -3062 1025 END
START -22596 116 -2680 -18734 -3590 3652 END
START -22472 12 -2604 -19176 -4060 6342 END
START -22476 -76 -2208 -19653 -4400 8891 END
START -22108 -244 -1728 -20155 -4594 11488 END
START -21536 -472 -952 -20668 -4606 14033 END
START -20636 -680 244 -21017 -4510 16528 END
START -19564 -836 1344 -21186 -4200 18862 END
START -18044 -1104 2356 -21220 -3651 21160 END
START -16148 -1644 3328 -21050 -2891 23195 END
START -12956 -2108 4652 -20819 -1947 25083 END
START -10696 -2456 5720 -20381 -851 26615 END
START -8556 -2504 6420 -19887 344 27986 END
START -6688 -2544 6796 -19286 1502 29030 END
START -5104 -2488 7036 -18611 2555 29887 END
START -3672 -2488 6912 -17996 3416 30611 END
START -2364 -2320 6884 -17555 4047 31172 END
START -704 -2024 6512 -17261 4542 31653 END
START 1388 -1316 6000 -17184 5020 32013 END
START 3696 -656 5620 -17291 5502 32134 END
START 6156 -180 5100 -17512 6034 32114 END
START 8732 248 4968 -17768 6528 31786 END
START 11064 596 5388 -18123 6940 31208 END
START 13092 960 5744 -18452 7147 30322 END
START 14620 1276 6132 -18815 7036 29244 END
START 16112 1740 6648 -19232 6742 27975 END
START 17148 2112 7160 -19613 6234 26678 END
START 17476 2652 8420 -20025 5394 25412 END
START 18540 3280 8844 -20412 4753 24193 END
START 18688 3296 10064 -20665 3812 23031 END
START 19216 3508 11252 -20705 3049 21938 END
START 19432 3572 12652 -20698 2114 21040 END
START 19248 3648 14332 -20486 1048 20239 END
START 19232 3756 16156 -20147 -285 19545 END
START 19412 3636 17604 -19689 -1663 19061 END
START 19788 3536 18736 -19111 -2949 18654 END
START 20736 3812 20224 -18481 -4048 18390 END
START 22104 4028 21252 -17812 -4867 18139 END
START 23960 4352 22876 -17061 -5242 17889 END
START 27172 4564 24144 -16232 -5159 17496 END
START 30184 4484 25160 -15352 -4528 16902 END
START 32767 4592 26304 -14374 -3526 16130 END
START 32767 4640 27332 -13315 -2174 15030 END
START 32767 4864 27980 -12195 -767 13651 END
START 32767 4988 28588 -11062 640 12031 END
START 32767 5296 28912 -9991 2070 10164 END
START 32767 5728 29152 -8973 3355 8242 END
START 32767 6188 29340 -8058 4599 6245 END
START 32767 6736 29448 -7293 5684 4140 END
START 32767 7140 29592 -6594 6672 1870 END
START 32767 7316 29740 -5937 7480 -635 END
START 32767 7332 30212 -5302 8053 -3189 END
START 32767 7192 30848 -4592 8477 -5982 END
START 32767 6968 31240 -3736 8711 -8825 END
START 32767 6764 31304 -2787 8822 -11632 END
START 32767 6560 30868 -1628 8878 -14459 END
START 32767 6396 30612 -542 8849 -16997 END
START 32767 6528 30304 454 8710 -19477 END
START 32767 6464 30020 1300 8454 -21830 END
START 32767 6336 29816 2064 8129 -24086 END
START 32767 6068 29628 2857 7712 -26365 END
START 32767 5496 29908 3673 7296 -28419 END
START 32767 5180 29868 4633 6820 -30275 END
START 32767 4636 30024 5695 6470 -31995 END
START 32767 4148 29560 6951 6231 -32768 END
START 32456 3740 29216 8195 6102 -32768 END
START 31452 3244 28348 9490 6027 -32768 END
START 30316 3072 27788 10782 5898 -32768 END
START 29476 2688 26836 11959 5843 -32768 END
START 28716 2348 25380 13068 5703 -32768 END
START 27884 2052 23880 14065 5529 -32768 END
START 27056 1972 22584 14952 5435 -32768 END
START 26424 1656 20928 15741 5197 -32768 END
START 25624 1412 19388 16424 4861 -32768 END
START 25144 1228 17588 16926 4543 -32768 END
START 24736 1024 15880 17223 4163 -32768 END
START 24008 856 14276 17278 3596 -32768 END
START 22952 684 13088 17256 2848 -32768 END
START 21692 528 12164 17043 1899 -32768 END
START 20184 276 11180 16815 830 -32768 END
START 18532 48 10488 16553 -372 -32768 END
START 16452 -376 9872 16369 -1722 -32768 END
START 14228 -764 9272 16210 -3199 -32768 END
START 12152 -1272 8752 16061 -4782 -32768 END
START 9884 -1532 8564 15983 -6519 -32768 END
START 7692 -1756 8052 15920 -8175 -32768 END
START 5800 -1664 7564 15848 -9676 -32768 END
START 3896 -1816 7040 15795 -11132 -32768 END
START 2372 -1628 6380 15662 -12559 -32768 END
START 1060 -1412 5772 15537 -13675 -32768 END
START -208 -1472 5088 15322 -14640 -32768 END
START -1176 -1392 4000 15110 -15271 -32768 END
START -1980 -1404 3444 14760 -15620 -32768 END
START -3228 -1200 2552 14356 -15701 -32768 END
START -3980 -1044 1636 13836 -15542 -32768 END
START -4836 -832 1048 13249 -15155 -32768 END
START -5684 -552 36 12564 -14481 -32768 END
START -6636 -560 -672 11783 -13531 -32768 END
START -7532 -476 -1608 10908 -12396 -32768 END
START -8572 -572 -2360 9860 -11175 -32768 END
START -9616 -324 -3000 8601 -9871 -32768 END
START -10704 0 -3792 7389 -8563 -32768 END
START -11528 176 -4004 6100 -7234 -32768 END
START -12392 672 -4376 4771 -5849 -32768 END
START -13352 956 -4332 3433 -4516 -32579 END
START -14092 976 -4712 2171 -3306 -30788 END
START -15388 896 -4472 1058 -2556 -28988 END
START -16580 812 -4328 55 -2109 -27011 END
START -17104 896 -4144 -768 -2155 -25041 END
START -18128 828 -4020 -1549 -2504 -22967 END
START -18692 800 -3952 -2211 -3194 -20866 END
START -19292 1036 -4112 -2865 -3983 -18836 END
START -19520 980 -4144 -3564 -4921 -16774 END
START -19684 924 -4072 -4213 -5966 -14837 END
START -19788 948 -4072 -4820 -6963 -12912 END
START -19644 780 -4464 -5422 -8004 -11038 END
START -19448 848 -4868 -6000 -8931 -9181 END
START -19036 836 -5172 -6575 -9689 -7388 END
START -18516 1128 -5700 -7263 -10270 -5636 END
START -17800 1020 -6140 -8079 -10641 -4043 END
START -17656 908 -6520 -9065 -10814 -2493 END
START -17620 620 -6768 -9998 -11070 -934 END
START -17520 412 -7244 -11012 -11302 648 END
START -17456 132 -7688 -12100 -11403 2344 END
START -17060 108 -8360 -13227 -11261 4023 END
START -16724 100 -8652 -14458 -10750 5656 END
START -16596 -232 -8528 -15792 -10020 7336 END
START -16144 -380 -8688 -17161 -9088 8974 END
START -15780 -640 -8748 -18491 -7944 10579 END
START -15084 -868 -8448 -19797 -6538 12264 END
START -14780 -1332 -8172 -21106 -4969 13663 END
START -14472 -1756 -7712 -22310 -3538 15340 END
START -14216 -2200 -7288 -23375 -2294 16887 END
START -13628 -2692 -7084 -24342 -1076 18526 END
START -12840 -2824 -7208 -25289 180 20062 END
START -11792 -3068 -7516 -26209 1387 21300 END
START -10828 -3448 -7160 -27276 2418 22502 END
START -10384 -3824 -6792 -28313 3078 23581 END
START -9288 -4112 -6992 -29448 3566 24631 END
START -8004 -4404 -7116 -30543 4043 25548 END
START -6880 -4620 -6972 -31834 4724 26354 END
START -5820 -4828 -6344 -32768 5289 27022 END
START -5300 -4964 -5584 -32768 5821 27614 END
START -4572 -5136 -5072 -32768 6187 28195 END
START -3932 -5240 -4248 -32768 6590 28739 END
START -3232 -5524 -3540 -32768 7070 29150 END
START -2648 -5592 -2480 -32768 7657 29450 END
START -2320 -5688 -1004 -32768 8193 29720 END
START -2092 -5664 552 -32768 8754 29887 END
START -1908 -5760 1768 -32768 9472 30135 END
START -1496 -5824 2772 -32768 10397 30197 END
START -1488 -5916 3892 -32768 11371 30346 END
START -1408 -6112 5224 -32768 12380 30528 END
START -1592 -6612 6528 -32768 13240 30737 END
START -1880 -6792 8048 -32768 13381 31079 END
START -1736 -6836 9068 -32768 13354 31462 END
START -1268 -6844 10384 -32768 13590 31945 END
START -584 -6736 11704 -32768 13079 32345 END
START 596 -6764 12972 -32768 13104 32640 END
START 1976 -6776 14448 -32768 12619 32695 END
START 3612 -6916 16584 -32768 11946 32540 END
START 5264 -6720 18004 -32768 11161 32218 END
START 6876 -6524 19564 -32768 10304 31680 END
START 8292 -6348 21564 -32768 9610 30982 END
START 10096 -5896 22852 -32768 8924 30202 END
START 11592 -5900 24444 -32768 8431 29341 END