START 13696 956 6952 -1443 -1739 9820 END
START 18932 -2412 -7872 -857 -938 9899 END
START 13044 1324 4908 -4333 -1197 9491 END
START 12916 1428 8100 -4720 -1137 9221 END
START 12572 1304 7952 -6505 -778 9155 END
START 14624 1260 6696 -7887 -985 8958 END
START 12044 796 10852 -9171 -92 8896 END
START 15300 716 8704 -10092 381 8777 END
START 12468 8 13736 -10802 1245 8780 END
START 14688 -68 12784 -11356 2055 8850 END
START 12928 -564 16532 -11695 2488 8915 END
START 14240 -452 17328 -11951 3331 9046 END
START 14284 -576 19632 -11922 3787 9067 END
START 15060 -696 21408 -11749 4573 9100 END
START 16184 -916 22944 -11455 4834 8974 END
START 16656 -1168 25700 -10977 5248 8822 END
START 18324 -1248 26744 -10417 5275 8478 END
START 18712 -1372 29340 -9674 5539 8068 END
START 20500 -1292 30112 -8915 5491 7493 END
START 20344 -1212 32752 -7994 5374 6806 END
START 21660 -1248 32767 -6977 5038 6044 END
START 21420 -1504 32767 -5807 4454 5181 END
START 22116 -1392 32767 -4618 3754 4263 END
START 21908 -1348 32767 -3376 2944 3323 END
START 21660 -1264 32767 -2042 2083 2424 END
START 21192 -1276 32767 -717 1034 1620 END
START 20460 -1088 32767 551 -104 873 END
START 19800 -988 32767 1765 -1303 215 END
START 19252 -760 32767 2913 -2475 -339 END
START 18900 -788 32767 4020 -3720 -866 END
START 18448 -704 32767 5032 -4850 -1304 END
START 18124 -824 32767 6040 -5870 -1687 END
START 17920 -856 32767 7022 -6742 -2005 END
START 17952 -840 32767 7928 -7419 -2255 END
START 17968 -900 32767 8823 -7996 -2495 END
START 18232 -804 32767 9635 -8406 -2724 END
START 18424 -788 32767 10478 -8720 -2958 END
START 18688 -852 32767 11311 -8978 -3279 END
START 19004 -692 32767 12151 -9303 -3564 END
START 19376 -888 32767 13103 -9571 -3983 END
START 19756 -1108 32767 14080 -9759 -4401 END
START 20196 -1228 32767 15222 -9793 -4915 END
START 20472 -1424 32767 16428 -9733 -5445 END
START 20652 -1536 32767 17660 -9606 -6080 END
START 20820 -1608 32767 18808 -9568 -6691 END
START 20712 -1660 32767 19974 -9575 -7397 END
START 20452 -1716 32767 20996 -9654 -8098 END
START 20124 -1660 32767 21994 -9893 -8812 END
START 19660 -1936 32767 22909 -10218 -9516 END
START 18916 -1996 32767 23783 -10555 -10258 END
START 18672 -2168 31756 24625 -11000 -10945 END
START 18352 -2348 30512 25387 -11326 -11655 END
START 17924 -2440 29580 26072 -11667 -12320 END
START 17688 -2428 28236 26657 -11879 -12978 END
START 17652 -2452 27256 27137 -11977 -13683 END
START 17716 -2312 26508 27588 -11952 -14428 END
START 17596 -2448 25464 27872 -11875 -15134 END
START 17232 -2688 24744 28226 -11723 -15949 END
START 16620 -2720 24352 28623 -11657 -16730 END
START 16204 -2948 23656 29088 -11568 -17517 END
START 15484 -3180 23236 29634 -11575 -18283 END
START 14716 -3408 22560 30267 -11617 -18986 END
START 13684 -3728 21996 30978 -11841 -19667 END
START 12552 -3916 21172 31668 -12230 -20193 END
START 11104 -4092 20096 32416 -12790 -20720 END
START 10024 -4344 18772 32767 -13461 -21165 END
START 9044 -4352 17376 32767 -14112 -21470 END
START 8148 -4512 15732 32767 -14763 -21777 END
START 7336 -4612 14068 32767 -15294 -21977 END
START 6764 -4584 12240 32767 -15728 -22131 END
START 6168 -4556 9968 32767 -15942 -22252 END
START 5540 -4544 8216 32767 -16128 -22314 END
START 4912 -4468 6124 32767 -16206 -22369 END
START 4288 -4540 4500 32767 -16228 -22344 END
START 3268 -4480 2040 32767 -16275 -22252 END
START 2440 -4432 268 32767 -16351 -22111 END
START 1572 -4336 -1764 32295 -16465 -21912 END
START 752 -4076 -3844 31443 -16632 -21580 END
START -192 -3736 -5860 30301 -16803 -21241 END
START -660 -3376 -7676 29001 -16943 -20851 END
START -1172 -2752 -9296 27368 -17045 -20508 END
START -1640 -2188 -10748 25427 -17104 -20136 END
START -2072 -1932 -11776 23340 -17059 -19736 END
START -2472 -1728 -12904 21128 -16861 -19274 END
START -2668 -1632 -14084 18912 -16336 -18822 END
START -2956 -1384 -14852 16730 -15570 -18330 END
START -3328 -1052 -15668 14573 -14583 -17841 END
START -3540 -816 -16200 12381 -13511 -17323 END
START -4080 -720 -15972 10260 -12429 -16834 END
START -4376 -524 -15828 8284 -11375 -16351 END
START -4856 -592 -15420 6293 -10306 -15813 END
START -5224 -576 -15400 4535 -9138 -15293 END
START -5688 -612 -15316 2850 -7883 -14740 END
START -6128 -720 -14696 1324 -6591 -14122 END
START -6888 -612 -14276 -93 -5306 -13475 END
START -7384 -608 -13896 -1360 -4132 -12728 END
START -8220 -496 -13500 -2507 -3090 -11897 END
START -8912 -436 -13196 -3611 -2159 -11001 END
START -9668 -488 -12812 -4602 -1420 -10040 END
START -10196 -548 -12612 -5663 -828 -8974 END
START -10324 -444 -12420 -6545 -424 -7923 END
START -10424 -564 -12032 -7412 -199 -6877 END
START -10636 -652 -11880 -8284 -129 -5790 END
START -10648 -592 -11524 -9105 -196 -4686 END
START -10676 -596 -11588 -9860 -469 -3614 END
START -10392 -692 -11056 -10591 -969 -2559 END
START -9904 -720 -11172 -11268 -1428 -1563 END
START -9228 -812 -10860 -11921 -2016 -665 END
START -8620 -808 -10724 -12613 -2632 185 END
START -7612 -936 -10776 -13283 -3338 960 END
START -6244 -864 -10528 -14155 -3948 1576 END
START -4836 -804 -10276 -14583 -4376 2062 END
START -3368 -832 -9972 -15597 -4619 2268 END
START -2228 -776 -9604 -16301 -4692 2354 END
START -1084 -772 -9204 -16953 -4540 2294 END
START -164 -632 -8808 -17563 -4257 2134 END
START 580 -816 -8540 -18057 -3913 1903 END
START 1012 -836 -8388 -18500 -3373 1690 END
START 1256 -928 -8532 -18957 -2755 1500 END
START 1712 -928 -8700 -19529 -2173 1254 END
START 1788 -872 -9000 -20157 -1514 1029 END
START 2024 -528 -9076 -20937 -860 740 END
START 1800 -512 -9284 -21725 -307 545 END
START 1484 -308 -9380 -22674 138 344 END
START 1096 -332 -9332 -23643 416 199 END
START 692 -168 -9068 -24744 638 142 END
START 268 -272 -8444 -25828 755 127 END
START -104 -392 -7944 -26845 754 220 END
START -292 -460 -7516 -27860 767 403 END
START -724 -528 -6740 -28838 660 708 END
START -1108 -732 -5732 -29702 463 1044 END
START -1540 -896 -4864 -30548 202 1532 END
START -1672 -848 -4072 -31308 -36 2022 END
START -1536 -772 -3368 -32072 -171 2625 END
START -1172 -468 -2364 -32768 -226 3271 END
START -760 -264 -960 -32768 -99 3871 END
START -472 -48 -96 -32768 145 4482 END
START 176 156 1724 -32768 581 5072 END
START 920 312 3664 -32768 1179 5607 END
START 1884 448 5704 -32768 1957 6101 END
START 2736 544 8036 -32768 2980 6534 END
START 3680 500 10360 -32768 4236 6884 END
START 4528 564 12644 -32768 5655 7214 END
START 5236 460 15268 -32768 7029 7473 END
START 6012 616 17880 -32768 8545 7806 END
START 7196 648 20172 -32768 10209 8051 END
START 8172 924 22728 -32768 11779 8340 END
START 9436 1008 25684 -32768 13532 8470 END
START 10860 1376 28424 -32768 14673 8539 END
START 11576 1408 31780 -32768 15319 8366 END
START 12648 1428 32767 -32768 15893 7997 END
START 14272 1536 32767 -32768 16202 7465 END
START 15208 1296 32767 -32768 16279 6740 END
START 15996 1360 32767 -31816 16012 5786 END
START 15868 1336 32767 -30143 15317 4751 END
START 16884 1704 32767 -28302 14396 3611 END
START 16932 1760 32767 -26473 13503 2435 END
START 17036 2008 32767 -24554 12341 1211 END
START 17260 2048 32767 -22635 11272 76 END
START 17172 2032 32767 -20635 10183 -1046 END
START 16524 1840 32767 -18458 8976 -2107 END
START 15896 1768 32767 -16369 7871 -2983 END
START 15316 1700 32767 -14471 6739 -3736 END
START 14696 1360 32767 -12216 5583 -4308 END
START 14264 1040 32767 -10096 4592 -4751 END
START 14012 860 32767 -7934 3552 -5080 END
START 13704 864 32767 -5856 2720 -5288 END
START 13352 820 32767 -3606 1839 -5450 END
START 13464 724 32767 -1255 1065 -5610 END
START 13348 396 32767 1248 328 -5756 END
START 13112 144 32767 3909 -326 -5907 END
START 12680 -92 32767 6443 -930 -5990 END
START 12420 -268 32767 9018 -1457 -6004 END
START 12008 -356 32767 11648 -1962 -5942 END
START 11440 -468 32767 14415 -2563 -5852 END
START 11124 -668 32767 16986 -2971 -5703 END
START 11148 -956 32767 19467 -3230 -5571 END
START 11136 -1108 32767 21859 -3416 -5478 END
START 10976 -1248 32767 24027 -3630 -5360 END
START 11072 -1552 32767 26122 -3795 -5313 END
START 11100 -1800 32767 27957 -3891 -5344 END
START 11468 -2076 32767 29677 -4039 -5393 END
START 11980 -2328 32767 31158 -4136 -5559 END
START 12288 -2648 32767 32616 -4205 -5873 END
START 12720 -2828 32767 32767 -4339 -6288 END
START 13060 -2812 32767 32767 -4481 -6876 END
START 13160 -2524 32767 32767 -4609 -7538 END
START 13572 -2528 32767 32767 -4649 -8378 END
START 13820 -2876 30068 32767 -4602 -9275 END
START 14104 -2896 27364 32767 -4360 -10357 END
START 13988 -3016 24588 32767 -4138 -11449 END
START 13448 -3016 22284 32767 -3969 -12564 END
START 12792 -2956 19732 32767 -3914 -13665 END
START 11924 -3000 17500 32767 -4002 -14732 END
START 11028 -2932 15280 32767 -4140 -15669 END
START 9572 -2752 12500 32767 -4385 -16573 END
START 8312 -2268 10536 32767 -4671 -17296 END
START 7240 -2564 8972 32767 -5284 -17970 END
START 6336 -2620 7020 32767 -6082 -18537 END
START 5644 -2524 5528 32767 -6874 -19052 END
START 4944 -2152 4160 32767 -7751 -19518 END
START 4924 -864 2696 32767 -8838 -20086 END
START 4596 -1192 1008 32767 -9250 -20654 END
START 3708 -2044 548 32767 -9941 -21049 END
START 2436 -2328 172 32767 -11233 -21240 END
START 1580 -2460 -1340 32767 -12478 -21378 END
START 1020 -2608 -2376 32767 -13817 -21459 END
START 632 -2012 -3904 32767 -14880 -21437 END
START 52 -1384 -4752 32767 -15747 -21302 END
START -56 -588 -5964 32767 -16515 -21153 END
START -140 -276 -7168 32767 -17059 -20910 END
START -224 220 -8200 32581 -17564 -20733 END
START -220 344 -9544 31689 -17898 -20550 END
START -288 676 -10580 30655 -18135 -20449 END
START -436 976 -11740 29514 -18202 -20290 END
START -300 1536 -12924 28264 -18134 -20211 END
START -476 1956 -14068 26794 -17921 -20176 END
START -580 2408 -14832 25251 -17496 -20138 END
START -668 2736 -15612 23577 -16931 -20064 END
START -1012 3284 -16340 21851 -16281 -19992 END
START -1212 3528 -16912 20055 -15428 -19853 END
START -1772 3872 -17520 18215 -14472 -19659 END
START -1864 3952 -17924 16413 -13335 -19428 END
START -2220 4000 -18552 14714 -12080 -19155 END
START -2520 4028 -18764 13040 -10727 -18844 END
START -2980 3972 -19456 11422 -9394 -18438 END
START -3448 4032 -19652 9795 -8234 -18049 END
START -3852 4164 -20184 8149 -7246 -17637 END
START -4240 4308 -20484 6335 -6343 -17158 END
START -4528 4612 -20876 4577 -5640 -16727 END
START -4788 4728 -21120 2748 -5112 -16276 END
START -5124 4768 -21088 852 -4716 -15876 END
START -5496 4704 -20656 -983 -4510 -15473 END
START -5888 4440 -20400 -2719 -4438 -15025 END
START -6480 4168 -19712 -4274 -4472 -14483 END
START -6904 3828 -19460 -5749 -4630 -13899 END
START -7348 3480 -19024 -6990 -4868 -13171 END
START -7896 3072 -18864 -8143 -5287 -12403 END
START -8204 2872 -18896 -9220 -5694 -11556 END
START -8348 2804 -18668 -10409 -6234 -10751 END
START -8420 2796 -18860 -11720 -6682 -9930 END
START -8404 2488 -18692 -13123 -7152 -9151 END
START -8308 2348 -18444 -14569 -7560 -8373 END
START -8264 1936 -18204 -15802 -7863 -7612 END
START -8516 1528 -18036 -17236 -8137 -6814 END
START -8204 1104 -17844 -18478 -8321 -6011 END
START -8204 784 -17640 -19715 -8248 -5170 END
START -7884 768 -17616 -20984 -8043 -4367 END
START -7668 528 -17492 -22274 -7667 -3595 END
START -7448 304 -17524 -23691 -7252 -2871 END
START -7424 28 -17204 -25057 -6896 -2102 END
START -7292 -324 -17028 -26487 -6407 -1334 END
START -7040 -768 -17124 -27913 -5922 -625 END
START -6816 -956 -16684 -29360 -5432 117 END
START -6764 -1304 -16240 -30734 -4996 811 END
START -6824 -1728 -15896 -32077 -4749 1570 END
START -6672 -2096 -15928 -32768 -4593 2340 END
START -6576 -2300 -15420 -32768 -4612 3132 END
START -6236 -2668 -15204 -32768 -4659 3887 END
START -5812 -2956 -14536 -32768 -4779 4602 END
START -5276 -3508 -14276 -32768 -4894 5300 END
START -4620 -3912 -13484 -32768 -4871 6020 END
START -3740 -4224 -12808 -32768 -4679 6623 END
START -2892 -4492 -11796 -32768 -4248 7113 END
START -2012 -4860 -10772 -32768 -3557 7486 END
START -1072 -5264 -9584 -32768 -2684 7783 END
START -148 -5736 -8268 -32768 -1547 7902 END
START 660 -6120 -6956 -32768 -258 7916 END
START 1000 -6460 -5544 -32768 991 7881 END
START 1264 -6624 -3956 -32768 2312 7784 END
START 1240 -6820 -2348 -32768 3540 7762 END
START 1188 -6940 -580 -32768 4605 7728 END
START 916 -6896 972 -32768 5489 7768 END
START 736 -7000 2388 -32768 6284 7845 END
START 836 -7148 3944 -32768 7071 7913 END
START 1056 -7224 5436 -32768 7838 7973 END
START 1296 -7296 7016 -32768 8579 7964 END
START 1292 -7480 8312 -32768 9275 7920 END
START 1400 -7668 9884 -32768 9910 7885 END
START 1140 -7952 11552 -32768 10399 7912 END
START 1048 -8296 13356 -32768 10903 7900 END
START 1116 -8376 15220 -32768 11358 7942 END
START 1356 -8484 17304 -32768 11901 7992 END
START 1808 -8800 19804 -32768 12400 7961 END
START 2492 -8952 22456 -32768 13203 7847 END
START 2980 -9292 25900 -32768 13522 7503 END
START 3908 -9664 28844 -32768 13571 7082 END
START 4316 -10200 32767 -32768 14116 6495 END
START 4672 -10768 32767 -32768 14381 5812 END
START 4788 -11380 32767 -32768 14373 4998 END
START 4564 -11972 32767 -32768 14188 4134 END
START 4096 -12372 32767 -32768 13725 3258 END
START 3272 -12560 32767 -32768 12769 2434 END
START 2272 -12464 32767 -32768 11401 1593 END
START 1568 -12280 32767 -32768 9907 822 END
START 856 -11856 32767 -32768 8355 216 END
START 32 -11744 32767 -32768 6720 -368 END
START -836 -11448 32767 -32768 5032 -826 END