START 20008 4884 21856 -5698 3211 11660 END
START 21808 696 27828 -3082 -1764 9075 END
START 25856 -244 32767 1010 -6292 4925 END
START 22244 -348 32767 4765 -6248 998 END
START 19892 -2532 32767 9878 -5087 -2481 END
START 15364 -4240 32767 15559 -4246 -4134 END
START 14720 -5300 32767 20618 -3104 -4008 END
START 14152 -6304 32767 25308 -2023 -4199 END
START 14416 -6676 32767 29629 -3121 -6082 END
START 11676 -7628 30852 32767 -5829 -9437 END
START 9184 -8204 24016 32767 -7817 -11623 END
START 7404 -8408 17224 32767 -8940 -13014 END
START 6080 -8116 10844 32767 -8531 -13926 END
START 4040 -7656 5800 32767 -7865 -14744 END
START 1816 -6920 1512 31422 -6996 -14740 END
START -892 -6240 -1296 28681 -6254 -14108 END
START -3312 -5164 -4352 26208 -6127 -12541 END
START -6304 -3564 -8144 23796 -6580 -10226 END
START -7152 -2028 -11816 20169 -6300 -7070 END
START -7196 -480 -16476 15155 -4263 -3486 END
START -7088 580 -19984 7878 -2506 -97 END
START -7956 1012 -21104 70 -1485 2612 END
START -8012 -32 -18016 -6075 -1819 5757 END
START -7556 -636 -16308 -10352 -3107 9063 END
START -5076 -964 -16376 -15311 -3211 11617 END
START -2084 -1804 -15568 -21365 -3101 13437 END
START 1344 -2140 -12484 -27906 -2665 14934 END
START 6708 -1984 -6516 -32768 -820 14903 END
START 8492 -1976 -1216 -32768 2253 14198 END
START 10248 -1680 8908 -32768 4624 13646 END
START 12952 -1008 20748 -32768 4275 12307 END
START 17548 -388 32716 -32768 3130 8357 END
START 17540 36 32767 -29113 3786 4270 END
START 16880 428 32767 -22507 2811 1194 END
START 18780 888 32767 -14281 2161 -1755 END
START 18752 1240 32767 -6485 2074 -4308 END
START 19364 1532 32767 780 2533 -5923 END
START 19684 2348 32767 7495 3939 -8328 END
START 18248 2708 32767 13089 3786 -11365 END
START 16400 1992 32767 18381 2743 -14479 END
START 13276 1336 31204 22225 1113 -16920 END
START 12000 980 24896 24904 549 -18616 END
START 10440 768 19012 26448 1097 -20478 END
START 7384 36 14280 27573 814 -22068 END
START 5144 -404 10348 28425 -619 -22987 END
START 1828 -1044 6252 29245 -2559 -23209 END
START -1464 -916 356 28758 -6581 -21844 END
START -2620 -72 -3592 26168 -11491 -19562 END
START -2836 544 -5580 23149 -14244 -17245 END
START -1564 756 -8820 19364 -12727 -14699 END
START 1128 1324 -12688 13365 -4240 -12165 END
START 1768 1008 -16716 5438 7982 -10321 END
START -1136 1064 -19236 -2495 14185 -8958 END
START -4304 632 -18924 -8492 12659 -8841 END
START -6400 532 -17748 -11888 4511 -8898 END
START -6104 -44 -16556 -14501 -3489 -8976 END
START -4860 -684 -16216 -17803 -6787 -8470 END
START -4340 -1696 -15960 -22702 -6407 -7968 END
START -4140 -3572 -15684 -28728 -3644 -7242 END
START -4288 -5588 -15964 -32768 156 -5743 END
START -4436 -8016 -13512 -32768 1828 -3779 END
START -4500 -10016 -8692 -32768 1003 -2536 END
START -4560 -13712 1772 -32768 -1638 -1574 END
START -1768 -16664 21720 -32768 2624 462 END
START -4596 -19352 32767 -32768 10420 506 END