START 14136 6404 -10960 13803 1669 -5085 END
START 1264 -104 -12856 9792 -2351 -4839 END
START 568 -964 -12312 5036 -2859 -3921 END
START -2128 -1188 -10876 981 -3875 -1820 END
START 1872 -936 -13292 -3430 -2290 -677 END
START 1272 -712 -14080 -9006 -68 -288 END
START -460 -1280 -12588 -15193 2038 -242 END
START -1812 -2624 -11348 -20819 3070 105 END
START -3488 -3896 -10012 -25563 1598 1290 END
START -5132 -5604 -7908 -30031 -703 3403 END
START -5728 -6500 -5516 -32768 -1191 6721 END
START -6008 -7428 1608 -32768 -1046 10134 END
START -1276 -6356 12912 -32768 -1610 12719 END
START 2660 -4612 27628 -32768 -4715 11808 END
START 9516 -2888 32767 -32768 -6564 10913 END
START 18052 -768 32767 -27993 -2906 8867 END
START 24548 2192 32767 -20382 4930 4983 END
START 21924 2300 32767 -12323 8433 371 END
START 18936 924 32767 -2336 5559 -3108 END
START 17136 -208 32767 8576 1830 -5447 END
START 14456 -956 32767 17127 -821 -7467 END
START 12740 -1952 32767 23867 -1927 -8866 END
START 11640 -2892 32767 27485 -1 -10036 END
START 9748 -4300 29024 29532 1576 -11594 END
START 6764 -6000 23064 32109 1006 -12705 END
START 5080 -6672 16664 32767 -1237 -13267 END
START 5196 -5916 9408 32767 -3512 -14129 END
START 6360 -5260 4516 31047 -5337 -15398 END
START 7064 -4380 52 27954 -5838 -17134 END
START 6600 -3920 -3484 23813 -4830 -19171 END
START 3944 -4260 -5196 19592 -4129 -20233 END
START 2032 -4340 -7196 16282 -5143 -20395 END
START 524 -4116 -9916 12327 -6184 -19778 END
START -536 -3808 -11604 7422 -7153 -18180 END
START -756 -3020 -12416 1869 -7116 -16359 END
START -1336 -2968 -12696 -3700 -5871 -14686 END
START -2188 -3160 -13640 -10123 -3571 -12582 END
START -4248 -3944 -14132 -17041 -2297 -9485 END
START -5852 -4760 -14416 -23667 -3176 -7497 END
START -5848 -5884 -13724 -30744 -4871 -5797 END
START -7092 -7972 -11488 -32768 -3069 -3816 END
START -10360 -9416 -6160 -32768 -1469 -915 END
START -12352 -9808 1200 -32768 -3587 4585 END
START -7724 -9356 12708 -32768 -3692 9980 END
START 976 -10424 32767 -32768 1607 11712 END
START 8756 -9600 32767 -32768 6799 6612 END
START 3040 -8532 32767 -27604 2929 -2841 END
START -6400 -9360 32767 -15010 -4965 -3960 END
START -5416 -7496 32767 -2249 -2518 2451 END
START 96 -4324 32767 8076 4618 7845 END
START 5148 -2876 32767 16110 6186 8678 END
START 9988 -2096 32767 23993 3002 5711 END
START 11644 -3132 32767 30190 3 314 END
START 9048 -5092 32767 32767 -2215 -3486 END
START 6988 -6672 26320 32767 -4025 -5215 END
START 6276 -6892 17516 32767 -5763 -6113 END
START 6604 -6824 10936 32767 -6932 -7012 END
START 8108 -5744 4936 32767 -7696 -8079 END
START 8896 -4344 580 32767 -7261 -10696 END
START 7888 -3488 -3380 30937 -6240 -13394 END
START 5964 -2796 -6888 26899 -6449 -15046 END
START 4916 -2156 -9656 22605 -8077 -15410 END
START 5364 -864 -10332 17948 -9711 -15992 END
START 4900 -616 -10492 14041 -10202 -17002 END
START 4744 -72 -11500 9757 -9530 -18077 END
START 4156 -76 -12376 4868 -7332 -19139 END
START 2724 -356 -13184 -459 -5416 -19416 END
START 1404 -600 -13276 -6172 -4812 -19200 END
START -68 -1412 -12372 -11295 -5180 -18762 END
START -300 -2240 -11672 -15794 -5223 -18249 END
START -236 -3060 -11548 -20420 -5657 -17756 END
START 864 -4016 -13036 -26118 -5061 -18115 END
START 972 -5768 -14772 -32768 -2395 -19188 END
START -2568 -9828 -13180 -32768 245 -19056 END
START -7336 -13312 -8544 -32768 -65 -17246 END
START -12776 -18828 612 -32768 -2259 -15380 END
START -21584 -25240 21436 -32768 -7833 -9524 END