START 16584 -2388 14412 -9179 3242 10616 END
START 17968 -7872 5564 -7851 4469 10421 END
START 22024 -12 11924 -10476 4096 9569 END
START 14196 -3196 20820 -9641 4372 9087 END
START 19244 -2596 15948 -10294 4244 8612 END
START 16416 -3088 20400 -10490 3814 8076 END
START 17700 -3128 20108 -10722 3999 7617 END
START 17092 -3236 22124 -10766 3883 7132 END
START 18300 -3276 22148 -10676 4170 6791 END
START 16856 -3700 25240 -10466 3897 6432 END
START 18540 -3456 24612 -10227 4016 6140 END
START 17208 -3612 27972 -9847 3707 5762 END
START 19168 -3480 27324 -9357 3886 5498 END
START 18204 -3556 30204 -8822 3630 5078 END
START 19696 -3424 30272 -8193 3668 4722 END
START 19364 -3412 32264 -7538 3318 4225 END
START 20000 -3196 32767 -6733 3145 3690 END
START 20504 -3248 32767 -5908 2737 3110 END
START 20444 -3196 32767 -5007 2531 2529 END
START 21056 -3000 32767 -4015 2244 1887 END
START 20516 -3028 32767 -3010 1896 1277 END
START 20980 -2908 32767 -1976 1556 707 END
START 20424 -2960 32767 -870 1107 190 END
START 20624 -2768 32767 212 746 -308 END
START 20032 -3020 32767 1338 245 -823 END
START 19880 -2960 32767 2569 -198 -1345 END
START 19976 -2852 32767 3884 -801 -1877 END
START 19528 -2860 32767 5254 -1363 -2427 END
START 19428 -2960 32767 6541 -1965 -3007 END
START 19296 -3120 32767 7829 -2534 -3529 END
START 19308 -3080 32767 8995 -3133 -4103 END
START 19184 -3060 32767 10034 -3732 -4682 END
START 19284 -2988 32767 11026 -4341 -5309 END
START 19080 -2972 32767 11818 -4820 -5921 END
START 19296 -3036 32767 12658 -5275 -6586 END
START 18972 -3172 32767 13403 -5683 -7291 END
START 18844 -3280 32767 14116 -6112 -8019 END
START 18544 -3440 32767 14873 -6569 -8715 END
START 18232 -3400 32767 15656 -7034 -9399 END
START 17696 -3612 32767 16410 -7673 -10063 END
START 17316 -3616 32767 17221 -8276 -10717 END
START 16760 -3660 32767 18087 -8918 -11320 END
START 16312 -3628 32568 18955 -9416 -11911 END
START 15968 -3884 31792 19908 -9871 -12506 END
START 15420 -3992 31348 20789 -10189 -13038 END
START 14816 -4104 30848 21746 -10441 -13541 END
START 14424 -4284 30012 22666 -10578 -14057 END
START 13936 -4356 29196 23601 -10552 -14442 END
START 13512 -4504 28252 24456 -10452 -14840 END
START 13040 -4624 27412 25300 -10227 -15130 END
START 12684 -4756 26308 26098 -9975 -15433 END
START 12484 -4852 25296 26785 -9672 -15740 END
START 12356 -4888 23780 27455 -9396 -16068 END
START 12288 -4928 22772 28073 -9120 -16485 END
START 12244 -5000 21740 28628 -8925 -16900 END
START 11928 -4960 20564 29137 -8854 -17369 END
START 11480 -4996 19692 29568 -8945 -17860 END
START 11140 -4876 18616 30006 -9219 -18298 END
START 10492 -4912 17524 30387 -9653 -18760 END
START 9780 -4648 16492 30621 -10200 -19121 END
START 9176 -4840 15480 30847 -10967 -19437 END
START 8684 -5056 14444 31043 -11734 -19718 END
START 8208 -4908 13372 31158 -12545 -19919 END
START 7504 -4796 12356 31310 -13465 -20091 END
START 6960 -4732 11488 31442 -14388 -20215 END
START 6556 -4540 10476 31584 -15359 -20358 END
START 6112 -4532 9816 31728 -16277 -20485 END
START 5948 -4464 8716 31811 -17095 -20587 END
START 5664 -4272 7560 31879 -17908 -20815 END
START 5596 -4332 6436 31857 -18549 -20950 END
START 5588 -4076 5144 31773 -19006 -21119 END
START 5644 -3992 3628 31576 -19268 -21322 END
START 5592 -3988 1816 31227 -19254 -21421 END
START 5244 -3780 332 30635 -19097 -21573 END
START 4952 -3552 -1136 29885 -18887 -21651 END
START 4372 -3200 -2216 28986 -18647 -21736 END
START 3916 -2940 -3352 27962 -18305 -21727 END
START 3108 -2768 -4912 26787 -17843 -21689 END
START 2740 -2412 -5828 25610 -17159 -21629 END
START 2188 -2212 -6708 24410 -16216 -21511 END
START 1804 -2056 -7704 23134 -14948 -21337 END
START 1284 -1896 -8580 21836 -13496 -21133 END
START 800 -1664 -9228 20450 -11866 -20845 END
START 164 -1456 -9808 19083 -10217 -20537 END
START -448 -1240 -10224 17596 -8644 -20125 END
START -1312 -1104 -10472 16055 -7104 -19626 END
START -2208 -1036 -10716 14672 -5775 -19081 END
START -2924 -984 -11100 13301 -4590 -18409 END
START -3748 -996 -11552 12086 -3598 -17629 END
START -4624 -820 -11928 10929 -2923 -16815 END
START -5108 -704 -12564 9722 -2469 -15974 END
START -5852 -604 -13016 8473 -2270 -15099 END
START -6364 -292 -13652 7103 -2265 -14134 END
START -6920 -120 -14488 5703 -2456 -13248 END
START -7448 -216 -15208 4315 -2848 -12281 END
START -7732 -248 -16064 2845 -3393 -11322 END
START -7980 36 -16528 1259 -4011 -10383 END
START -8144 244 -17268 -477 -4626 -9489 END
START -8276 440 -17408 -2219 -5118 -8644 END
START -8000 520 -17512 -4092 -5422 -7762 END
START -8104 504 -17388 -5945 -5627 -6923 END
START -8236 476 -16952 -7615 -5695 -6082 END
START -8208 180 -16632 -9219 -5589 -5194 END
START -8204 -92 -16136 -10686 -5353 -4237 END
START -8208 -32 -15872 -12043 -4839 -3331 END
START -8308 -188 -15604 -13347 -4256 -2430 END
START -8200 -292 -15304 -14623 -3622 -1567 END
START -7800 -248 -15180 -15905 -2880 -725 END
START -7988 -392 -14340 -17286 -2279 105 END
START -7756 -384 -13936 -18541 -1531 845 END
START -7700 -604 -13172 -19824 -716 1628 END
START -7648 -772 -12616 -21037 207 2318 END
START -7620 -640 -12276 -22135 1079 3087 END
START -7372 -956 -11656 -23219 2153 3793 END
START -7136 -1216 -11556 -24132 3293 4567 END
START -6968 -1592 -11236 -25005 4452 5338 END
START -6992 -1984 -11160 -25929 5480 6029 END
START -7068 -2092 -10748 -26913 6400 6777 END
START -6928 -2144 -10364 -27932 7079 7454 END
START -7052 -2412 -9832 -28975 7551 8151 END
START -7216 -2648 -9072 -29960 7821 8871 END
START -7724 -2736 -8032 -30848 7647 9632 END
START -7952 -2992 -7360 -31587 7204 10383 END
START -7836 -3216 -7020 -32149 6660 11239 END
START -7580 -3296 -6824 -32744 6169 12040 END
START -7140 -3416 -6624 -32768 5712 12973 END
START -6572 -3400 -6280 -32768 5345 13480 END
START -6076 -3384 -5992 -32768 5050 14246 END
START -5400 -3424 -5152 -32768 4868 14903 END
START -4584 -3644 -4148 -32768 4872 15569 END
START -3580 -3840 -2608 -32768 4975 16168 END
START -2456 -4068 -996 -32768 5338 16748 END
START -1492 -4160 680 -32768 5783 17251 END
START -592 -4536 2340 -32768 6381 17735 END
START 488 -4700 4048 -32768 7123 18187 END
START 1600 -4824 5588 -32768 7985 18526 END
START 2964 -4716 7364 -32768 9045 18766 END
START 4680 -4608 9280 -32768 10360 18958 END
START 5996 -4388 11540 -32768 11718 18969 END
START 7540 -4404 15244 -32768 12956 18879 END
START 8972 -4436 18088 -32768 14374 18702 END
START 10120 -4576 21520 -32768 15534 18495 END
START 11236 -4624 25132 -32768 16555 18109 END
START 12212 -4688 29032 -32768 17348 17745 END
START 13448 -4620 32767 -32768 17559 17283 END
START 14316 -4844 32767 -32768 18003 16748 END
START 15668 -4400 32767 -32768 17888 16132 END
START 17172 -4516 32767 -32768 17860 15485 END
START 18852 -4144 32767 -32768 17568 14672 END
START 20080 -3860 32767 -32768 16924 13676 END
START 22372 -3612 32767 -32768 16168 12600 END
START 23868 -3340 32767 -31627 15173 11082 END
START 25524 -2936 32767 -29001 14134 9508 END
START 27452 -2532 32767 -26341 12732 7682 END
START 28372 -2608 32767 -23557 11863 5777 END
START 29544 -2352 32767 -20684 10376 3687 END
START 29488 -2180 32767 -17693 8907 1611 END
START 29680 -1912 32767 -14667 7360 -453 END
START 29004 -1752 32767 -11996 5746 -2413 END
START 28476 -1496 32767 -9164 4279 -4265 END
START 27376 -1420 32767 -6353 2974 -5936 END
START 26052 -1400 32767 -3547 1819 -7461 END
START 24808 -1496 32767 -881 914 -8627 END
START 24068 -1604 32767 1553 223 -9551 END
START 22928 -1728 32767 4083 -308 -10320 END
START 21844 -1852 32767 6432 -562 -10952 END
START 20668 -1968 32767 8718 -613 -11442 END
START 19800 -1856 32767 10756 -500 -11831 END
START 18912 -1892 32767 12645 -327 -12121 END
START 18084 -1984 32767 14422 -131 -12330 END
START 17672 -1936 32767 16109 173 -12510 END
START 17592 -1952 32767 17716 542 -12623 END
START 17348 -2112 32767 19296 849 -12741 END
START 17688 -2132 32767 20903 1283 -12931 END
START 17832 -2416 32767 22520 1626 -13229 END
START 18136 -2704 32767 24188 1932 -13678 END
START 18292 -2908 32767 25830 2128 -14222 END
START 18288 -3064 32767 27373 2153 -14834 END
START 18164 -3368 32767 28866 2020 -15544 END
START 18004 -3608 32767 30302 1819 -16291 END
START 17924 -3872 32767 31551 1422 -17051 END
START 17436 -3944 32767 32713 928 -17926 END
START 16836 -4076 32444 32767 97 -18859 END
START 16020 -4272 30272 32767 -871 -19839 END
START 15184 -4400 28360 32767 -2030 -20833 END
START 14040 -4152 26500 32767 -3498 -21820 END
START 13132 -4680 24424 32767 -4990 -22636 END
START 12408 -5240 22432 32767 -6538 -23493 END
START 11592 -5528 20348 32767 -8074 -24298 END
START 10900 -5688 18344 32767 -9538 -25042 END
START 10024 -5688 16596 32767 -11061 -25654 END
START 9228 -5672 14768 32767 -12470 -26272 END
START 8800 -5632 13072 32767 -13752 -26797 END
START 7712 -5688 10728 32767 -15020 -27329 END
START 6856 -5768 9152 32767 -16208 -27823 END
START 6052 -5752 7672 32767 -17368 -28262 END
START 5220 -5608 6096 32767 -18341 -28562 END
START 4156 -5400 4632 32767 -19190 -28818 END
START 3332 -5220 3280 32767 -19633 -28897 END
START 2780 -4964 1308 32767 -19786 -28923 END
START 2312 -4800 -600 32767 -19442 -28829 END
START 1768 -4568 -2816 32767 -18667 -28677 END
START 1208 -4080 -4760 32767 -17658 -28429 END
START 476 -3780 -6392 32767 -16434 -28099 END
START -136 -3408 -8104 32767 -15134 -27712 END
START -1016 -2964 -9720 31709 -13859 -27263 END
START -1824 -2664 -11228 29959 -12539 -26668 END
START -3104 -2156 -12624 28146 -11312 -26014 END
START -4040 -1464 -13620 26196 -10202 -25249 END
START -4972 -1012 -14804 24100 -9266 -24396 END
START -5484 -592 -15840 21931 -8471 -23463 END
START -6068 -284 -16992 19877 -7671 -22470 END
START -6456 112 -18244 17810 -6871 -21578 END
START -6916 372 -18848 15608 -6068 -20549 END
START -7188 696 -19852 13411 -5490 -19580 END
START -7644 972 -20400 11125 -5032 -18588 END
START -8144 1272 -20728 8775 -4727 -17615 END
START -8504 1452 -21080 6251 -4501 -16557 END
START -8832 1660 -21188 3849 -4373 -15586 END
START -9228 1588 -21048 1480 -4265 -14573 END
START -9712 1600 -20412 -864 -4302 -13482 END
START -10292 1448 -19540 -2930 -4523 -12430 END
START -10620 1456 -18796 -4845 -4803 -11287 END
START -10968 1228 -17960 -6418 -5175 -10158 END
START -11256 1176 -16908 -7861 -5598 -9006 END
START -11248 812 -16504 -9099 -6009 -7899 END
START -11408 812 -16096 -10271 -6393 -6773 END
START -11368 704 -15764 -11356 -6762 -5730 END
START -11672 840 -15180 -12507 -7115 -4680 END
START -11620 828 -14788 -13561 -7546 -3541 END
START -11324 444 -14408 -14531 -7712 -2458 END
START -10756 556 -14344 -15415 -7756 -1432 END
START -10088 388 -14340 -16549 -7397 -290 END
START -9676 268 -13260 -17530 -7239 642 END
START -9448 -96 -13280 -18422 -7081 1538 END
START -9052 -336 -12948 -19274 -6994 2498 END
START -8344 -404 -12996 -20037 -7006 3457 END
START -7488 -552 -12908 -20899 -7067 4299 END
START -5904 -840 -13244 -21886 -7033 4990 END
START -4572 -944 -13268 -22976 -6843 5475 END
START -3336 -1132 -13200 -24145 -6599 5743 END
START -2512 -1524 -13120 -25305 -6212 5956 END
START -1804 -1820 -13036 -26538 -5764 6126 END
START -1216 -2252 -12740 -27654 -5171 6263 END
START -528 -2508 -12588 -28747 -4480 6390 END
START -492 -2772 -12168 -29854 -3703 6485 END
START -388 -3012 -11776 -30998 -2999 6607 END
START -656 -3400 -11320 -31978 -2521 6758 END
START -788 -3628 -10732 -32768 -2200 6894 END
START -1196 -3860 -10360 -32768 -2106 7087 END
START -1348 -4204 -10028 -32768 -2146 7344 END
START -1460 -4412 -9488 -32768 -2213 7573 END
START -1404 -4520 -9240 -32768 -2198 7830 END
START -1208 -4780 -8812 -32768 -2078 8083 END
START -1088 -5020 -8004 -32768 -1792 8329 END
START -888 -5128 -7216 -32768 -1230 8561 END
START -520 -5560 -6260 -32768 -440 8843 END
START -436 -5752 -4972 -32768 461 9069 END
START -380 -5900 -3764 -32768 1531 9349 END
START -524 -6244 -2400 -32768 2544 9589 END
START -704 -6408 -1032 -32768 3717 9922 END
START -972 -6700 380 -32768 4887 10325 END
START -924 -7024 1804 -32768 5936 10717 END
START -1172 -7396 2960 -32768 7076 11181 END
START -1184 -7792 4432 -32768 8159 11715 END
START -984 -8084 6128 -32768 9325 12265 END
START -456 -8504 8068 -32768 10538 12911 END
START 20 -9056 10232 -32768 11904 13159 END
START 388 -9632 13456 -32768 13319 13650 END
START 1340 -10284 16072 -32768 14335 13970 END
START 2288 -10800 19684 -32768 15776 14168 END
START 3016 -11376 23576 -32768 17050 14151 END
START 4528 -11888 27584 -32768 18269 13895 END
START 5680 -12352 31556 -32768 19157 13475 END
START 6752 -12744 32767 -32768 19655 12898 END
START 7484 -13140 32767 -32768 19881 12019 END
START 7744 -13280 32767 -32768 19385 10987 END
START 8004 -13084 32767 -32768 18276 9897 END
START 8284 -12680 32767 -32768 16585 8717 END