START 11048 4908 2616 -8084 6835 16601 END
START 21116 2016 4824 -10602 -313 14141 END
START 17524 -1024 23796 -8627 -11335 12816 END
START 31132 -676 32767 -2758 -14388 10694 END
START 32767 272 32767 2007 -4776 2411 END
START 30996 -2156 32767 6123 2892 -2239 END
START 25384 -4208 32767 12899 2761 -4223 END
START 24568 -4964 32767 20586 -584 -6725 END
START 23816 -5492 32767 26164 -1945 -11111 END
START 19652 -7508 32767 30398 -2542 -16424 END
START 14820 -10024 26488 32767 -3171 -20776 END
START 10312 -12084 17880 32767 -3055 -23623 END
START 4636 -13564 10176 32767 -2828 -24071 END
START -156 -13488 2720 32767 -3606 -22291 END
START -4084 -12704 -2428 31695 -5650 -19893 END
START -5784 -10372 -9084 27176 -8154 -16376 END
START -4508 -7636 -14004 19447 -8821 -12988 END
START -3532 -5432 -18452 9813 -4229 -9081 END
START -3240 -4244 -17672 -62 2223 -5168 END
START -3772 -3720 -14396 -4966 8019 -1936 END
START -3324 -2384 -15892 -7638 9679 -169 END
START -2972 -984 -17992 -10313 6536 -5 END
START -2436 -132 -21000 -14432 2337 -470 END
START -1184 280 -20348 -19942 -1166 -1549 END
START -1128 -972 -18204 -25629 -1742 -1437 END
START -2388 -2280 -15440 -31370 422 529 END
START -2120 -3004 -12308 -32768 2713 2907 END
START 256 -3600 -5140 -32768 3571 4587 END
START 4828 -3436 8196 -32768 5104 4794 END
START 10620 -3276 27016 -32768 9014 2617 END
START 14656 -3680 32767 -32768 13847 -2354 END
START 10912 -5976 32767 -32768 9440 -9588 END
START 7068 -6548 32767 -22108 -3563 -12906 END
START 9028 -5880 32767 -9671 -7512 -13141 END
START 10192 -4544 32767 605 -1097 -11196 END
START 8788 -3416 32767 9950 3608 -9087 END
START 11344 -1972 32767 18176 4695 -9241 END
START 11636 -1752 32767 24748 3073 -11716 END
START 10784 -3116 32767 30147 -63 -15340 END
START 8476 -5132 32724 32767 -2573 -18684 END
START 4944 -6904 22308 32767 -3596 -20649 END
START 1804 -7808 13764 32767 -3173 -20802 END
START -1116 -8000 6192 32767 -2181 -19972 END
START -4368 -7512 -320 32767 -2713 -18223 END
START -6588 -6744 -5108 30324 -5239 -15721 END
START -7340 -5444 -6972 26681 -8610 -13132 END
START -6756 -4488 -9688 23458 -10951 -11076 END
START -5596 -3604 -12564 18848 -10470 -8983 END
START -4284 -2652 -15392 13025 -7929 -6836 END
START -3112 -1804 -16144 7261 -5371 -5178 END
START -2476 -996 -17344 2226 -3669 -4154 END
START -2112 -404 -17700 -3063 -3521 -3435 END
START -1812 -424 -17068 -7852 -3973 -3436 END
START -800 -540 -17440 -12725 -2937 -3407 END
START -288 -1264 -17424 -18093 -1516 -3869 END
START 392 -2248 -17208 -23325 -1004 -4689 END
START 1156 -3380 -17312 -28090 -1420 -6309 END
START 1028 -5520 -17268 -32768 -2245 -7821 END
START 1016 -8420 -17556 -32768 -2450 -8889 END
START 180 -12256 -16400 -32768 -441 -9604 END
START -2848 -16316 -12968 -32768 737 -8640 END
START -4744 -20268 -6236 -32768 1722 -5786 END
START -6300 -26192 12028 -32768 3155 -2403 END
START -4560 -31736 32767 -32768 4177 -1258 END
START -2992 -31200 32767 -32768 1065 -4451 END
START -6940 -28592 32767 -30270 -6729 -10057 END