START 1684 6440 -16004 9642 2973 7685 END
START 7612 -540 -20988 4339 -4115 10221 END
START 1900 240 -16956 -5122 -5481 12925 END
START 1720 12 -9404 -12911 -541 11952 END
START -2272 -912 -5744 -16938 7961 10250 END
START -6452 -1756 -7808 -20931 12885 11358 END
START -3228 -3032 -11824 -26776 14243 11803 END
START -4040 -4844 -10704 -32768 12322 11829 END
START -5580 -5276 -2392 -32768 7060 12410 END
START -2516 -5084 5760 -32768 3402 12714 END
START 3704 -4528 13660 -32768 5567 12739 END
START 10228 -3020 27984 -32768 12723 10948 END
START 13088 -292 32767 -32768 18830 6050 END
START 11216 -1320 32767 -32380 16321 670 END
START 8952 -2136 32767 -23683 7340 -3056 END
START 8916 -1672 32767 -12554 1241 -5004 END
START 10172 -1700 32767 -1693 155 -5070 END
START 12772 -232 32767 8654 2713 -5344 END
START 12564 -1508 32767 17061 4822 -7151 END
START 9968 -2680 32767 24134 4177 -8564 END
START 8664 -5460 32767 29987 986 -10490 END
START 7756 -6916 32767 32767 -2199 -12565 END
START 6220 -8092 26864 32767 -5097 -14838 END
START 6360 -7868 18200 32767 -6603 -16752 END
START 4308 -8248 11792 32767 -6018 -19662 END
START 2868 -7456 5860 32767 -4342 -21194 END
START 412 -6768 -952 32767 -3183 -22120 END
START -1168 -6152 -5108 31963 -4177 -22715 END
START -3888 -5668 -8720 27929 -6972 -23026 END
START -7580 -4836 -13480 23648 -12784 -21015 END
START -8212 -3136 -18112 16536 -21066 -17863 END
START -6276 -1872 -19888 7339 -26192 -14742 END
START -2608 -1608 -17600 -1302 -24390 -13419 END
START -3872 -2760 -17616 -8934 -16439 -12922 END
START -8876 -5052 -20228 -17737 -10621 -10222 END
START -14132 -7608 -19800 -26819 -13202 -3994 END
START -13392 -9880 -17280 -32768 -19725 3709 END
START -6904 -12136 -15136 -32768 -19167 9148 END
START 472 -13688 -12788 -32768 -4474 10938 END
START 1148 -15136 -1780 -32768 15423 8597 END
START -6268 -16916 27548 -32768 15522 5472 END
START -232 -15588 32767 -32768 2121 -1184 END
START -1356 -11660 32767 -32768 -5430 -10430 END
START -10392 -9644 32767 -17287 -2478 -8155 END
START -2696 -5124 32767 -1399 7344 1260 END
START 6936 60 32767 11764 14812 3060 END
START 11588 1104 32767 23028 13205 -167 END
START 14080 -344 32767 32556 7694 -6677 END
START 11436 -3784 32767 32767 2124 -13299 END
START 6680 -7460 27920 32767 -2526 -17063 END
START 4416 -10380 18132 32767 -5927 -18566 END
START 4680 -13464 10504 32767 -9129 -20172 END
START 6192 -15020 4320 32767 -11714 -23433 END
START 5092 -13684 -1584 32767 -13551 -25495 END
START 4048 -11764 -5748 32767 -14735 -26576 END
START 3488 -9916 -8464 32767 -15434 -28286 END
START 1156 -8660 -10120 28139 -14939 -29965 END
START -2256 -8372 -11660 23199 -14760 -30623 END
START -4904 -7272 -14516 17986 -15269 -28972 END
START -5964 -5652 -18456 10971 -17785 -26753 END
START -7628 -4796 -22772 3493 -25022 -23119 END
START -6592 -3540 -26160 -8056 -31395 -17474 END
START -2104 -3240 -26428 -22521 -30775 -12782 END
START -340 -5836 -24956 -32768 -23082 -9875 END
START -1152 -9632 -22640 -32768 -18314 -7098 END
START -1524 -14692 -21216 -32768 -13029 -4456 END
START -3476 -23704 -15440 -32768 -3160 -909 END
START -5128 -32768 3428 -32768 13497 1687 END