START 16684 7132 8384 -5317 -4243 15063 END
START 12192 644 17136 -5440 -7571 13576 END
START 14204 588 26624 -4103 -5441 12518 END
START 11136 -844 32767 -2365 -1278 11376 END
START 8372 -2800 32767 3311 -3697 10746 END
START 9940 -3800 32767 10861 -8925 10043 END
START 14876 -3932 32767 18794 -10406 7933 END
START 16048 -4220 32767 25177 -9171 5131 END
START 16884 -4216 32767 30540 -7354 1725 END
START 16708 -4768 28016 32767 -5638 -2529 END
START 14772 -5076 19800 32767 -4819 -6504 END
START 13048 -5036 12460 32767 -5295 -10104 END
START 11040 -4444 6312 32767 -6817 -13452 END
START 9796 -3992 44 32767 -7903 -16215 END
START 9148 -3796 -4552 30375 -8984 -18191 END
START 7688 -3404 -7888 25214 -8355 -19523 END
START 5608 -3368 -11496 18763 -5470 -19566 END
START 2752 -3936 -13472 11719 -2487 -18051 END
START 732 -4224 -14552 5096 -327 -14934 END
START 508 -4088 -15176 -643 1378 -12650 END
START -740 -4236 -16612 -6054 1844 -11643 END
START -2484 -4904 -17216 -11570 678 -10799 END
START -4596 -5380 -18152 -16449 -1942 -9025 END
START -5028 -5496 -19056 -23017 -2890 -7744 END
START -7732 -7352 -17692 -30815 -1101 -5685 END
START -10680 -8004 -14728 -32768 -1517 -1670 END
START -11672 -7808 -12272 -32768 -2701 3976 END
START -8364 -7664 -3864 -32768 -917 8836 END
START -1708 -8388 19088 -32768 4866 10993 END
START 3036 -7412 32767 -32768 13658 8502 END
START -976 -5820 32767 -32768 14590 2140 END
START -8496 -5132 32767 -28500 7808 -18 END
START -10216 -3564 32767 -14910 817 2874 END
START -5412 -1768 32767 -2007 -1131 7376 END
START 2896 -180 32767 7908 1816 8705 END
START 9384 968 32767 16348 5756 6754 END
START 10076 892 32767 23465 8171 3072 END
START 7836 -536 32767 29420 6326 529 END
START 7736 -1424 32767 32767 2881 -1572 END
START 6960 -1928 25988 32767 -507 -3993 END
START 5992 -2576 18724 32767 -4380 -6078 END
START 5316 -2528 11148 32767 -8230 -8214 END
START 5936 -1632 4896 32767 -9161 -10168 END
START 6220 -748 -904 32767 -7518 -12332 END
START 5260 -240 -5932 31863 -6129 -13708 END
START 3636 -388 -8084 25929 -6729 -14232 END
START 2248 -860 -9484 21248 -9284 -14361 END
START 1952 -1092 -10364 17247 -12654 -14618 END
START 2300 -1392 -11908 12630 -12987 -15133 END
START 1124 -1728 -13328 7106 -10835 -14520 END
START 1388 -1244 -14560 564 -7465 -13296 END
START 744 -1172 -16368 -6249 -5928 -11990 END
START 1764 -1100 -16200 -13003 -8749 -11062 END
START 5720 -1068 -15088 -19195 -10680 -12724 END
START 8292 -2356 -13108 -25260 -10103 -15877 END
START 8316 -3696 -12052 -30637 -7054 -19306 END
START 5416 -5968 -14252 -32768 -4174 -21682 END
START 948 -9180 -11476 -32768 -2669 -22120 END
START -6696 -11008 -7096 -32768 -3227 -21190 END
START -11968 -14072 1408 -32768 -4560 -17184 END
START -14080 -18416 19476 -32768 4117 -9728 END
START -16528 -23008 32767 -32768 23294 -4972 END