START 17192 6368 -17628 -9575 5325 3580 END
START 5532 -2072 -17692 -13997 -608 4941 END
START 4632 -3588 -12748 -19268 980 5562 END
START 4960 -4440 -10540 -24657 3842 4897 END
START 2444 -5484 -7180 -29122 3918 4093 END
START -472 -7508 -1220 -32305 -1134 4524 END
START 428 -7952 8984 -32768 -6449 6924 END
START 6396 -8256 25580 -32768 -4830 8429 END
START 8952 -6496 32767 -32768 744 7953 END
START 11212 -5352 32767 -27115 5204 5182 END
START 8908 -4660 32767 -19201 5120 2453 END
START 7692 -4240 32767 -11590 1565 2636 END
START 10096 -2960 32767 -2818 532 3150 END
START 12848 -2340 32767 6175 1382 2454 END
START 14420 -1908 32767 13831 2678 328 END
START 13616 -2196 32767 19504 3271 -2598 END
START 11324 -3152 32767 23725 2150 -5549 END
START 8932 -3872 28128 26787 -379 -8277 END
START 7272 -4532 21316 28342 -3328 -10107 END
START 7116 -4244 15176 29308 -5164 -11990 END
START 6180 -3880 9828 29210 -5262 -14172 END
START 4908 -3560 4204 27709 -5237 -15833 END
START 3512 -3644 -252 25327 -5382 -16885 END
START 3472 -2768 -3560 21843 -4309 -17606 END
START 2716 -2572 -5524 18012 -2580 -18469 END
START 532 -3080 -8204 14330 -1729 -18036 END
START -952 -2432 -11948 9563 -2821 -16474 END
START -1804 -1836 -13988 3166 -3353 -14769 END
START -2932 -1424 -14944 -3637 -4306 -12948 END
START -3144 -1556 -14240 -10350 -4224 -10970 END
START -3572 -2140 -14400 -16747 -3750 -8926 END
START -3800 -3716 -13900 -23712 -2582 -6914 END
START -5660 -5820 -12924 -30959 -1238 -4648 END
START -7428 -7436 -7648 -32768 -1299 -1656 END
START -7144 -9520 768 -32768 494 2446 END
START -2792 -10664 16676 -32768 5204 5536 END
START 6164 -10052 32767 -32768 13587 1983 END
START 224 -9304 32767 -31034 15428 -7571 END
START -12552 -10152 32767 -19206 6860 -11808 END
START -17784 -9036 32767 -7088 -1356 -7484 END
START -12892 -6808 32767 4086 -111 476 END
START -4980 -4544 32767 11629 2694 4745 END
START 2008 -2596 32767 18288 2524 5002 END
START 6024 -1816 32767 23423 586 1655 END
START 6092 -2168 32767 27879 -2627 -1998 END
START 6256 -2356 28212 31597 -6004 -5062 END
START 6728 -2128 21792 32767 -7284 -7814 END
START 7148 -1688 14672 32767 -6246 -10012 END
START 7004 -1608 8988 32767 -4220 -11597 END
START 7196 -1868 4092 30952 -2610 -12889 END
START 8036 -3084 212 28731 -2421 -14645 END
START 7440 -4204 -4416 26549 -4198 -16544 END
START 6300 -4436 -9180 23851 -8878 -17970 END
START 5464 -2988 -14936 18827 -12682 -18889 END
START 5192 -1440 -17528 10540 -12568 -19962 END
START 2976 -1076 -18204 2711 -10824 -19836 END
START 2740 -428 -19396 -6171 -9081 -19537 END
START 1452 -1296 -18420 -14553 -7030 -19522 END
START -480 -2232 -17220 -22314 -6092 -19331 END
START -1536 -3288 -16080 -30164 -6525 -19800 END
START -3804 -5724 -13156 -32768 -5811 -20640 END
START -8404 -10312 -9444 -32768 -3729 -20796 END
START -19616 -17772 2312 -32768 -5399 -16578 END
START -26992 -25120 27200 -32768 -7892 -6658 END