START 15420 6388 1584 -11641 889 20307 END
START 17196 -1624 6612 -13788 -1857 19996 END
START 18356 -1792 18928 -14627 -2145 17600 END
START 22028 -192 31172 -12702 -1393 12986 END
START 25008 -1248 32767 -9655 -40 5616 END
START 25456 -4360 32767 -5710 2378 -1542 END
START 20824 -7988 32767 919 3629 -5565 END
START 16648 -9668 32767 9620 1698 -6345 END
START 15644 -10072 32767 17931 -3388 -6917 END
START 17356 -10008 32767 25137 -7500 -10182 END
START 16032 -9596 30948 29833 -7535 -14294 END
START 12288 -10024 22608 31942 -5691 -17029 END
START 8932 -8984 14608 31518 -2936 -18304 END
START 4860 -8412 9936 30123 -1223 -19055 END
START 1132 -7568 5924 28585 -1723 -18714 END
START -396 -6412 3968 26274 -3480 -17980 END
START -2028 -5244 3312 24685 -4782 -17615 END
START -3780 -5080 1500 23562 -6258 -16792 END
START -6444 -4756 -2024 21629 -10248 -14404 END
START -6232 -4628 -4260 19138 -15225 -11502 END
START -5860 -3908 -6592 16222 -18838 -9144 END
START -5848 -3184 -9500 12287 -20725 -7125 END
START -5660 -1772 -11652 6579 -20736 -5020 END
START -4948 152 -13164 -26 -16831 -2704 END
START -3720 2256 -14456 -7746 -8559 -471 END
START -3476 3452 -14568 -16913 4666 2554 END
START -4536 3720 -13260 -25101 14073 5266 END
START -2188 3784 -8724 -30814 15348 7270 END
START 3472 4164 -3932 -32768 13092 5592 END
START 8288 4592 2528 -32768 9771 74 END
START 6744 1932 9240 -32768 4086 -4443 END
START 4048 -1228 20100 -32768 -6278 -5527 END
START 5864 -4956 32767 -31404 -15935 -3822 END
START 12252 -6820 32767 -23496 -18494 -2450 END
START 19044 -5572 32767 -12648 -18084 -4088 END
START 24668 -2656 32767 -5355 -11909 -7993 END
START 24352 -732 32767 1183 -4976 -11844 END
START 20264 508 32767 9039 1617 -13948 END
START 17292 1436 32767 15500 5085 -15185 END
START 13360 348 32767 20698 5547 -16763 END
START 10400 -912 32767 25306 3220 -18153 END
START 8144 -1756 30200 29763 440 -19642 END
START 6068 -2928 18768 32478 -691 -20560 END
START 3504 -1968 10488 31005 -3510 -20074 END
START 2024 -1676 6628 30447 -4449 -20049 END
START -28 -1080 1264 29581 -5188 -19560 END
START -884 -336 -3248 27709 -6199 -19111 END
START -1992 -216 -5672 25492 -5735 -19187 END
START -3904 -620 -9504 23470 -5773 -18108 END
START -4664 212 -15240 18558 -8561 -15899 END
START -5012 740 -15948 12340 -11083 -14207 END
START -5032 676 -14928 6951 -10119 -11969 END
START -5088 360 -14532 1787 -7169 -9246 END
START -4488 152 -13732 -2730 -4492 -7158 END
START -3576 -368 -14944 -7180 -624 -5607 END
START -4700 -928 -18700 -14389 -49 -3795 END
START -4020 -1828 -16412 -21663 -2188 -2883 END
START -4260 -3408 -13620 -26442 -2914 -1620 END
START -2516 -4304 -13428 -30751 -3101 -533 END
START -1160 -5660 -14200 -32768 -1088 -233 END
START -404 -8072 -15840 -32768 1420 -420 END
START -2748 -11380 -15876 -32768 4893 693 END
START -8780 -16152 -8548 -32768 6064 5711 END
START -7292 -20532 5640 -32768 6154 11017 END