START 15128 7160 -8832 2467 2557 128 END
START -500 916 -10768 -1710 -4162 599 END
START -2152 -1432 -9176 -6773 -3448 1503 END
START -2528 -1204 -7828 -12584 2074 3282 END
START -2552 -2004 -7872 -17589 8889 2686 END
START -5620 -3156 -8656 -22102 12030 2493 END
START -7080 -4960 -9008 -26170 10821 3004 END
START -7180 -6976 -10964 -30733 8097 5327 END
START -6132 -8916 -8552 -32768 5682 6984 END
START -3376 -10988 -2524 -32768 5767 7582 END
START -1584 -12252 3588 -32768 9085 7918 END
START -1892 -12660 8064 -32768 11434 9095 END
START -1612 -11940 17556 -32768 10300 10766 END
START 2772 -9688 30268 -32768 10230 11477 END
START 7284 -7024 32767 -32768 14230 9494 END
START 6980 -5352 32767 -32768 14845 5320 END
START 4440 -5892 32767 -24732 7350 2474 END
START 3660 -5280 32767 -14034 -1888 2658 END
START 7620 -4204 32767 -2055 -5321 4860 END
START 14012 -3164 32767 9312 -4270 6016 END
START 18416 -1972 32767 19289 -3708 3868 END
START 19316 -2640 32767 27680 -5703 -309 END
START 18964 -4472 32767 32767 -7624 -5164 END
START 16116 -6968 32767 32767 -7465 -9617 END
START 11780 -8728 27712 32767 -6786 -12810 END
START 9000 -10240 20692 32767 -6808 -15032 END
START 8204 -10180 13724 32767 -6131 -17034 END
START 6808 -10068 7040 32767 -4890 -19659 END
START 4884 -9548 1768 32767 -4244 -21830 END
START 2528 -8780 -2012 32767 -4565 -22853 END
START 876 -7876 -5804 31195 -6493 -23361 END
START -516 -7056 -8824 27354 -10175 -23154 END
START -2744 -6392 -11012 22819 -15397 -21811 END
START -3324 -5252 -11796 17666 -20803 -19978 END
START -2588 -4168 -11740 12228 -22109 -18393 END
START -2288 -3756 -13452 5661 -18448 -16519 END
START -3380 -3508 -16604 -3437 -12644 -13081 END
START -4400 -3732 -19824 -14754 -5684 -9159 END
START -5540 -4492 -20644 -26415 -1703 -6382 END
START -7376 -7148 -19640 -32768 -385 -3492 END
START -7748 -9488 -16652 -32768 -124 -468 END
START -6728 -11100 -13280 -32768 2596 1486 END
START -9544 -12024 -4096 -32768 3996 4227 END
START -7112 -11684 12072 -32768 4619 5707 END
START -7736 -12380 31756 -32768 5274 6745 END
START -9012 -14308 32767 -32768 503 5888 END
START -9740 -14136 32767 -30853 -9364 4916 END
START -4476 -10060 32767 -13366 -10562 5279 END
START -1176 -4848 32767 -1393 -2654 7264 END
START 4472 -888 32767 7237 3992 9903 END
START 10664 1356 32767 15240 7245 9043 END
START 12976 1264 32767 22793 5001 5263 END
START 13720 -64 32767 29932 1686 186 END
START 9792 -2432 32767 32767 -1923 -3976 END
START 6388 -4000 25372 32767 -6933 -5668 END
START 6184 -4124 16964 32767 -10402 -6269 END
START 6636 -3728 10408 32767 -9113 -6813 END
START 6980 -3156 6524 32767 -6186 -7202 END
START 6460 -2544 3732 32767 -3744 -9013 END
START 4880 -2412 776 32609 -3436 -10698 END
START 3140 -2088 -3704 31108 -5429 -12359 END
START 1204 -1512 -8540 27462 -9778 -13288 END
START 160 -1408 -10256 22773 -15229 -13920 END
START 516 -904 -10832 17813 -19232 -14084 END
START 952 -984 -10320 13008 -19552 -14403 END
START 912 -980 -10096 8357 -16724 -14187 END
START 1532 -936 -10488 2859 -10614 -13820 END
START 1964 -1068 -11536 -2963 -4348 -13388 END
START 552 -1188 -12884 -9495 -1906 -13375 END
START 160 -2044 -12448 -15033 -3271 -13124 END
START 1900 -2156 -12636 -19803 -5647 -13699 END
START 3532 -3244 -14588 -25649 -7357 -15455 END
START 5244 -5036 -14548 -32768 -6511 -17696 END
START 4496 -8500 -12932 -32768 -214 -19369 END
START 3076 -12568 -14516 -32768 5165 -19916 END
START 360 -17288 -13376 -32768 9742 -20781 END
START -4004 -22932 -9208 -32768 13958 -22581 END
START -15148 -30308 748 -32768 12018 -22427 END
START -26116 -32768 23800 -32768 7175 -16467 END
START -32768 -32768 32767 -32768 4364 -4207 END