START 13520 -2928 27268 -11276 1594 5840 END
START 16584 -9548 14656 -9387 4196 5728 END
START 20108 -1008 22240 -11360 3996 5255 END
START 10268 -3228 32767 -10203 4885 4944 END
START 16972 -2668 28032 -10126 5188 4567 END
START 13652 -3140 32656 -9779 5237 3965 END
START 15332 -2956 31140 -9481 5833 3374 END
START 14408 -3384 32767 -9015 5634 2711 END
START 15244 -3432 32692 -8503 5622 2193 END
START 13248 -3720 32767 -8068 4700 1609 END
START 15136 -3592 32767 -7521 4344 1117 END
START 13672 -3992 32767 -7032 3430 583 END
START 13984 -4012 32767 -6523 3078 37 END
START 15616 -4216 32767 -6061 2378 -548 END
START 14636 -4492 32767 -5562 1858 -1155 END
START 15372 -4448 32767 -5012 1454 -1721 END
START 15156 -4300 32767 -4307 1255 -2303 END
START 15300 -4200 32767 -3439 1266 -2822 END
START 14936 -4308 32767 -2294 1272 -3405 END
START 14760 -4532 32767 -1037 1327 -3933 END
START 13888 -5188 32767 376 1166 -4466 END
START 13488 -5432 32767 2126 1196 -4838 END
START 12908 -5600 32767 3914 1251 -5136 END
START 11996 -5700 32767 5798 1142 -5343 END
START 11216 -5760 32767 7751 820 -5478 END
START 10476 -5888 32767 9628 400 -5528 END
START 10160 -5892 32767 11387 -155 -5554 END
START 9572 -6108 32767 13302 -824 -5528 END
START 9260 -6220 32767 15016 -1419 -5458 END
START 9276 -6500 32767 16757 -1969 -5387 END
START 9324 -6572 32767 18388 -2508 -5281 END
START 9552 -6636 32767 19925 -3025 -5212 END
START 9944 -6764 32767 21541 -3625 -5258 END
START 10388 -6892 32767 23043 -4164 -5330 END
START 10792 -6928 32767 24497 -4654 -5545 END
START 11068 -7048 32767 26014 -5184 -5855 END
START 11352 -7280 32767 27486 -5659 -6236 END
START 11340 -7384 32767 29023 -6259 -6671 END
START 11328 -7616 32767 30494 -6904 -7114 END
START 11352 -7920 32767 31995 -7659 -7615 END
START 11164 -8044 32767 32767 -8345 -8103 END
START 11208 -8228 32767 32767 -9074 -8579 END
START 11180 -8300 32767 32767 -9678 -9130 END
START 11148 -8496 32767 32767 -10306 -9735 END
START 11120 -8460 32767 32767 -10962 -10336 END
START 11068 -8704 32767 32767 -11594 -11046 END
START 10960 -8964 31688 32767 -12264 -11808 END
START 10452 -9248 30012 32767 -12883 -12560 END
START 10176 -9484 28248 32767 -13453 -13285 END
START 9592 -9692 26376 32767 -13920 -13991 END
START 9240 -9852 24516 32767 -14317 -14693 END
START 8696 -9884 22652 32767 -14677 -15259 END
START 7876 -10192 20536 32767 -14963 -15815 END
START 7252 -10400 18152 32767 -15192 -16301 END
START 6324 -10544 14688 32767 -15430 -16628 END
START 5316 -10460 11928 32767 -15727 -16893 END
START 4676 -10192 9312 32767 -16159 -17122 END
START 3788 -9768 6992 32767 -16689 -17277 END
START 3216 -9328 4620 32767 -17256 -17449 END
START 2520 -8944 2416 32767 -17777 -17532 END
START 1812 -8604 188 32767 -18234 -17596 END
START 1204 -8396 -1680 32767 -18585 -17612 END
START 920 -8052 -3848 32767 -18753 -17541 END
START 552 -7528 -5544 32767 -18766 -17394 END
START 184 -7076 -7824 32767 -18478 -17232 END
START -176 -6280 -9896 32767 -18014 -17084 END
START -500 -5640 -11632 32767 -17294 -16850 END
START -680 -4828 -13160 32767 -16422 -16657 END
START -1020 -4004 -15196 30982 -15248 -16428 END
START -1516 -3284 -16244 28488 -13999 -16224 END
START -1704 -3024 -16980 25971 -12595 -15919 END
START -2248 -2672 -17944 23437 -11161 -15632 END
START -2688 -2288 -18332 20885 -9587 -15237 END
START -3308 -2092 -18632 18466 -7967 -14794 END
START -3956 -1736 -18744 16114 -6445 -14299 END
START -4792 -1412 -18712 13913 -5030 -13668 END
START -5712 -1052 -18252 11900 -3816 -13031 END
START -6688 -816 -18056 10008 -2710 -12229 END
START -7548 -740 -17636 8212 -1693 -11425 END
START -8132 -600 -17508 6630 -887 -10568 END
START -8876 -420 -16892 5209 -326 -9749 END
START -9496 -228 -16420 3835 79 -8849 END
START -10020 -172 -16036 2609 385 -7831 END
START -10424 -28 -15588 1463 525 -6795 END
START -10892 -144 -15276 505 594 -5745 END
START -11164 12 -15100 -350 642 -4705 END
START -11496 44 -14964 -1137 548 -3638 END
START -11248 -44 -15228 -1934 397 -2521 END
START -11288 -52 -15352 -2707 83 -1458 END
START -10928 36 -15744 -3519 -287 -467 END
START -10544 72 -16164 -4487 -621 479 END
START -9900 188 -16808 -5510 -978 1333 END
START -9420 184 -16976 -6662 -1193 2111 END
START -9272 200 -16648 -7910 -1550 2851 END
START -8640 228 -16476 -9196 -1893 3539 END
START -8120 128 -16012 -10446 -2188 4191 END
START -7172 -28 -15888 -11625 -2304 4783 END
START -6172 -368 -15700 -12616 -2162 5308 END
START -5416 -484 -15096 -13662 -2041 5758 END
START -4508 -936 -14704 -14611 -1799 6075 END
START -3476 -888 -14024 -15471 -1538 6321 END
START -2588 -732 -13640 -16376 -1234 6448 END
START -1904 -916 -13036 -17193 -945 6414 END
START -1008 -904 -12896 -18005 -689 6367 END
START -452 -884 -12372 -18844 -409 6233 END
START -68 -972 -11976 -19731 -156 6043 END
START 368 -1056 -11552 -20631 115 5768 END
START 736 -1032 -11192 -21586 292 5507 END
START 776 -1044 -10492 -22517 430 5209 END
START 744 -1244 -9608 -23351 410 4935 END
START 544 -1444 -9100 -24123 333 4694 END
START 468 -1604 -8428 -24861 248 4513 END
START 340 -1708 -8304 -25496 95 4402 END
START 72 -1876 -7856 -26144 -121 4359 END
START 76 -1964 -7640 -26865 -361 4371 END
START 8 -1948 -7072 -27665 -684 4421 END
START -116 -2040 -6452 -28497 -967 4413 END
START -264 -2064 -5764 -29431 -1173 4516 END
START -196 -2036 -4812 -30292 -1241 4604 END
START -124 -2208 -4200 -31239 -1091 4771 END
START -72 -2336 -2968 -32058 -794 4982 END
START -68 -2584 -2024 -32768 -280 5303 END
START -244 -3020 -864 -32768 306 5585 END
START -388 -3056 -60 -32768 980 6000 END
START -480 -3288 732 -32768 1698 6421 END
START -724 -3232 1836 -32768 2483 6969 END
START -584 -3148 2888 -32768 3348 7563 END
START -232 -3224 4220 -32768 4371 8212 END
START 468 -3308 5848 -32768 5324 8891 END
START 1388 -3504 7608 -32768 6375 9542 END
START 2388 -3568 9608 -32768 7408 10065 END
START 3312 -3720 11864 -32768 8366 10472 END
START 4312 -3924 14276 -32768 9260 10746 END
START 5072 -4052 16912 -32768 9918 10939 END
START 6012 -4024 19208 -32768 10436 11051 END
START 6864 -3968 21532 -32768 10801 11058 END
START 7860 -3768 24132 -32768 10988 11012 END
START 9244 -3500 26536 -32768 11214 10907 END
START 11628 -3200 29892 -32768 11504 10585 END
START 13192 -3408 32767 -32768 11603 10123 END
START 15544 -3444 32767 -32768 11844 9390 END
START 16924 -3484 32767 -32768 11807 8362 END
START 18636 -3472 32767 -32768 11567 7146 END
START 19888 -3460 32767 -32768 11205 5783 END
START 20792 -3064 32767 -32317 10679 4202 END
START 21476 -2796 32767 -30393 10031 2556 END
START 22144 -2864 32767 -28324 9466 856 END
START 22452 -2756 32767 -26139 8925 -746 END
START 22432 -2672 32767 -23933 8407 -2328 END
START 22148 -2596 32767 -21736 7939 -3791 END
START 21244 -2592 32767 -19356 7367 -5248 END
START 20524 -2580 32767 -17077 6854 -6530 END
START 19464 -2716 32767 -14836 6343 -7664 END
START 18364 -2708 32767 -12436 5868 -8571 END
START 17184 -2768 32767 -10183 5412 -9341 END
START 16068 -2860 32767 -7929 5062 -9854 END
START 15160 -2924 32767 -5712 4756 -10299 END
START 14120 -2904 32767 -3617 4543 -10533 END
START 13244 -2948 32767 -1502 4446 -10703 END
START 12344 -2996 32767 476 4338 -10698 END
START 11540 -2864 32767 2354 4334 -10629 END
START 10968 -2804 32767 4169 4429 -10511 END
START 10432 -2796 32767 6005 4680 -10320 END
START 10040 -2660 32767 7655 4958 -10140 END
START 9864 -2736 32767 9314 5287 -9933 END
START 9504 -2808 32767 10987 5572 -9756 END
START 9540 -3008 32767 12582 5819 -9651 END
START 9392 -3204 32767 14202 6002 -9552 END
START 9500 -3324 32767 15735 6087 -9505 END
START 9520 -3328 32767 17217 6084 -9568 END
START 9716 -3420 32767 18655 5935 -9679 END
START 9836 -3380 32767 20060 5540 -9889 END
START 10048 -3400 32767 21352 5066 -10214 END
START 10128 -3448 32767 22569 4445 -10617 END
START 10260 -3488 32767 23798 3557 -11136 END
START 10256 -3668 32767 24898 2713 -11735 END
START 10304 -3712 32767 26113 1609 -12403 END
START 9896 -3808 32767 27098 576 -13093 END
START 9504 -3880 32767 28116 -499 -13791 END
START 8848 -4076 31532 29060 -1701 -14419 END
START 8248 -4032 29996 30005 -3006 -15021 END
START 7584 -4024 28324 30770 -4349 -15576 END
START 7224 -4156 26896 31520 -5746 -16084 END
START 6900 -4192 25272 32192 -7078 -16526 END
START 6908 -4096 23888 32767 -8332 -17022 END
START 6640 -3952 22636 32767 -9484 -17490 END
START 6384 -3920 21388 32767 -10675 -18025 END
START 5924 -3776 20012 32767 -11771 -18522 END
START 5564 -3780 18772 32767 -12900 -19050 END
START 5080 -3780 17608 32767 -13954 -19553 END
START 4628 -3716 16144 32767 -14811 -19957 END
START 4232 -3596 14332 32767 -15477 -20345 END
START 3956 -3484 12648 32767 -15777 -20624 END
START 3752 -3292 11212 32767 -15847 -20871 END
START 3312 -3176 9740 32767 -15715 -21084 END
START 3156 -2948 8376 32767 -15416 -21189 END
START 2556 -2808 7228 32767 -15070 -21271 END
START 2076 -2760 5588 32767 -14629 -21286 END
START 1376 -2572 4556 32767 -14052 -21236 END
START 1040 -2420 3348 32767 -13468 -21107 END
START 472 -2200 2300 32767 -12796 -20934 END
START 152 -1868 876 32767 -12027 -20662 END
START -80 -1832 -488 32347 -11071 -20365 END
START -328 -1636 -1796 31561 -9965 -20066 END
START -588 -1440 -3264 30732 -8695 -19740 END
START -696 -1320 -4480 29828 -7443 -19371 END
START -1016 -1100 -5468 28851 -6272 -19012 END
START -1280 -868 -6604 27752 -5111 -18589 END
START -1632 -744 -7704 26514 -4129 -18163 END
START -2212 -600 -8636 25189 -3323 -17684 END
START -2636 -276 -9536 23821 -2676 -17196 END
START -3100 192 -10396 22397 -2266 -16688 END
START -3924 648 -11196 20928 -2013 -16178 END
START -4972 760 -12168 19589 -2139 -15412 END
START -6216 196 -12876 18254 -2688 -14475 END
START -7260 -844 -14272 16781 -3876 -13570 END
START -7796 -904 -15796 15237 -5063 -12629 END
START -8296 -476 -17304 13341 -6422 -11628 END
START -8644 308 -18476 11305 -7793 -10636 END
START -9008 1008 -19604 8917 -9195 -9512 END
START -9184 1588 -20196 6476 -10571 -8450 END
START -8888 1900 -20736 3839 -11619 -7450 END
START -8068 1832 -21096 1140 -12383 -6581 END
START -7360 1848 -20924 -1714 -12731 -5829 END
START -6852 1476 -20356 -4242 -12533 -5138 END
START -6132 1168 -19744 -6650 -11732 -4593 END
START -5680 880 -18848 -8775 -10693 -4025 END
START -5084 620 -18296 -10596 -9267 -3448 END
START -5180 552 -16436 -12235 -8043 -2982 END
START -5080 584 -15860 -13726 -6685 -2541 END
START -4924 560 -14820 -15249 -5283 -2086 END
START -4632 424 -14064 -16335 -3860 -1687 END
START -4736 196 -13008 -17521 -2566 -1300 END
START -4804 -132 -12032 -18507 -1582 -847 END
START -4844 -460 -10800 -19423 -980 -428 END
START -4620 -484 -9908 -20109 -594 35 END
START -4520 -596 -8776 -20707 -539 414 END
START -4372 -644 -8088 -21106 -598 760 END
START -4096 -704 -7708 -21394 -790 1094 END
START -3928 -920 -7180 -21580 -1035 1437 END
START -3840 -1136 -6808 -21689 -1584 1736 END
START -3600 -1300 -6596 -21759 -2311 2108 END
START -2956 -1404 -6500 -21850 -3136 2420 END
START -2428 -1332 -6484 -22015 -3948 2675 END
START -1868 -1288 -6744 -22263 -4697 2828 END
START -1344 -1320 -6696 -22671 -5439 2913 END
START -748 -1472 -6768 -23045 -6104 2950 END
START -384 -1588 -6964 -23461 -6660 2951 END
START 64 -1748 -6980 -23955 -7082 2951 END
START 220 -1780 -7212 -24467 -7420 2984 END
START 616 -1856 -7140 -25103 -7572 2992 END
START 988 -2000 -7384 -25823 -7551 3031 END
START 1180 -2192 -7216 -26712 -7423 3123 END
START 1316 -2304 -7304 -27634 -7233 3230 END
START 1216 -2348 -7112 -28650 -7028 3451 END
START 1276 -2588 -6808 -29720 -6779 3680 END
START 1520 -2680 -6380 -30851 -6456 3922 END
START 1932 -2560 -6040 -31953 -5953 4197 END
START 2436 -2644 -5544 -32768 -5166 4430 END
START 2864 -2768 -4788 -32768 -4050 4643 END
START 3628 -2936 -4016 -32768 -2676 4816 END
START 4240 -3320 -2632 -32768 -1160 4931 END
START 4720 -3392 -1384 -32768 510 5024 END
START 5052 -3508 -132 -32768 2292 5124 END
START 5328 -3644 1648 -32768 4056 5164 END
START 5524 -3776 2972 -32768 5938 5237 END
START 5752 -4032 4724 -32768 7768 5293 END
START 5736 -4368 6540 -32768 9378 5313 END
START 5548 -4724 8428 -32768 10993 5298 END
START 5364 -4956 10168 -32768 12358 5349 END
START 4976 -5248 12180 -32768 13744 5378 END
START 4596 -5356 14280 -32768 14636 5459 END
START 4912 -5560 16620 -32768 15736 5578 END
START 5356 -5652 19352 -32768 16732 5661 END
START 6640 -5832 21568 -32768 17940 5744 END
START 8340 -6484 24172 -32768 19543 5617 END
START 10460 -6956 27084 -32768 21270 5229 END
START 12232 -7612 32096 -32768 22843 4542 END
START 13308 -7880 32767 -32768 24399 3478 END
START 13744 -7892 32767 -32768 25472 2177 END
START 13788 -8264 32767 -32768 26272 535 END
START 13436 -8376 32767 -32768 26732 -1217 END
START 12576 -8800 32767 -32768 26824 -3087 END
START 10544 -9016 32767 -32768 26117 -4881 END
START 8428 -9140 32767 -32768 24905 -6473 END
START 6164 -9324 32767 -32768 23282 -7753 END
START 4232 -9576 32767 -32699 21420 -8760 END
START 2192 -9632 32767 -29083 19362 -9563 END
START 272 -9552 32767 -25688 17187 -10096 END
START -1504 -9360 32767 -22069 14846 -10462 END
START -3172 -9216 32767 -18619 12648 -10684 END
START -4972 -8964 32767 -15164 10310 -10763 END
START -5884 -9112 32767 -12109 8277 -10687 END
START -6688 -8840 32767 -9024 6452 -10495 END
START -7580 -8568 32767 -6356 4969 -10152 END
START -8424 -8324 32767 -3859 3603 -9654 END
START -8604 -7908 32767 -1588 2457 -9041 END
START -8828 -7708 32767 405 1737 -8379 END
START -8944 -7352 32767 2126 1319 -7642 END
START -9016 -7088 32767 3555 1167 -6856 END
START -8700 -6664 32767 4689 1279 -6081 END
START -8556 -6324 32767 5810 1472 -5219 END
START -8304 -5900 32767 6723 1849 -4362 END
START -7908 -5624 32767 7519 2232 -3514 END
START -7656 -5236 32767 8083 2558 -2767 END
START -7196 -5036 32767 8626 2969 -2017 END
START -6660 -4544 32767 9038 3327 -1432 END
START -6408 -4128 32767 9300 3724 -859 END
START -6060 -3852 32767 9566 4053 -391 END