START 32767 10440 13848 -2120 -8983 2540 END
START 25812 2068 25212 -2744 -7853 -1021 END
START 31872 632 32767 -79 -2103 -2540 END
START 29608 -68 32767 4879 1109 -7440 END
START 24780 -3548 32767 8567 -2266 -12401 END
START 19412 -6556 32767 15599 -7195 -16212 END
START 16572 -9048 32767 23299 -11644 -18861 END
START 15716 -10164 32767 27469 -10785 -20809 END
START 12380 -10964 26320 28878 -4944 -22192 END
START 9224 -11332 19132 28825 -791 -21864 END
START 6480 -11004 13856 28393 617 -21578 END
START 3384 -10884 9676 28448 -254 -21317 END
START -88 -10052 4252 28085 -2742 -20344 END
START -1696 -8160 -936 26811 -5868 -19684 END
START -3860 -6476 -6132 22606 -5318 -18795 END
START -8044 -4704 -9952 16918 -3255 -15423 END
START -9896 -2336 -14824 9862 -251 -10723 END
START -10200 -348 -19404 -795 7276 -4945 END
START -10768 264 -21552 -12801 18767 1182 END
START -14008 -396 -19392 -23598 23530 7578 END
START -12232 -16 -15160 -28486 16285 13187 END
START -1364 1720 -13488 -32768 12503 14454 END
START 5480 1196 -9924 -32768 12310 9992 END
START 5208 -1784 -3780 -32768 6911 4117 END
START 3996 -5708 3116 -32768 315 746 END
START 2848 -7808 13020 -32768 -5309 -192 END
START 4776 -9384 24176 -32768 -4953 421 END
START 6188 -10636 32767 -32768 124 1019 END
START 6120 -11232 32767 -32768 1422 548 END
START 7904 -10340 32767 -23951 -2294 -1305 END
START 10132 -8824 32767 -12664 -1909 -4657 END
START 7024 -8080 32767 -3061 -1770 -6313 END
START 9112 -6936 32767 4207 1771 -6643 END
START 10352 -6692 32767 10118 7883 -7886 END
START 8808 -7460 32767 16712 10745 -9972 END
START 6436 -8448 32767 23123 10071 -11618 END
START 6704 -8736 31452 27947 11157 -12249 END
START 5860 -8652 25656 31600 11534 -12535 END
START 6088 -7728 20176 32767 8719 -13610 END
START 3720 -7456 14992 32767 3646 -15579 END
START 2456 -6148 8896 32767 -1548 -16790 END
START 780 -4704 2512 32767 -3085 -17401 END
START -1172 -3392 -1296 32767 -4328 -17369 END
START -3016 -1988 -5096 31179 -5324 -16082 END
START -3840 -608 -7500 25521 -5254 -14353 END
START -4084 348 -9168 19594 -4588 -12269 END
START -4812 716 -9420 13949 -4449 -9915 END
START -4648 956 -10356 8980 -5528 -7747 END
START -4156 1296 -11724 3987 -7836 -6113 END
START -3368 1852 -13892 -1779 -12664 -4741 END
START -1208 1988 -13320 -8609 -16868 -4505 END
START 224 1552 -13460 -15359 -15988 -4381 END
START 1852 40 -13652 -23538 -14271 -3596 END
START 2896 -1760 -12444 -30605 -13241 -3774 END
START 2524 -3936 -9628 -32768 -12204 -3857 END
START 1532 -6196 -7936 -32768 -11368 -2753 END
START 532 -8532 -5848 -32768 -11733 -223 END
START -40 -11548 -1804 -32768 -12255 2377 END
START 432 -16076 7500 -32768 -17135 5447 END