START 32767 16884 19340 -8867 78 8847 END
START 32767 8440 32767 -7548 2800 -106 END
START 32767 5164 32767 -2575 4824 -10433 END
START 27608 -1680 32767 7041 -3851 -18410 END
START 17808 -7224 32767 21978 -18922 -22639 END
START 14500 -10408 32767 32767 -26063 -24179 END
START 13136 -12104 32767 32767 -16560 -25471 END
START 7408 -15364 32767 32767 -4400 -25352 END
START 1268 -16904 23204 32767 -1577 -23701 END
START -1824 -17424 15416 32767 -3405 -23592 END
START -5016 -17152 7644 32767 -7866 -23209 END
START -6052 -15576 456 32767 -10189 -21410 END
START -6244 -13448 -8296 32767 -10114 -18444 END
START -7156 -10968 -15328 25644 -7291 -14600 END
START -8624 -8284 -21788 17752 -4300 -10438 END
START -9700 -5776 -24852 9775 -3372 -5935 END
START -7824 -3932 -25100 2785 -4721 -2739 END
START -5128 -2456 -24400 -2790 -6300 -877 END
START -3040 -1792 -24008 -8082 -7483 -204 END
START -1792 -1764 -23348 -13962 -7325 -129 END
START 240 -2260 -21000 -20085 -6207 -367 END
START 856 -3200 -18608 -26063 -3919 -1235 END
START -1316 -4704 -15708 -31659 -4584 -1160 END
START -2280 -5256 -10588 -32768 -7582 858 END
START -8 -5188 -2340 -32768 -8632 4791 END
START 5872 -4580 11412 -32768 -7158 7846 END
START 15324 -3332 28496 -32768 2389 7035 END
START 15692 -2604 32767 -32768 8855 1607 END
START 9968 -4156 32767 -32768 -2966 -2987 END
START 16148 -1896 32767 -23532 -8653 -5459 END
START 16412 -1296 32767 -17361 6683 -6473 END
START 11204 -856 32767 -10373 18091 -5546 END
START 7876 -900 32767 -546 16602 -6718 END
START 7748 -580 32767 9835 10734 -9275 END
START 6188 -864 32767 17959 5309 -11809 END
START 5280 -1516 32767 22985 1339 -13067 END
START 5036 -2112 32767 27021 -103 -14095 END
START 4296 -2608 27540 30242 1076 -14937 END
START 1628 -3396 22088 32767 1363 -14942 END
START 784 -4368 15156 32767 -2 -14518 END
START -396 -4460 6592 32767 -3751 -13498 END
START -1144 -3252 -8 32767 -9113 -12669 END
START -692 -2156 -2860 30523 -11974 -12066 END
START -852 -1860 -5776 27458 -11209 -11382 END
START -428 -1292 -10548 23337 -9328 -10058 END
START -688 -876 -14620 18358 -8213 -8944 END
START -316 -388 -18628 12097 -6929 -8220 END
START -1224 -480 -21228 5387 -6236 -7379 END
START -1580 -460 -22536 -1589 -7794 -6272 END
START -1344 -732 -21668 -8406 -8410 -5359 END
START -460 -1260 -20940 -14523 -7207 -4277 END
START 772 -2304 -21484 -21397 -5742 -3905 END
START 2144 -3616 -19056 -27569 -6107 -4716 END
START 1460 -5576 -16504 -32533 -7122 -5388 END
START 320 -7912 -14268 -32768 -10022 -4808 END
START 124 -9516 -12904 -32768 -12054 -2510 END
START -292 -10336 -10220 -32768 -9931 1133 END
START 1404 -13148 -1396 -32768 -6421 4707 END
START 4180 -18928 21448 -32768 286 5197 END