START 17440 5504 7776 -6700 821 21589 END
START 22376 -140 11016 -6857 -5299 18377 END
START 28128 192 22464 -6042 -7593 11912 END
START 30784 260 31756 -2051 -7797 3831 END
START 27840 -1152 32767 2567 -7137 -2188 END
START 26392 -1616 32767 6672 -5198 -5169 END
START 26100 -1772 32767 11298 -1790 -9213 END
START 23528 -2572 32767 16400 -1121 -14911 END
START 17640 -4560 31884 21561 -3707 -21607 END
START 10424 -6704 28280 26858 -8626 -25867 END
START 6052 -7592 22404 31350 -12910 -28160 END
START 3676 -7940 15484 32767 -14068 -29494 END
START -720 -8712 10496 32767 -12848 -29510 END
START -5244 -8580 4984 32767 -12200 -26688 END
START -7188 -7140 -3456 29018 -13292 -22314 END
START -7792 -5144 -7276 21524 -11467 -17623 END
START -8880 -4184 -8540 14402 -7577 -12094 END
START -8980 -3492 -10320 8054 -4873 -6362 END
START -7276 -2804 -11220 2595 -4104 -1994 END
START -6156 -1968 -11852 -1829 -4622 774 END
START -5004 -1136 -13880 -5709 -5296 2444 END
START -4468 4 -15740 -11374 -6204 3473 END
START -5340 -36 -15632 -16495 -7012 5031 END
START -5072 -400 -16056 -21774 -7256 7554 END
START -4652 -1576 -16276 -28589 -6590 10615 END
START -3012 -3000 -13412 -32768 -4226 13848 END
START -2332 -5152 -6344 -32768 -2799 17428 END
START 4056 -6792 8848 -32768 -4375 21492 END
START 17392 -6848 28936 -32768 -179 20832 END
START 28624 -4284 32767 -32768 7862 14523 END
START 25928 -2560 32767 -32768 9999 2650 END
START 18828 -4056 32767 -20032 1519 -3329 END
START 20848 -2964 32767 -7185 -5326 -4133 END
START 27300 -256 32767 3355 -1945 -6143 END
START 27920 512 32767 10914 3768 -10541 END
START 24140 -168 32767 16757 5593 -15497 END
START 21396 -1328 32767 21953 5484 -20635 END
START 16588 -3172 26744 25956 5372 -25848 END
START 11436 -4700 18960 28534 3915 -29582 END
START 5048 -6280 12676 30602 1118 -31104 END
START 492 -6468 7360 32412 -4205 -30781 END
START -1692 -5796 1976 32734 -8851 -30207 END
START -2232 -4828 -2636 30791 -10653 -29135 END
START -3620 -3988 -6080 27143 -9422 -27692 END
START -6880 -3180 -10728 21926 -8267 -24115 END
START -8100 -1576 -13848 13824 -8874 -19207 END
START -8948 -692 -14740 5709 -8341 -14607 END
START -8708 -636 -14568 -1551 -7207 -9951 END
START -8912 -748 -14048 -8196 -6320 -5571 END
START -7428 -1356 -14704 -13877 -5387 -1955 END
START -6292 -2248 -16120 -20304 -6412 1068 END
START -5624 -3924 -17652 -28235 -7380 3094 END
START -5972 -6180 -17328 -32768 -9258 5803 END
START -4436 -9544 -14164 -32768 -5932 7576 END
START -5076 -13684 -8620 -32768 1778 9839 END
START -6968 -18060 -284 -32768 9708 12260 END
START -7764 -22520 13720 -32768 18284 15052 END