START 12916 1180 11336 8780 -6973 18336 END
START 14776 -52 18236 7969 -9476 15195 END
START 17872 -1520 25908 9738 -12927 11830 END
START 19840 -1768 31848 13673 -15388 7212 END
START 19228 -4116 32767 18381 -17791 1040 END
START 18240 -6064 32767 22875 -15569 -3811 END
START 14300 -7952 31912 27153 -12249 -6392 END
START 13464 -8876 24304 29917 -9297 -7805 END
START 13800 -9164 17720 31014 -6689 -10247 END
START 11924 -8876 9040 31160 -5569 -12982 END
START 10824 -8520 1688 29392 -6317 -16696 END
START 8004 -8068 -4120 26524 -7591 -19848 END
START 5084 -7832 -8388 23006 -6749 -21183 END
START 1632 -7112 -13496 18077 -4847 -20159 END
START 224 -5532 -16432 11880 -2680 -18021 END
START -1408 -4112 -18692 5126 84 -15315 END
START -2340 -2864 -19256 -1076 1636 -12381 END
START -2064 -1924 -19184 -7296 3039 -10137 END
START -3092 -1128 -18316 -12566 2518 -8648 END
START -3884 -724 -17468 -17364 788 -8107 END
START -5064 -768 -17236 -22281 -1106 -7381 END
START -5480 -224 -15320 -28402 -1634 -5988 END
START -6764 252 -10884 -32768 844 -3970 END
START -8032 -240 -2536 -32768 1951 -1402 END
START -4384 -1476 11652 -32768 2342 1512 END
START 696 -1188 30568 -32768 4488 1774 END
START 6232 -476 32767 -32768 4995 -517 END
START 3460 -1664 32767 -28241 5000 -4766 END
START -1972 -4912 32767 -19076 939 -4574 END
START -1988 -5044 32767 -6663 331 -1362 END
START -44 -3612 32767 4277 5921 1974 END
START 1976 -2216 32767 12592 8956 4414 END
START 5624 -64 32767 19353 7362 4374 END
START 9724 284 32767 24797 3562 1429 END
START 10228 -28 31936 29103 -119 -2723 END
START 9324 -1264 23416 32006 -3960 -6069 END
START 8212 -1920 16092 32767 -7403 -8393 END
START 8500 -1744 9100 32767 -8478 -10506 END
START 8080 -1564 2888 31693 -6674 -12584 END
START 6148 -1084 -1504 28403 -5445 -13908 END
START 5188 -636 -4204 25216 -5348 -15166 END
START 3008 -692 -5884 22881 -6817 -16299 END
START 488 -1216 -6872 21438 -9870 -16604 END
START -1180 -1244 -8964 19829 -12904 -15926 END
START -164 -572 -13424 15914 -12939 -14941 END
START 128 584 -17836 7413 -10251 -13814 END
START -1096 480 -16856 -514 -8250 -12688 END
START -1276 416 -15432 -6734 -6567 -11305 END
START 312 160 -14948 -12043 -5911 -10713 END
START 2472 -424 -13456 -16586 -6566 -11948 END
START 3316 -996 -13888 -21042 -6544 -13757 END
START 3344 -2680 -15248 -26928 -7617 -15171 END
START 2972 -4512 -18288 -32768 -9378 -15398 END
START 2212 -7348 -17356 -32768 -9284 -15335 END
START -1012 -11104 -13344 -32768 -5315 -13143 END
START 448 -14952 -7944 -32768 4292 -10489 END
START -112 -22024 1264 -32768 17967 -10871 END
START -9184 -32768 24604 -32768 24892 -14057 END
START -25800 -32768 32767 -32768 14337 -13032 END
START -30364 -32768 32767 -32768 -4332 -6819 END
START -26984 -32768 32767 -15020 -15749 -1125 END