START 9952 468 -16408 794 3078 5889 END
START -476 -2320 -10448 -4822 -3668 5538 END
START -228 -5548 -6784 -7089 -5339 5654 END
START -676 -4632 -7960 -9061 -3675 8009 END
START 2556 -3916 -9460 -15100 748 8253 END
START 3912 -4496 -10216 -21450 6185 7152 END
START 4076 -5144 -7364 -27733 9260 5133 END
START 3472 -6600 -4128 -31162 11767 2582 END
START 560 -7764 -1636 -32768 10870 309 END
START -3008 -8708 156 -32768 6797 296 END
START -4632 -8420 3820 -32768 1492 3403 END
START 2688 -7660 16144 -32768 -288 7471 END
START 10476 -3876 28252 -32768 5231 7121 END
START 14936 -820 32767 -32768 12482 2657 END
START 11008 652 32767 -31124 13749 -2573 END
START 6152 816 32767 -25742 9207 -5218 END
START 2924 -544 32767 -18173 4704 -5426 END
START 2204 -2244 32767 -9329 3057 -3242 END
START 3680 -3460 32767 758 1292 -387 END
START 9732 -4196 32767 10768 208 -6 END
START 11408 -4308 32767 19648 -439 -2037 END
START 11392 -5184 32767 27298 -2941 -4343 END
START 11652 -5492 32767 32118 -5092 -6933 END
START 11572 -6868 28684 32767 -5374 -10318 END
START 8424 -7932 20692 32767 -5296 -13165 END
START 5776 -8744 14312 32767 -5913 -15262 END
START 4092 -9300 8272 32767 -6241 -17029 END
START 3540 -9040 2672 32767 -6510 -18114 END
START 3156 -8412 -2044 30392 -5955 -18831 END
START 2876 -8380 -5908 26833 -5314 -19341 END
START 2328 -7944 -10924 22717 -5677 -19253 END
START 1572 -7548 -14900 17089 -8074 -19236 END
START 900 -7296 -15896 11234 -10608 -18781 END
START -8 -6904 -16560 5100 -12043 -17771 END
START 56 -6700 -17084 -1946 -10776 -16124 END
START -120 -6600 -17196 -10137 -7034 -14157 END
START -752 -6792 -16008 -18461 -3595 -12324 END
START -3712 -7008 -14156 -26160 -1983 -10410 END
START -6764 -6976 -10916 -32235 -4998 -8254 END
START -8760 -6604 -6924 -32768 -8290 -5245 END
START -7964 -6484 1016 -32768 -8185 -2294 END
START -8112 -8016 16008 -32768 -3378 27 END
START -6740 -10080 32767 -32768 3480 1595 END
START -3516 -10464 32767 -32768 8067 135 END
START -6432 -9352 32767 -25835 9668 -3785 END
START -15064 -8300 32767 -12944 3356 -2669 END
START -12844 -5280 32767 -708 -2912 4064 END
START -3420 -1884 32767 7543 -196 8965 END
START 4568 -476 32767 13524 3593 9317 END
START 8928 -372 32767 19322 4176 6492 END
START 10924 -636 32767 24714 2571 1948 END
START 9620 -2056 32767 29740 574 -2227 END
START 7796 -3424 30392 32767 -1987 -4583 END
START 7208 -4092 23768 32767 -4595 -6155 END
START 8184 -4052 17004 32767 -5422 -7613 END
START 10052 -3500 11528 32767 -5127 -9598 END
START 10096 -2992 5876 32767 -4560 -12600 END
START 8880 -3424 1308 32767 -4780 -15376 END
START 7224 -4060 -3116 32767 -6470 -16675 END
START 4484 -4204 -7820 29494 -10344 -16628 END
START 3912 -3136 -11220 24531 -14581 -16423 END
START 4276 -2008 -13208 17176 -13376 -16952 END
START 2700 -2140 -14532 9567 -9736 -16717 END
START 1104 -1972 -15232 2357 -6952 -15664 END
START 108 -1964 -15964 -4379 -5499 -14793 END
START -1360 -2352 -15776 -10217 -7230 -13601 END
START -1012 -2228 -15368 -15727 -10540 -13064 END
START -428 -2328 -14348 -20895 -13530 -13420 END
START -396 -3436 -14644 -26565 -12873 -14169 END
START -2660 -4776 -15632 -32768 -10719 -12677 END
START -4588 -7688 -12464 -32768 -6595 -11848 END
START -12264 -12936 -5028 -32768 -4017 -10194 END
START -19984 -20008 13504 -32768 -6903 -5336 END