START 17588 -2536 16244 -1882 -4130 12570 END
START 21100 -8112 796 -261 -3211 12401 END
START 23536 1176 8604 -3416 -4088 11926 END
START 13172 -1560 23320 -2849 -5288 11869 END
START 21500 -532 13816 -4170 -5290 11719 END
START 17756 -1244 19772 -5058 -6023 11213 END
START 21768 -1040 17276 -6051 -5541 10677 END
START 21852 -1516 20496 -6945 -5630 9983 END
START 22792 -1644 22348 -7602 -4967 9316 END
START 24548 -1680 23156 -8115 -5001 8403 END
START 23796 -1904 26460 -8246 -4284 7516 END
START 26352 -1496 25772 -8183 -3942 6419 END
START 24680 -1632 29684 -7917 -3192 5310 END
START 26296 -1560 29172 -7464 -2855 4078 END
START 24596 -1664 32216 -6889 -2401 2878 END
START 25164 -1368 31896 -6208 -2110 1640 END
START 23768 -1412 32767 -5527 -1884 536 END
START 23444 -1360 32767 -4698 -1636 -476 END
START 22476 -1544 32767 -3895 -1559 -1371 END
START 21300 -1584 32767 -3037 -1463 -2099 END
START 20704 -1636 32767 -2177 -1568 -2745 END
START 19448 -1592 32767 -1273 -1738 -3299 END
START 18116 -1524 32767 -431 -2084 -3761 END
START 17664 -1572 32767 467 -2580 -4119 END
START 16752 -1664 32767 1399 -3215 -4409 END
START 16616 -1808 32767 2392 -3857 -4758 END
START 16408 -2076 32767 3474 -4507 -5011 END
START 16592 -2236 32767 4651 -5052 -5349 END
START 16492 -2320 32767 5871 -5585 -5686 END
START 16452 -2484 32767 7157 -6159 -6127 END
START 16276 -2528 32767 8511 -6707 -6590 END
START 16092 -2752 32767 9935 -7215 -7100 END
START 15932 -2856 32767 11332 -7606 -7605 END
START 15380 -2940 32767 12717 -8016 -8142 END
START 15028 -3104 32767 14013 -8360 -8602 END
START 14460 -3252 32767 15241 -8841 -8984 END
START 13932 -3352 32767 16346 -9322 -9336 END
START 13728 -3432 32767 17439 -9766 -9677 END
START 13680 -3620 32767 18475 -10121 -10056 END
START 13688 -3916 32767 19505 -10407 -10425 END
START 13552 -3968 32767 20543 -10573 -10876 END
START 13392 -4080 32564 21531 -10776 -11392 END
START 13148 -4164 31224 22469 -10799 -11956 END
START 12908 -4316 30144 23363 -10763 -12500 END
START 12456 -4432 29136 24181 -10695 -13060 END
START 11856 -4388 28084 24862 -10500 -13542 END
START 11388 -4528 26952 25445 -10320 -13890 END
START 10852 -4488 26104 25917 -10046 -14282 END
START 10444 -4552 25060 26345 -9736 -14544 END
START 10124 -4564 23856 26718 -9309 -14785 END
START 9764 -4476 22772 27053 -8809 -15039 END
START 9496 -4756 21900 27356 -8220 -15273 END
START 9272 -4772 20912 27709 -7670 -15538 END
START 8884 -4800 20052 28027 -7128 -15778 END
START 8448 -4756 19196 28344 -6637 -15999 END
START 8088 -4736 18400 28596 -6180 -16192 END
START 7664 -4544 17324 28824 -5795 -16379 END
START 7152 -4504 16404 29034 -5509 -16586 END
START 6744 -4564 15344 29200 -5320 -16778 END
START 6204 -4608 14512 29274 -5181 -16930 END
START 5940 -4600 13568 29344 -5134 -17080 END
START 5504 -4716 12656 29461 -5127 -17178 END
START 5232 -4732 11752 29505 -5247 -17284 END
START 4784 -4624 10780 29556 -5342 -17343 END
START 4468 -4424 9884 29580 -5520 -17424 END
START 4036 -4348 8844 29538 -5742 -17493 END
START 3696 -4396 7560 29484 -5930 -17560 END
START 3212 -4500 6752 29391 -6313 -17607 END
START 2664 -4412 5820 29197 -6703 -17566 END
START 1988 -4224 4960 29050 -7195 -17525 END
START 1464 -4068 3840 28808 -7709 -17402 END
START 760 -3788 2960 28538 -8231 -17252 END
START 308 -3816 2248 28301 -8818 -17082 END
START -240 -3820 1312 27997 -9426 -16840 END
START -832 -3704 36 27766 -10086 -16532 END
START -1444 -3680 -1260 27382 -10803 -16098 END
START -1808 -3356 -3044 26963 -11374 -15644 END
START -2304 -3016 -5488 26342 -11830 -15136 END
START -2508 -2672 -7252 25542 -12143 -14555 END
START -2576 -2056 -9116 24429 -12263 -14063 END
START -2672 -1496 -10720 22994 -12369 -13512 END
START -2632 -936 -12256 21303 -12322 -12962 END
START -2752 -508 -13336 19355 -12166 -12422 END
START -2832 -448 -14208 17349 -11960 -11990 END
START -2616 -408 -15064 15142 -11674 -11525 END
START -2560 -64 -15612 12807 -11208 -11098 END
START -2520 328 -15552 10574 -10717 -10728 END
START -2432 528 -15428 8410 -10176 -10326 END
START -2400 756 -15400 6248 -9487 -9914 END
START -2352 724 -15328 4362 -8639 -9552 END
START -2044 624 -15332 2643 -7492 -9151 END
START -2032 476 -15008 1083 -6095 -8736 END
START -1908 460 -15000 -410 -4576 -8374 END
START -2300 532 -14880 -1744 -3132 -7960 END
START -2480 628 -14920 -3154 -1673 -7538 END
START -2796 748 -14832 -4561 -316 -7061 END
START -3184 768 -14772 -5915 888 -6606 END
START -3424 772 -14468 -7266 1912 -6174 END
START -3696 600 -14488 -8604 2885 -5677 END
START -3920 540 -14160 -9935 3651 -5225 END
START -4440 532 -13828 -11156 4172 -4738 END
START -4748 492 -13388 -12375 4552 -4253 END
START -5300 276 -13044 -13521 4680 -3740 END
START -5700 156 -12588 -14590 4750 -3177 END
START -5904 64 -12348 -15462 4507 -2552 END
START -6148 -60 -11992 -16491 4224 -1934 END
START -6308 -56 -11340 -17214 3807 -1278 END
START -6524 -80 -11040 -17990 3322 -635 END
START -6376 -136 -10664 -18701 2693 10 END
START -6392 -312 -10368 -19352 2142 673 END
START -6212 -572 -10312 -19967 1573 1317 END
START -6112 -728 -10052 -20585 1117 1999 END
START -6084 -796 -9696 -21196 842 2651 END
START -5740 -788 -9372 -21813 617 3304 END
START -5704 -724 -9304 -22405 601 3935 END
START -5416 -780 -8836 -23073 676 4561 END
START -5076 -844 -8340 -23770 764 5140 END
START -4780 -904 -8136 -24478 997 5709 END
START -4404 -1028 -7532 -25195 1280 6236 END
START -4016 -1144 -7036 -25954 1621 6762 END
START -3444 -1268 -6412 -26665 2046 7258 END
START -2848 -1568 -5732 -27302 2446 7731 END
START -2296 -1648 -5060 -27936 2913 8066 END
START -1808 -1908 -4172 -28526 3369 8392 END
START -1308 -1936 -3344 -29018 3770 8607 END
START -828 -1960 -2440 -29571 4132 8813 END
START -540 -1880 -1480 -30058 4462 8958 END
START -36 -1956 -384 -30517 4695 9078 END
START 368 -1884 824 -30960 4826 9151 END
START 704 -1924 2044 -31297 4860 9232 END
START 1312 -2012 3304 -31624 4949 9273 END
START 1948 -2236 4400 -31757 4959 9323 END
START 2604 -2404 5452 -31850 4992 9368 END
START 3580 -2372 6672 -31914 5041 9360 END
START 4172 -2228 8156 -31963 5011 9283 END
START 5124 -1928 9400 -31957 5024 9091 END
START 5548 -2036 10468 -32013 4954 8879 END
START 6604 -1676 12672 -31948 4797 8537 END
START 7080 -1536 14668 -31837 4673 8185 END
START 7684 -1328 16456 -31640 4470 7833 END
START 8224 -1204 18176 -31344 4246 7431 END
START 8640 -1092 20056 -30844 4171 7108 END
START 9044 -916 21592 -30201 4164 6732 END
START 8836 -812 22820 -29543 4074 6484 END
START 9424 -476 24284 -28868 4023 6263 END
START 9704 -232 25464 -28120 3967 6100 END
START 10216 -80 27044 -27442 4111 5965 END
START 10932 268 28176 -26812 4216 5846 END
START 11528 308 30008 -26161 4401 5768 END
START 12420 712 31108 -25600 4548 5616 END
START 12888 852 32767 -25050 4662 5439 END
START 14072 1128 32767 -24523 4901 5253 END
START 15116 1264 32767 -23900 5211 4986 END
START 16428 1296 32767 -23189 5611 4650 END
START 17420 1436 32767 -22370 6025 4239 END
START 18640 1476 32767 -21294 6523 3650 END
START 19800 1576 32767 -20102 7015 2922 END
START 21528 1792 32767 -18556 7691 1965 END
START 22508 1820 32767 -16922 8464 951 END
START 23112 1984 32767 -15170 9201 -206 END
START 23268 2184 32767 -13497 9833 -1404 END
START 23340 2352 32767 -11633 10473 -2626 END
START 22940 2480 32767 -9912 10911 -3832 END
START 22640 2620 32767 -8134 11236 -4995 END
START 22016 2680 32767 -6565 11389 -6053 END
START 21516 2556 32767 -4961 11331 -7053 END
START 20940 2444 32767 -3382 11164 -7989 END
START 20524 2364 32767 -1934 10934 -8852 END
START 19924 2184 32767 -569 10629 -9625 END
START 19304 2164 32767 705 10255 -10350 END
START 18716 2172 32767 1979 9831 -11040 END
START 17868 2020 32767 3116 9406 -11640 END
START 17032 1944 32767 4208 8887 -12153 END
START 16216 1812 32767 5293 8384 -12569 END
START 15184 1824 32767 6395 7861 -12963 END
START 14068 1608 32767 7534 7186 -13217 END
START 13148 1496 32767 8705 6622 -13406 END
START 12352 1304 32767 9921 6021 -13507 END
START 11856 1112 32767 11211 5439 -13543 END
START 11208 968 32767 12414 4911 -13540 END
START 10572 924 32767 13603 4410 -13448 END
START 10168 912 32767 14803 3938 -13353 END
START 9756 868 32767 16006 3514 -13262 END
START 9540 752 32767 17077 3227 -13135 END
START 9424 600 32767 18101 2943 -12994 END
START 9336 524 32767 19146 2641 -12902 END
START 9456 268 32767 20145 2392 -12814 END
START 9628 152 32767 21120 2232 -12812 END
START 9880 76 32767 22066 2107 -12856 END
START 10076 -36 32767 23010 1987 -12972 END
START 10048 -112 32767 23916 1852 -13178 END
START 9892 -180 31904 24846 1660 -13416 END
START 9616 -156 30444 25746 1383 -13733 END
START 9340 -332 29108 26532 1054 -14059 END
START 8768 -464 27628 27301 533 -14312 END
START 8392 -356 26220 27931 -60 -14583 END
START 7808 -456 24644 28475 -668 -14832 END
START 7504 -448 22824 28899 -1286 -15052 END
START 7104 -528 21412 29281 -1990 -15278 END
START 6744 -528 19960 29503 -2702 -15487 END
START 6172 -448 18320 29695 -3426 -15731 END
START 5860 -316 17000 29756 -4120 -15957 END
START 5436 -128 15448 29749 -4780 -16156 END
START 4924 -140 14148 29657 -5374 -16301 END
START 4584 -44 13072 29488 -5868 -16385 END
START 4152 -72 11712 29285 -6273 -16524 END
START 3780 8 10496 28987 -6678 -16563 END
START 3548 256 9236 28656 -6887 -16652 END
START 3092 324 8296 28231 -7081 -16673 END
START 2612 388 7056 27741 -7164 -16665 END
START 2280 592 6048 27242 -7169 -16644 END
START 1792 672 4972 26712 -7166 -16566 END
START 1324 808 4052 26118 -7014 -16500 END
START 1092 1116 3184 25513 -6843 -16416 END
START 652 992 2396 24855 -6615 -16295 END
START 248 908 1416 24328 -6369 -16067 END
START -204 812 552 23668 -6137 -15847 END
START -756 828 -344 23002 -5935 -15506 END
START -1008 892 -1500 22237 -5637 -15175 END
START -1428 1168 -2436 21415 -5321 -14785 END
START -1676 1492 -3008 20516 -5043 -14384 END
START -2148 1696 -3976 19512 -4793 -13896 END
START -2636 1708 -4728 18484 -4558 -13375 END
START -2916 1900 -5364 17420 -4515 -12888 END
START -3388 1824 -6092 16329 -4464 -12370 END
START -3628 1732 -6856 15285 -4569 -11761 END
START -4056 1704 -7344 14220 -4807 -11138 END
START -4408 1956 -8376 13189 -5133 -10447 END
START -4644 2096 -9256 12085 -5610 -9772 END
START -4868 2172 -10156 10938 -6078 -9074 END
START -5052 2396 -10724 9593 -6643 -8401 END
START -4992 2724 -11360 8116 -7162 -7756 END
START -4864 2804 -11720 6540 -7774 -7101 END
START -4700 2888 -12220 4916 -8323 -6488 END
START -4868 2964 -12224 3272 -8910 -5865 END
START -4876 2952 -12396 1653 -9500 -5239 END
START -4648 2936 -12424 32 -10048 -4612 END
START -4248 3084 -12732 -1538 -10433 -4031 END
START -3620 3032 -12772 -3054 -10763 -3541 END
START -2972 2920 -12504 -4588 -10929 -3147 END
START -2460 2512 -12152 -6151 -10968 -2798 END
START -2036 2692 -11192 -7574 -11011 -2600 END
START -1492 2480 -11020 -8991 -10955 -2382 END
START -1056 2212 -10680 -10307 -10633 -2204 END
START -688 1804 -10252 -11477 -10174 -2055 END
START -480 1540 -10128 -12582 -9489 -1945 END
START -380 1408 -9572 -13466 -8834 -1873 END
START -296 1276 -8872 -14466 -8185 -1750 END
START -72 1152 -8448 -15196 -7520 -1647 END
START -92 1108 -7880 -15794 -6830 -1506 END
START 188 804 -7836 -16439 -6079 -1377 END
START 36 588 -7716 -17025 -5227 -1300 END
START 184 340 -7360 -17536 -4382 -1194 END
START -136 48 -7344 -17997 -3745 -1054 END
START -608 -128 -7144 -18375 -3307 -839 END
START -944 -232 -7144 -18826 -3001 -620 END
START -1380 -212 -7360 -19251 -2873 -307 END
START -1632 -216 -7644 -19741 -2873 -24 END
START -1760 -360 -7580 -20279 -2878 302 END
START -2100 -632 -7524 -20900 -3096 671 END
START -2164 -708 -7416 -21491 -3291 978 END
START -2172 -1060 -7224 -22287 -3449 1301 END
START -2120 -1124 -6824 -22991 -3614 1632 END
START -2208 -1376 -6196 -23748 -3762 1964 END
START -2300 -1604 -5732 -24404 -3785 2291 END
START -2408 -1836 -5192 -24981 -3815 2666 END
START -2408 -2056 -4596 -25450 -3765 3104 END
START -2316 -2256 -3996 -25834 -3691 3524 END
START -2348 -2512 -3892 -26173 -3597 3945 END
START -2348 -2996 -3544 -26478 -3470 4457 END
START -2392 -3444 -3040 -26745 -3354 4952 END
START -2324 -3608 -3112 -27071 -3218 5516 END
START -2068 -3576 -2728 -27540 -2989 6041 END
START -1836 -3712 -2536 -28070 -2634 6569 END
START -1508 -3916 -2136 -28814 -2145 7133 END
START -1012 -3924 -2072 -29605 -1551 7557 END
START -500 -4068 -1324 -30437 -799 7949 END
START -56 -4284 -780 -31312 4 8305 END
START 464 -4576 4 -32093 775 8598 END
START 804 -4796 1012 -32768 1800 8852 END
START 1204 -5052 2068 -32768 2838 9087 END
START 1856 -5304 2764 -32768 4097 9282 END
START 2288 -5392 3604 -32768 5405 9487 END
START 2552 -5520 4664 -32768 6898 9583 END
START 2636 -5508 6136 -32768 8242 9649 END
START 2800 -5356 7600 -32768 9708 9652 END
START 2868 -5412 9192 -32768 11081 9552 END
START 3088 -5368 10788 -32768 12413 9477 END
START 3184 -5280 12412 -32768 13548 9334 END
START 3496 -5236 14356 -32768 14797 9104 END
START 3448 -5424 16388 -32768 15646 8837 END
START 3628 -5348 18144 -32768 16164 8506 END
START 4060 -5288 19700 -32768 16889 8134 END
START 3588 -5312 21840 -32768 17084 7659 END
START 3616 -5164 23840 -32768 17238 7122 END
START 3372 -5064 25984 -32768 16985 6623 END
START 3368 -4788 28368 -32768 16502 6146 END
START 3124 -4676 30848 -32768 15681 5587 END
START 3068 -4760 32767 -32768 14705 5113 END
START 3360 -4632 32767 -32768 13723 4590 END
START 3720 -4608 32767 -32768 12670 4016 END
START 3804 -4508 32767 -32768 11462 3443 END
START 4388 -4840 32767 -32768 10469 2843 END
START 4360 -4992 32767 -32535 9357 2140 END
START 4112 -5332 32767 -30951 8128 1487 END
START 4392 -5412 32767 -29100 7120 790 END
START 4356 -5648 32767 -27009 6265 200 END
START 4112 -5756 32767 -24927 5512 -381 END
START 3764 -5584 32767 -22585 4770 -863 END
START 3440 -5608 32767 -20276 4137 -1259 END
START 3072 -5212 32767 -17944 3547 -1592 END
START 2536 -5180 32767 -15557 3100 -1802 END
START 1964 -5072 32767 -13284 2694 -1943 END
START 1500 -5120 32767 -10892 2336 -1992 END
START 1060 -5160 32767 -8630 2032 -1921 END
START 480 -4936 32767 -6461 1756 -1728 END
START -20 -4620 32767 -4474 1501 -1474 END
START -164 -4400 32767 -2477 1256 -1145 END
START -296 -4208 32767 -752 1188 -773 END
START -564 -3992 32767 861 1124 -378 END
START -816 -3944 32767 2331 1013 15 END
START -896 -3580 32767 3630 859 423 END
START -864 -3324 32767 4830 698 865 END
START -740 -3064 32767 5885 550 1282 END
START -556 -2808 32767 6890 540 1702 END
START -304 -2656 32767 7740 495 2108 END
START -8 -2432 32767 8620 469 2519 END
START 68 -2156 32767 9396 517 2794 END
START 372 -1792 32767 10131 508 3034 END
START 688 -1492 32767 10814 587 3264 END