START 32767 9572 -4408 1451 -19355 14913 END
START 32767 6548 880 -3997 -11118 12451 END
START 32767 2080 13248 -2975 -8712 7843 END
START 31640 3484 21204 -773 -13580 4944 END
START 32767 3488 31964 1881 -15606 -150 END
START 32767 2856 32767 4748 -8996 -7715 END
START 32767 128 32767 8465 -2225 -13615 END
START 28684 -1532 32767 12622 586 -16424 END
START 24364 -2948 32767 16439 2728 -18206 END
START 20228 -3684 29712 19577 4042 -20522 END
START 14368 -5560 23280 21754 3978 -23179 END
START 8948 -7176 17180 23395 2913 -24502 END
START 4224 -7996 11464 24087 1840 -24801 END
START -244 -8672 6000 23720 709 -24148 END
START -4400 -8844 1684 22461 -2178 -22262 END
START -7604 -8560 -2544 21310 -6793 -19521 END
START -8828 -7544 -7148 19152 -12264 -16237 END
START -8828 -6660 -11844 15600 -16057 -12845 END
START -8860 -5896 -15408 10466 -17847 -8635 END
START -8692 -4532 -17564 4457 -15583 -4492 END
START -8968 -3596 -19548 -2118 -11421 267 END
START -7820 -2208 -20740 -9280 -5309 4823 END
START -6960 -2040 -20852 -16345 220 8834 END
START -4944 -1912 -20508 -23173 3606 11400 END
START -2312 -2480 -16892 -29538 4997 11965 END
START 216 -2484 -11496 -32768 6177 10599 END
START 652 -2568 -6328 -32768 6036 9177 END
START 896 -2204 -776 -32768 6244 9573 END
START 2076 -3316 12268 -32768 5913 12798 END
START 13012 -2668 32767 -32768 6531 15265 END
START 22776 -804 32767 -32768 2786 9422 END
START 25568 804 32767 -24034 -10703 1147 END
START 30344 2028 32767 -14301 -23769 -4094 END
START 32767 4000 32767 -8051 -12803 -6763 END
START 32767 4852 32767 -2127 8359 -8240 END
START 32767 5636 32767 4365 14861 -10732 END
START 29480 4844 32767 11621 9952 -15618 END
START 23584 2852 32767 18598 92 -21776 END
START 17620 252 31312 22451 -6283 -25331 END
START 14016 -1428 24044 24779 -7592 -26662 END
START 11700 -1896 18036 25363 -6171 -28127 END
START 7848 -2972 12436 24997 -2951 -29710 END
START 1644 -4404 8308 24486 -2613 -29531 END
START -2384 -4484 4776 24308 -3924 -27017 END
START -4612 -4624 1020 23638 -4825 -23836 END
START -5292 -4036 -3840 21353 -6148 -20348 END
START -4896 -3716 -6800 18237 -5663 -17333 END
START -5052 -3540 -10204 14015 -2484 -14781 END
START -6936 -3840 -12524 8579 1522 -11280 END
START -8540 -3852 -13288 3583 3818 -7308 END
START -8636 -4044 -15408 -892 4808 -3209 END
START -6712 -3696 -18424 -7092 3849 113 END
START -3772 -3672 -18184 -13388 3760 980 END
START -2024 -4592 -18684 -19158 6035 886 END
START -1452 -5624 -20616 -24847 7812 341 END
START -1956 -6396 -22116 -31012 6554 -360 END
START -2424 -7932 -22160 -32768 3722 -1267 END
START -3344 -10880 -21448 -32768 1111 -1394 END
START -4304 -14616 -18816 -32768 -1669 -234 END
START -3628 -18500 -13652 -32768 -459 2531 END
START 1888 -24212 -1924 -32768 12366 5445 END
START -728 -32048 26300 -32768 28789 5540 END
START -932 -32768 32767 -32768 24187 3695 END
START -7140 -30456 32767 -32768 -2730 -5341 END