START 13732 7072 -12596 5340 -881 3054 END
START 11348 736 -19636 1144 366 1509 END
START -1328 -1548 -12160 -3632 -1241 1670 END
START -4140 -2740 -11412 -8131 -1238 1979 END
START 824 -3620 -15260 -11540 -3747 1652 END
START -96 -4808 -14028 -15455 -4590 1853 END
START -792 -5756 -12856 -19252 -4600 2191 END
START 104 -7192 -13492 -23630 -3408 2644 END
START -1016 -8992 -12020 -28202 -3359 3927 END
START -1000 -10892 -10608 -32768 -2915 5809 END
START -220 -12116 -7708 -32768 -1324 6968 END
START -1700 -13292 -3668 -32768 948 7269 END
START -4120 -13028 1172 -32768 1300 9128 END
START -4832 -11524 10612 -32768 -191 12835 END
START 1480 -8476 26672 -32768 -1139 15575 END
START 10540 -4696 32767 -32768 1320 13681 END
START 13108 -2316 32767 -32768 3085 7852 END
START 8460 -1072 32767 -31556 -1377 4829 END
START 6840 808 32767 -21418 -6089 7679 END
START 14068 3084 32767 -9611 -5264 11553 END
START 24068 6292 32767 2751 413 11488 END
START 28876 8232 32767 12123 5281 7314 END
START 27548 7052 32767 20095 5036 1883 END
START 24620 4496 32767 25479 227 -2847 END
START 21508 524 32767 29676 -4399 -7136 END
START 17444 -2956 32767 32767 -6498 -10728 END
START 12332 -5988 28072 32767 -8394 -12964 END
START 9564 -7808 20184 32767 -9855 -13919 END
START 8500 -8900 12088 32767 -9521 -14863 END
START 7916 -8356 4808 32767 -8356 -15642 END
START 6484 -7696 -808 32767 -7480 -16626 END
START 5620 -6488 -4056 29978 -6803 -17703 END
START 4140 -5840 -6052 25983 -5842 -18923 END
START 1984 -5640 -8348 22532 -5973 -19481 END
START 604 -5072 -10492 18787 -7875 -19693 END
START -644 -4904 -11808 14762 -10611 -19323 END
START -2160 -4860 -12544 10541 -13213 -17807 END
START -2052 -4288 -12436 5612 -13681 -16075 END
START -2572 -4352 -12340 306 -11972 -14287 END
START -3312 -4348 -12524 -4863 -9466 -11756 END
START -3472 -4044 -13328 -10722 -7263 -8743 END
START -2792 -4264 -13500 -17639 -5405 -6702 END
START -2460 -5028 -12912 -24694 -3600 -5400 END
START -3720 -6176 -11572 -31463 -2972 -4239 END
START -5672 -7200 -9620 -32768 -1528 -2517 END
START -8920 -8168 -6468 -32768 -22 1009 END
START -13140 -9200 508 -32768 287 6496 END
START -13336 -10588 16112 -32768 -2194 13182 END
START -4168 -11988 32767 -32768 -1288 17523 END
START 5080 -7848 32767 -32768 2104 15172 END
START 976 -4284 32767 -29119 3270 10025 END
START -3964 -2256 32767 -17477 -2149 12178 END
START 2136 1464 32767 -5979 -6004 15490 END
START 9264 3716 32767 3490 -3667 16981 END
START 18536 4784 32767 11855 1297 15101 END
START 23616 5040 32767 19220 5055 9170 END
START 22584 3492 32767 25900 4531 2447 END
START 18628 800 32767 32036 1262 -2850 END
START 14728 -1484 29196 32767 -4083 -6192 END
START 14068 -2524 20900 32767 -8689 -9739 END
START 11912 -3448 12448 32767 -10781 -13387 END
START 10068 -4048 5452 32767 -10950 -15991 END
START 8304 -4168 -88 32767 -8819 -18157 END
START 6408 -4344 -4660 32767 -6279 -19547 END
START 3744 -4448 -8148 28226 -4541 -20193 END
START 1916 -5080 -10108 23980 -4525 -19949 END
START 344 -5088 -12876 19977 -6284 -19513 END
START -1568 -5176 -14820 15106 -9923 -18843 END
START -2260 -4744 -14952 10203 -13093 -18018 END
START -2316 -4284 -15176 4330 -12555 -17325 END
START -3284 -4328 -16360 -2434 -9707 -15812 END
START -3864 -4896 -17244 -9763 -6687 -13052 END
START -4456 -5196 -18868 -17383 -4660 -9783 END
START -4548 -6388 -19076 -25776 -5157 -6405 END
START -1468 -7896 -18004 -32768 -6584 -4595 END
START 868 -10000 -16564 -32768 -4979 -4081 END
START 2616 -12600 -16684 -32768 -1017 -4071 END
START 1596 -16484 -16112 -32768 4995 -4875 END
START -3508 -22152 -10376 -32768 6968 -5951 END
START -9968 -28464 -1680 -32768 -268 -4673 END
START -16320 -32768 23808 -32768 -9852 63 END
START -11168 -32768 32767 -32768 -5020 7900 END