START 27272 1872 20736 -9268 5390 7958 END
START 25860 -5896 26852 -3544 381 3499 END
START 16112 -7924 32767 502 -6634 -1044 END
START 12824 -9800 32767 6240 -10654 -3691 END
START 16584 -10056 32767 11485 -6969 -4163 END
START 16200 -9876 32767 16609 -2069 -4296 END
START 15364 -9016 32767 21036 47 -5145 END
START 16852 -8040 28512 24316 27 -6983 END
START 18052 -6756 22632 26183 -1225 -10215 END
START 18244 -6812 19272 27547 -2499 -15291 END
START 15604 -8132 16876 29663 -4322 -20558 END
START 10668 -9780 12412 31627 -7549 -24772 END
START 6816 -10416 8284 31845 -11748 -26681 END
START 5904 -10240 4312 31117 -12424 -27431 END
START 5308 -9544 -1556 27932 -6538 -27331 END
START 4612 -8984 -7952 22266 1536 -26636 END
START 2256 -8760 -11616 16156 8085 -25217 END
START -1824 -7904 -15556 10609 9547 -22211 END
START -4256 -6164 -17196 5422 5709 -18906 END
START -4712 -4432 -17964 830 258 -16459 END
START -3444 -2492 -18880 -3947 -3686 -14699 END
START -1632 -288 -19824 -10377 -3880 -13906 END
START -3016 1552 -20772 -18559 -1076 -12909 END
START -5256 2264 -19508 -26787 533 -10838 END
START -6900 2812 -17588 -32768 -722 -8209 END
START -9200 2996 -12544 -32768 -3034 -5148 END
START -8784 1164 -212 -32768 -2969 -546 END
START -3388 -2484 19684 -32768 4515 2397 END
START -288 -7272 32767 -32768 16665 1544 END
START -11576 -11712 32767 -32768 12811 -3734 END
START -18740 -11256 32767 -14619 -8664 -3367 END
START -10876 -6468 32767 -2014 -4681 3154 END
START -7100 -4168 32767 1729 19094 11688 END
START -5264 -3252 32767 10073 29041 17383 END
START 2096 -2644 32767 23073 19632 15588 END
START 2904 -1688 32767 32767 4505 8423 END
START 3380 -2652 32767 32767 -6204 4709 END
START 6084 -2280 21552 32767 -10798 2609 END
START 9252 -1660 9596 32767 -12566 1259 END
START 12748 1024 84 32767 -14004 -981 END
START 13984 3136 -5348 32767 -14968 -5451 END
START 12692 3776 -8120 32767 -17391 -10516 END
START 10172 3912 -9936 30376 -19319 -15241 END
START 6668 3052 -11444 26525 -20935 -18429 END
START 4224 2028 -12416 22848 -22258 -19691 END
START 3100 1236 -14136 17143 -18350 -19427 END
START 1312 -96 -14144 10666 -14095 -18152 END
START -180 -1156 -13696 5222 -11619 -16308 END
START -1756 -1928 -14264 42 -10577 -13685 END
START -2392 -2244 -14756 -5400 -11616 -11135 END
START -1744 -2732 -13796 -10909 -14224 -8903 END
START 1752 -2820 -12732 -16179 -13983 -8032 END
START 4092 -3272 -12060 -21165 -11702 -9005 END
START 4916 -4296 -11900 -25853 -9311 -10739 END
START 4604 -5352 -14608 -31064 -8838 -11966 END
START 5640 -6532 -17100 -32768 -8379 -13916 END
START 4744 -9472 -18176 -32768 -4393 -15995 END
START 3472 -13824 -19084 -32768 5473 -17992 END
START -1652 -21804 -14364 -32768 15127 -21517 END
START -13196 -32428 6464 -32768 20470 -25516 END
START -32768 -32768 32767 -32768 19735 -22975 END
START -32768 -32768 32767 -32768 13160 -9455 END
START -31524 -32768 32767 -32768 -3205 -2566 END