START 6172 3884 4000 -13281 7139 11122 END
START 10064 -3060 3412 -13460 8765 11756 END
START 13820 -3244 4960 -16422 10792 11994 END
START 8268 -4108 13384 -18905 12848 9990 END
START 9260 -5016 18016 -18552 8330 7453 END
START 11284 -5180 24364 -15407 1021 4902 END
START 13568 -4020 28552 -11363 -3053 2773 END
START 14980 -2908 32420 -9372 -2736 268 END
START 15192 -2696 32767 -8393 554 -1536 END
START 15576 -2556 32767 -5910 3775 -2514 END
START 13972 -2916 32767 -1330 4722 -3604 END
START 11352 -3260 32767 4515 1037 -4475 END
START 10908 -3564 32767 10814 -5375 -5370 END
START 11872 -3964 32767 16737 -9802 -7230 END
START 12876 -3816 32767 20913 -11069 -9196 END
START 12532 -4444 32767 22377 -7280 -11543 END
START 9320 -5952 32767 23205 -2528 -12698 END
START 6100 -7184 30564 24319 -1283 -12755 END
START 3952 -8096 28712 26490 -3601 -13403 END
START 1168 -8988 26340 29569 -7066 -14456 END
START -1356 -9524 21620 31922 -11025 -14480 END
START -1740 -8912 16460 32655 -12060 -14161 END
START -2608 -8084 10908 31549 -11026 -13586 END
START -3380 -7048 6204 29466 -9152 -12781 END
START -4332 -5892 2572 27039 -8447 -11459 END
START -4312 -4736 -968 24406 -8580 -10213 END
START -4276 -3124 -4340 21267 -8260 -8838 END
START -3860 -1752 -7444 17182 -7001 -7426 END
START -2792 -972 -9248 12985 -5617 -6290 END
START -1060 -360 -11348 8604 -4595 -5713 END
START 632 236 -11732 4023 -3030 -6286 END
START 488 228 -11240 574 -2160 -7025 END
START -416 -24 -11344 -2197 -2403 -7310 END
START -704 -300 -12392 -5441 -3414 -7191 END
START -752 -444 -12604 -9309 -4461 -6612 END
START -488 -800 -11952 -13674 -3190 -6052 END
START -492 -1560 -12136 -18238 -1399 -5140 END
START 660 -2232 -10756 -23525 1014 -4654 END
START 360 -2896 -8952 -27964 2535 -4571 END
START -68 -3320 -5640 -31237 420 -3706 END
START 1100 -2740 -1752 -32768 -1604 -2734 END
START 4112 -1796 5464 -32768 -340 -1742 END
START 8496 -684 16336 -32768 3670 -1669 END
START 12536 -384 30396 -32768 8496 -4671 END
START 10220 -1580 32767 -32768 9718 -9176 END
START 3400 -2836 32767 -28348 5374 -11073 END
START -1648 -2768 32767 -21213 4777 -10282 END
START -6932 -2824 32767 -13886 10301 -6242 END
START -9220 -1056 32767 -5660 12366 -1437 END
START -6284 612 32767 2714 10370 584 END
START -4596 1316 32767 10255 5700 502 END
START -3392 1268 32767 16826 -549 308 END
START -744 816 32767 21603 -4635 -239 END
START 1868 -564 32767 25318 -4889 -1289 END
START 2384 -1524 31456 28747 -3743 -2512 END
START 1624 -2596 23940 31427 -3261 -3178 END
START 2192 -2352 15796 31994 -5178 -3799 END
START 2140 -2076 11212 31865 -7442 -5620 END
START 880 -1996 7268 31621 -9980 -7147 END
START -468 -2076 3500 31356 -12189 -8096 END
START -1388 -1572 520 30452 -13133 -8681 END
START -2216 -1464 -3476 28695 -11802 -8533 END
START -3040 -772 -8292 24640 -9733 -7128 END
START -3012 -24 -11348 19334 -8906 -5680 END
START -2216 776 -12528 13287 -6807 -4518 END
START -2016 952 -13224 7403 -4621 -3501 END
START -948 1180 -12504 2303 -3622 -3065 END
START -104 1304 -11628 -1742 -3025 -3518 END
START 456 1160 -11200 -4977 -2906 -4215 END
START 1348 1052 -11360 -8310 -2330 -5571 END
START 1660 372 -12272 -12289 -1568 -7058 END
START 1040 -900 -12676 -16710 -2280 -7794 END
START 1092 -1796 -12832 -21180 -3515 -7830 END
START 3296 -2932 -12084 -26346 -4142 -8239 END
START 5480 -4788 -11920 -31664 -3252 -9813 END
START 7624 -6908 -12508 -32768 -1955 -11827 END
START 8676 -10080 -11596 -32768 1752 -14274 END
START 7636 -13000 -11992 -32768 5097 -16097 END
START 4536 -18368 -7244 -32768 7140 -19163 END
START -2556 -24412 8376 -32768 6615 -20337 END
START -11392 -28768 25580 -32768 5203 -17000 END