START 18240 6848 -10816 9546 90 3108 END
START 5016 -1100 -10672 5048 -2979 1295 END
START 1800 -4548 -11788 -2000 -4544 763 END
START -1708 -6480 -10172 -8371 -6796 1916 END
START 112 -7944 -10420 -13941 -7315 3801 END
START 848 -8080 -9404 -18657 -4515 4928 END
START 1760 -7572 -10284 -23654 375 4481 END
START 536 -7928 -11212 -29399 4878 4355 END
START -64 -8132 -11168 -32768 7372 4899 END
START 996 -8128 -9708 -32768 7747 3970 END
START 1096 -8408 -6700 -32768 7383 1736 END
START -100 -8784 -3060 -32768 8562 14 END
START -4232 -8216 1920 -32768 9136 260 END
START -3940 -6516 12700 -32768 9775 1674 END
START 2916 -7108 32767 -32768 13855 1152 END
START 7000 -6352 32767 -32768 17898 -3864 END
START 584 -5180 32767 -32768 15256 -10419 END
START -7416 -4768 32767 -19180 3046 -10979 END
START -6316 -4508 32767 -4509 -3533 -6723 END
START -2776 -3656 32767 8187 -281 -2029 END
START 2032 -2996 32767 17966 2266 623 END
START 5216 -3484 32767 25974 2881 545 END
START 6628 -4892 32767 31148 1289 -864 END
START 7304 -6652 32767 32767 -539 -2688 END
START 8672 -8236 28796 32767 -2163 -4836 END
START 9840 -8496 18776 32767 -2881 -7461 END
START 11416 -7308 8676 32767 -1759 -10222 END
START 11680 -6096 2136 32767 1027 -13691 END
START 11544 -6124 -2652 29615 3449 -17600 END
START 9380 -7088 -6096 26102 3441 -21875 END
START 4764 -8112 -8948 23640 -585 -24532 END
START 1148 -8700 -10508 21536 -6504 -24772 END
START -1080 -8568 -15232 17270 -10836 -22688 END
START -904 -8164 -18968 8560 -11809 -20375 END
START -2592 -8876 -19768 -623 -8180 -18128 END
START -6844 -9352 -19536 -9969 -5840 -13762 END
START -7104 -9412 -18360 -16787 -7599 -9055 END
START -5600 -8952 -18212 -23676 -9441 -5886 END
START -3224 -8932 -16412 -31429 -9423 -3922 END
START -2736 -8964 -11556 -32768 -9928 -3398 END
START -3376 -8204 -2616 -32768 -9004 -2678 END
START -1364 -7940 13512 -32768 -4495 -2285 END
START -2552 -9352 32767 -32768 -237 -5120 END
START -5408 -13648 32767 -32768 -6294 -10358 END
START -9456 -14516 32767 -21783 -10825 -14890 END
START -18036 -13452 32767 -4816 -5896 -10578 END
START -18516 -10332 32767 6835 3865 1387 END
START -10336 -7460 32767 16307 9520 9973 END
START -156 -6328 32767 26221 8098 11285 END
START 6388 -6284 32767 32767 4190 6163 END
START 6800 -7616 32767 32767 -777 797 END
START 8032 -7492 25832 32767 -4712 -3968 END
START 6796 -8556 17168 32767 -7632 -8138 END
START 6300 -9168 10672 32767 -10043 -10319 END
START 8672 -7552 -268 32767 -8522 -12452 END
START 8292 -5980 -9164 32767 -6025 -14984 END
START 6032 -4292 -14996 31545 -6363 -16460 END
START 4812 -4504 -17060 24315 -9008 -18184 END
START 3540 -5004 -17688 17989 -11698 -19006 END
START 3120 -4752 -18108 12245 -12589 -18829 END
START 2476 -4764 -19004 6393 -13458 -18842 END
START 3208 -3820 -19976 -359 -11883 -19042 END
START 2040 -3920 -20172 -9140 -8052 -18714 END
START 1120 -4360 -17744 -16604 -5913 -18055 END
START 756 -4816 -15664 -22063 -7074 -18178 END
START 1452 -5840 -15984 -27248 -10324 -18610 END
START 3104 -6456 -15188 -32768 -12918 -19714 END
START 3100 -8040 -13788 -32768 -11990 -21511 END
START -788 -11732 -11584 -32768 -8433 -22079 END
START -8884 -18168 -4300 -32768 -8406 -19138 END
START -17576 -24672 14236 -32768 -10403 -12661 END