START 11324 5288 -9420 9917 388 2970 END
START 48 1432 -11140 4654 -5142 3132 END
START -2112 -88 -7716 -220 -5809 3060 END
START -260 -136 -7072 -4791 -2987 3322 END
START 1960 -564 -8572 -8869 416 3152 END
START -4 -592 -8748 -12951 1754 3053 END
START 296 -1216 -9588 -17851 3909 2435 END
START -2112 -2856 -9936 -22957 4592 2812 END
START -2676 -4128 -10168 -27840 2802 4198 END
START -2452 -6016 -8832 -32768 1181 5888 END
START -544 -8304 -7128 -32768 1584 7004 END
START 656 -10336 -2900 -32768 5275 7238 END
START 1144 -11532 4860 -32768 7127 7283 END
START 2340 -11672 18748 -32768 5249 7382 END
START 2008 -10556 32767 -32768 759 7381 END
START 4400 -9232 32767 -32768 -5688 5840 END
START 8680 -7252 32767 -26790 -10074 4416 END
START 13200 -4000 32767 -11915 -6943 2573 END
START 14020 -2424 32767 1805 -3218 1223 END
START 15332 -2552 32767 15257 -392 -363 END
START 16772 -4720 32767 27964 2977 -1858 END
START 17444 -6948 32767 32767 3812 -3709 END
START 18844 -9852 32767 32767 2074 -7666 END
START 17008 -12616 26824 32767 -351 -12614 END
START 13976 -14572 15260 32767 -3113 -17134 END
START 11236 -14640 4916 32767 -4464 -20551 END
START 7668 -14056 -2656 32767 -5147 -22269 END
START 5188 -11552 -9020 32767 -4831 -21779 END
START 3956 -8856 -11588 30719 -5049 -20658 END
START 2120 -5852 -12824 24969 -6233 -19947 END
START 1128 -3572 -14284 19523 -8018 -19465 END
START -364 -2204 -14136 14193 -10630 -19123 END
START -1976 -2480 -13320 9815 -13927 -18195 END
START -3052 -1748 -13632 5179 -16651 -15509 END
START -2784 -1560 -13700 -912 -16993 -12718 END
START -2280 -1668 -13136 -7605 -14533 -9908 END
START -1900 -2164 -12060 -14137 -10794 -7775 END
START -1508 -3516 -11488 -19839 -8164 -6377 END
START -1724 -4256 -11932 -25646 -6860 -5612 END
START -1928 -5840 -11296 -31501 -6173 -5270 END
START -3668 -6588 -10436 -32768 -4511 -4250 END
START -7200 -7216 -8812 -32768 -505 -2115 END
START -12084 -6948 -3884 -32768 929 2068 END
START -9948 -9616 17504 -32768 2367 5871 END
START -2224 -13292 32767 -32768 5853 4516 END
START 1648 -11420 32767 -32768 11464 -5497 END
START -17024 -11836 32767 -17434 2351 -10461 END
START -19964 -8508 32767 -1285 -9352 -51 END
START -4676 -2812 32767 11266 -1552 7970 END
START 6504 -68 32767 20732 7218 9795 END
START 13340 260 32767 28297 9972 6181 END
START 13072 -396 32767 32767 7834 -84 END
START 9396 -2448 31292 32767 2325 -5279 END
START 7116 -3820 22564 32767 -2814 -8399 END
START 5660 -4516 15240 32767 -6177 -10935 END
START 4800 -4740 8644 32767 -8033 -13246 END
START 4460 -4404 2776 32767 -7564 -15421 END
START 3636 -4028 -1924 32767 -6141 -16954 END
START 3152 -3280 -5820 32767 -4771 -17724 END
START 1396 -2848 -6672 28559 -6478 -18517 END
START 192 -2656 -6920 24947 -9644 -18377 END
START 504 -2616 -7792 22008 -11954 -18309 END
START 752 -1888 -9792 18132 -11745 -18576 END
START 820 -1644 -11752 12980 -8959 -19121 END
START 268 -1944 -14760 7144 -6641 -19661 END
START -2344 -2652 -17028 1284 -7255 -18687 END
START -2720 -2516 -19456 -5078 -10402 -16846 END
START -1360 -2848 -22212 -14099 -13221 -15547 END
START 1108 -5000 -22348 -24100 -16574 -14538 END
START 5440 -8032 -22864 -32768 -16410 -14138 END
START 7460 -11340 -22996 -32768 -11995 -13914 END
START 8088 -16708 -22528 -32768 -8799 -14105 END
START 4356 -21852 -17360 -32768 -9761 -12520 END
START -2696 -23840 -4428 -32768 -11205 -9608 END
START -5052 -29084 8816 -32768 -6371 -6093 END
START -8116 -32768 24884 -32768 -569 -7462 END