START 32767 588 -32768 11350 22362 9293 END
START 5028 9836 -4304 7255 -655 5976 END
START -9996 5860 4096 3336 -8984 4099 END
START 3440 7044 -4780 -2997 -4992 3211 END
START 11748 5648 -7332 -9072 -2073 611 END
START 7020 4468 -4960 -13713 779 390 END
START 3036 4596 -3460 -19044 1800 -112 END
START 332 1972 -1908 -24901 4599 -1015 END
START 440 -548 -3756 -29941 6030 -635 END
START -328 -3040 -2172 -32768 6844 -5 END
START -1816 -4076 508 -32768 6347 788 END
START -5136 -5432 2472 -32768 4707 -220 END
START -6180 -6988 7616 -32768 1480 918 END
START -5640 -6960 13972 -32768 1308 3435 END
START -4736 -6144 24724 -32768 2700 6393 END
START -1772 -5668 32767 -32768 7076 7526 END
START -1448 -5552 32767 -32768 8338 7432 END
START -2452 -5236 32767 -23570 7226 5495 END
START -6752 -5292 32767 -9587 991 3911 END
START -8808 -5040 32767 3110 -8037 5159 END
START -6060 -3536 32767 13305 -14153 7097 END
START -1200 -4524 32767 22866 -14213 7693 END
START 2424 -5036 32767 31273 -11288 7524 END
START 5920 -5144 32767 32767 -8191 4918 END
START 6904 -3676 22996 32767 -6114 351 END
START 8308 -3056 15064 32767 -5823 -5327 END
START 7252 -2552 7920 32767 -6846 -10191 END
START 6152 -1344 1272 32767 -8647 -14097 END
START 4024 -964 -4408 32767 -9099 -16223 END
START 3040 564 -9864 30336 -5428 -16504 END
START 3512 1752 -14248 20691 -616 -16420 END
START 972 1648 -14256 11661 1321 -16098 END
START -52 2236 -13376 3784 838 -15984 END
START 272 2272 -12572 -2180 -567 -16393 END
START 1360 1524 -10836 -7789 -1866 -17437 END
START -2060 -216 -8944 -13485 -1096 -17081 END
START -4916 -1084 -7016 -20485 96 -14624 END
START -5660 -1024 -6476 -27429 212 -11426 END
START -5832 -1980 -6380 -32768 -1817 -9150 END
START -2832 -5220 328 -32768 -5701 -8786 END
START -2148 -7356 8956 -32768 -3356 -8083 END
START -5288 -7884 15284 -32768 1462 -5665 END
START -9620 -8316 21380 -32768 5182 -1729 END
START -11332 -10408 32767 -32768 10513 3575 END
START -13096 -14172 32767 -32768 14412 7730 END
START -12440 -14256 32767 -28456 15827 8606 END
START -18588 -13920 32767 -9011 6081 8025 END
START -18832 -11268 32767 7675 -8715 9876 END
START -14856 -9556 32767 18399 -16481 13357 END
START -6936 -9196 32767 26728 -15806 16920 END
START 652 -8988 32767 32767 -12475 17554 END
START 8700 -7964 31164 32767 -8713 13665 END
START 12452 -6436 23072 32767 -6980 6265 END
START 11464 -4616 14824 32767 -8306 -1906 END
START 11940 -3376 7632 32767 -10767 -8876 END
START 13728 -1456 1528 32767 -8964 -16317 END
START 11592 -1252 -2484 32767 -3335 -21870 END
START 9276 352 -8544 32767 3829 -25114 END
START 5556 1056 -13656 26012 9340 -25557 END
START 2136 2492 -18468 16331 7509 -25157 END
START 552 4096 -21268 6056 -2527 -25235 END
START 1196 3168 -19272 -3999 -12890 -27815 END
START 712 756 -16044 -14252 -13316 -28448 END
START -1228 -644 -15112 -24395 -8199 -27720 END
START -4140 -3796 -12652 -32768 -5457 -26856 END
START -4836 -6960 -7528 -32768 -5815 -25122 END
START -3040 -9796 -2508 -32768 -5806 -24486 END
START -5496 -11656 3884 -32768 -3219 -24103 END
START -12596 -14880 11608 -32768 1471 -20706 END
START -21548 -18648 23324 -32768 3860 -13246 END
START -24468 -22404 32767 -32768 3522 -5201 END
START -25200 -25252 32767 -30885 -1869 973 END