START 5192 5500 -13028 5427 5439 8817 END
START 7964 -2232 -14340 2148 3138 8336 END
START 4080 -4036 -12332 -2397 2530 8457 END
START 1828 -4192 -10832 -6676 1597 8641 END
START 912 -4672 -10440 -10555 730 8219 END
START 640 -5136 -11924 -15146 723 8758 END
START 2520 -4860 -13172 -21627 822 9023 END
START 3856 -5832 -10464 -28223 3680 8050 END
START 2960 -6044 -7264 -32768 7299 7085 END
START -100 -6884 -3096 -32768 8605 6435 END
START -4016 -6988 2784 -32768 5467 7456 END
START -4004 -5628 13376 -32768 -1197 10632 END
START 6740 -2988 32660 -32768 -1145 10396 END
START 10348 -1092 32767 -32768 2434 4997 END
START 9244 1384 32767 -23602 5935 318 END
START 5740 2236 32767 -17326 8715 184 END
START 4596 2372 32767 -9498 9162 2164 END
START 5676 2752 32767 1774 6156 3575 END
START 10212 3192 32767 12777 1966 2720 END
START 12188 3112 32767 20661 -1307 -581 END
START 11812 1904 32767 25293 -3273 -4488 END
START 10068 -284 32767 28418 -3993 -7281 END
START 9504 -2052 28120 31175 -3632 -9172 END
START 7716 -3224 20740 32625 -3809 -10737 END
START 6324 -3604 15376 32767 -5434 -12121 END
START 5176 -3736 10584 32767 -7323 -13086 END
START 4932 -3256 6224 32452 -9007 -14384 END
START 4732 -2332 1200 30128 -9972 -15456 END
START 4232 -1592 -1788 26609 -9864 -15916 END
START 3052 -952 -3780 22952 -9819 -16213 END
START 1336 -764 -5424 19833 -10156 -16088 END
START -524 -1136 -6608 16801 -11163 -15373 END
START -2804 -1860 -9004 14241 -14227 -13610 END
START -6076 -2792 -12024 10584 -19667 -9724 END
START -9168 -3700 -16264 5036 -27366 -4141 END
START -11208 -4196 -20272 -3111 -32768 2105 END
START -7084 -4728 -20404 -14419 -32768 7903 END
START -48 -5344 -16196 -27963 -29501 13053 END
START 5036 -6460 -8368 -32768 -4283 14664 END
START 924 -6528 -1184 -32768 16560 13930 END
START -4688 -8212 8156 -32768 18983 11317 END
START -6620 -9352 23820 -32768 6855 9754 END
START -88 -7632 32767 -32768 -3574 9265 END
START 6756 -2452 32767 -32768 -904 7845 END
START 8304 1996 32767 -26291 10621 7684 END
START 9904 6120 32767 -18639 22818 9231 END
START 13312 8608 32767 -10667 27231 7935 END
START 14284 8124 32767 216 21489 2087 END
START 12484 6248 32767 12081 9804 -4562 END
START 10332 3512 32767 20773 2056 -8344 END
START 10088 1144 32767 25870 1678 -9266 END
START 10784 -824 30812 28524 5811 -9256 END
START 10116 -2452 24104 30620 7698 -10026 END
START 9304 -3940 17368 32767 6084 -11841 END
START 8404 -4384 10208 32767 2947 -14008 END
START 7296 -3452 2024 32767 -957 -14946 END
START 6152 -2128 -2328 29386 -4079 -16123 END
START 4576 -1488 -4396 25647 -5072 -17136 END
START 3296 -1128 -6672 22112 -5266 -17326 END
START 3012 -1208 -8500 18845 -5820 -17613 END
START 2416 -792 -11112 15019 -6560 -18190 END
START 1380 -584 -15964 8989 -6392 -18106 END
START 268 -556 -17052 843 -8599 -17706 END
START -1608 -1620 -14820 -5481 -9222 -16637 END
START -2764 -2684 -14072 -12178 -8769 -13642 END
START -2748 -2924 -12572 -18980 -5921 -10766 END
START -2824 -3576 -11616 -27225 233 -9671 END
START -5124 -5240 -12004 -32768 3564 -10276 END
START -6892 -8480 -7828 -32768 5600 -12883 END
START -12352 -12412 -560 -32768 8077 -13664 END
START -18372 -14628 13340 -32768 7185 -12841 END