START 16768 -416 27896 -19071 7809 13349 END
START 23052 -5340 14320 -17392 8704 13043 END
START 18084 -612 27472 -18980 7506 12653 END
START 19768 -1404 30928 -18080 8057 12167 END
START 21128 -1432 30780 -17713 7171 11364 END
START 20412 -1476 32767 -17397 7126 10522 END
START 23480 -1612 32360 -16786 6634 9472 END
START 21204 -2068 32767 -15859 6671 8486 END
START 23264 -1516 32767 -14911 6299 7489 END
START 20480 -1664 32767 -13445 5923 6543 END
START 21472 -1424 32767 -11967 5425 5661 END
START 19424 -1392 32767 -10393 4750 4938 END
START 19584 -1072 32767 -8777 4075 4288 END
START 18836 -944 32767 -7303 3285 3751 END
START 18564 -488 32767 -6042 2793 3302 END
START 19168 -176 32767 -4729 2349 2777 END
START 18736 -256 32767 -3554 2225 2245 END
START 19000 -340 32767 -2498 1995 1782 END
START 18028 -608 32767 -1565 1298 1295 END
START 18432 -512 32767 -666 271 758 END
START 18200 -740 32767 228 -292 168 END
START 18596 -716 32767 1073 -498 -340 END
START 18200 -864 32767 1877 -786 -770 END
START 18496 -1028 32767 2703 -1018 -1136 END
START 18304 -1328 32767 3560 -1263 -1541 END
START 18408 -1508 32767 4408 -1509 -1910 END
START 18616 -1692 32767 5332 -1713 -2268 END
START 18724 -1764 32767 6335 -1878 -2704 END
START 18964 -2144 32767 7487 -2045 -3175 END
START 19052 -2380 32767 8632 -2163 -3705 END
START 19464 -2696 32767 9862 -2341 -4284 END
START 19500 -2972 32767 11141 -2591 -4952 END
START 19740 -3324 32767 12524 -2849 -5654 END
START 19608 -3528 32767 14000 -3257 -6508 END
START 19216 -3820 32767 15507 -3646 -7335 END
START 18752 -4028 32767 17079 -4242 -8208 END
START 18196 -4156 32767 18618 -4882 -9000 END
START 17500 -4428 32767 20187 -5632 -9782 END
START 16532 -4456 32767 21637 -6433 -10434 END
START 15780 -4648 32767 23071 -7212 -11094 END
START 14976 -4824 32767 24431 -8020 -11501 END
START 14176 -4900 32767 25649 -8656 -11885 END
START 13580 -5208 32767 26786 -9282 -12168 END
START 13408 -5272 32767 27943 -9822 -12438 END
START 13080 -5424 32767 28984 -10302 -12755 END
START 12924 -5532 32767 30130 -10682 -13033 END
START 12744 -5692 32767 31222 -11059 -13360 END
START 12572 -5756 32767 32367 -11405 -13664 END
START 12472 -5876 32767 32767 -11795 -13948 END
START 12396 -6116 32767 32767 -12056 -14270 END
START 12420 -6308 32767 32767 -12378 -14584 END
START 12328 -6484 32720 32767 -12655 -14935 END
START 12100 -6576 31500 32767 -12933 -15333 END
START 11772 -6772 30276 32767 -13280 -15680 END
START 11308 -6880 29104 32767 -13646 -16031 END
START 10912 -6876 27580 32767 -14045 -16318 END
START 10420 -7024 26264 32767 -14399 -16633 END
START 9908 -6968 24832 32767 -14806 -16877 END
START 9296 -7120 22876 32767 -15289 -17125 END
START 8716 -6976 21376 32767 -15770 -17339 END
START 8224 -6972 19800 32767 -16345 -17554 END
START 7924 -6988 18388 32767 -16906 -17770 END
START 7600 -6784 17004 32767 -17474 -17971 END
START 7104 -6792 15376 32767 -18067 -18151 END
START 6540 -6628 14160 32767 -18713 -18319 END
START 6076 -6476 12356 32767 -19335 -18474 END
START 5680 -6284 11212 32767 -19815 -18596 END
START 5468 -5884 9668 32767 -20197 -18770 END
START 5484 -5508 8192 32767 -20220 -18927 END
START 4932 -5864 6196 32767 -19940 -19000 END
START 4204 -5972 4924 32767 -19674 -19008 END
START 3872 -5820 3128 32767 -19330 -18881 END
START 3520 -5700 1388 32767 -18679 -18759 END
START 3172 -4708 -364 32767 -17671 -18586 END
START 2708 -3940 -1664 32767 -16698 -18406 END
START 2228 -3424 -2976 32767 -15811 -18133 END
START 1860 -2908 -3888 32767 -14924 -17886 END
START 1604 -2740 -5148 32767 -14027 -17640 END
START 1096 -2392 -6264 32767 -13201 -17348 END
START 532 -2340 -6792 32767 -12441 -16913 END
START 68 -2096 -7768 32767 -11856 -16468 END
START -308 -2140 -8336 31397 -11242 -15933 END
START -464 -2084 -9520 30069 -10639 -15330 END
START -604 -1680 -10452 28659 -10005 -14752 END
START -812 -1568 -11216 27214 -9216 -14143 END
START -912 -1116 -12532 25814 -8406 -13566 END
START -1052 256 -13892 24186 -7498 -13045 END
START -1600 840 -13940 22233 -6775 -12533 END
START -1800 1096 -14192 20268 -6310 -12030 END
START -1572 800 -14380 18236 -5640 -11556 END
START -1692 580 -14588 16505 -5015 -11069 END
START -1828 1380 -14360 14922 -4128 -10533 END
START -2304 1628 -13672 13291 -3579 -10015 END
START -2240 1992 -13156 11949 -3324 -9466 END
START -2392 1764 -12500 10695 -3124 -9061 END
START -2184 1808 -12168 9533 -2989 -8655 END
START -2160 1836 -11860 8557 -2989 -8352 END
START -2116 2112 -11568 7612 -3106 -8069 END
START -2160 2124 -10572 6714 -3399 -7762 END
START -2168 1660 -10132 6006 -3701 -7497 END
START -2152 1588 -9868 5430 -3981 -7195 END
START -2216 1692 -9396 4899 -4306 -6920 END
START -1980 1612 -9068 4486 -4694 -6612 END
START -1652 1744 -8944 4124 -5005 -6278 END
START -1436 1908 -8800 3799 -5260 -6002 END
START -780 1840 -8988 3428 -5473 -5759 END
START -240 1768 -9168 3000 -5613 -5569 END
START 84 1836 -9320 2572 -5688 -5438 END
START 616 1888 -9188 2045 -5707 -5334 END
START 928 1716 -9400 1508 -5786 -5326 END
START 1272 1692 -9632 925 -5806 -5329 END
START 1680 1740 -9812 282 -5734 -5410 END
START 1916 1564 -9860 -293 -5700 -5430 END
START 2248 1524 -10256 -904 -5524 -5480 END
START 2384 1428 -10072 -1605 -5270 -5590 END
START 2532 1504 -10456 -2295 -5081 -5722 END
START 2452 1444 -10420 -3058 -4810 -5815 END
START 2420 1240 -10460 -3830 -4597 -5946 END
START 2108 1132 -10776 -4580 -4362 -5982 END
START 1676 904 -10692 -5361 -4221 -5990 END
START 1196 860 -11080 -6079 -4060 -5928 END
START 804 980 -10928 -6832 -3953 -5778 END
START 216 924 -11232 -7627 -3902 -5561 END
START -136 920 -11172 -8440 -3951 -5299 END
START -256 1028 -11244 -9274 -3979 -4999 END
START -732 940 -11124 -10241 -4068 -4645 END
START -924 876 -11036 -11183 -4164 -4188 END
START -1164 872 -10940 -12091 -4244 -3713 END
START -1204 920 -10888 -13017 -4260 -3186 END
START -1048 772 -10480 -13889 -4202 -2613 END
START -732 720 -10116 -14945 -4098 -2089 END
START -352 620 -9940 -15619 -3956 -1613 END
START 36 552 -9744 -16479 -3742 -1232 END
START 376 460 -9356 -17266 -3514 -866 END
START 768 476 -9060 -18054 -3264 -580 END
START 948 324 -8536 -18808 -3002 -324 END
START 1192 248 -8208 -19541 -2754 -6 END
START 1304 120 -8000 -20260 -2457 261 END
START 1564 -16 -7592 -21016 -2197 546 END
START 1600 -88 -7496 -21741 -1944 808 END
START 2016 -224 -7088 -22489 -1660 1089 END
START 2364 -244 -6784 -23282 -1379 1312 END
START 2948 -228 -6412 -24058 -1166 1474 END
START 3716 -312 -5868 -24827 -903 1587 END
START 4296 -500 -5404 -25541 -707 1541 END
START 4852 -376 -4992 -26314 -493 1496 END
START 5156 -616 -4552 -26998 -322 1365 END
START 5336 -624 -3992 -27642 -189 1237 END
START 5504 -764 -3448 -28285 -54 1091 END
START 5528 -860 -3004 -28873 121 988 END
START 5460 -912 -2828 -29444 223 889 END
START 5600 -776 -2340 -30023 412 856 END
START 5820 -720 -1944 -30646 630 751 END
START 6032 -548 -1916 -31289 945 700 END
START 6032 -584 -1436 -31962 1237 605 END
START 6092 -372 -920 -32701 1558 516 END
START 6148 -404 -356 -32768 1773 449 END
START 6092 -296 408 -32768 2073 379 END
START 6156 -456 620 -32768 2380 286 END
START 5900 -380 1296 -32768 2739 253 END
START 5580 -560 1848 -32768 2978 184 END
START 5160 -592 2520 -32768 3081 208 END
START 4680 -476 3084 -32768 3095 285 END
START 4048 -340 3396 -32768 3007 364 END
START 3688 -108 3640 -32768 2823 471 END
START 3092 64 4020 -32768 2660 687 END
START 2656 152 4260 -32768 2421 938 END
START 2068 276 4696 -32768 2257 1250 END
START 1800 288 5188 -32768 2119 1665 END
START 1588 172 5660 -32768 2121 2149 END
START 1500 -40 6440 -32768 2331 2622 END
START 1860 -144 7120 -32768 2687 3102 END
START 2556 -416 8008 -32768 3340 3562 END
START 3460 -480 9032 -32768 4140 3914 END
START 4420 -872 9940 -32768 5222 4242 END
START 5464 -1036 11184 -32768 6447 4325 END
START 6940 -1220 11684 -32768 7922 4218 END
START 7912 -1360 13060 -32768 9468 3903 END
START 8468 -1580 14320 -32768 11033 3339 END
START 8596 -1900 15508 -32768 12548 2660 END
START 8060 -2156 16816 -32768 13766 1885 END
START 7316 -2492 18512 -32768 14575 1158 END
START 6596 -2828 20176 -32768 15097 472 END
START 5312 -2884 21908 -32768 15130 -18 END
START 4180 -3404 23544 -32768 14956 -319 END
START 3128 -3568 25364 -32768 14329 -564 END
START 2308 -3892 27024 -32768 13666 -648 END
START 2072 -3984 28380 -32768 12919 -731 END
START 1980 -4048 29764 -32768 12075 -867 END
START 1916 -3860 31160 -32768 11287 -1017 END
START 1580 -3872 32376 -32768 10573 -1267 END
START 1636 -4036 32767 -32768 9965 -1390 END
START 1528 -4244 32767 -32768 9587 -1469 END
START 1428 -4364 32767 -32768 9455 -1360 END
START 1476 -4508 32767 -32768 9451 -1151 END
START 1712 -4500 32767 -32768 9596 -929 END
START 1792 -4784 32767 -32768 9904 -621 END
START 1560 -4864 32767 -32768 10074 -360 END
START 1324 -4936 32767 -32768 10019 -40 END
START 1100 -4864 32767 -32768 9671 304 END
START 1172 -4584 32767 -32768 9120 658 END
START 1316 -4224 32767 -32768 8408 1049 END
START 1432 -4208 32767 -32768 7422 1363 END
START 1728 -3952 32767 -31058 6246 1702 END
START 2560 -3860 32767 -29131 4969 1967 END
START 3520 -3764 32767 -27079 3673 2134 END
START 4488 -3668 32767 -24980 2437 2238 END
START 5700 -3332 32767 -22775 1308 2201 END
START 6812 -3260 32767 -20537 230 2032 END
START 7692 -2936 32767 -18321 -669 1817 END
START 8744 -2700 32767 -16141 -1459 1564 END
START 9396 -2540 32767 -14107 -2163 1268 END
START 10176 -2244 32767 -12296 -2668 963 END
START 10932 -1804 32767 -10517 -3001 606 END
START 11600 -1396 32767 -9087 -3209 192 END
START 12300 -1256 32767 -7844 -3228 -219 END
START 12880 -1324 32767 -6799 -3175 -650 END
START 13328 -1460 32767 -5846 -3029 -1082 END
START 13612 -1368 32767 -4901 -2788 -1554 END
START 13612 -1200 32767 -4064 -2534 -1959 END
START 13448 -1040 32767 -3121 -2244 -2339 END
START 13356 -884 32767 -2186 -2001 -2741 END
START 13028 -736 32767 -1184 -1674 -3051 END
START 12804 -864 32767 -107 -1325 -3346 END
START 12464 -972 32767 991 -953 -3593 END
START 11980 -964 32767 2082 -627 -3729 END
START 11632 -1084 32767 3213 -261 -3771 END
START 11252 -1120 32767 4288 34 -3785 END
START 10656 -1076 32767 5454 292 -3759 END
START 10228 -1176 32767 6680 466 -3587 END
START 9864 -1192 32767 7915 637 -3471 END
START 9824 -1232 32767 9234 790 -3376 END
START 10016 -1444 32767 10518 993 -3258 END
START 10288 -1512 32767 11841 1166 -3225 END
START 10624 -1732 32767 13141 1335 -3208 END
START 10964 -1904 32767 14431 1488 -3262 END
START 11212 -2184 32767 15637 1598 -3426 END
START 11604 -2468 32767 16873 1500 -3629 END
START 11800 -2692 32767 18183 1312 -3959 END
START 11932 -2888 32767 19438 992 -4351 END
START 11984 -3148 32767 20663 654 -4840 END
START 12048 -3388 32767 21920 299 -5363 END
START 12180 -3600 32767 23088 -144 -5908 END
START 11904 -3940 32767 24263 -511 -6488 END
START 11952 -4212 32767 25456 -849 -6999 END
START 11916 -4364 32767 26691 -1080 -7565 END
START 12180 -4544 32767 27837 -1163 -8131 END
START 12544 -4828 32767 29025 -1218 -8758 END
START 12976 -5156 32767 30177 -1184 -9462 END
START 12948 -5372 32767 31240 -1222 -10205 END
START 12972 -5724 32767 32313 -1257 -11023 END
START 12396 -5748 32767 32767 -1271 -11840 END
START 11484 -5836 32767 32767 -1343 -12479 END
START 10004 -5944 32767 32767 -1519 -13036 END
START 8976 -5888 32767 32767 -1690 -13423 END
START 8080 -5848 31888 32767 -1788 -13633 END
START 6996 -5916 30716 32767 -1927 -13686 END
START 6276 -6004 29748 32767 -2215 -13666 END
START 5756 -5936 28540 32767 -2343 -13627 END
START 5552 -5956 27248 32767 -2441 -13417 END
START 5116 -5780 26212 32767 -2482 -13238 END
START 4916 -5724 24724 32767 -2568 -12976 END
START 4820 -5628 23704 32767 -2706 -12805 END
START 5004 -5712 22420 32767 -2884 -12650 END
START 5044 -5504 21344 32767 -3128 -12568 END
START 5428 -5564 19992 32767 -3377 -12554 END
START 5808 -5652 18788 32767 -3636 -12643 END
START 6004 -5648 17636 32767 -3962 -12823 END
START 6156 -5748 16004 32767 -4460 -13119 END
START 6064 -5564 14844 32767 -5029 -13422 END
START 5964 -5568 13392 32767 -5675 -13743 END
START 5840 -5476 11552 32767 -6177 -14082 END
START 5740 -5524 10144 32767 -6625 -14407 END
START 5268 -5436 8772 32767 -6716 -14726 END
START 5460 -5028 7028 32767 -6486 -14935 END
START 5240 -4884 6604 32767 -5998 -15128 END
START 5412 -4356 5192 32767 -5128 -15306 END
START 4868 -4504 4976 32767 -4218 -15530 END
START 4604 -4212 3400 32767 -3356 -15649 END
START 3680 -3808 3244 32767 -2569 -15683 END
START 2924 -3096 2720 32767 -2206 -15714 END
START 2620 -2284 2316 32767 -2057 -15732 END
START 2740 -3220 1684 32767 -1950 -15694 END