START 9668 1984 30352 1243 7890 7721 END
START 15392 -1116 28464 5525 -4276 6835 END
START 11044 -2532 32767 8080 -6418 6826 END
START 10964 -2260 32767 11393 -4707 6096 END
START 10860 -2736 32767 14899 -1066 4028 END
START 13644 -2968 31884 18307 -533 1670 END
START 11844 -3548 28956 20464 -1673 -362 END
START 11756 -3960 26712 22479 -3294 -2685 END
START 10900 -4624 24272 24773 -4825 -4844 END
START 11288 -4988 20420 26913 -5834 -6568 END
START 11480 -5036 16388 27919 -5268 -8178 END
START 11808 -4988 13236 28072 -4326 -9519 END
START 13152 -4704 9844 27605 -1567 -11054 END
START 13800 -3768 4624 25784 627 -13596 END
START 13684 -3556 1620 23013 2025 -16729 END
START 11856 -4060 -484 20908 2744 -19641 END
START 9552 -4748 -2480 19327 2238 -21692 END
START 8644 -4468 -5020 17511 1962 -23517 END
START 7576 -4104 -8328 14467 2522 -25418 END
START 6252 -3600 -10280 10422 2721 -27016 END
START 4296 -3420 -11112 6084 2237 -27903 END
START 2204 -3864 -11780 2123 1003 -27906 END
START 996 -3960 -11964 -1743 -1216 -27546 END
START 628 -4408 -11972 -6251 -1844 -26788 END
START 464 -4976 -11376 -11256 -1319 -26284 END
START -432 -5860 -10312 -16060 -1087 -25746 END
START -40 -6772 -8304 -20586 -1482 -25875 END
START 828 -7796 -6488 -24768 -762 -27047 END
START -380 -9772 -4632 -28974 1341 -28388 END
START -3456 -11876 -1956 -32768 2366 -29170 END
START -8320 -13732 1104 -32768 -62 -29290 END
START -11480 -15124 6784 -32768 -3179 -28722 END
START -18240 -16528 18184 -32768 -4636 -26228 END
START -23768 -16048 28460 -32768 -3733 -21244 END
START -26624 -14324 32767 -31234 1202 -15589 END