START 16164 6296 12644 -12931 578 9174 END
START 26224 -984 19932 -10372 -2181 6360 END
START 22064 -3624 29536 -6553 -3809 6119 END
START 21444 -3916 32767 -1609 -6931 5736 END
START 21052 -4560 32767 3681 -8218 4022 END
START 18964 -4828 32767 8790 -7095 2361 END
START 16924 -4468 32767 13095 -4154 1238 END
START 16448 -3792 32767 16880 -895 74 END
START 13624 -3872 32767 19660 184 -898 END
START 12700 -3844 29148 22057 -77 -1886 END
START 12304 -3716 24704 23895 -1366 -3007 END
START 12808 -3944 21384 25261 -2874 -4597 END
START 13708 -3860 17948 26467 -3093 -6601 END
START 14640 -3848 13880 26761 -2018 -8670 END
START 16536 -3544 10376 26364 -335 -10933 END
START 16436 -3860 6824 25512 1541 -13831 END
START 15524 -3836 2944 24916 2247 -16628 END
START 14876 -4212 -2196 23062 1218 -19198 END
START 13280 -4176 -5736 19568 -63 -21435 END
START 11168 -3948 -7652 15729 -2184 -22865 END
START 9232 -3796 -9564 11925 -2024 -23664 END
START 7748 -3816 -11896 7558 -1437 -24340 END
START 5836 -3760 -12580 2536 -1543 -25012 END
START 2876 -4688 -12048 -2051 -2127 -24905 END
START 1256 -5208 -10664 -6136 -3423 -24267 END
START 1148 -5488 -9812 -10330 -4181 -23906 END
START 184 -6728 -7536 -14331 -3917 -23603 END
START -1332 -7772 -5808 -18197 -2777 -22637 END
START -2796 -8388 -4404 -22380 -1420 -20898 END
START -2708 -9216 -2592 -26289 616 -19609 END
START -3120 -9532 -1000 -30148 3274 -19054 END
START -4564 -10448 424 -32768 7523 -19365 END
START -7168 -12164 3436 -32768 9798 -20170 END
START -13552 -12844 9484 -32768 8368 -20183 END
START -19768 -13212 17768 -32768 4007 -17274 END
START -21760 -11436 25004 -32768 3414 -13088 END
START -21932 -9148 30380 -30897 6372 -9798 END