START 20676 9868 23692 -11651 3165 5513 END
START 3652 1768 32312 -12677 -140 3156 END
START 7136 404 32767 -11430 -5617 2067 END
START 4092 -2168 32767 -7428 -11021 2572 END
START 5988 -4376 32767 -167 -14081 3993 END
START 8988 -4504 32767 8343 -13246 3576 END
START 8848 -5096 32767 15112 -11042 1012 END
START 8152 -6976 32767 21543 -10478 -415 END
START 7336 -8208 32767 28710 -10515 -2123 END
START 6140 -10244 32767 32767 -9725 -4335 END
START 3456 -13064 32767 32767 -9552 -6322 END
START 1164 -14640 30880 32767 -9820 -7576 END
START 468 -15400 22652 32767 -8791 -8203 END
START -148 -14888 13784 32767 -6567 -7943 END
START 176 -14004 6976 32767 -5389 -7721 END
START 980 -12448 20 32767 -4651 -7870 END
START 2100 -10772 -6344 32767 -4145 -8589 END
START 2124 -8332 -11684 30805 -3710 -9404 END
START 2008 -6472 -16124 25172 -1925 -10094 END
START 256 -5112 -19524 19200 -1785 -9628 END
START -480 -3676 -20540 13162 -1525 -8525 END
START -1244 -2952 -20904 7898 -973 -6704 END
START 356 -2200 -20724 2173 -1101 -5119 END
START 2028 -2064 -18980 -2753 -297 -5169 END
START 1120 -2960 -17468 -6850 -510 -5140 END
START 1120 -3244 -16020 -10957 -1426 -4808 END
START 780 -3768 -14736 -15515 -2299 -4505 END
START 1280 -5056 -12140 -20295 -2183 -4037 END
START 1508 -5984 -9588 -24660 -755 -3670 END
START 2248 -7292 -7116 -29113 -54 -3555 END
START 3404 -8552 -3764 -32679 400 -4034 END
START 4260 -9684 616 -32768 -284 -4979 END
START 4840 -9872 4240 -32768 -753 -6060 END
START 4752 -9900 8088 -32768 -1665 -7071 END
START 4308 -9476 13204 -32768 -2497 -8544 END
START 5004 -8724 20668 -32768 -568 -9780 END
START 2300 -9088 27876 -32768 3159 -11002 END
START 784 -10000 32767 -32768 2588 -11913 END
START 16 -10060 32767 -32768 1387 -12870 END
START 164 -9820 32767 -32326 3549 -13989 END
START -988 -10116 32767 -28393 6589 -15244 END
START -2020 -12188 32767 -22157 8494 -15865 END
START -4564 -12156 32767 -13725 8577 -15756 END
START -6044 -10940 32767 -4941 8351 -13326 END
START -4580 -9120 32767 3054 10221 -10028 END
START -4668 -8552 32767 9276 11033 -7257 END
START -4100 -8800 32767 15157 9555 -5114 END
START -2556 -9756 32767 20182 9940 -3764 END
START -1892 -10960 32767 26150 11966 -2009 END
START -968 -12172 32767 32767 12126 -509 END
START 260 -12548 32767 32767 10148 -173 END
START 412 -13072 30320 32767 6178 -522 END
START 2368 -12476 19564 32767 3775 -1896 END
START 1892 -11332 8444 32767 3399 -3544 END
START 1644 -9044 -692 32767 4038 -4036 END
START 792 -6144 -6540 32767 8353 -4231 END