START 32767 7848 18812 -3186 3093 9142 END
START 29388 -2044 20576 -862 -1384 6410 END
START 22584 -3388 28920 2475 -4347 4363 END
START 19580 -4308 32767 7405 -9594 2031 END
START 19424 -4732 32767 13302 -12876 -1277 END
START 21560 -4472 32767 19000 -9730 -5112 END
START 17728 -4816 32767 22825 -5373 -7316 END
START 15796 -5004 29396 25353 -1448 -8595 END
START 13452 -5156 23788 26486 1606 -9537 END
START 12056 -5108 19516 26712 1441 -10929 END
START 11280 -5292 15964 27343 -840 -12312 END
START 12540 -4824 12552 27471 -2384 -14555 END
START 13276 -4716 8776 27297 -559 -17580 END
START 11288 -5184 3492 26015 2017 -19805 END
START 8528 -5112 -896 23469 2892 -20958 END
START 7664 -5324 -4272 20775 3438 -21358 END
START 7500 -4728 -7352 16944 4249 -21539 END
START 6852 -4184 -8744 13089 4958 -22337 END
START 5716 -4084 -9604 9986 4609 -22928 END
START 4904 -3832 -10848 6928 4262 -23514 END
START 4104 -3444 -11664 3638 3736 -24409 END
START 2676 -3616 -11972 -14 2443 -25108 END
START 948 -3984 -11672 -3526 74 -24698 END
START 1660 -3908 -11248 -7464 -2128 -24216 END
START 2988 -4308 -9528 -11998 -955 -24872 END
START 3432 -5188 -8048 -15734 454 -26233 END
START 1936 -6516 -7532 -18772 844 -27758 END
START 364 -7572 -7416 -22498 -147 -28067 END
START -2228 -8856 -6544 -26955 -2163 -27940 END
START -3452 -9968 -4588 -32107 -3028 -26961 END
START -4180 -12048 -2136 -32768 -52 -26698 END
START -7188 -13996 -32 -32768 5934 -26355 END
START -13556 -15924 3820 -32768 9234 -26388 END
START -21884 -20216 14440 -32768 9335 -23687 END
START -30204 -23460 27972 -32768 10318 -19235 END
START -32768 -25524 32767 -32768 8468 -13262 END