START 17896 1376 31944 -14074 929 6298 END
START 22084 -3636 19084 -12407 2099 6363 END
START 20612 1708 29912 -13945 1732 5939 END
START 16172 172 32767 -12596 2080 5779 END
START 19424 204 32767 -12380 1656 5544 END
START 15380 188 32767 -11869 1421 5396 END
START 18284 648 32767 -11296 1393 5352 END
START 15296 348 32767 -10532 1039 5398 END
START 16856 532 32767 -9547 932 5625 END
START 15332 184 32767 -8394 183 5803 END
START 16344 144 32767 -7162 -34 6038 END
START 16208 180 32767 -5742 -660 6171 END
START 16372 376 32767 -4326 -1018 6316 END
START 17704 548 32767 -2772 -1376 6405 END
START 18020 752 32767 -1301 -1690 6389 END
START 19952 1024 32767 136 -1699 6295 END
START 20336 852 32767 1447 -1844 6056 END
START 21084 780 32767 2650 -1692 5679 END
START 22604 820 32767 3849 -1813 5096 END
START 22660 844 32767 4982 -1894 4427 END
START 23744 984 32767 6116 -2120 3703 END
START 23176 1144 32767 7207 -2401 2967 END
START 23484 1572 32767 8209 -2842 2207 END
START 23088 1452 32767 9169 -3452 1435 END
START 23080 1300 32767 10083 -3962 690 END
START 23152 1240 32767 10913 -4585 0 END
START 22748 1144 32767 11661 -5033 -606 END
START 22712 1372 32767 12396 -5656 -1181 END
START 22360 1496 32767 13057 -6102 -1752 END
START 22628 1572 32767 13646 -6550 -2279 END
START 22360 1532 32767 14260 -6886 -2846 END
START 22684 1396 32767 14902 -7174 -3459 END
START 22680 1076 32767 15572 -7299 -4057 END
START 23052 996 32767 16239 -7368 -4691 END
START 22892 924 32767 16913 -7326 -5354 END
START 23016 796 32767 17592 -7246 -6015 END
START 22824 660 32767 18278 -7171 -6761 END
START 22664 404 32767 18939 -7148 -7452 END
START 22268 168 32767 19601 -7138 -8151 END
START 21528 -88 32767 20284 -7203 -8807 END
START 21076 -220 32767 20900 -7302 -9328 END
START 20344 -532 32767 21651 -7416 -9903 END
START 19668 -952 32767 22395 -7670 -10425 END
START 18972 -1104 32767 23170 -8002 -10937 END
START 18024 -1440 32767 23974 -8395 -11411 END
START 17396 -1572 32724 24895 -8880 -11874 END
START 16532 -2012 32332 25760 -9397 -12330 END
START 15892 -2216 31660 26713 -9889 -12747 END
START 14968 -2568 30896 27629 -10419 -13106 END
START 14224 -2860 30248 28527 -11078 -13446 END
START 13440 -2988 29392 29374 -11736 -13708 END
START 13020 -3260 28636 30166 -12467 -14003 END
START 12296 -3500 27768 30931 -13302 -14311 END
START 11728 -3804 26972 31626 -14092 -14587 END
START 11312 -3976 26424 32301 -14967 -14859 END
START 10752 -4112 25652 32767 -15894 -15161 END
START 10136 -4484 25220 32767 -16918 -15482 END
START 9476 -4632 24320 32767 -17989 -15793 END
START 8936 -4824 23560 32767 -18968 -16111 END
START 8540 -5032 22116 32767 -19712 -16379 END
START 8224 -5224 20096 32767 -20166 -16652 END
START 7708 -5236 18188 32767 -20384 -16924 END
START 7356 -5288 16040 32767 -20324 -17115 END
START 6900 -5156 14288 32767 -20129 -17312 END
START 6284 -5068 12492 32767 -19832 -17458 END
START 5708 -4820 11044 32767 -19407 -17560 END
START 5004 -4624 9276 32767 -18918 -17576 END
START 4224 -4588 7796 32767 -18362 -17556 END
START 3520 -4692 5980 32767 -17703 -17495 END
START 2932 -4528 4504 32767 -16975 -17313 END
START 2196 -4340 3084 32767 -16094 -17072 END
START 1692 -3992 1496 32767 -15269 -16775 END
START 952 -3604 228 32217 -14442 -16358 END
START 404 -3176 -896 30995 -13554 -15939 END
START 136 -2724 -2056 29702 -12661 -15434 END
START -288 -2316 -3168 28296 -11735 -14995 END
START -532 -2216 -3700 26940 -10890 -14514 END
START -828 -2080 -4112 25525 -10092 -14113 END
START -1136 -1828 -4460 24220 -9413 -13727 END
START -1328 -1732 -4400 22951 -8806 -13276 END
START -1844 -1676 -4696 21890 -8226 -12890 END
START -2308 -1512 -4984 20886 -7776 -12456 END
START -2620 -1356 -5232 19958 -7307 -11923 END
START -3212 -980 -5712 19123 -7005 -11453 END
START -3416 -748 -6156 18248 -6715 -10932 END
START -3656 -332 -6324 17341 -6602 -10423 END
START -4028 -292 -6692 16362 -6500 -9837 END
START -4280 -208 -6800 15436 -6458 -9337 END
START -4500 -72 -7076 14550 -6550 -8743 END
START -4428 28 -7216 13623 -6480 -8160 END
START -4556 140 -7244 12854 -6456 -7578 END
START -4560 252 -7544 12074 -6294 -6927 END
START -4204 392 -7636 11371 -6022 -6325 END
START -3856 368 -7896 10655 -5584 -5705 END
START -3220 584 -8060 10020 -5053 -5144 END
START -2544 740 -8604 9289 -4378 -4666 END
START -2036 724 -8472 8621 -3655 -4306 END
START -1428 884 -8772 7880 -2901 -4007 END
START -956 808 -8948 7210 -2221 -3858 END
START -608 844 -9096 6500 -1641 -3702 END
START -216 840 -9284 5823 -1127 -3549 END
START 76 944 -9356 5151 -756 -3453 END
START 152 1068 -9444 4479 -440 -3378 END
START 472 996 -9560 3842 -237 -3346 END
START 544 1032 -9644 3226 -78 -3293 END
START 684 892 -9680 2649 -76 -3293 END
START 656 1008 -9744 2070 -76 -3313 END
START 596 840 -9644 1553 -187 -3338 END
START 616 912 -9688 988 -379 -3344 END
START 380 832 -9844 494 -541 -3393 END
START 468 772 -10088 -1 -802 -3361 END
START 376 736 -10364 -497 -1017 -3355 END
START 324 684 -10408 -1105 -1257 -3338 END
START 276 596 -11004 -1704 -1477 -3307 END
START 420 748 -11148 -2396 -1695 -3286 END
START 228 680 -11416 -3077 -1935 -3207 END
START 360 760 -11496 -3845 -2068 -3106 END
START 364 728 -11544 -4716 -2204 -3026 END
START 400 768 -11664 -5559 -2352 -2895 END
START 472 648 -11516 -6427 -2436 -2751 END
START 556 812 -11392 -7198 -2470 -2569 END
START 820 776 -11176 -7960 -2346 -2403 END
START 1232 796 -11104 -8746 -2111 -2264 END
START 1412 700 -10832 -9422 -1809 -2116 END
START 1652 804 -10596 -10126 -1401 -2000 END
START 1728 720 -10592 -10869 -1006 -1887 END
START 1784 836 -10444 -11571 -598 -1751 END
START 1804 680 -10112 -12237 -306 -1663 END
START 1780 692 -10116 -12926 20 -1546 END
START 1724 572 -9844 -13583 221 -1381 END
START 1984 580 -9736 -14085 458 -1268 END
START 2004 472 -9760 -14840 704 -1100 END
START 2144 428 -9580 -15394 975 -937 END
START 2392 420 -9644 -16024 1206 -817 END
START 2540 364 -9636 -16666 1417 -728 END
START 2652 192 -9440 -17327 1676 -635 END
START 2836 148 -9140 -17980 1822 -572 END
START 3172 8 -8968 -18625 1985 -490 END
START 3408 36 -8716 -19244 2021 -384 END
START 3744 4 -8160 -19929 2005 -312 END
START 4068 -48 -7888 -20557 1977 -293 END
START 4524 52 -7840 -21175 1907 -279 END
START 5224 12 -7504 -21820 1852 -326 END
START 5712 -20 -6996 -22388 1749 -424 END
START 6248 -16 -6652 -22973 1705 -544 END
START 6648 -36 -6368 -23596 1634 -702 END
START 6948 -120 -5980 -24174 1575 -874 END
START 7316 -192 -5896 -24748 1610 -1068 END
START 7600 -244 -5524 -25395 1693 -1248 END
START 7948 -212 -5324 -26008 1809 -1448 END
START 8096 -280 -5064 -26658 2034 -1648 END
START 8152 -308 -4756 -27255 2232 -1839 END
START 8232 -412 -4620 -27942 2450 -2058 END
START 8264 -508 -4328 -28587 2742 -2257 END
START 8340 -620 -4104 -29302 3013 -2470 END
START 8304 -612 -3744 -30007 3212 -2655 END
START 8340 -884 -3544 -30648 3364 -2833 END
START 8240 -1052 -2880 -31410 3514 -3036 END
START 8124 -1284 -2604 -32075 3683 -3167 END
START 8200 -1436 -2396 -32739 3936 -3269 END
START 8012 -1600 -1952 -32768 4130 -3320 END
START 7584 -1560 -1340 -32768 4278 -3395 END
START 7220 -1588 -696 -32768 4274 -3353 END
START 6964 -1516 -144 -32768 4280 -3320 END
START 6676 -1792 712 -32768 4281 -3228 END
START 6616 -2036 1488 -32768 4211 -3137 END
START 6340 -2516 2480 -32768 4227 -3055 END
START 6264 -2636 3560 -32768 4203 -2928 END
START 5996 -2880 4652 -32768 4213 -2844 END
START 5632 -3152 5788 -32768 4151 -2767 END
START 5124 -3296 6964 -32768 4092 -2642 END
START 4580 -3324 8068 -32768 3987 -2462 END
START 4036 -3204 9172 -32768 3841 -2158 END
START 3452 -3212 10472 -32768 3713 -1787 END
START 3324 -3116 11856 -32768 3580 -1377 END
START 3480 -3264 12824 -32768 3602 -936 END
START 3692 -3248 13980 -32768 3745 -538 END
START 3988 -3188 15148 -32768 4075 -217 END
START 4492 -2976 16640 -32768 4397 95 END
START 5240 -2920 18228 -32768 4797 376 END
START 6344 -3080 19996 -32768 5150 520 END
START 7032 -2976 21188 -32768 5627 534 END
START 7840 -3040 23228 -32768 5889 355 END
START 8412 -3104 25556 -32768 6029 100 END
START 8988 -3016 27760 -32768 5956 -312 END
START 8956 -3152 30372 -32768 5685 -796 END
START 9288 -3156 32148 -32768 5404 -1217 END
START 9212 -3060 32767 -32768 4876 -1634 END
START 9088 -3192 32767 -32768 4377 -1958 END
START 9120 -3300 32767 -32768 3858 -2172 END
START 9084 -3532 32767 -32768 3319 -2360 END
START 9040 -3584 32767 -32206 2825 -2558 END
START 8700 -3484 32767 -30755 2122 -2717 END
START 8264 -3352 32767 -29228 1287 -2900 END
START 7840 -3188 32767 -27554 614 -3074 END
START 7708 -3108 32767 -25808 95 -3234 END
START 7224 -2892 32767 -24049 -149 -3334 END
START 6820 -2816 32767 -22346 -383 -3388 END
START 5984 -2624 32767 -20713 -568 -3322 END
START 5432 -2468 32767 -19254 -692 -3109 END
START 4948 -2136 32767 -17962 -796 -2771 END
START 4484 -1776 32767 -16851 -798 -2306 END
START 4196 -1384 32767 -15864 -785 -1748 END
START 4184 -1008 32767 -15088 -755 -1143 END
START 4428 -576 32767 -14334 -686 -591 END
START 4780 -408 32767 -13443 -551 3 END
START 5436 -232 32767 -12739 -328 498 END
START 6052 -64 32767 -11909 32 957 END
START 6912 288 32767 -11147 482 1411 END
START 7772 660 32767 -10450 1031 1720 END
START 8760 968 32767 -9776 1808 2016 END
START 9736 1156 32767 -9190 2643 2190 END
START 10736 1516 32767 -8644 3604 2271 END
START 11428 1928 32767 -8123 4561 2241 END
START 12084 2304 32767 -7606 5455 2072 END
START 12472 2484 32767 -7132 6148 1828 END
START 12816 2764 32767 -6533 6734 1546 END
START 13004 2964 32767 -5920 7070 1186 END
START 13028 3116 32767 -5246 7232 818 END
START 12992 3244 32767 -4503 7219 465 END
START 13048 3400 32767 -3749 7011 102 END
START 12940 3628 32767 -2994 6652 -207 END
START 13016 3644 32767 -2191 6223 -522 END
START 13000 3672 32767 -1379 5691 -834 END
START 13332 3572 32767 -558 5210 -1156 END
START 13632 3740 32767 368 4664 -1474 END
START 13992 3608 32767 1366 4171 -1890 END
START 14408 3588 32767 2382 3672 -2292 END
START 14636 3532 32767 3465 3181 -2777 END
START 14772 3468 32767 4527 2684 -3177 END
START 14832 3348 32767 5638 2136 -3640 END
START 14900 3360 32767 6772 1587 -4074 END
START 15072 3240 32767 7910 1044 -4436 END
START 15088 3072 32767 9061 538 -4848 END
START 15280 2856 32767 10288 99 -5222 END
START 15652 2672 32767 11555 -258 -5676 END
START 15760 2508 32767 12848 -553 -6174 END
START 15672 2364 32767 14152 -897 -6662 END
START 15604 2156 32767 15448 -1272 -7097 END
START 15352 1872 32767 16749 -1704 -7544 END
START 15452 1836 32767 18001 -2042 -7918 END
START 15752 1544 32767 19233 -2220 -8272 END
START 16080 1424 32767 20384 -2141 -8635 END
START 16636 1148 32767 21580 -1799 -9071 END
START 17240 1016 32767 22671 -1196 -9488 END
START 17780 824 32767 23712 -373 -9932 END
START 17988 636 32767 24725 534 -10443 END
START 18564 228 32767 25800 1513 -10974 END
START 18932 -112 32767 26863 2603 -11589 END
START 19220 -388 32767 27959 3778 -12318 END
START 19176 -732 32767 28981 4798 -12968 END
START 18812 -1192 32767 29954 5666 -13574 END
START 18004 -1856 32767 30919 6297 -14210 END
START 17068 -2344 32616 31827 6687 -14670 END