START 15396 -844 32676 -14490 8725 7627 END
START 20592 -4708 18752 -12348 8585 7222 END
START 17148 -124 27612 -13461 6999 6529 END
START 14320 -492 32767 -12348 6139 5957 END
START 16852 -296 29940 -12169 4499 5312 END
START 13340 -452 32767 -12018 3052 4683 END
START 16392 -80 29944 -11807 1731 4136 END
START 13528 -612 32767 -11620 881 3726 END
START 15892 -456 31680 -11265 336 3481 END
START 13808 -712 32767 -10899 -509 3215 END
START 14848 -588 32767 -10429 -701 3127 END
START 14528 -576 32767 -9849 -1200 2923 END
START 15008 -628 32767 -9165 -979 2840 END
START 15656 -700 32767 -8468 -897 2634 END
START 15224 -764 32767 -7711 -442 2438 END
START 16544 -628 32767 -6863 108 2128 END
START 15640 -592 32767 -6023 419 1790 END
START 16500 -356 32767 -5104 896 1463 END
START 15460 -688 32767 -4103 974 1047 END
START 15304 -784 32767 -3129 1202 697 END
START 15952 -816 32767 -2032 1277 397 END
START 15460 -984 32767 -985 1394 109 END
START 15908 -888 32767 18 1509 -133 END
START 15788 -888 32767 1008 1428 -437 END
START 16140 -892 32767 1938 1432 -815 END
START 16268 -848 32767 2803 1196 -1317 END
START 16100 -908 32767 3641 886 -1896 END
START 16120 -712 32767 4410 358 -2510 END
START 15724 -920 32767 5206 -224 -3136 END
START 15520 -1000 32767 6015 -839 -3777 END
START 15124 -1300 32767 6860 -1448 -4363 END
START 14852 -1624 32767 7802 -2075 -4879 END
START 14188 -1900 32767 8816 -2669 -5351 END
START 13780 -2056 32767 9921 -3262 -5804 END
START 13052 -2232 32767 11163 -3935 -6177 END
START 12468 -2536 32767 12553 -4728 -6614 END
START 11636 -2784 32767 13948 -5618 -6874 END
START 10988 -2956 32767 15427 -6616 -7160 END
START 10444 -3116 32767 16924 -7520 -7295 END
START 10228 -3188 32767 18385 -8312 -7433 END
START 10024 -3524 32767 19929 -9027 -7518 END
START 10132 -3808 32767 21386 -9622 -7644 END
START 10036 -3944 32767 22940 -10189 -7765 END
START 10088 -4164 32767 24486 -10681 -7981 END
START 10172 -4348 32767 25970 -11120 -8227 END
START 10200 -4516 32767 27536 -11476 -8476 END
START 10104 -4736 32767 28996 -11730 -8753 END
START 10276 -4928 32767 30370 -11915 -9019 END
START 10292 -4944 32767 31691 -11883 -9311 END
START 10436 -4988 32767 32767 -11803 -9678 END
START 10288 -5128 32767 32767 -11610 -9996 END
START 10080 -5296 32767 32767 -11451 -10339 END
START 9772 -5500 32767 32767 -11416 -10678 END
START 9480 -5460 32767 32767 -11482 -10994 END
START 9260 -5528 32767 32767 -11647 -11244 END
START 9044 -5696 31720 32767 -11860 -11557 END
START 8984 -6076 29868 32767 -12121 -11833 END
START 8928 -6120 28580 32767 -12333 -12145 END
START 8708 -6192 27268 32767 -12696 -12464 END
START 8416 -6184 26060 32767 -13052 -12758 END
START 8104 -6260 24884 32767 -13534 -13029 END
START 7752 -6436 23664 32767 -13975 -13294 END
START 7388 -6396 22236 32767 -14515 -13499 END
START 6900 -6184 21000 32767 -15082 -13749 END
START 6504 -5992 19984 32767 -15609 -13925 END
START 6348 -5988 18464 32767 -15926 -14043 END
START 6044 -5740 16752 32767 -16155 -14238 END
START 5756 -5512 15436 32767 -16288 -14319 END
START 5432 -5248 14084 32767 -16337 -14395 END
START 5208 -5096 12900 32767 -16409 -14429 END
START 4840 -4844 11892 32767 -16318 -14411 END
START 4648 -4608 10688 32767 -16203 -14397 END
START 4632 -4412 9452 32767 -15867 -14327 END
START 4352 -4220 8116 32767 -15420 -14216 END
START 4424 -4020 6876 32767 -14891 -14042 END
START 4276 -3708 5476 32767 -14127 -13935 END
START 4568 -3432 4240 32767 -13229 -13742 END
START 4740 -3076 2716 32767 -12251 -13534 END
START 4972 -2780 1848 32767 -11334 -13521 END
START 5044 -2624 848 32767 -10412 -13412 END
START 4976 -2368 68 32767 -9647 -13427 END
START 5068 -2192 -860 32767 -8860 -13470 END
START 5144 -1960 -1652 32767 -8109 -13458 END
START 5092 -1636 -2608 32767 -7360 -13540 END
START 5224 -1436 -3508 32767 -6656 -13628 END
START 5056 -1304 -4320 32767 -6011 -13772 END
START 4952 -1040 -4952 32195 -5388 -13897 END
START 4628 -692 -5348 31068 -4896 -13984 END
START 4216 -600 -6032 29936 -4497 -14027 END
START 3624 -272 -6504 28715 -4197 -14141 END
START 3216 -184 -6972 27508 -3958 -14073 END
START 2728 -56 -7164 26371 -3775 -14039 END
START 2096 112 -7420 25277 -3663 -13897 END
START 1484 168 -7444 24220 -3620 -13746 END
START 848 280 -7716 23187 -3626 -13540 END
START 240 308 -7864 22292 -3717 -13218 END
START -232 344 -8344 21432 -3729 -12867 END
START -712 764 -8544 20560 -3772 -12456 END
START -1100 872 -9032 19576 -3817 -12005 END
START -1632 1156 -9584 18559 -3871 -11500 END
START -2024 1400 -9868 17458 -3987 -10924 END
START -2248 1564 -10288 16332 -4062 -10289 END
START -2604 1844 -10660 15128 -4209 -9627 END
START -2692 2048 -10780 13894 -4300 -8957 END
START -2936 2136 -11020 12740 -4508 -8320 END
START -3152 2116 -10944 11592 -4610 -7676 END
START -3240 2320 -10848 10417 -4759 -7038 END
START -3064 2432 -10948 9411 -4781 -6368 END
START -3000 2396 -10944 8353 -4694 -5666 END
START -2748 2408 -10984 7347 -4370 -5032 END
START -2136 2564 -11012 6371 -3834 -4364 END
START -1676 2652 -11076 5409 -3130 -3744 END
START -1180 2428 -11036 4443 -2403 -3200 END
START -680 2596 -10788 3486 -1669 -2781 END
START -256 2528 -10536 2594 -1026 -2383 END
START 344 2488 -10404 1671 -453 -2128 END
START 568 2388 -10100 866 6 -1936 END
START 1240 2176 -9940 63 402 -1846 END
START 1792 1984 -9600 -671 729 -1826 END
START 2268 1884 -9348 -1358 970 -1878 END
START 2632 1992 -8912 -1996 1054 -1981 END
START 3068 1940 -8656 -2642 1051 -2141 END
START 3368 1836 -8440 -3181 974 -2338 END
START 3604 1788 -7916 -3736 781 -2588 END
START 3792 1748 -7680 -4195 548 -2868 END
START 4036 1772 -7608 -4651 231 -3158 END
START 4084 1572 -7408 -5093 -107 -3471 END
START 3892 1492 -7248 -5494 -510 -3721 END
START 3768 1564 -7220 -5943 -939 -4020 END
START 3660 1476 -7224 -6391 -1464 -4190 END
START 3280 1424 -7460 -6881 -1938 -4367 END
START 2968 1472 -7348 -7364 -2489 -4478 END
START 2672 1328 -7448 -7932 -3061 -4518 END
START 2152 1208 -7600 -8468 -3636 -4475 END
START 1644 1028 -7984 -9010 -4236 -4322 END
START 1480 944 -8304 -9613 -4787 -4159 END
START 1196 952 -8504 -10335 -5317 -3912 END
START 1132 1132 -8928 -11072 -5795 -3651 END
START 1072 1292 -8988 -11954 -6073 -3337 END
START 1160 1268 -9272 -12889 -6245 -3085 END
START 1292 1224 -9172 -13826 -6254 -2787 END
START 1148 1036 -8948 -14956 -6132 -2512 END
START 1100 972 -8788 -15591 -5987 -2178 END
START 1048 1000 -8728 -16514 -5753 -1787 END
START 1368 960 -8288 -17387 -5406 -1393 END
START 1552 860 -7928 -18262 -5039 -1008 END
START 1744 956 -7584 -19106 -4652 -613 END
START 2160 864 -7256 -19942 -4162 -250 END
START 2612 708 -6488 -20647 -3767 73 END
START 3368 636 -5880 -21298 -3362 357 END
START 4320 460 -5476 -21901 -2984 555 END
START 5100 496 -5084 -22487 -2553 594 END
START 5824 404 -4412 -23010 -2254 542 END
START 6468 284 -4192 -23445 -2012 451 END
START 6908 336 -4232 -23945 -1882 278 END
START 7300 340 -4276 -24413 -1753 71 END
START 7828 428 -4084 -24936 -1676 -157 END
START 8324 432 -4472 -25551 -1659 -418 END
START 8724 396 -4404 -26244 -1717 -718 END
START 9108 512 -4508 -26999 -1835 -1121 END
START 9416 564 -4480 -27807 -2056 -1513 END
START 9388 388 -4444 -28632 -2441 -1954 END
START 9536 128 -4336 -29402 -2883 -2358 END
START 9760 116 -4428 -30233 -3429 -2731 END
START 9940 52 -4408 -31140 -3975 -3117 END
START 10460 8 -4272 -32030 -4474 -3561 END
START 10896 104 -4016 -32768 -4826 -3976 END
START 11224 12 -3656 -32768 -5103 -4565 END
START 11368 -260 -3224 -32768 -5320 -5116 END
START 11240 -480 -2676 -32768 -5368 -5681 END
START 11016 -768 -1996 -32768 -5264 -6184 END
START 10620 -1128 -1356 -32768 -5025 -6532 END
START 9816 -1284 -536 -32768 -4660 -6830 END
START 9036 -1372 -260 -32768 -4154 -6936 END
START 8412 -1380 68 -32768 -3569 -6901 END
START 7696 -1116 212 -32768 -2864 -6697 END
START 7180 -944 128 -32768 -2110 -6411 END
START 6716 -832 328 -32768 -1326 -6083 END
START 6520 -680 520 -32768 -489 -5730 END
START 6252 -660 916 -32768 280 -5305 END
START 5944 -796 1300 -32768 1008 -4976 END
START 5964 -908 1888 -32768 1750 -4575 END
START 6232 -1220 2544 -32768 2441 -4244 END
START 6312 -1636 3332 -32768 2999 -4000 END
START 6756 -1980 4064 -32768 3408 -3888 END
START 7144 -2140 5004 -32768 3720 -3894 END
START 7828 -2268 5828 -32768 4131 -4042 END
START 8512 -2292 6920 -32768 4521 -4326 END
START 8772 -2436 8212 -32768 4947 -4752 END
START 8932 -2772 9712 -32768 5426 -5256 END
START 8792 -3140 11540 -32768 5819 -5756 END
START 8260 -3536 13460 -32768 6019 -6317 END
START 7608 -3748 15300 -32768 6044 -6821 END
START 6716 -4148 17208 -32768 5844 -7226 END
START 5796 -4540 18856 -32768 5639 -7532 END
START 4564 -4740 20336 -32768 5222 -7730 END
START 3480 -4724 21996 -32768 4839 -7679 END
START 2204 -4456 23552 -32768 4291 -7545 END
START 1112 -4340 25028 -32768 3821 -7251 END
START 160 -4452 26384 -32768 3487 -6853 END
START -780 -4616 28180 -32768 3117 -6401 END
START -1872 -4856 29996 -32768 2813 -5836 END
START -2880 -4940 31904 -32768 2491 -5073 END
START -3900 -5032 32767 -32768 2263 -4208 END
START -4568 -5212 32767 -32768 2162 -3254 END
START -5252 -5428 32767 -32768 2220 -2217 END
START -5400 -5592 32767 -32768 2436 -1142 END
START -5532 -5752 32767 -32768 2750 -62 END
START -5096 -5996 32767 -32768 3155 954 END
START -4724 -6292 32767 -32768 3702 1887 END
START -4252 -6592 32767 -32768 4140 2741 END
START -3760 -6852 32767 -32768 4447 3543 END
START -2964 -7200 32767 -32768 4675 4163 END
START -1676 -7688 32767 -32768 4698 4644 END
START -560 -8212 32767 -32076 4645 4855 END
START 772 -8252 32767 -30299 4405 4864 END
START 1624 -8336 32767 -28430 3958 4712 END
START 2272 -8084 32767 -26341 3128 4378 END
START 2984 -8116 32767 -24237 2321 3967 END
START 3688 -7856 32767 -22081 1546 3491 END
START 3924 -7584 32767 -20036 703 3061 END
START 4512 -7172 32767 -17956 -16 2647 END
START 4748 -6904 32767 -16042 -613 2217 END
START 5216 -6512 32767 -14296 -1128 1806 END
START 5136 -6384 32767 -12252 -1748 1404 END
START 5092 -6100 32767 -10368 -2384 1086 END
START 5100 -5736 32767 -8444 -3000 806 END
START 5156 -5508 32767 -6565 -3519 561 END
START 5172 -5196 32767 -4790 -3988 364 END
START 5232 -4880 32767 -3046 -4446 190 END
START 5224 -4588 32767 -1478 -4857 62 END
START 5300 -4404 32767 4 -5166 4 END
START 5532 -4144 32767 1323 -5299 -37 END
START 5668 -3920 32767 2551 -5371 -43 END
START 5800 -3736 32767 3725 -5322 -46 END
START 5832 -3512 32767 4926 -5338 -2 END
START 5720 -3392 32767 6126 -5281 19 END
START 5776 -3332 32767 7271 -5254 53 END
START 5644 -3196 32767 8501 -5215 184 END
START 5724 -3008 32767 9795 -5157 316 END
START 6024 -2792 32767 11079 -4891 437 END
START 6284 -2704 32767 12348 -4510 561 END
START 6592 -2540 32767 13544 -4109 646 END
START 7036 -2368 32767 14730 -3637 751 END
START 7688 -2504 32767 15869 -3136 773 END
START 8328 -2520 32767 16993 -2594 696 END
START 9276 -2564 32767 18118 -2028 567 END
START 9972 -2708 32767 19300 -1579 304 END
START 10780 -2856 32767 20577 -1153 -77 END
START 11292 -3048 32767 21806 -892 -585 END
START 11684 -3240 32767 23118 -716 -1128 END
START 12180 -3376 32767 24506 -645 -1795 END
START 12148 -3492 32767 25853 -685 -2431 END
START 12308 -3516 32767 27127 -844 -3093 END
START 12388 -3484 32767 28405 -954 -3706 END
START 12512 -3376 32767 29672 -1062 -4307 END
START 12348 -3300 32767 30954 -1191 -4941 END
START 12012 -3172 32767 32183 -1484 -5534 END
START 11652 -3276 32767 32767 -1955 -6099 END
START 11228 -3468 32767 32767 -2428 -6589 END
START 10856 -3604 32767 32767 -3007 -6989 END
START 10420 -3860 32767 32767 -3679 -7398 END
START 10136 -3992 32767 32767 -4400 -7715 END
START 9844 -4104 32767 32767 -5146 -8031 END
START 9752 -4132 32767 32767 -5772 -8325 END
START 9420 -4304 32767 32767 -6491 -8617 END
START 9528 -4396 32767 32767 -7095 -8892 END
START 9640 -4512 32488 32767 -7540 -9218 END
START 9824 -4576 30768 32767 -7842 -9572 END
START 9980 -4732 29524 32767 -7993 -9967 END
START 10284 -5008 27984 32767 -8078 -10385 END
START 10428 -5200 26204 32767 -8070 -10842 END
START 10996 -5496 24228 32767 -7926 -11427 END
START 11420 -5552 21088 32767 -7618 -12033 END
START 11364 -5464 18976 32767 -7184 -12713 END
START 11600 -5148 16752 32767 -6735 -13349 END
START 11372 -4788 14484 32767 -6345 -13994 END
START 11292 -3988 12032 32767 -5967 -14680 END
START 11436 -3960 9596 32767 -5405 -15389 END
START 11564 -4024 7756 32767 -4951 -16115 END
START 11300 -4192 5636 32767 -4474 -16807 END
START 10968 -4812 4060 32767 -4005 -17413 END
START 10920 -4896 2092 32767 -3461 -17933 END
START 10312 -4308 344 32767 -2843 -18339 END
START 9100 -3760 -1668 32767 -1959 -18699 END
START 8572 -1592 -2520 32767 -1607 -19018 END