START 27436 -3476 30192 -16278 8663 5053 END
START 17208 -11532 32767 -16184 8013 -2823 END
START 6472 -14176 32767 -10410 895 -5458 END
START 524 -13672 32767 -3720 -3276 -3715 END
START 3008 -12380 32767 2131 -956 -1207 END
START 3728 -11916 32767 5391 3159 343 END
START 3340 -11408 32767 9290 3720 962 END
START 2388 -10892 32767 14706 778 208 END
START 896 -11608 32767 20139 -3331 -643 END
START -296 -13904 32767 26675 -8477 -1401 END
START 444 -15748 32767 32767 -12656 -2099 END
START 1520 -16808 32767 32767 -13619 -2718 END
START 3036 -16604 32328 32767 -12939 -4146 END
START 3516 -16076 25144 32767 -10672 -6177 END
START 1260 -15348 18556 32767 -9485 -7197 END
START 484 -13704 11704 32767 -8863 -7507 END
START 72 -11912 6844 32767 -7386 -7600 END
START -1156 -10292 3760 32767 -5532 -6467 END
START -2428 -8304 1140 32767 -5225 -4686 END
START -1704 -6516 -2444 32767 -6420 -2656 END
START 672 -4736 -8716 30985 -7275 -1787 END
START 2648 -3384 -14164 23893 -6222 -1706 END
START 3068 -2948 -16184 16453 -3898 -2453 END
START 1648 -3616 -17432 10383 -1234 -2637 END
START 1700 -3868 -18604 5048 -1306 -2739 END
START 1572 -4084 -18500 88 -1825 -3442 END
START 816 -4424 -17284 -3843 -3451 -3505 END
START 1216 -4108 -16392 -7230 -5393 -3378 END
START 2136 -3548 -15844 -11163 -6533 -2927 END
START 4624 -2996 -14144 -15713 -6272 -3241 END
START 6108 -3296 -11868 -20484 -4691 -4173 END
START 7688 -4032 -8832 -25400 -2940 -4580 END
START 8824 -5028 -5012 -29554 -1465 -4769 END
START 11872 -5124 -760 -32768 -358 -4638 END
START 16864 -5044 3160 -32768 4819 -8005 END
START 15456 -6896 8280 -32768 10472 -13628 END
START 12176 -9256 12848 -32768 11048 -19269 END
START 6520 -10772 15764 -32768 9122 -23162 END
START 780 -11572 17188 -32768 5113 -25324 END
START -4460 -11916 19964 -32768 -1011 -24674 END
START -6496 -11660 23372 -32768 -6388 -22448 END
START -3616 -11424 26296 -32768 -4391 -20295 END
START -5936 -12056 32767 -32768 4857 -18039 END
START -8988 -12296 32767 -32768 7374 -16644 END
START -13212 -13196 32767 -28447 2509 -14740 END
START -13428 -13192 32767 -20039 -4395 -11535 END
START -10588 -11824 32767 -11483 -6021 -7823 END
START -7448 -9808 32767 -2989 -948 -5771 END
START -6884 -9064 32767 4045 3011 -3798 END
START -5848 -8364 32767 10921 3432 -2019 END
START -3140 -9352 32767 19202 3335 -1641 END
START -680 -12992 32767 28227 3925 -3198 END
START -256 -16204 32767 32767 5324 -4281 END
START 1348 -18500 32767 32767 9601 -4651 END
START 1444 -19900 32767 32767 16107 -3155 END
START 1812 -19708 23224 32767 17418 -2577 END
START 1572 -17632 11312 32767 12807 -2221 END
START 880 -14572 4492 32767 6142 -3606 END