START 19748 796 32767 -8382 2175 -4658 END
START 14088 -8032 32767 -1965 -1897 -2978 END
START 8380 -10272 32767 3896 -5441 2712 END
START 11032 -9184 32767 10624 -7538 6050 END
START 17616 -7556 32767 16013 -5737 4088 END
START 18724 -6284 32767 20883 -4883 333 END
START 19228 -6520 32767 26272 -8144 -3796 END
START 20560 -6928 32304 30937 -9272 -8268 END
START 20820 -7336 25636 32767 -7280 -12322 END
START 19448 -8356 18344 32767 -3993 -15488 END
START 19160 -8040 12088 32767 -1385 -18675 END
START 18596 -7844 7140 32186 790 -22490 END
START 17136 -7972 1972 30738 3594 -25935 END
START 14012 -8000 -2736 27869 5404 -27956 END
START 12196 -7288 -6676 24791 5531 -29667 END
START 9564 -6940 -11172 20949 4060 -31099 END
START 7096 -6364 -13428 15981 1301 -31961 END
START 4584 -6124 -13812 11265 -780 -32184 END
START 2652 -5996 -14632 6152 -896 -31139 END
START -824 -5904 -15292 795 -617 -28535 END
START -2064 -5396 -15740 -5015 -337 -25314 END
START -2024 -5512 -14980 -11374 947 -22366 END
START -1452 -5988 -14072 -17777 2823 -20510 END
START -1068 -7212 -11844 -23258 4128 -19849 END
START -1280 -8884 -9192 -27126 3700 -20046 END
START -1884 -10572 -7104 -30131 2238 -21150 END
START -5428 -13060 -4976 -32768 -1051 -21094 END
START -5884 -14272 -1916 -32768 -3322 -19920 END
START -9168 -14940 600 -32768 -1993 -18461 END
START -11068 -15516 4684 -32768 -325 -16453 END
START -14500 -16724 16560 -32768 3473 -14958 END
START -19904 -17552 30372 -32768 5808 -12731 END