START 32767 9340 17916 -2751 -873 9207 END
START 30604 -2884 19032 -638 -4114 5626 END
START 24976 -5060 28184 2409 -4380 5482 END
START 25264 -5400 32767 5862 -2271 5391 END
START 25684 -5288 32767 9674 2186 2635 END
START 22872 -5656 32767 12657 3591 -445 END
START 21656 -5284 32767 15813 2920 -3088 END
START 21616 -5584 29584 18459 2723 -5538 END
START 21972 -5828 24724 20571 2774 -7664 END
START 21092 -5372 20916 21143 2712 -9841 END
START 20252 -5632 18716 21731 3236 -12222 END
START 19016 -6008 16060 22318 3070 -14302 END
START 17348 -6112 13068 22862 2221 -16090 END
START 15604 -5696 9916 22679 1053 -17487 END
START 15296 -5048 7356 21724 1024 -18825 END
START 13656 -4824 5020 20429 1668 -19939 END
START 12492 -4388 2740 19345 1387 -21080 END
START 11644 -4220 -84 17620 1474 -22160 END
START 9660 -3912 -2148 15120 1570 -23334 END
START 6876 -4336 -3652 12432 1275 -23568 END
START 6476 -4052 -4644 9481 879 -23239 END
START 5932 -3864 -5304 6244 2643 -23722 END
START 4116 -4160 -6248 3151 4739 -23972 END
START 2124 -4528 -6932 115 6019 -23836 END
START -56 -4740 -7240 -2219 5919 -23122 END
START -1056 -4812 -8108 -4787 4895 -22445 END
START -2288 -5196 -8544 -8034 3412 -21526 END
START -2584 -5616 -8336 -11509 1917 -20544 END
START -2808 -6052 -8204 -15400 2558 -19696 END
START -3816 -6692 -7688 -19753 3525 -18705 END
START -5248 -7504 -6784 -23814 3450 -17305 END
START -4372 -7784 -5664 -28571 3406 -16418 END
START -4984 -8904 -2784 -32768 3468 -16628 END
START -6868 -9508 1468 -32768 1749 -17343 END
START -9960 -9788 7584 -32768 2241 -17508 END
START -15212 -11204 15852 -32768 6521 -16116 END
START -23408 -12560 28476 -32768 7139 -12347 END
START -25984 -11332 32767 -32738 1835 -8149 END
START -23624 -8492 32767 -25011 -1202 -5129 END