START 22496 7984 30964 4811 -2098 7667 END
START 20440 2576 27552 6441 -1857 4524 END
START 13296 1228 30888 9203 -3886 3245 END
START 6444 664 32767 13041 -7458 3838 END
START 10096 380 32767 16807 -8209 3132 END
START 12884 672 32767 19235 -6804 997 END
START 15060 276 29944 21116 -3982 -1817 END
START 14240 -416 25624 22599 -3131 -4539 END
START 13740 -768 22288 23606 -3364 -6800 END
START 12424 -1812 19112 24084 -3857 -9098 END
START 12892 -2600 15024 23536 -4250 -10817 END
START 13744 -3712 11140 22773 -3570 -13006 END
START 13756 -4248 5176 20799 -1326 -14996 END
START 12340 -4760 -508 17797 97 -16952 END
START 10428 -5200 -3888 14815 506 -18750 END
START 7560 -5428 -7108 11404 -206 -20245 END
START 5264 -5732 -8656 8306 -1445 -20935 END
START 3660 -5808 -10512 4938 -3461 -20991 END
START 3088 -5896 -10548 1512 -5756 -20853 END
START 2888 -5900 -9872 -1509 -7471 -20496 END
START 4728 -6068 -8700 -4570 -7180 -20565 END
START 4488 -6436 -7928 -7981 -5306 -21880 END
START 1468 -7492 -6468 -11092 -5325 -21953 END
START 816 -7972 -5088 -14690 -6937 -20661 END
START 1728 -7940 -3596 -18247 -6404 -19618 END
START 1624 -8396 -3540 -22545 -4651 -19186 END
START 1064 -9804 -3396 -27183 -2219 -20231 END
START -3952 -13452 -3392 -30376 -1436 -22186 END
START -12828 -17328 -3380 -31912 -5704 -23116 END
START -26816 -22904 -792 -32768 -10655 -19544 END
START -32768 -24360 3288 -32768 -13957 -6076 END