START 9152 -5284 26032 -8628 834 7144 END
START 9476 -8724 26812 -8389 737 8372 END
START 6140 -9480 32748 -8819 3835 9759 END
START 4292 -10684 32767 -8470 5053 9084 END
START 11636 -10972 32767 -6038 4211 4911 END
START 14924 -11060 32767 -1517 3782 -2066 END
START 9896 -12536 32767 3633 977 -7120 END
START 5720 -14796 32767 10120 -5225 -9847 END
START 924 -17800 32767 19682 -12101 -10131 END
START 480 -19488 32767 30811 -18427 -8440 END
START 3472 -19284 32767 32767 -21125 -8389 END
START 5260 -18996 32767 32767 -20857 -11023 END
START 2712 -19512 31500 32767 -19647 -13421 END
START 1080 -19472 22024 32767 -18234 -15023 END
START -1032 -18568 13280 32767 -13626 -15471 END
START -4376 -17716 5176 32767 -9232 -14703 END
START -7636 -16224 -3360 32767 -10178 -13246 END
START -7932 -13348 -7964 32767 -14524 -12152 END
START -7248 -11152 -11180 31571 -12895 -11048 END
START -8212 -9476 -19212 25823 -8103 -8632 END
START -9576 -7096 -26004 17627 -3284 -5035 END
START -8384 -4828 -27440 9340 -1973 -1604 END
START -5992 -3536 -26480 3181 -3801 572 END
START -1196 -1960 -23928 -1405 -7672 -112 END
START 1396 -1676 -20932 -4917 -10545 -2274 END
START 2928 -2476 -19180 -8994 -8886 -3717 END
START 1704 -3836 -16644 -13045 -6174 -3782 END
START 1276 -4860 -16132 -17178 -5241 -2547 END
START 3276 -5692 -14208 -22141 -4212 -1500 END
START 6636 -6424 -11844 -27017 -696 -2157 END
START 6464 -8304 -7748 -31666 2486 -3342 END
START 7924 -9164 -2888 -32768 3954 -5128 END
START 8640 -9776 496 -32768 6131 -7538 END
START 6980 -10032 4584 -32768 7598 -8823 END
START 5852 -9568 10836 -32768 8574 -9011 END
START 6116 -9300 18240 -32768 9218 -10530 END
START 5520 -9848 27216 -32768 9641 -12475 END
START 3580 -10348 32767 -32768 9884 -15892 END
START -2964 -11448 32767 -31466 2882 -17933 END
START -5448 -10780 32767 -24420 -2620 -17021 END
START -6256 -8608 32767 -18816 -444 -13921 END
START -6188 -6536 32767 -15325 4965 -9350 END
START -4536 -4636 32767 -11624 9398 -6325 END
START -4812 -4156 32767 -6336 9982 -4767 END
START -5124 -3952 32767 1702 4569 -3850 END
START -3084 -3700 32767 10970 -1759 -3392 END
START -364 -3664 32767 18444 -4254 -2971 END
START 3244 -4784 32767 23548 -3044 -2742 END
START 5824 -5844 32767 27605 2453 -3966 END
START 3084 -7536 32767 32218 4828 -5093 END
START 2004 -8900 32767 32767 3111 -5527 END
START 1176 -9672 29180 32767 522 -6486 END
START 1408 -10600 21432 32767 -1348 -7027 END
START 1072 -10416 13320 32767 -871 -8112 END
START 1280 -10152 4260 32767 -91 -8908 END
START 1400 -9060 -3796 32767 1092 -8604 END
START 228 -8484 -12904 32767 3439 -7487 END
START -1824 -6408 -20600 25499 3109 -5616 END
START -3684 -3708 -24720 17282 157 -4831 END
START -5152 -1572 -22492 8542 -1213 -4041 END