START 13896 1672 27112 -2383 -1054 7160 END
START 16108 -3468 15132 -537 25 7282 END
START 19860 4480 21644 -2600 -1000 7100 END
START 11432 1884 32767 -1516 -1223 6920 END
START 18032 2648 26648 -1744 -1389 6728 END
START 15232 2136 31988 -1661 -2378 6321 END
START 17640 2300 30628 -1400 -2011 5923 END
START 17876 2240 31920 -940 -2312 5443 END
START 17924 2124 32767 -334 -1806 5061 END
START 19112 2128 32767 439 -1937 4565 END
START 17740 1812 32767 1280 -1665 4206 END
START 19352 1916 32767 2253 -1605 3763 END
START 17952 1808 32767 3287 -1543 3312 END
START 19412 1932 32767 4337 -1384 2896 END
START 18196 1816 32767 5340 -1512 2383 END
START 19340 1836 32767 6333 -1461 1928 END
START 18968 1788 32767 7316 -1747 1369 END
START 19560 1784 32767 8223 -1831 759 END
START 19560 1744 32767 9075 -2203 104 END
START 19628 1764 32767 10020 -2414 -636 END
START 20096 1640 32767 10882 -2905 -1417 END
START 19584 1552 32767 11819 -3329 -2294 END
START 19852 1400 32767 12720 -3779 -3133 END
START 18888 1272 32767 13555 -4190 -3934 END
START 19048 1236 32767 14374 -4692 -4708 END
START 18028 1032 32767 15141 -5173 -5377 END
START 18092 1172 32767 15838 -5662 -5950 END
START 17280 1004 32767 16588 -6147 -6529 END
START 17332 892 32767 17309 -6545 -7063 END
START 16780 668 32767 18063 -6891 -7566 END
START 16780 740 32767 18816 -7110 -8031 END
START 16340 440 32767 19581 -7363 -8495 END
START 15968 328 32767 20351 -7475 -8890 END
START 15980 264 32464 21122 -7544 -9305 END
START 15584 76 32176 21873 -7502 -9673 END
START 15440 -180 31480 22640 -7447 -10037 END
START 15044 -216 31352 23414 -7258 -10417 END
START 14988 -344 30568 24163 -7121 -10759 END
START 14664 -584 30012 24979 -6924 -11133 END
START 14244 -684 29812 25782 -6709 -11494 END
START 14376 -904 28924 26620 -6388 -11861 END
START 13920 -1104 28200 27430 -6093 -12280 END
START 13900 -1152 27344 28279 -5777 -12671 END
START 13472 -1364 26704 29115 -5580 -13142 END
START 13068 -1508 25752 29919 -5368 -13597 END
START 12376 -1756 24824 30666 -5346 -14036 END
START 11888 -1820 24048 31376 -5399 -14488 END
START 11044 -1964 22924 32021 -5634 -14877 END
START 10368 -1824 22148 32605 -5951 -15180 END
START 9576 -1952 21064 32767 -6405 -15408 END
START 8452 -2228 19632 32767 -6943 -15565 END
START 7728 -2308 19036 32767 -7516 -15665 END
START 7208 -2352 18256 32767 -8070 -15695 END
START 6564 -2532 17632 32767 -8607 -15694 END
START 6160 -2600 16884 32767 -9072 -15639 END
START 5776 -2624 16080 32767 -9550 -15542 END
START 5372 -2760 14988 32767 -9948 -15481 END
START 5116 -2800 14292 32767 -10288 -15348 END
START 5044 -2756 12852 32767 -10463 -15290 END
START 5004 -2684 11632 32767 -10567 -15219 END
START 4952 -2468 10272 32767 -10543 -15187 END
START 4824 -2356 8984 32767 -10468 -15148 END
START 4580 -2292 7696 32767 -10377 -15143 END
START 4260 -1924 6144 32767 -10254 -15099 END
START 4052 -1724 5028 32767 -10227 -15063 END
START 3864 -1520 4004 32767 -10139 -14932 END
START 3476 -1480 3240 32767 -10096 -14813 END
START 3300 -1436 2176 32767 -9930 -14670 END
START 3332 -1276 1244 32767 -9686 -14546 END
START 3320 -1156 316 32633 -9213 -14399 END
START 3164 -1140 -788 31917 -8581 -14275 END
START 3204 -912 -1536 31125 -7855 -14153 END
START 2936 -664 -2708 30294 -7204 -14063 END
START 2776 -544 -3488 29376 -6370 -13899 END
START 2452 -288 -4236 28354 -5572 -13849 END
START 2312 -4 -5252 27358 -4872 -13707 END
START 1872 284 -5788 26198 -4072 -13545 END
START 1496 460 -6320 25065 -3322 -13369 END
START 984 692 -6840 23858 -2688 -13108 END
START 560 888 -7156 22638 -2112 -12808 END
START 292 860 -7500 21516 -1560 -12444 END
START -156 916 -7924 20335 -1019 -12018 END
START -496 1136 -8392 19161 -506 -11553 END
START -964 1260 -8816 18098 -157 -11067 END
START -1264 1348 -9112 16957 148 -10500 END
START -1608 1464 -9500 15805 260 -9979 END
START -1748 1712 -9968 14675 302 -9465 END
START -1836 1588 -10092 13445 191 -8957 END
START -1928 1732 -10184 12205 -2 -8501 END
START -1912 1760 -10332 11008 -216 -8022 END
START -2024 1844 -10408 9730 -570 -7546 END
START -2180 1892 -10408 8502 -862 -7100 END
START -2164 1880 -10392 7371 -1107 -6697 END
START -2080 1856 -10348 6348 -1291 -6280 END
START -2124 1824 -10240 5329 -1554 -5784 END
START -2092 1864 -10316 4396 -1769 -5388 END
START -1948 1744 -10448 3499 -2002 -4956 END
START -1824 1896 -10540 2505 -2135 -4527 END
START -1600 1892 -10528 1557 -2280 -4172 END
START -1352 1892 -10548 561 -2267 -3812 END
START -1184 2040 -10536 -483 -2264 -3454 END
START -1048 1884 -10224 -1408 -2207 -3162 END
START -760 1952 -10068 -2351 -2125 -2860 END
START -576 1772 -9932 -3255 -2055 -2543 END
START -148 1496 -9876 -4132 -1877 -2268 END
START 172 1676 -9532 -4905 -1627 -2032 END
START 508 1608 -9396 -5702 -1396 -1835 END
START 692 1568 -9176 -6465 -1136 -1681 END
START 888 1588 -9116 -7296 -797 -1571 END
START 1040 1572 -8700 -8019 -472 -1458 END
START 1360 1300 -8340 -8787 -109 -1412 END
START 1188 1380 -8100 -9451 164 -1300 END
START 1332 1212 -7628 -10066 463 -1268 END
START 1208 1028 -7272 -10659 654 -1149 END
START 1168 996 -6924 -11138 771 -1050 END
START 1040 924 -6584 -11539 908 -934 END
START 1128 880 -6520 -11941 1016 -816 END
START 1068 800 -6420 -12264 1106 -672 END
START 972 856 -6464 -12631 1076 -563 END
START 824 860 -6696 -12968 930 -403 END
START 732 844 -6588 -13416 742 -238 END
START 772 920 -6800 -13906 464 -35 END
START 580 848 -6768 -14283 185 149 END
START 412 824 -6828 -14860 -174 369 END
START 308 680 -7008 -15470 -577 657 END
START 148 412 -6908 -15974 -1018 990 END
START 40 460 -7016 -16537 -1489 1354 END
START 96 544 -7044 -17121 -1929 1737 END
START 216 584 -7124 -17770 -2286 2119 END
START 632 720 -7144 -18502 -2638 2490 END
START 888 632 -6896 -19244 -2920 2879 END
START 1132 676 -6796 -20029 -3154 3218 END
START 1628 452 -6548 -20844 -3303 3569 END
START 1920 380 -6336 -21647 -3445 3910 END
START 2404 332 -6012 -22425 -3523 4194 END
START 2948 136 -5528 -23173 -3554 4490 END
START 3736 200 -5508 -23924 -3517 4702 END
START 4624 4 -5292 -24729 -3291 4859 END
START 5264 24 -4792 -25518 -2976 4958 END
START 5932 -56 -4332 -26333 -2482 4955 END
START 6552 60 -3832 -27124 -1962 4892 END
START 7032 -4 -3164 -27985 -1273 4740 END
START 7284 -120 -2588 -28691 -644 4561 END
START 7572 -112 -1672 -29410 -30 4364 END
START 7628 -192 -1312 -30047 634 4103 END
START 7648 -68 -884 -30662 1254 3881 END
START 7552 -32 -328 -31212 1900 3630 END
START 7260 16 356 -31798 2472 3427 END
START 6860 120 860 -32338 2916 3260 END
START 6568 112 1340 -32768 3237 3152 END
START 6640 380 1968 -32768 3509 3096 END
START 6524 584 2484 -32768 3679 3004 END
START 6656 604 2808 -32768 3892 2966 END
START 6784 612 3840 -32768 4044 2958 END
START 7068 656 4664 -32768 4247 2926 END
START 7328 696 5604 -32768 4472 2931 END
START 7624 716 6808 -32768 4624 2928 END
START 7668 756 7852 -32768 4728 2828 END
START 8208 792 8840 -32768 4917 2806 END
START 8420 644 10288 -32768 4846 2741 END
START 8824 696 11396 -32768 4986 2698 END
START 9600 832 12300 -32768 5084 2618 END
START 10152 640 13780 -32768 5369 2479 END
START 11040 652 14844 -32768 5589 2205 END
START 11872 748 16140 -32768 5884 1844 END
START 12800 1028 17420 -32768 6219 1325 END
START 13868 1256 18644 -32768 6624 681 END
START 14656 1356 19932 -32768 7054 -187 END
START 15616 1384 20928 -32768 7547 -1262 END
START 16436 1448 22328 -32768 7936 -2516 END
START 16568 1380 23932 -32768 8018 -3954 END
START 16184 1360 25480 -32768 7679 -5577 END
START 15356 1184 27036 -32768 6910 -7203 END
START 14448 1240 28376 -32768 5669 -8842 END
START 13260 1576 29492 -32768 4276 -10387 END
START 12000 1964 30816 -32768 2700 -11861 END
START 10772 2140 31740 -32768 1140 -13251 END
START 9484 2556 32676 -32768 -315 -14495 END
START 8240 2712 32767 -32768 -1430 -15459 END
START 7172 2896 32767 -32489 -2143 -16204 END
START 5992 2992 32767 -31890 -2500 -16728 END
START 5004 2820 32767 -31227 -2487 -16929 END
START 4092 2656 32767 -30515 -2118 -16926 END
START 3020 2484 32767 -29645 -1373 -16811 END
START 2484 2524 32767 -28760 -292 -16485 END
START 1832 2320 32767 -27870 971 -16049 END
START 1236 2020 32767 -26936 2349 -15478 END
START 536 1724 32767 -26004 3718 -14783 END
START -68 1412 32767 -25056 4964 -13937 END
START -696 1444 32767 -24166 5889 -13000 END
START -1216 1444 32767 -23307 6643 -11982 END
START -1756 1536 32767 -22391 6926 -10827 END
START -2096 1400 32767 -21362 6845 -9701 END
START -2176 1436 32767 -20282 6410 -8497 END
START -1316 1548 32767 -19059 6000 -7379 END
START -328 1644 32767 -17765 5680 -6353 END
START 872 1620 32767 -16355 5371 -5507 END
START 2100 1796 32767 -15071 5266 -4811 END
START 2964 1672 32767 -13559 5051 -4149 END
START 4220 1588 32767 -11814 4898 -3612 END
START 5212 1836 32767 -9961 4632 -3156 END
START 6792 2060 32767 -8110 4459 -2826 END
START 7840 2328 32767 -6267 4162 -2664 END
START 9100 2544 32767 -4547 4022 -2660 END
START 10140 2668 32767 -2863 3736 -2742 END
START 10868 2748 32767 -1245 3432 -2860 END
START 11844 2920 32767 284 3181 -3079 END
START 12752 3140 32767 1776 2990 -3281 END
START 13472 3460 32767 3107 2851 -3595 END
START 14492 3644 32767 4394 2649 -3954 END
START 15188 3848 32767 5601 2473 -4396 END
START 15736 3972 32767 6732 2289 -4930 END
START 16060 4036 32767 7739 2094 -5522 END
START 16100 4140 32767 8737 1919 -6139 END
START 16076 4252 32767 9593 1750 -6737 END
START 16172 4448 32767 10473 1724 -7259 END
START 16128 4368 32767 11304 1785 -7753 END
START 15976 4180 32767 12103 1969 -8140 END
START 15664 3916 32767 12889 2123 -8454 END
START 15200 3828 32767 13600 2356 -8692 END
START 14924 4044 32767 14333 2450 -8871 END
START 14988 4312 32767 15160 2464 -9109 END
START 15068 4368 32767 16005 2716 -9411 END
START 15512 4128 32767 16656 3203 -9781 END
START 15664 3944 32767 17203 4221 -10115 END
START 15508 3832 32767 17700 5013 -10462 END
START 15240 3796 32767 18094 5994 -10786 END
START 15080 3672 32524 18480 7050 -11057 END
START 14760 3412 32068 18856 8234 -11307 END
START 14332 3220 31496 19246 9243 -11495 END
START 13952 2960 31404 19683 10245 -11685 END
START 13728 2596 30972 20159 11070 -11837 END
START 13380 2300 30408 20774 11832 -12031 END
START 13020 2072 30152 21393 12442 -12232 END
START 12396 1944 30144 22076 12805 -12496 END
START 11940 1672 29620 22819 12714 -12775 END
START 11316 1464 29240 23558 12706 -13094 END
START 10316 1024 28848 24392 11930 -13380 END
START 9044 384 28660 25295 10511 -13466 END
START 7948 -152 28352 26380 8440 -13410 END
START 7400 -548 27380 27478 6108 -13374 END
START 7448 -636 26180 28451 3770 -13500 END
START 7860 -704 24752 29279 1661 -13718 END
START 8196 -296 23688 29894 -139 -14155 END
START 8776 -148 22660 30340 -1684 -14699 END
START 9332 -64 21936 30627 -2816 -15325 END
START 9636 -176 21016 30824 -3495 -15979 END
START 9860 -568 20040 31025 -3709 -16680 END
START 9680 -740 19136 31209 -3584 -17352 END
START 9388 -1052 18496 31444 -3277 -17942 END
START 8868 -1332 17688 31658 -2923 -18433 END
START 8064 -1548 16820 31914 -2676 -18947 END
START 7124 -1776 16140 32132 -2542 -19342 END
START 6156 -1968 15280 32353 -2523 -19719 END
START 4840 -2296 13824 32550 -2595 -19950 END
START 3712 -2456 12960 32728 -2657 -20125 END
START 2516 -2596 11648 32767 -2932 -20088 END
START 1368 -2544 10388 32767 -3253 -19905 END
START 388 -2556 9132 32767 -3523 -19623 END
START -240 -2332 7860 32630 -3650 -19286 END
START -672 -2268 6600 32276 -3624 -18912 END
START -1388 -2072 5516 31803 -3425 -18539 END
START -1880 -1580 4396 31193 -3165 -18111 END
START -2408 -1396 3404 30460 -2858 -17676 END
START -3156 -1060 2652 29671 -2481 -17195 END