START 8856 -2176 32767 -10443 1488 4416 END
START 10340 -5700 32767 -7022 -822 2037 END
START 9632 -6828 32767 -3613 -3382 981 END
START 3484 -7084 32767 1271 -7114 381 END
START 1768 -6384 32767 7397 -8780 -428 END
START 1276 -8428 32767 12856 -8120 -2061 END
START -1516 -10872 32767 19714 -7349 -3021 END
START -3356 -14004 32767 28454 -7815 -1978 END
START -2624 -15024 32767 32767 -9093 -286 END
START -960 -15556 32767 32767 -9827 435 END
START 2316 -15236 29100 32767 -9300 -262 END
START 4120 -14532 19824 32767 -7356 -1701 END
START 3940 -13396 10836 32767 -5843 -2516 END
START 4076 -11460 2984 32767 -4543 -2985 END
START 4268 -9260 -3372 32767 -2976 -3200 END
START 2628 -6940 -8464 32767 -610 -2511 END
START 1372 -5072 -11796 30643 -396 -1228 END
START 1440 -3000 -14808 26202 -3211 -996 END
START 748 -1388 -18000 20965 -7695 -1563 END
START 1420 -308 -18228 14806 -10323 -2334 END
START 2160 -536 -17096 8483 -8769 -3270 END
START 2208 -792 -16744 2294 -6268 -3289 END
START 2432 -1248 -15148 -3568 -4049 -2921 END
START 2508 -1820 -12336 -8456 -3903 -1573 END
START 6704 -1296 -10456 -12090 -4981 -868 END
START 11532 -620 -7572 -15897 -5408 -2551 END
START 15016 -908 -4148 -19365 -4537 -5793 END
START 14424 -1988 -1140 -22376 -3623 -8254 END
START 14484 -2536 1928 -25093 -4075 -8843 END
START 17508 -2768 6776 -27659 -3935 -10088 END
START 19148 -3752 11968 -28199 -5082 -13726 END
START 20016 -5196 16048 -26213 -9422 -19768 END
START 18136 -6696 18516 -23967 -16055 -25811 END
START 11548 -7576 21140 -22153 -19693 -27438 END
START 6372 -4892 20212 -22353 -16832 -23973 END
START 1332 -1844 17632 -25577 -11694 -20112 END
START -3016 -1476 16476 -31077 -8784 -16622 END
START -5020 -4384 21756 -32768 -8773 -13248 END
START -6528 -6828 32767 -32768 -3335 -8973 END
START -11576 -8832 32767 -32768 2073 -4476 END
START -12824 -8204 32767 -30165 2772 1506 END
START -3636 -5096 32767 -18955 3248 3602 END
START 436 -3016 32767 -10771 3660 737 END
START -212 -2748 32767 -2637 -1095 -2436 END
START 1592 -1460 32767 5683 -3151 -4513 END
START 5812 -1180 32767 11166 387 -5698 END
START 11652 -796 32767 14707 6950 -7993 END
START 15664 -3604 32767 19664 13192 -12768 END
START 14400 -8816 32767 27499 18840 -18575 END
START 4656 -13168 32767 32767 22720 -19332 END
START -448 -13956 28696 32767 21787 -16190 END