START 10672 1364 -11824 8140 -1742 6190 END
START 10560 -492 -17480 3980 -10344 5610 END
START 7964 428 -13880 -2582 -9908 6082 END
START 6620 -316 -8464 -7468 -6598 5670 END
START 5396 -456 -5272 -9353 -2281 4872 END
START 3540 -260 -5028 -11170 -1030 3235 END
START 3560 -300 -7104 -13862 -1172 1437 END
START 2408 -1216 -7484 -17202 -1317 610 END
START 1112 -1952 -8108 -20527 -1423 916 END
START 1068 -2700 -7576 -24769 -3115 1584 END
START 2672 -3172 -5820 -29411 -2969 1446 END
START 4048 -5600 -2088 -32768 422 310 END
START 2472 -7112 1760 -32768 2601 -614 END
START 292 -8856 7004 -32768 1360 -1042 END
START -1064 -9968 13096 -32768 -302 -1183 END
START -1592 -10900 21304 -32768 315 -279 END
START -1748 -10776 28544 -32768 3474 646 END
START -2948 -10048 32767 -32768 7634 1398 END
START -3524 -8740 32767 -32768 8768 1905 END
START -4692 -8072 32767 -29323 6489 1789 END
START -4516 -7132 32767 -23229 2972 1109 END
START -6116 -6248 32767 -16572 1920 1384 END
START -5140 -4392 32767 -9311 1935 2777 END
START -3420 -2984 32767 -2697 2829 4563 END
START -2452 -2200 32767 3316 1407 5858 END
START -652 -1824 32767 9900 -1698 7031 END
START 2620 -2240 32767 16998 -5111 6859 END
START 4984 -3432 32767 23810 -8014 5470 END
START 5776 -4616 32767 29043 -9085 3455 END
START 5708 -5668 32767 32767 -8088 1733 END
START 5912 -6240 27668 32767 -4939 166 END
START 5140 -6572 21824 32767 -2687 -699 END
START 5460 -6712 17040 32767 -3071 -1801 END
START 5968 -6404 12340 32767 -3791 -3474 END
START 7268 -5848 8344 32767 -3772 -5438 END
START 7752 -5368 4764 32767 -3287 -7346 END
START 8252 -4328 1936 31642 -3673 -9944 END
START 9440 -3056 -1756 28593 -4323 -13489 END
START 9088 -2716 -3844 24689 -4459 -17195 END
START 6944 -3212 -5752 20670 -3130 -19404 END
START 3604 -3912 -6952 17362 -3057 -20011 END
START 2372 -3672 -8984 14019 -4609 -19959 END
START 1408 -3348 -10096 10041 -5743 -19835 END
START 888 -3204 -11256 5426 -5711 -19601 END
START 156 -3312 -12000 58 -4611 -19317 END
START -656 -3708 -12100 -5443 -3813 -18675 END
START -1820 -3856 -11796 -11535 -3356 -17969 END
START -2668 -5096 -10196 -17181 -3677 -16639 END
START -2436 -5576 -9076 -22403 -3654 -15201 END
START -2620 -6800 -8440 -28847 -3061 -13988 END
START -1784 -8224 -5312 -32768 -2181 -13727 END
START -2224 -10764 188 -32768 -2213 -15070 END
START -2900 -12916 6136 -32768 4 -16955 END
START -8804 -14920 15680 -32768 5539 -17595 END
START -16700 -16824 24484 -32768 11431 -16210 END
START -26320 -17332 32767 -32768 13079 -11087 END