START 28536 5788 18732 -2215 -5235 10130 END
START 16508 -3088 28964 -88 -7474 9093 END
START 21628 -2420 29748 3386 -7826 8227 END
START 18824 -2524 32767 6439 -8452 5038 END
START 14648 -3072 32767 9434 -10609 2383 END
START 16036 -3236 32767 12596 -10714 1209 END
START 14992 -3016 32767 15691 -8932 534 END
START 14836 -2976 32767 18223 -6705 -189 END
START 15012 -3248 29692 20715 -5645 -1433 END
START 16716 -3892 27320 23229 -5930 -3452 END
START 17872 -3940 23604 24861 -5473 -7367 END
START 16516 -5400 20956 26386 -5325 -10723 END
START 15860 -6032 17360 27568 -4048 -13852 END
START 14264 -6860 13044 28158 -2126 -16070 END
START 13948 -7152 8284 28205 216 -18156 END
START 13948 -6608 1992 26574 1869 -20882 END
START 13068 -7132 -1844 23699 3988 -24079 END
START 10076 -7872 -4824 20823 5541 -26694 END
START 6892 -8476 -6908 18188 5434 -28144 END
START 4168 -8420 -8896 15540 4993 -28028 END
START 1880 -8108 -11552 11767 5148 -26877 END
START 36 -7168 -14812 6530 3978 -24438 END
START -856 -6388 -15744 713 3178 -22266 END
START -1800 -5604 -15508 -4956 2291 -20134 END
START -1580 -5592 -14000 -10159 2041 -18282 END
START -500 -5112 -13168 -14906 2472 -17212 END
START 628 -5332 -11852 -18661 3518 -17684 END
START -4 -5852 -11900 -22725 3248 -18238 END
START -48 -6480 -9712 -26236 767 -19683 END
START -1432 -7456 -8084 -28826 -2228 -20322 END
START -1244 -8000 -7452 -32638 -4186 -20626 END
START -424 -8604 -6876 -32768 -4334 -21398 END
START 324 -11036 -2368 -32768 -1444 -23845 END
START -5152 -16056 6520 -32768 -505 -25917 END
START -16032 -21752 23348 -32768 -2894 -24306 END
START -25752 -23904 32767 -32768 -6806 -15617 END
START -27540 -23100 32767 -32768 -5758 -5741 END