START 19916 13060 -5068 -5592 4374 4712 END
START 10516 5512 -6808 -7669 692 4352 END
START 5436 3844 -976 -11301 -1909 4344 END
START 5232 2992 5052 -13854 -1275 3379 END
START 4584 2168 8924 -13874 1409 793 END
START 3612 1376 7256 -14432 1224 -1948 END
START -40 -872 5680 -14632 -1287 -2203 END
START -3344 -1928 4448 -15239 -3553 264 END
START -2616 -2220 2192 -18383 -3371 2909 END
START -2080 -1992 568 -22742 -1432 4669 END
START -284 -1804 4032 -27698 -225 4961 END
START 3676 -1468 10052 -29867 453 3710 END
START 4160 -1592 15736 -30204 1613 1307 END
START 980 -1544 20836 -28574 733 1149 END
START 1320 -932 24552 -26634 -1786 1537 END
START 3152 504 29748 -25752 -2874 2298 END
START 6604 1140 32767 -23242 911 1944 END
START 7104 1420 32767 -19469 5047 -132 END
START 3336 1088 32767 -15214 5584 -2291 END
START 1508 1204 32767 -10710 3425 -3104 END
START -1016 208 32767 -4466 2148 -2804 END
START -2716 -504 32767 2617 -534 -1365 END
START -2020 -1232 32767 8901 -3194 281 END
START -104 -1656 32767 14063 -4089 1193 END
START 276 -1928 32767 18028 -3331 1778 END
START 1168 -2556 32767 21553 -2502 2644 END
START 2056 -2408 29504 24686 -2101 3089 END
START 3520 -3008 25992 27875 -2447 3409 END
START 6012 -2980 22824 30239 -2424 2541 END
START 9352 -2460 18584 31921 -1679 572 END
START 11980 -2020 13820 32129 -985 -2850 END
START 14672 -64 7132 29896 -1675 -7497 END
START 15000 544 5136 26258 -867 -12795 END
START 14484 68 4344 23348 1664 -16995 END
START 12324 -796 2432 21276 3854 -20686 END
START 10400 -1332 144 19540 4335 -23947 END
START 8988 -1452 -4056 16622 4059 -27002 END
START 6900 -1724 -6056 11821 3961 -28780 END
START 6928 -1340 -8000 6259 4551 -30501 END
START 3232 -2344 -8932 438 4048 -31283 END
START 1812 -3716 -7540 -3950 4213 -31148 END
START -3120 -4304 -8912 -7634 4596 -28830 END
START -4112 -4392 -11116 -13705 1964 -26718 END
START -6288 -4920 -9384 -20966 667 -24173 END
START -7004 -5464 -6668 -26679 1336 -21451 END
START -10228 -6380 -4760 -31408 1571 -18250 END
START -11240 -6704 -1284 -32768 1570 -15503 END
START -13252 -8296 3452 -32768 3538 -12795 END
START -14500 -10064 10260 -32768 6173 -10791 END
START -17852 -11388 17908 -32768 9041 -8282 END
START -23056 -12296 26948 -32768 6232 -6181 END