START 21348 -3100 27924 -1162 -1797 225 END
START 16116 -7744 29580 -1868 -2410 -2260 END
START 9080 -9664 32767 -443 480 -1768 END
START 428 -10312 32767 2545 -1617 516 END
START -4996 -11820 32767 7964 -3868 2801 END
START -1028 -13228 32767 14831 -5217 4045 END
START -360 -14232 32767 22224 -5688 4392 END
START 824 -15304 32767 29134 -5670 4227 END
START 1668 -16332 32767 32767 -5930 3209 END
START 260 -18552 32767 32767 -6975 3061 END
START 1028 -19532 32767 32767 -8140 3564 END
START 2844 -20228 27480 32767 -9470 3341 END
START 3320 -20340 19780 32767 -11494 2254 END
START 2724 -19788 11484 32767 -14557 845 END
START 2460 -18772 4952 32767 -17760 -513 END
START 976 -17368 -808 32767 -21756 -1937 END
START 8 -15584 -6092 32767 -25816 -2707 END
START -808 -12660 -11384 32767 -29908 -3559 END
START 1644 -9372 -16872 32767 -29636 -5300 END
START 2384 -6468 -20348 27484 -21139 -7694 END
START 400 -5420 -21364 16289 -10626 -8612 END
START -4200 -5060 -20736 7423 -4719 -6949 END
START -6396 -4452 -21068 578 -4234 -3576 END
START -6256 -3436 -20852 -5430 -7441 190 END
START -2824 -2228 -19848 -11098 -9663 2676 END
START 1020 -2056 -17704 -16435 -10160 2982 END
START 4836 -2100 -15912 -21498 -7629 1405 END
START 5488 -3020 -14872 -27044 -3961 -891 END
START 4972 -5240 -13712 -32768 -1089 -2508 END
START 3908 -7612 -11676 -32768 -1322 -2725 END
START 4940 -9912 -8528 -32768 -3562 -1948 END
START 9468 -11636 -3776 -32768 -4547 -2222 END
START 14336 -13724 2708 -32768 156 -4570 END
START 13528 -15096 10272 -32768 7690 -7137 END
START 12084 -16676 19184 -32768 11370 -9584 END
START 10460 -16392 30528 -32768 11218 -11441 END
START 12516 -15144 32767 -32768 10825 -15310 END
START 7592 -13760 32767 -32768 11627 -19218 END
START -3844 -13576 32767 -32768 4362 -18746 END
START -7580 -10980 32767 -27855 -6078 -13172 END
START -1216 -10024 32767 -17572 -7831 -7784 END
START 3388 -10876 32767 -13405 -1234 -6168 END
START 516 -13900 32767 -6339 4340 -4927 END
START -3304 -15124 32767 6346 1635 -3359 END
START -1300 -14884 32767 21110 -4014 -1435 END
START 2416 -14128 32767 32053 -5302 -1078 END
START 6992 -14628 32767 32767 -1813 -2739 END
START 7820 -16384 32767 32767 4339 -4747 END
START 5772 -18160 32767 32767 7978 -6239 END
START 4216 -19280 27360 32767 7838 -7206 END
START 5540 -18632 16480 32767 6330 -8765 END
START 6284 -16920 7500 32767 4850 -12447 END
START 3952 -15592 2148 32767 1947 -15719 END