START -17668 -17176 32767 -274 -7536 -304 END
START 208 -15764 32767 6927 -14890 2808 END
START 2052 -15520 32767 8641 -8607 3264 END
START -1512 -15864 32767 9461 -4907 4984 END
START 824 -16144 32767 14377 -4063 5479 END
START 740 -18256 32767 21383 -5636 1893 END
START -4508 -22676 32767 31237 -11923 -921 END
START -7372 -26660 32767 32767 -17275 -830 END
START -6308 -29036 32767 32767 -17531 350 END
START -4676 -30108 32767 32767 -14737 1686 END
START -3508 -29676 28140 32767 -12241 2946 END
START -604 -29016 19760 32767 -10231 3521 END
START 1168 -28440 11184 32767 -8810 3062 END
START 1056 -25512 720 32767 -9909 2766 END
START 1544 -20140 -7504 32767 -13353 1692 END
START 3212 -15368 -13572 32767 -12116 -295 END
START 4012 -11056 -20384 32767 -5796 -1931 END
START 3120 -7280 -25820 30052 -460 -1968 END
START 2284 -4244 -27944 20790 761 -1499 END
START 2208 -2660 -26136 13809 -1976 -1018 END
START 2748 -1644 -23932 8685 -5918 -761 END
START 4724 -780 -21544 4757 -9116 -1014 END
START 7452 -492 -19604 1148 -11718 -2468 END
START 8760 -248 -17964 -2750 -12377 -5091 END
START 7484 -956 -16832 -7723 -11620 -7078 END
START 6624 -2092 -14984 -13127 -8910 -7670 END
START 5052 -3380 -13108 -18363 -8415 -7143 END
START 6940 -4380 -10824 -22863 -9544 -6877 END
START 9648 -5652 -7144 -26561 -11205 -8307 END
START 11832 -7420 -3444 -28641 -14473 -11055 END
START 11616 -9496 3168 -27805 -25289 -14426 END
START 15048 -9636 6240 -24353 -32768 -16926 END
START 16720 -8664 4932 -25166 -32768 -17947 END
START 17116 -8036 2960 -32768 -25168 -16466 END
START 13784 -10280 6364 -32768 -7643 -13328 END
START 11808 -12720 16428 -32768 7856 -12147 END
START 6212 -16428 32767 -32768 9943 -15797 END
START -1020 -18368 32767 -32768 3687 -18832 END
START -3632 -16268 32767 -32768 4065 -17891 END
START -9580 -15252 32767 -32768 12231 -14421 END
START -17096 -15548 32767 -28022 5332 -8390 END
START -13168 -13604 32767 -18096 -2500 -2266 END
START -8360 -11708 32767 -10709 104 2915 END
START -3300 -9808 32767 -4109 5860 6156 END
START 12 -8596 32767 3787 9603 5987 END
START 64 -8316 32767 13560 7717 4606 END
START 852 -9436 32767 23483 5612 2936 END
START 1148 -10872 32767 31476 7566 3032 END
START 2596 -13520 32767 32767 12379 3710 END
START 2680 -15532 32767 32767 14852 4998 END
START 3600 -16524 32767 32767 13900 5809 END
START 5680 -16576 25192 32767 11868 5918 END
START 7948 -15436 15324 32767 9557 4118 END
START 8368 -13688 7168 32767 7790 1708 END
START 9172 -11268 -148 32767 5972 -812 END
START 8516 -9184 -6120 32767 6026 -3414 END
START 6316 -7152 -11844 32767 7972 -4636 END