START 18108 2428 26824 -4818 4603 10686 END
START 22664 -312 14852 -3188 5333 10522 END
START 17368 2428 24256 -4819 4651 10014 END
START 19064 3680 25692 -3801 5182 9644 END
START 18536 3192 25096 -3897 4556 9163 END
START 17068 3312 26648 -3915 3281 8584 END
START 19264 3720 24076 -3959 2708 8027 END
START 17304 3356 26848 -3955 1603 7423 END
START 20236 3348 24388 -4012 1301 6901 END
START 18080 3116 27492 -3922 424 6288 END
START 20072 3196 25872 -3872 199 5722 END
START 18732 2988 28372 -3728 -520 5069 END
START 19860 3004 27780 -3577 -770 4481 END
START 19532 2924 29172 -3349 -1034 3779 END
START 19660 2852 29736 -3129 -1218 3180 END
START 20000 2964 30304 -2841 -1181 2602 END
START 19572 3012 31492 -2517 -1136 2010 END
START 20220 2996 31612 -2104 -837 1448 END
START 20300 2848 32308 -1652 -641 919 END
START 19772 2292 32767 -1086 -232 410 END
START 20000 2068 32767 -307 -51 -110 END
START 19300 1716 32767 501 272 -541 END
START 19524 1604 32767 1373 507 -994 END
START 18912 1512 32767 2320 664 -1375 END
START 18688 1496 32767 3332 743 -1818 END
START 18336 1260 32767 4348 664 -2198 END
START 17904 1192 32767 5420 565 -2591 END
START 17572 1100 32767 6401 303 -2967 END
START 17308 956 32767 7358 15 -3320 END
START 17220 820 32767 8205 -370 -3658 END
START 17096 708 32767 9013 -743 -4005 END
START 17108 608 32767 9740 -1109 -4339 END
START 17252 504 32767 10410 -1498 -4705 END
START 17272 356 32767 11103 -1813 -5103 END
START 17572 152 32767 11770 -2061 -5473 END
START 17400 -116 32767 12446 -2259 -5876 END
START 17460 -468 32767 13197 -2395 -6246 END
START 17364 -832 32767 13958 -2524 -6613 END
START 17112 -940 32767 14808 -2792 -6952 END
START 16856 -1084 32767 15710 -3140 -7309 END
START 16512 -1372 32767 16767 -3706 -7739 END
START 16336 -1608 32767 17891 -4341 -8151 END
START 16120 -1976 32767 19074 -5000 -8604 END
START 15724 -2460 32767 20367 -5753 -9068 END
START 15464 -2784 32767 21676 -6520 -9541 END
START 15140 -3104 32767 23046 -7351 -9988 END
START 15104 -3332 32767 24357 -8167 -10424 END
START 15144 -3584 32767 25668 -8910 -10851 END
START 15340 -3772 32767 26873 -9538 -11319 END
START 15564 -3972 32767 28062 -9978 -11845 END
START 15828 -4156 32767 29155 -10397 -12405 END
START 15616 -4392 32767 30357 -10706 -13109 END
START 15132 -4804 31780 31479 -11079 -13803 END
START 14608 -4964 30860 32573 -11419 -14487 END
START 14032 -5200 29756 32767 -11801 -15107 END
START 13232 -5328 28480 32767 -12158 -15645 END
START 12496 -5656 27068 32767 -12488 -16097 END
START 11868 -5728 25748 32767 -12832 -16465 END
START 10916 -5924 23740 32767 -13170 -16784 END
START 10232 -5784 22268 32767 -13596 -17058 END
START 9440 -5900 20892 32767 -14087 -17284 END
START 8732 -5796 19488 32767 -14539 -17466 END
START 8060 -5716 18144 32767 -15119 -17620 END
START 7512 -5896 16856 32767 -15581 -17734 END
START 7180 -5812 15372 32767 -16013 -17841 END
START 6728 -5912 13764 32767 -16239 -17918 END
START 6276 -5924 12320 32767 -16426 -17981 END
START 5652 -5712 10360 32767 -16510 -17997 END
START 5252 -5608 8760 32767 -16468 -17957 END
START 4928 -5336 6856 32767 -16133 -17994 END
START 4572 -5188 5340 32767 -15636 -18007 END
START 4456 -4960 3652 32767 -14953 -18001 END
START 4188 -4780 2116 32767 -14169 -18004 END
START 3708 -4556 524 32767 -13298 -17987 END
START 3300 -4488 -936 32767 -12356 -17940 END
START 2528 -4200 -2232 32767 -11519 -17876 END
START 2028 -3912 -3264 32122 -10715 -17752 END
START 1276 -3624 -4172 30759 -10029 -17558 END
START 544 -3332 -4944 29358 -9412 -17256 END
START -136 -3240 -5788 28082 -8924 -16961 END
START -792 -2792 -6364 26709 -8575 -16567 END
START -1476 -2508 -6996 25369 -8266 -16150 END
START -1908 -2164 -7648 24035 -7878 -15673 END
START -2468 -2052 -8384 22747 -7499 -15184 END
START -2844 -1952 -9180 21364 -7079 -14612 END
START -3588 -1804 -10196 20095 -6609 -13956 END
START -4120 -1684 -10888 18689 -6248 -13259 END
START -4748 -1204 -12348 17135 -5809 -12453 END
START -5292 -696 -13300 15387 -5549 -11585 END
START -5656 -232 -13744 13529 -5278 -10692 END
START -6124 40 -14020 11572 -5198 -9795 END
START -6212 312 -14440 9684 -5041 -8943 END
START -6404 408 -14252 7778 -4915 -8016 END
START -6500 612 -13828 5906 -4832 -7150 END
START -6352 708 -13372 4210 -4743 -6297 END
START -6132 648 -13080 2593 -4459 -5454 END
START -6084 584 -12608 1275 -4067 -4613 END
START -6012 448 -11924 32 -3688 -3815 END
START -5924 392 -11432 -1014 -3300 -3023 END
START -5976 412 -10964 -1958 -2875 -2201 END
START -5824 364 -10752 -2932 -2436 -1426 END
START -5724 416 -10204 -3845 -2058 -641 END
START -5468 612 -9944 -4711 -1833 104 END
START -5252 816 -9684 -5620 -1564 790 END
START -4704 788 -9248 -6500 -1355 1488 END
START -3944 456 -8616 -7270 -1192 2064 END
START -2864 220 -8516 -8005 -769 2582 END
START -1936 60 -7820 -8608 -485 2979 END
START -1076 48 -7704 -9117 -140 3219 END
START 52 -144 -7336 -9632 176 3377 END
START 1000 -348 -6676 -10032 401 3366 END
START 1656 -396 -5900 -10377 491 3234 END
START 2072 -416 -5256 -10641 423 3010 END
START 2780 -476 -5088 -10828 354 2791 END
START 3156 -496 -4828 -10975 178 2493 END
START 3292 -388 -4836 -11130 -52 2160 END
START 3316 -556 -4660 -11223 -372 1841 END
START 3120 -724 -4392 -11298 -984 1633 END
START 3024 -568 -4528 -11361 -1615 1443 END
START 2968 -640 -5184 -11529 -2370 1239 END
START 2920 -456 -5920 -11770 -2989 1073 END
START 3172 -344 -6364 -12213 -3724 927 END
START 3088 -276 -6804 -12698 -4442 811 END
START 3080 -532 -7244 -13341 -5275 718 END
START 2916 -620 -7532 -14006 -6111 639 END
START 3212 -584 -8236 -14976 -6930 623 END
START 3240 -560 -8396 -15534 -7565 595 END
START 3576 -580 -8852 -16625 -8005 606 END
START 3844 -480 -8636 -17658 -7982 611 END
START 3948 -544 -8512 -18670 -7595 701 END
START 4452 -604 -7676 -19703 -7329 847 END
START 5120 -756 -7452 -20678 -6715 914 END
START 5680 -1220 -7020 -21594 -5971 973 END
START 5872 -1488 -6184 -22300 -5203 998 END
START 6040 -1652 -4992 -22926 -4434 968 END
START 6540 -1668 -4284 -23460 -3699 961 END
START 6968 -1772 -3096 -23918 -2932 903 END
START 7528 -1712 -2284 -24240 -2253 722 END
START 7880 -1932 -1320 -24487 -1781 525 END
START 8036 -1976 -480 -24700 -1416 247 END
START 7680 -2284 584 -24771 -1104 -86 END
START 7720 -2332 1184 -24693 -963 -376 END
START 7728 -2252 1792 -24555 -1163 -630 END
START 8088 -2588 1940 -24432 -1222 -857 END
START 8256 -2812 2480 -24181 -1656 -1046 END
START 8424 -2916 2884 -23908 -2114 -1269 END
START 8656 -3340 2968 -23724 -2745 -1471 END
START 8712 -3260 3044 -23550 -3341 -1676 END
START 8592 -3296 3744 -23339 -4320 -1907 END
START 9184 -3196 3660 -23267 -5190 -2014 END
START 9664 -3052 3312 -23273 -5808 -2148 END
START 9908 -3040 3456 -23301 -6492 -2231 END
START 10104 -2996 2944 -23555 -6643 -2298 END
START 10136 -3228 3660 -23631 -7009 -2267 END
START 10448 -3228 3404 -23928 -7451 -2156 END
START 10584 -3492 3232 -24322 -7676 -2047 END
START 10628 -3416 3276 -24666 -8308 -1799 END
START 11128 -3188 2828 -25321 -8773 -1655 END
START 11344 -3296 2372 -26070 -8883 -1570 END
START 11196 -3276 2836 -26834 -8849 -1447 END
START 11124 -3112 3180 -27750 -8776 -1339 END
START 10832 -2812 3464 -28831 -8673 -1101 END
START 11140 -2540 3456 -29949 -8298 -817 END
START 10996 -2376 4280 -31063 -7659 -538 END
START 10928 -2176 5144 -32165 -7015 -211 END
START 11276 -2052 5780 -32768 -6119 83 END
START 11596 -1872 6428 -32768 -4907 360 END
START 11572 -1900 8320 -32768 -3851 639 END
START 11688 -1600 8764 -32768 -2606 915 END
START 11444 -1600 10596 -32768 -1075 1182 END
START 11532 -1460 12208 -32768 228 1517 END
START 11724 -1360 13900 -32768 1487 1801 END
START 12412 -1104 15416 -32768 2568 2076 END
START 12884 -1220 17408 -32768 3711 2276 END
START 13604 -1132 19524 -32768 4800 2396 END
START 14100 -1180 21824 -32768 5795 2393 END
START 14840 -1424 24120 -32768 6813 2230 END
START 15564 -1500 26540 -32768 7722 1996 END
START 15980 -1780 29476 -32768 8420 1655 END
START 16372 -2200 32176 -32768 9104 1165 END
START 16660 -2476 32767 -32768 9553 687 END
START 16672 -2656 32767 -32768 9976 96 END
START 16552 -2752 32767 -32768 10249 -482 END
START 16308 -2740 32767 -32768 10475 -1125 END
START 16052 -2588 32767 -32768 10680 -1806 END
START 15968 -2596 32767 -32768 10887 -2503 END
START 15636 -2948 32767 -32768 11097 -3175 END
START 15024 -3112 32767 -32768 11186 -3807 END
START 13908 -3360 32767 -32768 11243 -4414 END
START 12704 -3416 32767 -32768 11027 -4948 END
START 11344 -3092 32767 -31534 10534 -5285 END
START 10104 -2904 32767 -28731 9788 -5514 END
START 9028 -2560 32767 -25705 8872 -5562 END
START 7780 -1936 32767 -23303 7874 -5535 END
START 7252 -2732 32767 -19837 6864 -5418 END
START 6340 -1900 32767 -16719 5529 -5240 END
START 6252 -1540 32767 -13813 4241 -4912 END
START 6088 -1352 32767 -11028 2943 -4599 END
START 6420 -1200 32767 -8357 1796 -4257 END
START 6516 -1036 32767 -5925 787 -3913 END
START 7228 -916 32767 -3473 -117 -3599 END
START 7788 -768 32767 -1202 -747 -3284 END
START 8580 -720 32767 1068 -1233 -3059 END
START 9248 -712 32767 3146 -1548 -2859 END
START 9780 -592 32767 5230 -1810 -2769 END
START 10424 -656 32767 7086 -2006 -2707 END
START 11040 -612 32767 8823 -2080 -2709 END
START 11360 -592 32767 10343 -2079 -2760 END
START 12228 -492 32767 11679 -2019 -2832 END
START 12740 -420 32767 12848 -1839 -3017 END
START 13064 -212 32767 13792 -1643 -3242 END
START 13252 -32 32767 14650 -1499 -3538 END
START 13344 76 32767 15359 -1376 -3829 END
START 13580 52 32767 16089 -1208 -4136 END
START 13896 116 32767 16708 -985 -4495 END
START 14100 -24 32767 17327 -716 -4873 END
START 14224 0 32767 17874 -399 -5249 END
START 14192 -28 32767 18318 -52 -5598 END
START 14460 -8 32767 18726 331 -5969 END
START 14784 -16 32767 19070 853 -6314 END
START 15292 -36 32767 19331 1447 -6644 END
START 15904 -124 32767 19498 2173 -6988 END
START 16220 -92 32767 19692 3036 -7387 END
START 16524 -164 32767 19961 4019 -7767 END
START 16956 -176 32767 20353 5079 -8224 END
START 17072 -308 32767 20901 6135 -8625 END
START 17220 -408 32767 21585 7117 -9076 END
START 17296 -584 32767 22366 7945 -9506 END
START 17116 -836 32767 23309 8606 -9956 END
START 17120 -1044 32767 24291 9102 -10390 END
START 16972 -1180 32767 25314 9345 -10814 END
START 16956 -1612 32767 26404 9432 -11232 END
START 16764 -1728 32767 27384 9417 -11625 END