START 25328 13672 8632 -13226 1374 8572 END
START 17068 -328 12892 -13524 -1159 7669 END
START 14428 -3568 31368 -10469 -5339 8171 END
START 17792 -4164 32767 -2542 -6224 6087 END
START 14196 -5540 32767 4830 -7946 2776 END
START 12888 -6028 32767 11265 -9407 828 END
START 14116 -6024 32767 18135 -8974 340 END
START 15432 -5324 32767 22992 -4625 -269 END
START 16036 -5016 32767 27232 -512 -1727 END
START 15840 -5764 31852 31550 1558 -4294 END
START 14728 -5880 24276 32767 1812 -7594 END
START 12516 -6256 17576 32767 -37 -11120 END
START 8988 -7144 12544 32767 -3904 -13931 END
START 6536 -9588 11136 32767 -9776 -15654 END
START 5264 -10976 9760 32767 -15564 -16229 END
START 6676 -9972 5432 32767 -17923 -16667 END
START 9652 -7968 -1816 32767 -14235 -18124 END
START 12496 -4952 -10140 29330 -4214 -19614 END
START 11984 -2752 -19020 18534 5829 -22028 END
START 7252 -2480 -21432 7350 7801 -22937 END
START 4772 -1996 -20576 -310 3149 -23401 END
START 4656 -2316 -18464 -5391 -2904 -25056 END
START 5540 -3132 -17756 -10062 -7322 -27051 END
START 4960 -5212 -17004 -15285 -8578 -28343 END
START 3304 -6748 -17252 -21553 -9839 -27998 END
START 4808 -9292 -14504 -27565 -9781 -27739 END
START 3216 -11248 -15252 -32768 -8827 -26703 END
START 2904 -14272 -14408 -32768 -10251 -25957 END
START 668 -17736 -10052 -32768 -9353 -23886 END
START -4772 -20384 -4972 -32768 -7227 -21168 END
START -13208 -22980 6664 -32768 -8230 -15000 END
START -16380 -25332 23892 -32768 -5464 -8286 END