START 5824 6232 4600 -703 11021 178 END
START -5784 -2960 7812 -3663 4309 2886 END
START -6100 -3784 11624 -6388 689 6269 END
START -2516 -2940 18524 -9260 -1048 8860 END
START 5952 -1644 25100 -10532 139 8666 END
START 12096 -564 32767 -10572 3737 7298 END
START 16180 96 32767 -8681 4670 2254 END
START 14968 -1292 32767 -4748 2742 -3223 END
START 7656 -6140 32767 4055 -848 -6434 END
START 3256 -10444 32767 17478 -5470 -5950 END
START 2060 -13856 32767 32012 -6738 -3514 END
START 2572 -15880 32767 32767 -6159 -1949 END
START 3648 -17000 32767 32767 -3643 -1488 END
START 3228 -18324 32124 32767 -1602 -2253 END
START 1780 -19584 23396 32767 -1196 -3601 END
START -944 -19936 13352 32767 -1389 -4469 END
START -3616 -19112 3692 32767 -3324 -3990 END
START -4768 -16876 -7508 32767 -6566 -3275 END
START -4712 -12680 -17664 32767 -10178 -2322 END
START -4356 -8072 -23316 30865 -9920 -2390 END
START -4644 -5128 -25712 21803 -6049 -1461 END
START -5400 -3456 -27216 12777 -2436 783 END
START -3848 -3520 -26704 4957 -1356 3809 END
START 860 -3300 -23836 -1671 -1864 5417 END
START 5516 -3616 -19920 -6398 -3030 4593 END
START 9592 -4008 -15856 -9539 -4535 2397 END
START 11664 -3636 -13096 -11872 -5768 -988 END
START 12180 -3916 -11104 -15546 -4790 -3553 END
START 12316 -4336 -8304 -19846 -2480 -4190 END
START 13776 -4660 -6208 -23740 -452 -4640 END
START 16992 -4856 -3540 -27827 2151 -7409 END
START 16464 -5916 120 -30619 5231 -11552 END
START 14584 -6872 2740 -31595 4132 -15911 END
START 11744 -7980 4756 -31992 1275 -19837 END
START 7748 -8100 7996 -32768 -4311 -21874 END
START 6168 -8136 11800 -32768 -7521 -22566 END
START 4180 -8124 15856 -32768 -7637 -21800 END
START 3536 -8360 21704 -32768 -3737 -21917 END
START -1936 -10124 31488 -32768 -2133 -21699 END
START -6620 -10296 32767 -32768 -5997 -19424 END
START -4028 -7916 32767 -29999 -6224 -17732 END
START -5096 -5356 32767 -25570 -1596 -16956 END
START -6184 -3556 32767 -22186 5782 -15257 END
START -6484 -4504 32767 -18033 16236 -14759 END
START -13820 -7532 32767 -7651 16992 -13911 END
START -16220 -10724 32767 8952 9171 -10750 END
START -10760 -11256 32767 24533 4649 -7854 END
START -6816 -11408 32767 32767 3948 -5539 END
START -1176 -10888 32767 32767 5535 -4150 END
START 2756 -12056 32767 32767 8555 -4264 END
START 3352 -12680 22900 32767 9019 -4947 END
START 1816 -12644 14260 32767 7548 -4740 END
START 756 -11236 5840 32767 6289 -3589 END
START 516 -9952 -2416 32767 6738 -867 END
START -184 -6804 -8208 31687 8501 1150 END