START 24736 500 32767 -12391 10153 6001 END
START 13952 -8368 28916 -8774 3944 4389 END
START 6136 -9916 32767 -5468 -423 4421 END
START 1772 -10916 32767 -814 -5628 5427 END
START 1840 -10616 32767 4466 -7104 6821 END
START 3800 -9812 32767 9099 -6345 6843 END
START 6108 -9248 32767 13044 -6026 5509 END
START 7408 -9636 32767 17678 -6975 3067 END
START 7752 -10472 32767 23354 -8993 -137 END
START 6176 -12188 32767 29437 -11671 -2995 END
START 5400 -13356 32767 32767 -14019 -5181 END
START 5272 -14588 32767 32767 -14586 -7509 END
START 3316 -14860 27792 32767 -13290 -9263 END
START 1252 -14624 20908 32767 -10412 -10006 END
START -596 -14440 14804 32767 -7083 -9646 END
START -2300 -13768 9248 32767 -4640 -8472 END
START -3812 -12556 4432 32767 -4867 -6828 END
START -3920 -10556 -1256 32767 -7334 -5560 END
START -3512 -8228 -6904 32767 -9547 -4957 END
START -3132 -5752 -11356 29030 -10345 -4588 END
START -1816 -3296 -14596 21789 -7694 -4744 END
START -2692 -2260 -15640 14605 -2128 -3985 END
START -3960 -1532 -16480 8740 1016 -1849 END
START -3088 -756 -16540 4176 1193 -32 END
START 28 -204 -15988 1046 -1245 601 END
START 3172 536 -15240 -1601 -3509 -603 END
START 5796 968 -14976 -4641 -5330 -3151 END
START 5560 484 -14468 -8326 -5308 -5706 END
START 4984 -208 -13632 -12292 -4268 -6506 END
START 4620 -872 -13396 -16850 -4093 -5610 END
START 9476 -1104 -11844 -21902 -4242 -6075 END
START 13248 -2396 -8460 -26435 -2811 -8873 END
START 14032 -4372 -4932 -29471 -1884 -12909 END
START 14860 -6700 -2064 -31611 -2359 -16940 END
START 13100 -9424 1228 -32768 -3795 -19944 END
START 11068 -11764 4428 -32768 -5129 -21354 END
START 10160 -13288 8640 -32768 -4507 -22703 END
START 8444 -13552 13420 -32768 -629 -24542 END
START 5024 -15160 21132 -32768 4274 -25740 END
START -268 -18292 31320 -32768 7216 -27148 END
START -9052 -19392 32767 -32768 2448 -26386 END
START -13352 -17636 32767 -30491 -4578 -23130 END
START -13900 -13500 32767 -23599 -3968 -17869 END
START -13280 -9860 32767 -22029 4515 -12889 END
START -15752 -8960 32767 -20489 8901 -9045 END
START -17664 -8940 32767 -14271 6823 -5674 END
START -18084 -8988 32767 -3570 1656 -2045 END
START -13484 -8688 32767 6985 -768 454 END
START -9624 -7960 32767 15467 -230 2587 END
START -5584 -7336 32767 22381 1168 3873 END
START -1412 -8192 32767 28199 2505 4188 END
START 404 -9140 32767 32767 1860 3366 END
START 2468 -10316 32767 32767 1982 1911 END
START 2948 -11460 31924 32767 1452 282 END
START 4688 -11364 22592 32767 770 -1851 END
START 5228 -11040 14824 32767 2030 -4440 END
START 3092 -10640 9212 32767 3338 -5641 END
START 1832 -10152 3644 32767 3562 -5980 END
START 2544 -8696 -2740 32767 3909 -6645 END
START 1808 -7176 -7392 31265 4844 -6738 END
START -700 -5644 -12112 26186 5155 -5998 END
START -1656 -3528 -16696 20086 2532 -4490 END
START -1212 -1672 -17688 13708 2 -3606 END
START -1820 -272 -17040 7701 -748 -3255 END