START 19404 -1228 31748 -22510 11989 14672 END
START 23776 -5780 17124 -19812 13396 13766 END
START 19164 -476 27996 -20391 13019 12809 END
START 15676 -628 32767 -18808 13200 12069 END
START 17416 -248 29400 -18488 12240 11558 END
START 13540 -348 32767 -18242 11767 11254 END
START 13544 -404 32244 -18193 10769 10922 END
START 16408 -268 29384 -18138 10559 10720 END
START 14352 -592 32632 -18073 9636 10482 END
START 16092 -584 31908 -17951 9157 10244 END
START 14896 -884 32767 -17628 7903 9834 END
START 15680 -708 32767 -17141 7033 9408 END
START 15956 -832 32767 -16509 5896 8985 END
START 16104 -1140 32767 -15741 5051 8566 END
START 17008 -1320 32767 -14562 4236 8101 END
START 16436 -1320 32767 -13547 3568 7617 END
START 17088 -1256 32767 -12236 2747 7114 END
START 16512 -1364 32767 -10777 1867 6506 END
START 16992 -1376 32767 -9214 1102 5927 END
START 16552 -1676 32767 -7510 350 5321 END
START 16964 -1724 32767 -5858 -238 4793 END
START 16668 -2204 32767 -4167 -801 4287 END
START 16796 -2412 32767 -2535 -1186 3837 END
START 16960 -2836 32767 -959 -1523 3463 END
START 17268 -2960 32767 505 -1780 3055 END
START 17372 -3280 32767 1922 -2085 2677 END
START 17840 -3420 32767 3300 -2381 2170 END
START 18332 -3584 32767 4622 -2695 1675 END
START 18768 -3788 32767 5947 -3055 1036 END
START 19288 -3920 32767 7300 -3308 329 END
START 19816 -4060 32767 8670 -3495 -420 END
START 20084 -4096 32767 10124 -3781 -1284 END
START 19776 -4204 32767 11677 -4158 -2270 END
START 19608 -4412 32767 13180 -4753 -3245 END
START 18960 -4568 32767 14747 -5458 -4242 END
START 18180 -4776 32767 16228 -6274 -5146 END
START 17504 -4764 32767 17695 -7068 -5932 END
START 16720 -4864 32767 19240 -7907 -6668 END
START 16004 -5040 32767 20703 -8753 -7279 END
START 15460 -5112 32767 22279 -9593 -7912 END
START 14732 -5384 32767 23857 -10528 -8488 END
START 13732 -5628 32767 25518 -11468 -9002 END
START 13124 -5700 32767 27216 -12501 -9486 END
START 12800 -5920 32767 28942 -13356 -9914 END
START 12464 -6172 32767 30603 -14066 -10291 END
START 12108 -6352 32767 32302 -14596 -10709 END
START 11916 -6528 32767 32767 -15025 -11091 END
START 11780 -6652 32767 32767 -15392 -11498 END
START 11732 -6728 32767 32767 -15696 -11902 END
START 11780 -6736 32767 32767 -15883 -12313 END
START 11780 -6752 32767 32767 -16141 -12876 END
START 11812 -6948 32767 32767 -16365 -13367 END
START 11844 -6972 31524 32767 -16529 -13884 END
START 11824 -7092 29944 32767 -16629 -14459 END
START 11912 -7216 28364 32767 -16643 -14975 END
START 11836 -7308 26812 32767 -16578 -15489 END
START 11732 -7288 25472 32767 -16432 -15959 END
START 11736 -7196 23344 32767 -16093 -16473 END
START 11844 -7064 21672 32767 -15570 -17013 END
START 11492 -7020 20332 32767 -15015 -17462 END
START 11364 -7012 18784 32767 -14450 -17954 END
START 11036 -6852 17272 32767 -13957 -18482 END
START 10620 -6652 15588 32767 -13469 -18960 END
START 10160 -6568 14032 32767 -13046 -19407 END
START 9184 -6492 12132 32767 -12669 -19760 END
START 8348 -6312 10516 32767 -12376 -20047 END
START 7480 -6000 8928 32767 -12110 -20201 END
START 6740 -5780 7528 32767 -11879 -20326 END
START 6124 -5452 6160 32767 -11590 -20354 END
START 5588 -5216 4872 32767 -11355 -20323 END
START 5064 -4776 3380 32767 -11053 -20249 END
START 4648 -4504 2304 32767 -10730 -20209 END
START 4264 -4040 1092 32767 -10473 -20142 END
START 3896 -3828 180 32767 -10164 -20067 END
START 3296 -3644 -500 32767 -9874 -19977 END
START 2668 -3684 -896 32767 -9693 -19813 END
START 1812 -3492 -1696 32767 -9538 -19592 END
START 1200 -3360 -1928 32767 -9522 -19292 END
START 464 -3060 -2348 32225 -9561 -18932 END
START -268 -2844 -2776 31335 -9670 -18518 END
START -940 -2520 -3248 30484 -9872 -18075 END
START -1436 -2252 -3520 29676 -10022 -17602 END
START -2124 -1936 -3712 28904 -10240 -17051 END
START -2380 -1820 -4108 28119 -10512 -16474 END
START -3164 -1668 -4472 27409 -10865 -15893 END
START -3684 -1480 -4944 26635 -11251 -15180 END
START -3932 -1260 -5556 25928 -11505 -14394 END
START -4144 -1072 -6132 25116 -11606 -13630 END
START -4204 -768 -6732 24341 -11570 -12781 END
START -4040 -556 -7396 23473 -11409 -12021 END
START -3980 -252 -7668 22557 -11202 -11181 END
START -3900 -44 -8280 21600 -10892 -10440 END
START -3768 184 -8832 20625 -10567 -9724 END
START -3396 264 -9308 19589 -10139 -8999 END
START -3104 548 -9628 18587 -9580 -8332 END
START -2664 588 -10132 17559 -8912 -7664 END
START -2192 764 -10464 16550 -8158 -7061 END
START -1768 880 -10688 15448 -7344 -6457 END
START -1232 1212 -11576 14335 -6492 -5917 END
START -736 1356 -12016 13046 -5559 -5410 END
START -68 1496 -12384 11799 -4695 -4998 END
START 312 1604 -12496 10532 -3958 -4670 END
START 956 1648 -12892 9199 -3320 -4404 END
START 1280 1672 -12752 7829 -2827 -4222 END
START 1804 1720 -12852 6471 -2392 -4066 END
START 2392 1708 -12700 5164 -2184 -3997 END
START 2800 1788 -12348 3896 -2164 -4019 END
START 3140 1840 -11984 2697 -2336 -4143 END
START 3604 1908 -11724 1549 -2711 -4282 END
START 4108 1952 -11400 497 -3171 -4448 END
START 4640 1952 -11064 -481 -3596 -4687 END
START 5332 1980 -10752 -1488 -4156 -4987 END
START 5592 1876 -10368 -2485 -4683 -5368 END
START 5632 1780 -9884 -3407 -5199 -5745 END
START 5492 1700 -9412 -4273 -5664 -6131 END
START 5296 1616 -9304 -5030 -6074 -6412 END
START 5064 1576 -8988 -5775 -6345 -6640 END
START 4636 1440 -8968 -6445 -6561 -6757 END
START 4148 1356 -8676 -7196 -6787 -6866 END
START 3900 1236 -8620 -7955 -6889 -6867 END
START 3476 1104 -8304 -8685 -6977 -6823 END
START 3256 872 -8056 -9460 -7087 -6803 END
START 2928 904 -7832 -10110 -7102 -6681 END
START 2804 928 -7480 -10772 -7085 -6555 END
START 2500 848 -7264 -11412 -7030 -6388 END
START 2412 648 -6964 -12015 -6932 -6200 END
START 2260 576 -6712 -12642 -6769 -5972 END
START 2172 340 -6920 -13220 -6617 -5746 END
START 2016 404 -6784 -13811 -6390 -5472 END
START 1796 204 -7136 -14566 -6189 -5194 END
START 1524 140 -7380 -15099 -6083 -4887 END
START 1272 204 -7772 -15660 -6030 -4515 END
START 1068 76 -8316 -16417 -6003 -4159 END
START 916 -28 -8604 -17306 -5915 -3775 END
START 844 28 -8804 -18262 -5892 -3391 END
START 720 -40 -8860 -19325 -5856 -2977 END
START 536 -20 -9052 -20443 -5842 -2487 END
START 616 -24 -8916 -21564 -5767 -2021 END
START 964 -200 -8956 -22675 -5577 -1548 END
START 1480 -288 -8428 -23738 -5339 -1090 END
START 2128 -536 -8080 -24827 -5060 -682 END
START 2820 -732 -7680 -25829 -4755 -379 END
START 3476 -944 -7524 -26761 -4454 -140 END
START 4060 -1100 -6908 -27668 -4156 -40 END
START 4780 -1116 -6620 -28557 -3862 -5 END
START 5280 -1136 -6076 -29420 -3526 -48 END
START 5464 -1200 -5724 -30286 -3255 -215 END
START 5932 -1412 -5592 -31174 -2857 -420 END
START 6012 -1528 -5116 -32023 -2554 -590 END
START 5696 -1856 -4436 -32768 -2515 -751 END
START 5588 -2044 -3984 -32768 -2667 -855 END
START 4524 -2480 -2280 -32768 -3790 -852 END
START 5208 -2352 -3800 -32768 -3729 -995 END
START 5284 -2532 -3900 -32768 -3279 -1259 END
START 4844 -2252 -3368 -32768 -1875 -1364 END
START 3184 -1792 -1408 -32768 -2033 -1182 END
START 1820 -2040 -756 -32768 -2668 -880 END
START 1660 -2440 -1436 -32768 -3020 -464 END
START 996 -2628 -988 -32768 -3178 -31 END
START 528 -2628 -316 -32768 -3426 460 END
START -472 -2100 976 -32768 -3903 996 END
START -980 -1904 1460 -32768 -4673 1564 END
START -1264 -1848 1920 -32768 -4708 2200 END
START -2560 -2000 3724 -32768 -5790 3024 END
START -3320 -2268 3680 -32768 -6829 3895 END
START -4080 -2280 4404 -32768 -7528 4787 END
START -4412 -1828 4908 -32768 -7996 5858 END
START -5624 -1192 6600 -32768 -8706 7105 END
START -6548 -860 8168 -32768 -9851 8506 END
START -6744 -504 9228 -32768 -10795 10043 END
START -6768 -648 10344 -32768 -11986 11659 END
START -6396 -948 11764 -32768 -13127 13338 END
START -5504 -1172 13788 -32768 -14163 15001 END
START -3484 -1644 15384 -32768 -14823 16587 END
START -836 -2056 16740 -32768 -14938 17937 END
START 2456 -2264 18328 -32768 -14204 19039 END
START 6076 -1972 19600 -32768 -12596 19747 END
START 9324 -1956 21496 -32768 -10703 20096 END
START 12552 -1704 23220 -32768 -8252 19977 END
START 16176 -1744 25888 -32768 -6007 19534 END
START 18708 -1820 27360 -32768 -3504 18574 END
START 20668 -1732 29416 -32768 -1380 17210 END
START 22752 -1564 30088 -32768 952 15594 END
START 24132 -1348 30928 -32768 2678 13780 END
START 25120 -1468 31848 -32768 4512 11844 END
START 25688 -1448 32716 -32768 5848 9719 END
START 25408 -1508 32767 -32768 6630 7797 END
START 24928 -1552 32767 -32768 6911 5859 END
START 24512 -1604 32767 -32768 6751 4106 END
START 23656 -1508 32767 -32768 6029 2476 END
START 22840 -1496 32767 -32768 5050 988 END
START 21980 -1672 32767 -32768 3938 -357 END
START 21576 -1772 32767 -32768 2986 -1526 END
START 20940 -1880 32767 -32768 2117 -2578 END
START 20312 -1824 32767 -32708 1475 -3424 END
START 19540 -1784 32767 -32015 1144 -4121 END
START 19004 -1584 32767 -31046 1065 -4651 END
START 18100 -1560 32767 -29656 1318 -5028 END
START 17092 -1520 32767 -27940 1651 -5212 END
START 16088 -1744 32767 -25947 2194 -5242 END
START 15420 -1704 32767 -23718 2911 -5102 END
START 14388 -1536 32767 -21194 3676 -4903 END
START 13460 -1356 32767 -18604 4299 -4457 END
START 12992 -1148 32767 -15949 5155 -3862 END
START 12440 -884 32767 -13759 6027 -3150 END
START 12008 -448 32767 -11413 6755 -2435 END
START 12520 -332 32767 -9294 7308 -1649 END
START 13476 -84 32767 -7551 7954 -1032 END
START 14516 40 32767 -5898 8626 -560 END
START 15540 248 32767 -4435 9140 -314 END
START 16512 240 32767 -3068 9523 -309 END
START 17444 164 32767 -1535 9718 -547 END
START 18436 -28 32767 -68 9829 -943 END
START 18968 -76 32767 1489 9727 -1450 END
START 19572 -180 32767 3024 9481 -2086 END
START 20116 -292 32767 4674 9072 -2787 END
START 20656 -288 32767 6300 8526 -3644 END
START 21216 -312 32767 7905 7999 -4545 END
START 21600 -144 32767 9577 7329 -5587 END
START 22008 -120 32767 11289 6537 -6745 END
START 22208 -340 32767 12969 5844 -8027 END
START 21944 -648 32767 14672 5065 -9322 END
START 21508 -908 32767 16383 4299 -10583 END
START 20692 -952 32767 17949 3550 -11767 END
START 19760 -852 32767 19432 2789 -12835 END
START 18656 -960 32767 20815 1954 -13696 END
START 17620 -912 32767 22074 1221 -14341 END
START 16612 -1020 32767 23193 635 -14806 END
START 16036 -1240 32767 24305 180 -15124 END
START 15344 -1368 32767 25347 -148 -15254 END
START 14928 -1528 32767 26388 -352 -15336 END
START 14644 -1524 32767 27406 -511 -15422 END
START 14592 -1512 32767 28334 -489 -15433 END
START 14644 -1604 32767 29256 -387 -15612 END
START 14896 -1552 32767 30064 -133 -15680 END
START 15164 -1776 32767 30780 221 -15891 END
START 15736 -2156 32767 31498 642 -16042 END
START 16444 -2452 32236 32184 1327 -16354 END
START 17476 -2584 31080 32767 2188 -16764 END
START 18028 -2860 30080 32767 3046 -17437 END
START 18424 -2928 29156 32767 3718 -18179 END
START 18296 -3332 27904 32767 4310 -19135 END
START 17720 -3892 27012 32767 4353 -20119 END
START 17068 -4248 25844 32767 4231 -21074 END
START 16060 -4668 24548 32767 3793 -22057 END
START 14796 -5008 23112 32767 3160 -22868 END
START 12844 -5580 21652 32767 2183 -23603 END
START 11492 -5856 20232 32767 987 -24209 END
START 10492 -5928 18680 32767 -339 -24695 END
START 9288 -6012 17008 32767 -1625 -25180 END
START 8244 -6272 15644 32767 -2941 -25573 END
START 6964 -6276 14408 32767 -4448 -25888 END
START 5860 -6496 13068 32767 -6013 -26087 END
START 4700 -6468 11516 32767 -7574 -26174 END
START 3540 -6440 10408 32767 -9024 -26164 END
START 2364 -6396 9060 32767 -10477 -26050 END
START 1172 -6036 7676 32767 -11968 -25845 END
START 148 -5580 6272 32767 -13306 -25605 END
START -948 -4992 4820 32767 -14588 -25183 END
START -2232 -4536 3116 32767 -15562 -24690 END
START -3052 -4080 1452 32767 -16484 -24058 END
START -3928 -3260 160 32767 -16948 -23231 END
START -4428 -2376 -1496 32767 -17020 -22412 END
START -4876 -1404 -3040 32767 -16681 -21432 END
START -5296 -20 -4200 31592 -16059 -20416 END
START -5156 496 -4732 29793 -15268 -19450 END
START -5060 840 -5220 27952 -14221 -18493 END
START -4664 1064 -5444 26314 -13001 -17660 END
START -4236 1040 -5620 24791 -11705 -16938 END