START 9752 3872 26092 2274 6382 -4170 END
START 6020 -7208 20004 4781 4675 -5575 END
START -3716 -8408 28188 5590 4134 -7363 END
START -7836 -7804 31676 6711 1738 -7940 END
START -6336 -9428 32767 8347 -831 -8226 END
START -6588 -10892 32767 10806 -293 -7251 END
START -7240 -13164 32767 14801 -1089 -6227 END
START -7632 -14976 32767 20442 -2249 -5259 END
START -8604 -16364 32767 25968 -3208 -4758 END
START -10156 -19140 32767 30852 -2988 -3844 END
START -10696 -21676 32767 32767 -3283 -1807 END
START -8732 -23740 32767 32767 -3892 463 END
START -5656 -24376 32767 32767 -3410 1687 END
START -2336 -24332 28276 32767 -2409 1983 END
START -76 -23380 20352 32767 -3315 2025 END
START 2320 -21548 11464 32767 -6207 900 END
START 4220 -19212 2588 32767 -10288 -698 END
START 7576 -15856 -6596 32767 -11835 -3371 END
START 7096 -12576 -12564 32767 -8587 -6148 END
START 4048 -10392 -17352 32767 -3180 -6907 END
START 552 -8208 -22724 26388 -364 -5447 END
START -1996 -5460 -25752 18145 -146 -2204 END
START -1588 -3780 -25524 9832 -991 222 END
START 24 -3064 -22632 3860 -1285 1915 END
START 1380 -3060 -20128 -13 -1636 1924 END
START 2300 -3124 -17916 -2338 -2866 1256 END
START 2472 -2816 -16952 -4192 -4270 -495 END
START 2388 -3296 -16232 -6490 -5517 -2019 END
START 1672 -4224 -16036 -9215 -6930 -2879 END
START 1344 -4636 -14732 -13291 -6634 -2794 END
START 3460 -4940 -12944 -17585 -5161 -2619 END
START 4968 -5796 -10356 -21795 -3574 -3281 END
START 6500 -6812 -7436 -25535 -2221 -4186 END
START 8516 -7804 -4524 -29034 -263 -5417 END
START 9912 -8476 -2980 -32768 1549 -7368 END
START 9632 -9280 1288 -32768 1646 -9271 END
START 9724 -9952 5636 -32768 2479 -10678 END
START 9824 -10220 9808 -32768 4066 -12933 END
START 7224 -12444 14980 -32768 3011 -15949 END
START 4608 -14952 22248 -32768 -2979 -19190 END
START 2344 -16684 30704 -32768 -6831 -20015 END
START 452 -16588 32767 -32768 -6126 -19103 END
START 1180 -16528 32767 -32768 -655 -18465 END
START -3036 -16668 32767 -32768 5001 -18124 END
START -7272 -16572 32767 -30285 9109 -16478 END
START -11232 -16480 32767 -24423 11500 -15091 END
START -18380 -16968 32767 -13841 7289 -12098 END
START -21160 -16296 32767 5 -844 -6258 END
START -16372 -14564 32767 9225 -3322 -1388 END
START -12620 -13784 32767 15994 -1153 2105 END
START -9260 -13600 32767 22059 616 4859 END
START -5768 -14328 32767 28123 1826 5831 END
START -3508 -16460 32767 32767 2358 5809 END
START -3344 -18036 32767 32767 1219 5796 END
START 988 -18548 32767 32767 816 5444 END
START 2780 -17756 26780 32767 2250 3965 END
START 4256 -16992 18196 32767 3746 2240 END
START 3888 -16100 11048 32767 4954 484 END
START 2492 -15088 4092 32767 5602 -441 END
START 2092 -12964 -4228 32767 5623 -884 END
START -1844 -10372 -10016 32767 4896 128 END
START -548 -6952 -15200 28525 3639 656 END
START 268 -5032 -15976 19928 5673 400 END
START -2232 -3556 -14200 13508 7184 881 END