START 14692 -396 19680 -6369 713 15608 END
START 17912 -3064 9392 -5326 666 15714 END
START 21032 3156 14116 -7202 1332 15616 END
START 19072 -124 17840 -6858 1913 15386 END
START 16988 -480 20420 -7286 1682 14875 END
START 17772 -464 20468 -7639 1141 14370 END
START 17740 -548 20456 -7769 917 13768 END
START 17004 -996 21532 -7670 647 13339 END
START 16872 -1168 22144 -7503 804 12967 END
START 18240 -1204 20292 -7287 474 12778 END
START 16368 -1548 22344 -7096 762 12614 END
START 17836 -1260 20744 -7090 547 12552 END
START 16312 -1376 22712 -7143 593 12335 END
START 17556 -1096 21964 -7363 326 12247 END
START 17112 -1120 23660 -7573 256 12001 END
START 18336 -1188 23788 -7776 242 11798 END
START 18932 -1456 25144 -7895 336 11544 END
START 19384 -1660 26860 -7872 507 11330 END
START 20040 -2040 28228 -7656 549 11006 END
START 20712 -1900 29384 -7346 650 10637 END
START 20872 -2028 31048 -6840 512 10236 END
START 21980 -1980 32024 -6181 388 9693 END
START 22448 -2068 32728 -5449 117 9189 END
START 22756 -2220 32767 -4606 -134 8568 END
START 23632 -2100 32767 -3659 -570 7877 END
START 24084 -2180 32767 -2689 -1036 7171 END
START 24876 -2092 32767 -1703 -1573 6406 END
START 25216 -2012 32767 -701 -2187 5539 END
START 25652 -2140 32767 313 -2863 4666 END
START 25960 -1920 32767 1376 -3584 3733 END
START 26300 -1784 32767 2382 -4232 2807 END
START 26784 -1864 32767 3382 -4862 1897 END
START 27308 -1928 32767 4359 -5355 921 END
START 27768 -2016 32767 5267 -5686 17 END
START 28276 -2124 32767 6024 -5827 -818 END
START 28924 -2140 32767 6802 -5803 -1666 END
START 29540 -2356 32767 7548 -5544 -2538 END
START 29920 -2496 32767 8258 -5235 -3373 END
START 30164 -2600 32767 9126 -4911 -4344 END
START 30268 -2652 32767 10087 -4611 -5404 END
START 30212 -2788 32767 11157 -4394 -6432 END
START 29984 -2868 32767 12283 -4228 -7496 END
START 29084 -3096 32767 13545 -4213 -8621 END
START 28204 -3272 32767 14857 -4191 -9600 END
START 27224 -3484 32767 16132 -4286 -10475 END
START 26328 -3796 32767 17482 -4523 -11293 END
START 25544 -4024 32767 18777 -4775 -12049 END
START 24432 -4116 32767 20032 -5190 -12741 END
START 23396 -4316 32767 21335 -5693 -13470 END
START 22400 -4540 32767 22603 -6345 -14124 END
START 21460 -4704 32767 23880 -7033 -14806 END
START 20684 -4864 32767 25100 -7719 -15426 END
START 19844 -5116 32767 26352 -8439 -16055 END
START 18852 -5460 32767 27484 -9145 -16624 END
START 18220 -5652 32288 28528 -9751 -17189 END
START 17348 -5724 30852 29481 -10275 -17706 END
START 16660 -5908 29528 30265 -10786 -18147 END
START 15808 -5992 28324 31073 -11215 -18575 END
START 15124 -6016 26920 31719 -11566 -18995 END
START 14360 -6120 25692 32379 -11960 -19431 END
START 13776 -6204 24512 32767 -12378 -19805 END
START 12740 -6272 22836 32767 -12787 -20245 END
START 11748 -6376 21668 32767 -13236 -20641 END
START 11124 -6500 20460 32767 -13708 -21007 END
START 10292 -6280 19380 32767 -14266 -21366 END
START 9672 -5980 18240 32767 -14871 -21755 END
START 8980 -5756 17664 32767 -15640 -22130 END
START 8496 -5852 17192 32767 -16369 -22622 END
START 7664 -6188 17012 32767 -17255 -23076 END
START 6500 -6560 16764 32767 -18176 -23404 END
START 4884 -7076 16184 32767 -19358 -23608 END
START 3736 -7224 15816 32767 -20474 -23668 END
START 2880 -7060 15164 32767 -21548 -23567 END
START 2524 -6672 13792 32767 -22273 -23411 END
START 2572 -6444 12216 32767 -22440 -23262 END
START 2472 -6308 10524 32767 -22235 -23107 END
START 2508 -6184 8804 32767 -21738 -22962 END
START 2384 -5840 7296 32767 -21076 -22841 END
START 2112 -5476 5612 32767 -20239 -22690 END
START 2040 -5072 3996 32767 -19176 -22487 END
START 1940 -4644 2544 32767 -18068 -22211 END
START 1720 -4260 1040 32767 -16861 -21962 END
START 1412 -3724 -288 32767 -15591 -21635 END
START 1080 -3204 -1576 32403 -14267 -21285 END
START 784 -2760 -2488 31185 -12928 -20975 END
START 416 -2496 -3512 29919 -11479 -20608 END
START 96 -2276 -4436 28696 -9965 -20201 END
START -328 -2152 -5272 27473 -8462 -19784 END
START -704 -1840 -5884 26219 -7106 -19308 END
START -1320 -1640 -6748 24907 -5802 -18769 END
START -1620 -1412 -7256 23607 -4582 -18220 END
START -2072 -1200 -7928 22230 -3370 -17582 END
START -2688 -1012 -8228 20968 -2345 -16910 END
START -3252 -828 -8620 19650 -1510 -16183 END
START -3812 -736 -9108 18397 -981 -15452 END
START -4296 -496 -9412 17219 -629 -14696 END
START -4912 -432 -9860 15994 -567 -13969 END
START -5676 -304 -10216 14820 -751 -13095 END
START -6300 -12 -10808 13625 -1222 -12270 END
START -6664 116 -11384 12414 -1869 -11398 END
START -6980 372 -11804 11135 -2600 -10513 END
START -7204 472 -12232 9843 -3446 -9590 END
START -7168 828 -12652 8446 -4216 -8649 END
START -7056 952 -12688 7033 -4959 -7720 END
START -6748 908 -12564 5717 -5626 -6892 END
START -6400 992 -12028 4396 -6212 -6049 END
START -5920 888 -11896 3287 -6639 -5290 END
START -5340 892 -11696 2228 -6705 -4550 END
START -4940 912 -11472 1273 -6795 -3902 END
START -4312 1060 -11096 392 -6740 -3265 END
START -3520 996 -10816 -466 -6570 -2718 END
START -2360 804 -10728 -1242 -6172 -2288 END
START -1716 704 -10496 -2003 -5740 -1922 END
START -776 612 -10584 -2759 -5139 -1645 END
START -204 568 -10260 -3482 -4565 -1491 END
START 348 536 -10244 -4193 -4006 -1394 END
START 800 648 -10212 -4904 -3395 -1363 END
START 1624 524 -10476 -5580 -2661 -1363 END
START 2016 648 -10520 -6295 -1893 -1467 END
START 2208 472 -10320 -7071 -1192 -1560 END
START 2404 552 -10412 -7767 -597 -1704 END
START 2556 580 -10224 -8464 -98 -1783 END
START 2544 540 -10212 -9090 285 -1945 END
START 2496 480 -10240 -9746 551 -2065 END
START 2264 396 -10288 -10336 704 -2172 END
START 2008 256 -10304 -10927 734 -2217 END
START 1832 160 -10644 -11564 628 -2229 END
START 1604 112 -10604 -12258 401 -2196 END
START 1428 192 -10700 -13008 66 -2171 END
START 1464 160 -10732 -13805 -390 -2154 END
START 1292 40 -10364 -14473 -968 -2065 END
START 1160 -12 -10224 -15257 -1571 -1945 END
START 1136 -232 -9844 -16174 -2228 -1720 END
START 1060 -368 -9408 -16881 -2867 -1451 END
START 1188 -516 -9184 -17558 -3376 -1127 END
START 1324 -548 -8604 -18185 -3888 -742 END
START 1800 -640 -8240 -18812 -4290 -326 END
START 2404 -640 -7964 -19377 -4631 0 END
START 2784 -564 -7748 -19873 -4840 276 END
START 3600 -720 -7396 -20474 -4961 545 END
START 4416 -724 -7136 -21074 -4891 696 END
START 5136 -624 -6700 -21734 -4770 760 END
START 5800 -672 -6384 -22257 -4666 797 END
START 6500 -620 -5964 -22898 -4490 733 END
START 7296 -740 -5436 -23461 -4184 621 END
START 8060 -872 -5036 -24028 -3893 409 END
START 8576 -868 -4404 -24586 -3572 174 END
START 9116 -904 -3408 -25089 -3247 -97 END
START 9976 -916 -2980 -25513 -2953 -377 END
START 10760 -748 -2408 -25867 -2601 -734 END
START 11192 -860 -1980 -26213 -2205 -1200 END
START 11772 -764 -1368 -26467 -1892 -1763 END
START 11968 -764 -784 -26756 -1709 -2364 END
START 11876 -820 -356 -26965 -1750 -2929 END
START 11328 -972 312 -27116 -2023 -3409 END
START 10964 -848 300 -27291 -2426 -3813 END
START 10484 -896 388 -27489 -2954 -3994 END
START 10036 -656 320 -27809 -3546 -4109 END
START 9508 -308 560 -28251 -4194 -3997 END
START 9392 -60 748 -28782 -4832 -3798 END
START 9064 152 1024 -29356 -5473 -3496 END
START 9132 236 1460 -29976 -6218 -3138 END
START 9060 184 2316 -30461 -6933 -2703 END
START 9044 68 3024 -30871 -7740 -2186 END
START 9432 168 3836 -31205 -8505 -1574 END
START 9960 32 4640 -31442 -9207 -964 END
START 10648 348 5652 -31583 -9819 -292 END
START 11160 644 6228 -31620 -10402 316 END
START 12204 808 7400 -31601 -11024 888 END
START 13404 1108 8336 -31390 -11707 1338 END
START 14704 1388 9496 -31033 -12350 1648 END
START 17080 1876 10432 -30555 -12824 1794 END
START 18644 2124 11308 -29964 -13240 1619 END
START 20188 2500 11684 -29330 -13290 1276 END
START 22216 2684 11092 -28600 -12735 757 END
START 23232 2940 10956 -28012 -11792 37 END
START 24072 3064 10360 -27542 -10545 -722 END
START 24344 3052 9596 -27359 -9044 -1658 END
START 24008 3080 9012 -27460 -7606 -2518 END
START 23752 3080 7920 -27799 -5960 -3334 END
START 22484 3024 7316 -28372 -4448 -4015 END
START 21240 3060 6768 -29068 -3123 -4589 END
START 19564 3132 6636 -29981 -2039 -5067 END
START 18288 3156 5936 -31096 -1137 -5402 END
START 16480 2740 6636 -32219 -472 -5571 END
START 15564 2388 6292 -32768 35 -5694 END
START 13644 1872 7768 -32768 444 -5672 END
START 12868 1460 8352 -32768 906 -5564 END
START 11180 1036 10268 -32768 1157 -5373 END
START 10396 640 11892 -32768 1629 -5129 END
START 9064 216 14056 -32768 1942 -4857 END
START 7796 -296 16688 -32768 2233 -4436 END
START 6544 -928 19580 -32768 2277 -3985 END
START 5100 -1472 22548 -32768 2163 -3360 END
START 3980 -1784 25336 -32768 1989 -2617 END
START 2628 -1908 28380 -32768 1662 -1844 END
START 1444 -2016 31140 -32768 1266 -805 END
START 548 -2060 32767 -32768 818 159 END
START -136 -2200 32767 -32768 411 1309 END
START -188 -2392 32767 -32768 256 2462 END
START 20 -2688 32767 -32768 299 3713 END
START 304 -2720 32767 -32768 622 4835 END
START 1268 -2948 32767 -32768 1253 6090 END
START 2912 -3036 32767 -31546 2261 7232 END
START 5040 -3140 32767 -30046 3491 8134 END
START 7204 -3244 32767 -28381 4955 8724 END
START 9636 -3060 32767 -26704 6336 8923 END
START 11328 -2884 32767 -24925 7546 8751 END
START 13312 -2628 32767 -23164 8543 8243 END
START 15264 -2288 32767 -21362 9286 7445 END
START 16420 -2208 32767 -19706 9738 6456 END
START 17384 -2060 32767 -18105 9903 5357 END
START 18012 -1888 32767 -16645 9729 4158 END
START 18364 -1560 32767 -15166 9107 2843 END
START 18672 -1280 32767 -14103 8312 1550 END
START 18628 -1112 32767 -12710 7314 203 END
START 18536 -960 32767 -11535 6192 -1148 END
START 18160 -944 32767 -10242 4948 -2495 END
START 17880 -1044 32767 -9031 3720 -3719 END
START 17440 -1036 32767 -7737 2608 -4785 END
START 16984 -1164 32767 -6396 1577 -5734 END
START 16320 -1260 32767 -4960 773 -6509 END
START 15784 -1248 32767 -3517 236 -7096 END
START 15148 -1392 32767 -2052 -104 -7513 END
START 14620 -1396 32767 -619 -240 -7853 END
START 14004 -1568 32767 801 -227 -8065 END
START 13472 -1448 32767 2124 -137 -8159 END
START 12832 -1576 32767 3518 19 -8196 END
START 12384 -1640 32767 4816 171 -8175 END
START 12044 -1500 32767 6289 496 -8032 END
START 11984 -1704 32767 7805 902 -7901 END
START 12184 -1628 32767 9370 1411 -7748 END
START 12176 -1660 32767 10929 1952 -7589 END
START 12236 -1772 32767 12581 2562 -7448 END
START 12460 -1668 32767 14211 3158 -7347 END
START 12720 -1748 32767 15938 3815 -7253 END
START 12800 -1820 32767 17581 4324 -7293 END
START 13168 -2024 32767 19237 4804 -7360 END
START 13448 -2132 32767 20926 5219 -7463 END
START 13808 -2432 32767 22446 5421 -7640 END
START 13992 -2460 32767 23867 5488 -7866 END
START 14632 -2544 32767 25210 5498 -8144 END
START 15296 -2436 32767 26401 5358 -8509 END
START 16228 -2468 32767 27439 5134 -8947 END
START 17084 -2528 32767 28416 4707 -9547 END
START 17772 -2584 32767 29179 4198 -10226 END
START 18580 -2756 32356 29830 3570 -11095 END
START 19076 -2888 31304 30425 2912 -12056 END
START 19392 -3000 30160 31051 2196 -13183 END
START 19448 -2892 29364 31674 1512 -14329 END
START 19236 -3024 28008 32326 786 -15520 END
START 18884 -3184 26800 32767 -14 -16732 END
START 18332 -3380 25460 32767 -702 -17810 END
START 17800 -3632 24084 32767 -1326 -18842 END
START 16960 -3664 22712 32767 -1911 -19831 END
START 15808 -3320 21080 32767 -2533 -20616 END
START 15068 -3256 19488 32767 -3027 -21306 END
START 14348 -3316 18032 32767 -3396 -21862 END
START 13824 -3580 16264 32767 -3506 -22352 END
START 13224 -3516 14744 32767 -3470 -22813 END