START 5116 4296 7408 5292 3054 -2856 END
START -20896 4060 16540 5675 -4636 -1787 END
START -12940 1332 10260 5601 -4039 -418 END
START -15072 -648 12272 5867 -2744 2275 END
START -15680 -1340 13272 6804 -1878 4547 END
START -16304 -1728 11480 8511 -1529 5933 END
START -18676 -2412 8300 9872 -1897 7794 END
START -20976 -2384 3880 9176 -1997 11300 END
START -20652 -2076 -444 6635 -1262 16680 END
START -19740 -1620 -3164 2186 -729 22824 END
START -15216 -1716 -6024 -3734 -2068 29252 END
START -6752 -2484 -5116 -10473 -1868 32767 END
START -464 -3032 -204 -14707 1194 32767 END
START 4616 -2424 1784 -15666 1788 32767 END
START 7968 -1196 800 -15671 974 32351 END
START 9860 -580 -1736 -17355 -1828 29851 END
START 11896 -604 -2304 -20584 -4378 27002 END
START 12680 -1564 -244 -23946 -4921 25242 END
START 15104 -3044 1924 -26636 -3354 23726 END
START 19160 -4540 4456 -29262 -1584 21197 END
START 22888 -5372 7632 -31755 622 16952 END
START 24928 -6580 12476 -32768 580 12485 END
START 30592 -6624 18232 -32734 3422 6472 END
START 30540 -7420 20892 -31483 8608 -886 END
START 28800 -8116 22364 -30405 12502 -7287 END
START 27884 -9460 25960 -28515 14587 -13813 END
START 26904 -10096 28116 -25129 16176 -20670 END
START 23176 -11472 29168 -21993 18325 -27541 END
START 17984 -12176 30664 -19157 18795 -32492 END
START 15176 -12520 32680 -15414 18348 -32768 END
START 10752 -12108 32016 -12372 20254 -32768 END
START 5436 -12532 30956 -10491 22305 -32768 END
START -2388 -12896 31448 -8208 21380 -32768 END
START -8392 -13344 32767 -5181 16588 -32768 END
START -13336 -14372 32767 -1117 11672 -32768 END
START -18648 -15748 32767 4813 6094 -32768 END
START -22372 -16908 32767 10552 5365 -32768 END
START -25340 -16328 32767 14945 7029 -32314 END
START -26560 -17156 32767 17904 10911 -25208 END
START -27772 -17480 32767 22627 12542 -17676 END
START -27768 -17108 32767 28653 10733 -10283 END
START -25848 -15760 28056 32767 8443 -4515 END
START -25276 -15232 21468 32767 5078 -1005 END
START -27092 -14612 16208 32767 606 2122 END
START -29432 -14128 12984 32767 -4889 4349 END
START -27880 -14012 10560 32767 -6107 9800 END
START -19564 -13332 10664 32767 -689 15244 END
START -13808 -13172 9504 32751 8341 17857 END
START -11124 -12968 6880 29659 12499 20154 END
START -7828 -11540 3308 26741 12195 22737 END
START -2356 -9120 -80 23174 10504 24523 END
START 3468 -5732 -4156 18058 11096 24260 END
START 8660 -2040 -5216 11473 13345 23369 END
START 12648 2156 -5476 3262 18560 20401 END
START 13992 4488 -3156 -4653 25623 15526 END