START -11488 5800 12060 6007 1875 4762 END
START -5948 -1992 -4336 8104 3591 5610 END
START -8616 7364 8696 6186 2026 6119 END
START -13808 5236 15116 7486 3117 6704 END
START -8444 5476 7716 7381 2762 7402 END
START -13196 5104 13620 7480 2112 8036 END
START -8956 5332 8256 7521 2344 8694 END
START -11624 4836 10892 7610 1880 9157 END
START -9412 5088 8668 7750 2183 9804 END
START -10860 4876 9920 7857 1512 10349 END
START -10848 4960 9512 8040 1102 10947 END
START -10108 4880 8400 8144 700 11542 END
START -11028 4624 8916 8304 296 12162 END
START -9804 4752 6852 8362 126 12500 END
START -9820 4660 6696 8404 -438 13155 END
START -11408 4556 8308 8300 -632 13934 END
START -10100 4932 6016 8203 -988 14678 END
START -11264 4560 7048 8089 -956 15471 END
START -10280 4456 5020 7885 -818 16253 END
START -11384 4100 5440 7667 -594 17191 END
START -11072 3852 4540 7407 -142 18214 END
START -11752 3608 4292 7063 237 19285 END
START -12124 3540 3804 6702 821 20571 END
START -12308 3344 3340 6329 1289 21864 END
START -12680 3052 2992 5902 2058 23263 END
START -12340 2808 1784 5517 2600 24635 END
START -12560 2340 1792 4994 3355 26049 END
START -12040 2100 792 4444 3993 27480 END
START -12208 1756 1060 3806 4426 28912 END
START -11276 1428 252 3134 4760 30228 END
START -10916 1148 568 2445 4884 31473 END
START -9644 680 160 1739 5013 32642 END
START -8644 248 224 1061 4976 32767 END
START -6876 -124 -36 384 4988 32767 END
START -6032 -328 -140 -250 4981 32767 END
START -4336 -528 12 -915 4857 32767 END
START -2700 -580 28 -1614 4919 32767 END
START -980 -740 -8 -2275 4771 32767 END
START 136 -844 184 -2932 4874 32767 END
START 1572 -724 -320 -3692 5147 32767 END
START 2268 -880 -96 -4393 5438 32767 END
START 2484 -868 12 -5065 5870 32767 END
START 2764 -904 -72 -5748 6279 32767 END
START 2320 -728 60 -6401 6686 32767 END
START 1936 -732 136 -7048 7102 32767 END
START 1264 -700 588 -7623 7411 32767 END
START 820 -744 736 -8197 7630 32767 END
START 372 -720 788 -8662 7845 32767 END
START 160 -904 1048 -9132 7966 32767 END
START -220 -972 1116 -9535 8092 32767 END
START -276 -1208 736 -9981 8252 32767 END
START -188 -1480 788 -10381 8401 32767 END
START -204 -1748 588 -10840 8579 32767 END
START 4 -1996 716 -11364 8645 32767 END
START 704 -2260 344 -11864 8735 32767 END
START 1408 -2408 360 -12387 8889 32767 END
START 2516 -2684 -168 -13083 9079 32767 END
START 3600 -3012 -404 -13770 9418 32767 END
START 4864 -3332 -884 -14376 9859 32767 END
START 6148 -3344 -980 -15363 10463 32767 END
START 7204 -3312 -1440 -16306 11293 32767 END
START 8568 -3220 -1456 -17341 12369 32767 END
START 9444 -3336 -1484 -18515 13586 32767 END
START 10476 -3464 -1364 -19639 14908 32767 END
START 11092 -3544 -596 -20839 16173 32767 END
START 11548 -3780 356 -21948 17351 32767 END
START 11740 -3704 1148 -22998 18303 32767 END
START 12256 -3828 2164 -23848 19231 32767 END
START 13124 -4596 3412 -24642 19920 32767 END
START 13776 -5068 4728 -25226 20468 32767 END
START 14500 -5324 5764 -25551 20915 32025 END
START 15072 -4884 7268 -25785 21255 31040 END
START 15576 -4704 8212 -25842 21378 30046 END
START 15720 -4608 9056 -25836 21316 29056 END
START 16272 -4716 9864 -25721 21027 28000 END
START 16636 -4872 10504 -25617 20628 26968 END
START 17192 -4872 11024 -25376 20089 25918 END
START 18044 -4680 11148 -25192 19440 24836 END
START 18812 -4568 11312 -24990 18750 23724 END
START 19552 -4384 11812 -24865 17850 22480 END
START 20008 -4376 11944 -24770 16894 21295 END
START 21292 -4300 11972 -24791 15873 19824 END
START 22052 -4264 12128 -24765 15005 18357 END
START 22928 -4148 12172 -24840 14164 16770 END
START 23868 -4148 12376 -24853 13201 15117 END
START 24748 -4120 12208 -24905 12930 13377 END
START 25412 -4020 12288 -24965 12387 11683 END
START 25728 -4032 12456 -25043 12023 9719 END
START 25964 -4032 12556 -25180 11647 7958 END
START 26008 -4076 12788 -25375 11326 6080 END
START 25680 -4048 13140 -25602 11128 4288 END
START 25180 -3976 13592 -25811 10910 2695 END
START 24516 -3844 14104 -26038 10636 1169 END
START 24120 -4036 14364 -26288 10451 -169 END
START 23892 -4168 14840 -26492 10329 -1361 END
START 23376 -4932 15320 -26671 10407 -2528 END
START 22360 -4784 16560 -26797 10337 -3585 END
START 21592 -4712 17620 -26806 10000 -4564 END
START 20912 -4532 18920 -26693 9595 -5399 END
START 20644 -4608 19160 -26480 9342 -6152 END
START 20528 -4768 19784 -26183 9216 -6857 END
START 20604 -4848 20248 -25891 9149 -7507 END
START 20556 -4944 20684 -25620 9132 -8126 END
START 20944 -4684 21296 -25338 9097 -8776 END
START 21248 -4516 21856 -25073 8977 -9553 END
START 21516 -4460 22368 -24820 8896 -10333 END
START 21924 -4440 22484 -24493 8774 -11211 END
START 22088 -4612 22692 -24132 8636 -12160 END
START 22448 -4584 22824 -23800 8467 -13038 END
START 22696 -4480 22752 -23526 8268 -13910 END
START 22964 -4220 22660 -23351 8055 -14918 END
START 23284 -3924 22768 -23322 7851 -15981 END
START 23532 -3628 23060 -23417 7531 -17114 END
START 23732 -3528 23600 -23554 7191 -18280 END
START 23976 -3324 24396 -23634 6800 -19552 END
START 24132 -3300 25192 -23654 6479 -20813 END
START 24052 -3336 26224 -23594 6293 -22104 END
START 23948 -3244 27116 -23320 6102 -23322 END
START 23884 -3228 28068 -23012 5969 -24583 END
START 23812 -3196 28860 -22580 5964 -25835 END
START 23520 -3308 29520 -22110 6133 -27060 END
START 23300 -3400 30148 -21606 6397 -28271 END
START 22920 -3440 30636 -21045 6719 -29485 END
START 22696 -3376 31060 -20448 7002 -30743 END
START 21936 -3348 31084 -19910 7253 -31910 END
START 20908 -3476 31760 -19336 7396 -32768 END
START 20160 -3704 32156 -18859 7337 -32768 END
START 19332 -3840 32524 -18308 7244 -32768 END
START 18452 -3900 32767 -17834 6868 -32768 END
START 17432 -3988 32767 -17327 6531 -32768 END
START 16404 -4040 32767 -16810 6132 -32768 END
START 15288 -4120 32767 -16304 5746 -32768 END
START 14284 -4140 32767 -15717 5283 -32768 END
START 13156 -4408 32767 -14992 4925 -32768 END
START 12188 -4480 32767 -14295 4523 -32768 END
START 11272 -4600 32767 -13481 4011 -32768 END
START 11064 -4824 32767 -12745 3663 -32768 END
START 10632 -5088 32767 -12026 3377 -32768 END
START 10408 -5464 32767 -11475 3054 -32768 END
START 9996 -5852 32767 -11005 2850 -32768 END
START 9268 -6400 32767 -10626 2547 -32768 END
START 8276 -7100 32767 -10111 2244 -32768 END
START 7144 -7800 32767 -9557 1963 -32768 END
START 5976 -8248 32767 -8908 1700 -32768 END
START 4760 -8576 32767 -8109 1650 -32768 END
START 3548 -8856 32767 -7228 1687 -32768 END
START 2400 -9260 32767 -6296 1792 -32768 END
START 1084 -9660 32767 -5321 1951 -32768 END
START -308 -9980 32767 -4370 1997 -32768 END
START -1824 -10204 32767 -3415 1855 -32768 END
START -3292 -10284 32767 -2448 1644 -32768 END
START -4560 -10548 32767 -1495 1420 -32768 END
START -6088 -11132 32767 -412 1159 -32768 END
START -7124 -11440 32767 671 999 -32768 END
START -8416 -11720 32767 1782 916 -32768 END
START -9496 -11768 32767 3146 701 -32768 END
START -10708 -11664 32767 4427 457 -32768 END
START -11804 -11724 32767 5618 237 -32768 END
START -12728 -11884 32767 6783 67 -32768 END
START -13788 -12124 32767 7876 -122 -32768 END
START -14560 -12268 32767 9017 -247 -32768 END
START -15444 -12144 32767 10147 -293 -32768 END
START -16436 -12304 32767 11396 -526 -32768 END
START -17116 -12312 32767 12665 -824 -32768 END
START -17748 -12184 32767 14042 -1081 -32768 END
START -18396 -12480 32767 15480 -1333 -32768 END
START -18836 -12328 32767 17051 -1522 -32212 END
START -19360 -12252 32767 18604 -1574 -30771 END
START -19800 -12060 32767 20098 -1559 -29264 END
START -20152 -12108 32767 21573 -1378 -27703 END
START -20076 -12004 32767 22957 -1029 -26018 END
START -20208 -11956 32767 24123 -560 -24400 END
START -20056 -11788 32767 25158 11 -22833 END
START -20004 -11608 32767 26161 732 -21170 END
START -20020 -11572 32767 27103 1441 -19520 END
START -19912 -11380 32767 27992 2155 -17818 END
START -19988 -11404 32767 28779 2829 -16096 END
START -19476 -11300 32767 29643 3649 -14346 END
START -19288 -11036 32767 30516 4614 -12586 END
START -19224 -10732 32412 31404 5567 -10828 END
START -19104 -10516 32104 32307 6252 -9125 END
START -19228 -10376 31332 32767 6749 -7382 END
START -19128 -10136 30912 32767 7017 -5739 END
START -19040 -9936 29992 32767 7077 -4122 END
START -19288 -9676 29128 32767 6846 -2618 END
START -18848 -9888 28320 32767 6402 -1113 END
START -18676 -9840 27164 32767 5887 243 END
START -18092 -9640 25904 32767 5289 1651 END
START -17712 -9452 24524 32767 4736 2963 END
START -17032 -9192 22676 32767 4216 4344 END
START -16164 -8704 20880 32767 3870 5612 END
START -15016 -8560 19040 32767 3594 6875 END
START -13940 -8364 17432 32767 3384 7991 END
START -12596 -8008 15580 32767 3311 8969 END
START -11272 -7616 13836 32767 3438 9932 END
START -9752 -7168 11956 32767 3683 10673 END
START -8372 -6656 10304 32767 4106 11243 END
START -7076 -6352 8776 32767 4489 11640 END
START -6060 -6000 7124 32767 4749 11918 END
START -5244 -5576 5752 32767 4949 12046 END
START -4324 -5132 4364 32767 5090 12174 END
START -3600 -4568 2888 32767 5366 12356 END
START -3172 -3988 1112 32767 5797 12383 END
START -2576 -3188 -408 32767 6500 12651 END
START -1820 -2852 -2168 32096 7589 12794 END
START -1320 -2480 -3700 30463 8732 12757 END
START -1024 -2412 -5052 28689 10100 12690 END
START -1096 -1772 -5740 26886 11301 12682 END
START -1204 -880 -6596 24872 12566 12677 END
START -1352 -264 -7320 22906 13665 12690 END
START -1652 232 -7544 20962 14598 12776 END
START -1872 -148 -7952 18988 15396 13285 END
START -2316 -616 -7516 17019 15839 13452 END