START -17660 10276 2900 5842 8045 -5476 END
START -17448 1444 4588 3895 5533 -3133 END
START -13556 640 -164 3198 2396 1698 END
START -23428 -572 7724 1975 -1720 6467 END
START -20456 -856 7464 1166 -1749 10324 END
START -18092 -2428 6908 899 -2214 13195 END
START -15896 -2888 6024 474 -2122 16627 END
START -14264 -3476 5512 89 -1432 20307 END
START -14504 -4068 4996 205 -2481 24623 END
START -13132 -4660 4236 36 -4317 30082 END
START -8276 -5588 1748 -1069 -4215 32767 END
START -4680 -6344 -820 -3805 -4065 32767 END
START 2776 -6992 -2788 -8336 -3253 32767 END
START 6864 -7012 -3436 -12709 -2227 32767 END
START 9316 -7068 -4200 -17491 -3220 32767 END
START 11216 -8128 -1544 -21435 -3662 32767 END
START 12984 -8736 1064 -23925 -2749 32767 END
START 15552 -9380 2364 -25625 -3158 32767 END
START 21188 -9216 3340 -28270 -3106 32767 END
START 32276 -7260 6628 -31292 784 28059 END
START 32767 -6396 10220 -32768 5535 19458 END
START 32767 -6616 15556 -32768 7359 11519 END
START 32767 -6564 18424 -32768 9680 3575 END
START 32767 -7056 21144 -32768 12012 -3290 END
START 32767 -7724 24708 -32432 14691 -9776 END
START 31856 -8040 27696 -30001 16576 -16747 END
START 28172 -9068 28404 -26831 15492 -24755 END
START 22460 -10580 29164 -23792 11491 -30235 END
START 19964 -11824 30724 -21958 9996 -32768 END
START 16372 -12512 31168 -20402 12387 -32768 END
START 12664 -13916 31212 -19634 15786 -32768 END
START 5888 -15024 32148 -18066 15940 -32768 END
START 1932 -15572 32767 -14868 14326 -32768 END
START -1756 -15044 32767 -8890 12328 -32768 END
START -1544 -14204 32767 -2003 9962 -32768 END
START -2064 -13720 32767 4354 4547 -32768 END
START -5968 -12916 32767 9009 2860 -32768 END
START -12996 -16552 32767 16015 4410 -32768 END
START -15896 -19068 32767 21206 6330 -27204 END
START -16152 -20136 32767 24575 11327 -20249 END
START -17464 -21592 32767 26741 16291 -13925 END
START -18672 -22184 29348 29571 18042 -8391 END
START -19832 -21936 22468 32621 17209 -3273 END
START -20728 -21816 15580 32767 16132 2213 END
START -21128 -20556 8804 32245 14947 9523 END
START -17624 -18412 3456 28840 13829 17075 END
START -11104 -14228 -1360 22850 14789 22986 END
START -4304 -9660 -3176 15554 16595 26762 END