START -8836 6212 15172 2010 -137 -2407 END
START -8768 -156 5308 3902 1251 -1478 END
START -6564 9048 12144 1927 -188 -865 END
START -15112 5172 19604 3297 597 -62 END
START -10348 6008 13668 3254 317 922 END
START -14620 5736 18048 3479 -463 1835 END
START -12816 5948 15156 3737 95 2869 END
START -13628 5668 15744 4152 -116 3899 END
START -14916 5364 16884 4540 267 5067 END
START -14164 5116 15320 5014 300 6281 END
START -16012 4904 16844 5482 312 7560 END
START -14324 5096 14404 5961 635 8854 END
START -16256 4848 16480 6371 515 10183 END
START -14688 4984 14148 6755 832 11645 END
START -16148 4716 15492 7062 644 12961 END
START -14660 4664 13700 7399 815 14335 END
START -15264 4440 14152 7614 662 15744 END
START -13988 4392 13072 7786 828 17085 END
START -13344 4312 12868 7897 811 18356 END
START -12768 4272 12512 7971 843 19549 END
START -11504 3976 12080 8020 932 20616 END
START -11036 3772 12352 8071 848 21620 END
START -9184 3548 11476 8057 944 22542 END
START -8872 3244 12008 8091 873 23314 END
START -8236 2960 11892 8112 951 23975 END
START -6580 2884 10868 8137 882 24586 END
START -6240 2788 11436 8125 985 25139 END
START -4812 2892 10544 8135 997 25565 END
START -4332 2876 11000 8196 1145 25954 END
START -3056 2936 10124 8219 1361 26259 END
START -2596 3048 9984 8275 1605 26474 END
START -1556 2320 9804 8305 1783 26610 END
START -928 1824 9484 8306 1869 26632 END
START -512 1844 9196 8255 1888 26622 END
START -280 1808 8704 8234 1852 26598 END
START -296 1864 8476 8180 1783 26594 END
START -264 1968 7592 8069 1733 26674 END
START -716 2152 7320 7912 1590 26772 END
START -916 2352 6584 7690 1518 26977 END
START -1464 2316 6344 7401 1422 27283 END
START -1504 2380 5908 7114 1432 27673 END
START -1784 2404 5388 6718 1452 28134 END
START -2384 2300 5044 6320 1517 28691 END
START -2448 2140 4528 5904 1601 29321 END
START -2792 2176 4640 5451 1686 29978 END
START -2812 2080 4520 5011 1791 30713 END
START -2616 1964 4244 4560 1937 31471 END
START -2348 1692 4148 4183 2073 32213 END
START -1976 1344 4188 3806 2214 32767 END
START -1632 1160 3820 3469 2295 32767 END
START -1256 844 4204 3159 2242 32767 END
START -796 640 4140 2948 2089 32767 END
START 4 360 3988 2682 1892 32767 END
START 724 136 3932 2502 1649 32767 END
START 1504 -20 3456 2294 1420 32767 END
START 2548 -88 3048 2059 1120 32767 END
START 3620 36 2616 1747 966 32767 END
START 5024 100 1736 1345 980 32767 END
START 6396 220 1388 833 1132 32767 END
START 7844 684 668 258 1384 32767 END
START 9064 1048 108 -335 1740 32767 END
START 10128 716 208 -1136 2084 32767 END
START 11336 232 12 -2014 2304 32767 END
START 12080 536 -212 -2902 2505 32767 END
START 12812 944 -548 -3835 2755 32767 END
START 13004 1328 -512 -4813 2923 32074 END
START 13096 1208 -312 -5842 3092 31085 END
START 12920 1112 -240 -6823 3226 30170 END
START 12564 1052 -64 -7717 3248 29421 END
START 11944 1304 688 -8495 3304 28869 END
START 11108 1356 848 -9224 3245 28448 END
START 10448 1608 1112 -9819 3145 28215 END
START 9824 1716 1252 -10468 2946 28103 END
START 9256 1404 1840 -11067 2703 28102 END
START 9000 1148 2068 -11633 2365 28173 END
START 9080 708 2560 -12219 2004 28245 END
START 9380 396 2824 -12696 1742 28356 END
START 10028 112 3304 -13160 1483 28471 END
START 10296 16 3944 -13493 1372 28510 END
START 10544 196 4396 -13862 1206 28528 END
START 11360 340 4952 -14060 1025 28495 END
START 12412 316 5428 -14561 862 28402 END
START 13708 44 5568 -14570 733 28087 END
START 14752 0 5784 -14691 681 27672 END
START 16416 -28 6012 -14914 708 27095 END
START 17848 -116 6148 -14673 795 26365 END
START 19556 -120 6024 -14795 911 25402 END
START 20848 284 6148 -15182 982 24319 END
START 22248 360 6068 -15519 1174 23029 END
START 24332 284 5240 -15719 1759 21624 END
START 25360 396 5260 -16105 2311 19989 END
START 25872 512 5332 -16512 2781 18246 END
START 26116 972 5464 -17002 3198 16490 END
START 26336 1152 5108 -17561 3725 14743 END
START 26400 1180 5096 -18211 4238 12934 END
START 25864 1136 5148 -18892 4690 11362 END
START 25284 876 5348 -19530 5026 9796 END
START 24776 704 5756 -20162 5302 8363 END
START 24112 624 5800 -20722 5595 7104 END
START 23180 644 6144 -21237 5849 6035 END
START 22452 520 6496 -21737 6113 5093 END
START 21704 436 7144 -22244 6296 4270 END
START 21268 200 7524 -22681 6442 3557 END
START 20640 44 8328 -23162 6592 2939 END
START 20204 36 9048 -23472 6659 2388 END
START 19800 -112 10052 -23772 6782 1947 END
START 19576 -188 10668 -23916 6757 1574 END
START 19400 -348 11372 -23846 6741 1255 END
START 19488 -248 12100 -23671 6725 976 END
START 20012 -88 12208 -23508 6830 677 END
START 20564 16 12428 -23392 7034 280 END
START 21260 184 12532 -23264 7267 -163 END
START 21596 204 12808 -23285 7590 -738 END
START 21956 60 13056 -23341 7907 -1330 END
START 22168 100 13356 -23317 8076 -1963 END
START 22196 260 13832 -23398 8167 -2625 END
START 22528 324 14140 -23358 8232 -3302 END
START 22600 424 14184 -23324 8320 -4051 END
START 22836 560 14420 -23284 8453 -4815 END
START 22956 512 14732 -23226 8597 -5607 END
START 22960 560 14888 -23230 8679 -6472 END
START 23092 640 15008 -23249 8684 -7335 END
START 23100 760 15052 -23276 8784 -8143 END
START 23040 836 14988 -23350 8904 -9021 END
START 23172 964 14960 -23385 9096 -9860 END
START 23036 1088 14924 -23445 9295 -10735 END
START 22976 1036 14736 -23525 9525 -11582 END
START 22804 1080 14660 -23674 9772 -12526 END
START 22912 1284 14620 -23858 10047 -13477 END
START 22944 1352 14512 -24130 10397 -14466 END
START 23060 1540 14348 -24495 10857 -15553 END
START 23036 1540 14868 -24859 11323 -16661 END
START 22792 1524 15264 -25283 11774 -17828 END
START 22376 1240 15724 -25610 12174 -18984 END
START 21852 828 16612 -25792 12419 -20147 END
START 21008 652 17828 -25959 12610 -21280 END
START 20064 724 18680 -25963 12459 -22364 END
START 19072 384 19384 -25799 12224 -23331 END
START 18140 76 19900 -25421 11740 -24278 END
START 17452 -180 20052 -25042 11208 -25036 END
START 16948 12 19908 -24675 10735 -25846 END
START 16340 92 20024 -24457 10332 -26531 END
START 15764 156 20036 -24434 9935 -27194 END
START 15088 244 20152 -24521 9595 -27860 END
START 14816 184 20620 -24683 9379 -28431 END
START 14504 76 21268 -24854 9401 -29027 END
START 14396 -96 21992 -24942 9518 -29594 END
START 14244 -524 23120 -24920 9701 -30159 END
START 14152 -792 24216 -24675 9924 -30778 END
START 13856 -1120 25088 -24321 10065 -31406 END
START 13660 -1440 26644 -23792 10171 -32055 END
START 13292 -1252 27416 -23219 10149 -32768 END
START 13028 -1432 28504 -22644 10050 -32768 END
START 12784 -1760 29308 -22049 9800 -32768 END
START 11908 -1824 30308 -21328 9432 -32768 END
START 11264 -2196 31408 -20661 8963 -32768 END
START 10492 -2300 32316 -19822 8320 -32768 END
START 9608 -2624 32767 -18938 7681 -32768 END
START 8944 -3040 32767 -17957 7096 -32768 END
START 7672 -3428 32767 -16947 6422 -32768 END
START 6344 -3856 32767 -15966 5641 -32768 END
START 5080 -3924 32767 -15043 4737 -32768 END
START 3972 -4104 32767 -14244 3814 -32768 END
START 3240 -3968 32767 -13123 3073 -32768 END
START 2384 -3852 32767 -12291 2675 -32768 END
START 1452 -4220 32767 -11339 2457 -32768 END
START 696 -4408 32767 -10470 2381 -32768 END
START -268 -4840 32767 -9492 2472 -32768 END
START -1312 -5132 32767 -8382 2546 -32768 END
START -2104 -5456 32767 -7191 2622 -32768 END
START -2972 -5428 32767 -5866 2707 -32768 END
START -3516 -5404 32767 -4574 2797 -32768 END
START -4200 -5612 32767 -3297 2826 -32768 END
START -4692 -5920 32767 -2056 2753 -32768 END
START -5316 -6104 32767 -930 2499 -32768 END
START -5668 -6052 32767 145 2171 -32768 END
START -6080 -5832 32767 1198 1931 -32768 END
START -6344 -5864 32767 2253 1697 -32768 END
START -6520 -5884 32767 3318 1471 -32768 END
START -6616 -6000 32767 4411 1332 -32768 END
START -6684 -6276 32767 5531 1359 -32768 END
START -6740 -6496 32767 6619 1449 -32768 END
START -6820 -6588 32767 7639 1668 -32279 END
START -7084 -6628 32767 8672 1941 -31775 END
START -7416 -6828 32767 9605 2215 -31201 END
START -7972 -6856 32767 10616 2455 -30590 END
START -8600 -7032 32767 11566 2746 -29871 END
START -9152 -7096 32767 12586 3067 -29073 END
START -10144 -7236 32767 13611 3414 -28139 END
START -10860 -7476 32767 14735 3709 -27159 END
START -11640 -7476 32767 15896 3903 -26063 END
START -12540 -7540 32767 17063 3964 -24884 END
START -13336 -7236 32767 18277 3971 -23604 END
START -13852 -7200 32767 19517 3921 -22308 END
START -14384 -6992 32767 20707 3844 -20875 END
START -14724 -6868 32767 21911 3704 -19409 END
START -14912 -6884 32767 23006 3518 -17948 END
START -14928 -6692 32767 24023 3361 -16567 END
START -14580 -6528 32276 25002 3233 -15177 END
START -14308 -6424 31584 25882 3125 -13883 END
START -14144 -6512 30916 26751 3079 -12619 END
START -13768 -6492 30396 27567 3048 -11396 END
START -13352 -6376 29900 28400 3198 -10212 END
START -12748 -6488 29480 29196 3547 -9080 END
START -12424 -6488 28744 30044 4045 -8030 END
START -12304 -6492 28012 30878 4602 -6989 END
START -12372 -6520 27584 31672 5002 -5995 END
START -12540 -6732 27000 32508 5186 -4895 END
START -12768 -6888 26328 32767 5271 -3808 END
START -12796 -7088 25544 32767 5283 -2694 END
START -13004 -7068 24424 32767 5230 -1490 END
START -12816 -6988 23480 32767 5195 -276 END
START -12588 -7092 22296 32767 5427 936 END
START -12296 -7020 20904 32767 5790 2126 END
START -12128 -6892 19816 32767 6292 3322 END
START -11628 -6808 18488 32767 6782 4512 END
START -11368 -6452 17516 32767 7185 5699 END
START -10808 -6376 16084 32767 7496 6799 END
START -10180 -6388 14916 32767 7621 7786 END
START -9268 -6436 13796 32767 7638 8704 END
START -8700 -6156 12680 32767 7417 9450 END
START -8096 -5800 11664 32767 6968 10124 END
START -7140 -5212 10596 32767 6233 10630 END
START -6224 -5020 9488 32767 5307 10965 END
START -5448 -4176 8384 32767 4192 11176 END
START -4004 -4916 7096 32767 3115 11229 END
START -2640 -4664 5640 32767 2222 11224 END
START -1660 -4712 4240 32767 1513 11100 END
START -864 -4084 2568 32767 887 10975 END
START -536 -3284 1784 32767 266 10808 END
START 292 -3348 904 32767 -415 10608 END
START 1336 -3496 -308 32767 -993 10350 END