START -7424 9824 3060 21809 -4853 -4745 END
START -2024 -2636 -1972 25327 -12056 -3127 END
START -12920 -2720 1856 24350 -17495 2444 END
START -9856 -1920 -3092 18191 -15387 6897 END
START -11416 -1500 -2968 10371 -11186 10378 END
START -9852 -1356 -5436 2099 -3950 14806 END
START -10708 -1916 -4952 -4769 1614 19770 END
START -9364 -2500 -4216 -9950 155 24803 END
START -3720 -3144 -1248 -12538 -3913 27875 END
START 3504 -2500 -352 -13480 -5742 28359 END
START 6468 -1676 328 -15292 -5426 27533 END
START 6688 -1380 452 -17144 -3791 27415 END
START 10336 -848 244 -20371 -3982 27511 END
START 16752 -460 1692 -23654 -4159 24812 END
START 19908 -272 4900 -26444 -3943 21010 END
START 22532 432 9560 -27526 -3316 16840 END
START 23432 876 12028 -27809 -2147 12027 END
START 25060 900 14996 -27730 -2613 7276 END
START 26360 1136 16988 -27431 -2755 2898 END
START 28588 1180 19068 -27356 -1271 -2286 END
START 27388 1040 20884 -27141 79 -7656 END
START 25892 -88 23132 -27687 1742 -11787 END
START 24484 -752 25716 -27752 5839 -15107 END
START 22344 -1736 27148 -27721 11287 -18756 END
START 16996 -2856 28180 -26642 13310 -22106 END
START 14072 -3192 28832 -24942 12197 -25186 END
START 10848 -4644 31636 -22766 12021 -28566 END
START 6588 -5616 32767 -19056 13025 -30783 END
START 1920 -6332 32767 -15829 13936 -32158 END
START -976 -7896 32767 -11401 13359 -32574 END
START -6516 -10012 32767 -6492 12452 -32008 END
START -10924 -11856 32767 149 10143 -28967 END
START -13740 -12768 32767 7514 6457 -25580 END
START -16972 -14428 32767 16385 1147 -21371 END
START -15376 -15404 32767 25725 -3758 -17032 END
START -11724 -13872 32767 31063 -4368 -15170 END
START -10068 -12144 29524 32517 831 -13701 END
START -10868 -9980 23876 31654 7298 -11032 END
START -11080 -8560 18188 29437 13220 -7467 END
START -10788 -7400 13688 26165 16880 -3367 END
START -9852 -6424 11728 23721 17829 -432 END
START -10536 -6308 10732 22660 17676 1874 END
START -11684 -6096 9572 22430 15244 4783 END
START -11008 -5452 7588 21567 14107 7880 END
START -10880 -4648 5828 19991 14339 11898 END
START -8208 -3376 3848 17218 14999 15416 END
START -7524 -3424 2888 14574 15008 18913 END
START -6312 -2704 2520 12317 13649 22848 END
START -1812 -1260 1236 10822 8363 25735 END
START 4256 912 800 7609 5479 24992 END
START 7960 2892 1908 4351 6496 22970 END
START 11468 5140 1904 -284 11206 18626 END
START 13056 6684 3728 -5528 16576 15084 END
START 14268 7848 7556 -9808 23377 10635 END
START 8924 7436 10576 -11709 25555 6749 END