START -12476 2480 12080 6569 4089 -12426 END
START -15832 -3404 12612 8493 -24 -10493 END
START -18992 -5004 12664 11246 -3178 -5323 END
START -23880 -5852 14132 12326 -5359 3287 END
START -22876 -5420 12820 12199 -5160 11534 END
START -16912 -4984 8680 11021 -3642 17470 END
START -10968 -4660 5400 9443 -2262 21164 END
START -8860 -4232 3420 7868 -2284 23414 END
START -8508 -4112 2572 6519 -3517 25213 END
START -8448 -4936 1808 5658 -5581 27698 END
START -7932 -5920 868 4656 -7413 31259 END
START -5692 -6244 -972 2685 -7478 32767 END
START -368 -5860 -4400 -1408 -5850 32767 END
START 3660 -6280 -6196 -8001 -1076 32767 END
START 4440 -7120 -5188 -14612 3143 32767 END
START 2108 -9132 -1724 -18134 1920 32767 END
START 5536 -10228 -16 -18431 -4881 32767 END
START 15468 -9236 -1216 -19334 -9885 32767 END
START 22868 -8436 -760 -21856 -8404 32767 END
START 24216 -8216 728 -24671 -5856 28288 END
START 24828 -8836 2344 -26734 -3259 24364 END
START 26172 -10180 2328 -29735 -1543 20889 END
START 28916 -10344 4872 -32768 435 17425 END
START 32488 -10404 9316 -32768 3592 13537 END
START 32767 -10492 13064 -32768 8259 6977 END
START 32767 -10436 17340 -32768 12537 -2116 END
START 32767 -12628 21544 -32768 16194 -14000 END
START 31172 -16380 25312 -32768 14319 -22468 END
START 26260 -16300 26532 -32768 11660 -27510 END
START 24532 -15884 27564 -32768 14385 -31650 END
START 22840 -16100 29164 -32768 20912 -32768 END
START 20252 -18712 32767 -32768 29032 -32768 END
START 11352 -24116 32767 -30648 32767 -32768 END
START -128 -28256 32767 -22155 29295 -32768 END
START -10748 -30332 32767 -8227 18488 -32768 END
START -14576 -28260 32767 6889 9814 -32768 END
START -11876 -25052 32767 15229 10295 -32768 END
START -9468 -22252 32767 18880 16681 -27702 END
START -11184 -21476 32767 21667 21160 -23822 END
START -11960 -21312 32767 25583 22894 -20098 END
START -10712 -23784 31576 28440 23703 -17558 END
START -13448 -23796 29028 31913 23969 -13024 END
START -14700 -24692 28016 32767 22547 -8585 END
START -15560 -25144 24612 32767 19655 -2915 END
START -11868 -24960 20068 32767 18770 2687 END
START -9724 -23608 14724 32767 23285 7750 END
START -10468 -22416 8336 32767 29196 13300 END
START -13060 -20468 1848 31739 32374 20641 END
START -11440 -17316 -5468 25539 31215 28250 END
START -6244 -12300 -11308 18571 24589 32767 END
START 3264 -6292 -12440 11019 15539 32767 END
START 15396 -380 -10984 4872 12111 32767 END