START -11452 11280 25328 5076 18605 -954 END
START 31880 7680 -23580 5106 6033 1219 END
START 10968 6772 -8020 4701 -2208 4387 END
START -27820 7360 19356 3537 -2651 5940 END
START -18556 7088 12172 1773 132 6078 END
START -11196 7156 6016 -155 3286 6969 END
START -4272 6704 -360 -2140 2044 7929 END
START -7452 6040 856 -4326 -432 9285 END
START -10888 5240 2792 -6549 350 10955 END
START -10408 4244 1344 -9649 2434 13317 END
START -8872 3604 388 -12782 2583 16861 END
START -3096 3104 1028 -16083 2293 18168 END
START 436 2528 2528 -18882 2840 17499 END
START 2664 1692 3420 -21094 2984 15596 END
START 3736 680 3652 -23490 2353 13128 END
START 4264 -176 3672 -26424 2445 11545 END
START 4548 -1620 5304 -30593 2527 11008 END
START 6396 -3540 9680 -32768 2990 10600 END
START 9296 -4720 15160 -32768 3512 8877 END
START 12108 -5620 19828 -32768 4187 5797 END
START 11528 -6808 24272 -32768 2693 2326 END
START 11724 -7440 28176 -31144 927 -327 END
START 12776 -7044 31688 -28742 1736 -2941 END
START 14928 -7044 32767 -24540 5089 -6206 END
START 12704 -6932 32767 -20662 6288 -10097 END
START 11240 -6848 32620 -15926 5782 -13564 END
START 8980 -6932 31696 -11341 5555 -17072 END
START 4720 -7076 30532 -7295 3848 -19551 END
START 1488 -6760 28572 -3665 2367 -20526 END
START 976 -6328 26420 -1625 3526 -21407 END
START 1032 -6004 24004 -657 6127 -22490 END
START 488 -5864 21920 -153 8779 -24357 END
START -1372 -5764 20820 950 8147 -26381 END
START -2664 -4796 18596 2505 5139 -27831 END
START -2544 -3732 17520 3267 2892 -29752 END
START -2192 -3112 17588 3873 1956 -30675 END
START -1160 -1448 19128 4230 1235 -32686 END
START -2284 -688 19100 4588 2622 -32768 END
START -6300 -1448 19244 3902 5206 -32768 END
START -8348 -2272 20412 3288 7697 -32712 END
START -11292 -4792 22472 3280 10156 -31810 END
START -16936 -7028 25592 5610 10710 -28679 END
START -21064 -9012 28568 9818 9616 -24702 END
START -25344 -10844 28828 15399 7642 -19407 END
START -27396 -10144 26232 20267 5334 -11997 END
START -24604 -9452 22208 22055 5939 -5380 END
START -23100 -8712 18208 21768 7623 89 END
START -22032 -8420 16516 20537 8760 4434 END
START -21024 -8172 14784 19733 9186 8690 END
START -19576 -7944 13684 19091 9698 12541 END
START -18600 -7976 12492 19350 9900 16684 END
START -17276 -7284 10072 19262 9631 20230 END
START -15456 -6728 7324 18474 9721 23733 END
START -13068 -5484 4732 16396 10189 26150 END
START -11228 -4300 2888 12852 10281 28523 END
START -8548 -3988 3256 8998 10639 30378 END
START -5584 -3168 3872 6566 10837 31321 END
START -2976 -1680 3804 4472 8156 30456 END
START 1248 -468 4620 2762 5435 28144 END
START 6192 972 6796 1109 5665 25199 END
START 8932 2788 8848 -27 7059 20862 END
START 8976 3888 10512 -903 6779 17435 END
START 10460 4900 12176 -1956 7829 14886 END
START 11844 5664 14612 -3245 10538 12666 END