START -12852 5440 10896 5795 4599 11284 END
START -8668 -140 -2880 7252 6376 12373 END
START -9224 7028 7860 4955 5806 13119 END
START -13312 4848 12676 5949 7222 13869 END
START -8556 5620 7392 5169 6587 14506 END
START -12400 5388 13208 4897 6111 15110 END
START -7840 5260 8532 4447 5681 15523 END
START -9868 4444 11536 4346 5201 15848 END
START -7256 4496 9456 4230 5164 16329 END
START -7560 4192 11280 4244 4443 16666 END
START -6848 4032 11004 4364 4220 17103 END
START -6036 3784 10388 4476 3510 17456 END
START -6460 3608 11308 4603 3191 17914 END
START -5008 3528 9796 4821 2507 18351 END
START -5948 3428 10980 4980 2189 18855 END
START -4220 3812 8784 5119 1864 19304 END
START -5344 3772 9708 5194 1387 19724 END
START -3940 3932 7836 5151 1089 20188 END
START -4872 3780 8528 5087 540 20577 END
START -4116 3704 6704 4980 266 21008 END
START -4648 3448 6700 4789 -391 21532 END
START -3952 3344 5176 4655 -867 22101 END
START -3576 3120 4764 4365 -1182 22678 END
START -2980 3032 3928 3950 -1614 23222 END
START -2544 2948 3188 3444 -1736 23726 END
START -1756 2972 2044 2794 -1926 24025 END
START -1516 2888 2016 2072 -1919 24326 END
START -660 2832 1064 1296 -1969 24562 END
START -892 2376 1400 491 -1854 24814 END
START -424 2324 828 -253 -1798 25074 END
START -892 2060 1076 -946 -1674 25340 END
START -780 2104 680 -1593 -1518 25661 END
START -1304 1808 964 -2130 -1446 26090 END
START -1180 1392 664 -2697 -1304 26558 END
START -1740 972 660 -3158 -1178 27044 END
START -1972 752 76 -3562 -982 27602 END
START -2312 616 -40 -4007 -762 28261 END
START -2728 384 -572 -4447 -620 28995 END
START -3024 288 -728 -4956 -510 29813 END
START -3124 124 -960 -5533 -379 30637 END
START -3076 -36 -1328 -6163 -196 31569 END
START -2504 -328 -1556 -6919 -51 32467 END
START -1860 -720 -1420 -7675 177 32767 END
START -920 -1116 -1436 -8480 479 32767 END
START -448 -1372 -1084 -9250 720 32767 END
START 316 -1704 -616 -10045 1090 32767 END
START 1472 -2024 -200 -10741 1389 32767 END
START 2832 -2176 896 -11397 1812 32767 END
START 4432 -2444 1496 -11929 2309 32767 END
START 6188 -2616 2348 -12393 2798 32767 END
START 8280 -2808 3204 -12694 3381 32767 END
START 10400 -2932 3932 -12887 3933 32767 END
START 12168 -2980 4488 -12982 4379 32767 END
START 13600 -3080 5264 -13008 4669 32767 END
START 14560 -2984 5384 -12924 4795 32767 END
START 15180 -2596 5464 -12896 4811 32657 END
START 15644 -2296 5680 -12804 4740 31507 END
START 15708 -2064 5556 -12835 4535 30346 END
START 15536 -2064 5224 -12896 4218 29331 END
START 15312 -2100 5000 -12995 3761 28423 END
START 15052 -1900 4428 -13236 3271 27731 END
START 15076 -1656 4328 -13550 2699 27135 END
START 15512 -1472 3852 -13998 2088 26552 END
START 15864 -1252 3768 -14653 1555 25942 END
START 16400 -1228 3492 -14874 1054 25237 END
START 16736 -1376 3592 -15493 693 24501 END
START 16804 -1436 3548 -15996 451 23754 END
START 16860 -1436 3640 -16539 287 23119 END
START 16936 -1344 3408 -17146 348 22546 END
START 16940 -1056 3580 -17728 515 22036 END
START 16936 -940 3476 -18381 777 21602 END
START 17144 -756 3920 -19111 1115 21209 END
START 17520 -936 4112 -19829 1593 20809 END
START 18144 -1076 4220 -20539 2182 20420 END
START 18808 -1476 4392 -21262 2878 19940 END
START 19360 -1392 4628 -21969 3751 19375 END
START 19912 -1376 4976 -22639 4615 18813 END
START 20704 -1348 5984 -23327 5509 18193 END
START 21724 -1376 6532 -24036 6487 17454 END
START 22960 -1176 7260 -24600 7462 16674 END
START 24004 -1072 8336 -25139 8445 15720 END
START 25360 -992 9504 -25561 9460 14552 END
START 26508 -864 10676 -25809 10386 13288 END
START 27596 -772 11848 -25916 11306 11894 END
START 28656 -664 12988 -25830 12081 10146 END
START 29152 -632 13860 -25577 12723 8420 END
START 29680 -492 14800 -25249 13350 6598 END
START 29956 -412 15136 -24910 13321 4808 END
START 29912 -276 15516 -24555 13189 2948 END
START 29928 -108 15644 -24307 13162 1156 END
START 29860 32 15568 -24181 13096 -593 END
START 29792 -116 15532 -24149 12711 -2339 END
START 29352 -216 15492 -24119 12106 -4083 END
START 28772 -476 15420 -24152 11503 -5669 END
START 27892 -604 15652 -24269 10808 -7167 END
START 27176 -768 15648 -24383 10150 -8465 END
START 26288 -884 15860 -24652 9574 -9650 END
START 25244 -876 15864 -24959 9073 -10604 END
START 24504 -924 16632 -25327 8663 -11560 END
START 23844 -812 17248 -25616 8344 -12292 END
START 23180 -964 18300 -25845 8183 -13059 END
START 22508 -1036 19408 -25898 8176 -13706 END
START 22172 -1016 20512 -25774 8273 -14389 END
START 22028 -976 21544 -25580 8530 -15016 END
START 22080 -1036 22392 -25225 8980 -15696 END
START 22152 -912 22540 -24766 9609 -16464 END
START 22220 -768 23024 -24435 10330 -17228 END
START 22348 -776 23180 -24047 11263 -18050 END
START 22216 -628 23580 -23764 12197 -18958 END
START 21696 -700 23772 -23430 13002 -19812 END
START 21344 -592 23984 -23126 13860 -20642 END
START 20988 -624 24236 -22827 14539 -21542 END
START 20720 -604 24320 -22499 15128 -22467 END
START 20200 -664 24640 -22242 15443 -23447 END
START 19928 -600 24888 -21986 15516 -24460 END
START 19320 -756 25412 -21739 15397 -25522 END
START 18816 -988 25740 -21466 15013 -26720 END
START 18248 -1244 26392 -21210 14373 -27969 END
START 17420 -1392 27012 -20897 13587 -29256 END
START 16644 -1564 27660 -20553 12662 -30516 END
START 15436 -1700 28168 -20103 11325 -31711 END
START 14780 -1680 28432 -19674 10216 -32768 END
START 14096 -1712 28688 -19235 9149 -32768 END
START 13340 -1764 29172 -18793 8266 -32768 END
START 12732 -1796 29380 -18414 7454 -32768 END
START 11872 -2004 29764 -18063 6765 -32768 END
START 11136 -2508 30156 -17705 6226 -32768 END
START 10156 -3084 30480 -17337 5905 -32768 END
START 8884 -3736 31120 -16878 5605 -32768 END
START 7640 -4048 31600 -16367 5393 -32768 END
START 6292 -4068 31964 -15708 5282 -32768 END
START 5232 -3924 32208 -15243 5180 -32768 END
START 4420 -3940 32340 -14447 5207 -32768 END
START 3748 -4172 32704 -14252 5237 -32768 END
START 3376 -4396 32767 -13581 5305 -32768 END
START 3000 -4772 32767 -13126 5431 -32768 END
START 2500 -5020 32767 -12648 5459 -32768 END
START 1480 -5388 32767 -12030 5359 -32768 END
START 632 -5908 32767 -11323 5023 -32768 END
START -560 -6556 32767 -10539 4516 -32768 END
START -1696 -6904 32767 -9665 3843 -32768 END
START -3008 -7276 32767 -8698 3071 -32768 END
START -4204 -7484 32767 -7616 2334 -32768 END
START -5364 -7420 32767 -6615 1769 -32768 END
START -6332 -7592 32767 -5501 1302 -32768 END
START -7020 -7820 32767 -4367 989 -32768 END
START -7796 -8124 32767 -3230 839 -32768 END
START -8384 -8264 32767 -2064 779 -32768 END
START -9020 -8388 32767 -929 695 -32768 END
START -9760 -8484 32767 245 620 -32768 END
START -10320 -8504 32767 1327 577 -32768 END
START -10796 -8724 32767 2548 433 -32768 END
START -10808 -8808 32767 3662 395 -32768 END
START -10876 -8916 32767 4747 434 -32768 END
START -11100 -9168 32767 5808 449 -32768 END
START -11084 -9324 32767 6819 401 -32768 END
START -11544 -9448 32767 7874 198 -32768 END
START -12208 -9232 32767 8846 -34 -32768 END
START -12780 -9252 32767 9859 -302 -32613 END
START -13204 -9140 32767 10965 -465 -31607 END
START -13476 -9080 32767 12168 -449 -30493 END
START -13896 -9160 32767 13385 -354 -29345 END
START -14280 -9152 32767 14677 -137 -28079 END
START -14632 -8956 32767 15950 133 -26840 END
START -14804 -8652 32767 17214 502 -25485 END
START -14648 -8536 32767 18491 1056 -24141 END
START -14280 -8412 32767 19650 1698 -22834 END
START -13788 -8340 32767 20757 2335 -21516 END
START -13660 -8352 32767 21830 2913 -20289 END
START -13460 -8236 32767 22823 3343 -19156 END
START -13172 -8056 32767 23720 3673 -18046 END
START -12844 -8004 32732 24630 4006 -16954 END
START -12080 -7860 32176 25440 4462 -15900 END
START -11468 -7592 31520 26256 4975 -14887 END
START -11004 -7508 31000 27005 5521 -13996 END
START -10628 -7476 30524 27751 6047 -13140 END
START -10640 -7284 30064 28469 6393 -12390 END
START -10996 -7168 30024 29219 6506 -11554 END
START -11044 -7080 29736 30009 6549 -10678 END
START -11044 -6968 29724 30873 6575 -9783 END
START -10796 -6828 29184 31787 6621 -8898 END
START -10416 -7060 28796 32767 6815 -7944 END
START -10128 -7020 28184 32767 7003 -7110 END
START -9644 -7128 27664 32767 7255 -6227 END
START -9164 -6988 27136 32767 7459 -5465 END
START -8580 -6976 26292 32767 7706 -4762 END
START -8324 -6984 25692 32767 7989 -4040 END
START -7876 -7032 24752 32767 8242 -3417 END
START -7500 -6840 23932 32767 8481 -2811 END
START -7324 -6896 23164 32767 8618 -2218 END
START -7092 -6980 22224 32767 8708 -1603 END
START -6964 -6944 21324 32767 8776 -969 END
START -6940 -6752 20292 32767 8719 -359 END
START -6944 -6464 19460 32767 8613 304 END
START -6960 -6248 18908 32767 8185 972 END
START -7016 -5936 17860 32767 7652 1647 END
START -6824 -5656 17028 32767 6987 2354 END
START -6540 -5520 16272 32767 6332 3068 END
START -6040 -5280 15120 32767 5753 3756 END
START -5600 -5012 14236 32767 5060 4360 END
START -5336 -4440 13104 32767 4468 4913 END
START -4792 -3676 12028 32767 3834 5339 END
START -4384 -3568 11060 32767 3148 5732 END
START -3672 -3408 10144 32767 2566 6089 END
START -3444 -3356 8720 32767 2088 6416 END
START -3072 -3112 7248 32767 1829 6757 END
START -2476 -2744 5788 32767 1812 7099 END
START -2280 -2468 4340 32767 2033 7524 END
START -1904 -1912 2376 32767 2348 7921 END
START -1544 -1500 976 32767 2934 8290 END
START -1364 -952 -680 32767 3424 8667 END
START -1248 -148 -2348 32767 4106 8961 END
START -940 204 -3836 32767 4737 9239 END
START -816 304 -4932 32767 5243 9451 END
START -732 584 -6028 31118 5752 9698 END
START -640 676 -6776 29136 6261 9881 END
START -444 980 -7568 27146 6714 10118 END
START -440 1428 -8412 25069 7272 10418 END
START -112 1792 -9316 22944 7885 10708 END
START 148 2184 -9860 20918 8550 11001 END
START 320 2476 -10248 18760 9266 11313 END
START 672 2744 -10480 16581 9978 11634 END
START 876 3016 -10416 14506 10643 11872 END
START 1356 3256 -10296 12437 11275 12152 END
START 2180 3080 -10240 10412 11866 12304 END
START 2940 2844 -9940 8268 12600 12700 END
START 3320 3592 -9300 6313 13115 12829 END
START 4780 4260 -8716 4459 14223 12713 END
START 6892 4292 -8304 2829 15372 12587 END
START 8904 4332 -7720 1281 16718 12450 END
START 10212 4280 -6568 -129 17865 11730 END
START 11452 4016 -5392 -1416 18899 10990 END