START -32296 3440 11624 10666 1904 -4921 END
START -27652 -4496 9220 9742 328 1384 END
START -26916 -4796 7684 8788 -412 7583 END
START -27068 -4584 8300 7991 -1805 12909 END
START -23868 -3620 6732 6731 -1576 16912 END
START -20612 -3984 5400 7461 -2618 20502 END
START -18432 -3660 4036 6977 -3634 24408 END
START -15200 -3284 2020 5717 -4012 28266 END
START -9416 -2932 -792 3242 -3552 30780 END
START -6924 -3124 -2124 86 -3700 32561 END
START -4540 -3876 -872 -3262 -3502 32767 END
START -2708 -4156 -2168 -5503 -2718 32704 END
START -328 -4872 -2220 -7749 -1990 32675 END
START 2420 -5520 -2588 -10479 -2335 32461 END
START 4268 -5412 -3204 -13606 -2449 32591 END
START 8912 -5748 -2176 -17173 -1133 31730 END
START 13200 -6056 16 -20720 708 29738 END
START 15360 -5228 2420 -23260 1774 26620 END
START 20152 -4636 5840 -25010 2628 22360 END
START 23180 -3868 8056 -25609 3254 16775 END
START 24088 -3516 8704 -26861 4193 11555 END
START 25116 -4104 11580 -28987 5797 7417 END
START 26532 -4536 16100 -30250 8696 3229 END
START 27516 -5308 19308 -29721 10902 -2729 END
START 24736 -6324 21724 -27750 9494 -8902 END
START 24952 -6868 24140 -25113 7771 -14269 END
START 24988 -7596 23452 -23791 10598 -20299 END
START 19988 -9268 23540 -23838 13334 -24873 END
START 16620 -9848 24668 -23645 13853 -27861 END
START 14232 -10640 27296 -21999 12359 -31426 END
START 11428 -11656 29508 -19809 8487 -32768 END
START 7064 -13212 32767 -17016 4531 -32768 END
START 4624 -13904 32767 -14136 5265 -32768 END
START -600 -15756 32767 -11006 8006 -32768 END
START -3712 -17304 32767 -7040 10554 -32768 END
START -7568 -18476 32767 -1365 12566 -32768 END
START -11260 -19136 32767 5812 12125 -31157 END
START -12616 -19296 32767 12396 11657 -28072 END
START -14508 -18912 32767 17345 13362 -24302 END
START -15684 -18972 32044 20958 15139 -20179 END
START -17004 -19060 27368 23286 16370 -16032 END
START -19620 -19364 23696 24897 15363 -11085 END
START -20132 -19404 21104 25854 14467 -5907 END
START -21420 -19268 18852 25580 15131 -765 END
START -22320 -19004 17136 25476 15353 5557 END
START -22532 -17696 14620 25355 15290 12065 END
START -22788 -16944 12720 25507 13620 18583 END
START -20664 -15516 8916 24973 11967 25145 END
START -18140 -13888 5664 23471 11262 31752 END
START -13652 -12756 2740 21603 11206 32767 END
START -6696 -10768 -2156 19077 14778 32767 END
START 1620 -7756 -9132 13605 19588 32767 END
START 8808 -2092 -14340 3421 17143 32767 END
START 8280 788 -8752 -4015 2113 30701 END