START 9076 6448 -3780 9669 7833 -4038 END
START -5860 5296 4928 6317 2552 -4754 END
START -6724 4692 4468 4385 4574 -4701 END
START -6688 4704 5020 2553 5202 -3199 END
START -6420 4716 5320 1850 6039 -2144 END
START -5848 4040 4984 1064 6062 -699 END
START -8352 4440 5776 161 6998 1530 END
START -10060 4412 6076 -843 7310 4490 END
START -10332 4708 5528 -1632 6913 7979 END
START -9660 4080 6320 -3144 6398 10992 END
START -7416 3720 6624 -4191 6291 12866 END
START -5996 3132 6332 -4926 5695 13975 END
START -7388 2348 5340 -5233 3999 15931 END
START -7696 1892 3784 -6534 773 18848 END
START -7388 440 3060 -8282 -2648 23154 END
START -1384 -716 2284 -10421 -6014 27446 END
START 4324 -1984 1832 -13088 -5345 28323 END
START 7868 -2568 776 -15730 -4958 28553 END
START 11952 -2892 1216 -18669 -5319 27611 END
START 13920 -3596 1352 -22270 -4983 26926 END
START 17192 -4068 2824 -25522 -4801 26472 END
START 18640 -5400 5172 -28265 -3779 26306 END
START 26764 -5888 9696 -29583 -3405 24516 END
START 32767 -3960 11532 -29479 531 17904 END
START 32767 -3832 14472 -29175 4471 9718 END
START 29528 -3440 13728 -28805 6594 1038 END
START 24800 -4872 16040 -29266 6282 -4230 END
START 21984 -5620 19044 -29153 5952 -8792 END
START 17868 -6696 21848 -28711 7730 -12476 END
START 17516 -7108 26804 -27496 9622 -15978 END
START 14684 -7416 29900 -25181 12572 -22140 END
START 10780 -8216 32028 -21570 13221 -25872 END
START 5156 -8168 32767 -19216 14218 -26839 END
START 1540 -6436 32767 -16287 14189 -26165 END
START 524 -4220 32767 -12578 12962 -26451 END
START 740 -2600 32767 -8564 10036 -27929 END
START 948 -2404 32767 -5263 8260 -30943 END
START -2088 -2496 32767 -2077 6412 -32768 END
START -4420 -3896 32767 654 5556 -32768 END
START -9808 -6092 32767 4385 3835 -32768 END
START -11340 -7808 32767 8610 3865 -29272 END
START -15048 -8776 32767 13365 3866 -24380 END
START -14472 -9040 32767 17537 4642 -20123 END
START -15244 -9564 32332 20601 7231 -16593 END
START -19228 -10316 30304 23528 8380 -11276 END
START -20592 -10204 28036 26537 8577 -4124 END
START -20336 -10768 26348 29159 7276 2380 END
START -17996 -10912 23224 32337 6065 8006 END
START -16160 -10964 19028 32767 5273 12605 END
START -13648 -10652 14000 32767 5418 16378 END
START -12692 -9956 9244 32767 6009 19770 END
START -11680 -9368 5344 31395 6735 23481 END
START -8500 -8808 3544 28086 4736 26629 END
START -7120 -8204 3236 26013 2537 27604 END
START -4216 -8260 2800 24923 -3369 28100 END
START 6180 -6760 3984 24677 -4584 24185 END
START 7376 -5304 -3136 22157 3199 21016 END
START 17340 -1464 -8008 13509 17021 19724 END
START 20820 1040 -5752 5488 28378 15885 END
START 20188 2168 -4032 2223 24786 12027 END
START 18232 1220 2656 1704 12214 9420 END