START -14596 5220 11296 6422 3052 -2679 END
START -16368 -1264 6532 6343 589 2147 END
START -24008 -3300 11188 6288 -2036 7720 END
START -18232 -3860 8700 5988 -2513 12890 END
START -17612 -4484 9048 6273 -2912 16901 END
START -16540 -4516 8152 6510 -3443 20011 END
START -14044 -4588 5880 6445 -4423 23013 END
START -12120 -4240 3872 5478 -4609 25598 END
START -10068 -4328 1884 3518 -3877 27711 END
START -8464 -4520 328 812 -3659 29973 END
START -5940 -4852 -904 -1662 -4029 31648 END
START -3724 -5264 -1712 -4667 -5038 32767 END
START 944 -5796 -2272 -8115 -4931 32767 END
START 3776 -5808 -1832 -11344 -3594 32389 END
START 7032 -6128 -1868 -14878 -3238 30752 END
START 8432 -7208 88 -18318 -3487 29916 END
START 12928 -7420 2404 -20698 -3648 30075 END
START 18796 -6608 5228 -22855 -1918 27211 END
START 24836 -5584 7844 -24448 99 22205 END
START 29912 -4372 10560 -26015 2354 16206 END
START 31308 -4112 13792 -26487 6224 8886 END
START 29504 -4316 14740 -26335 9220 2911 END
START 28572 -4480 15708 -27110 11142 -1715 END
START 30664 -4912 18124 -27298 13461 -7422 END
START 29320 -5828 19004 -26884 15414 -14982 END
START 24612 -8064 20612 -26113 13624 -21865 END
START 21324 -9452 22840 -24922 11303 -27181 END
START 18800 -10720 24796 -24576 11765 -31282 END
START 17836 -12004 27500 -24516 14647 -32768 END
START 13696 -13908 30728 -23636 16115 -32768 END
START 7160 -15552 32767 -19987 12484 -32768 END
START 3612 -17544 32767 -14533 8257 -32768 END
START 1172 -17904 32767 -9166 8425 -32768 END
START -4056 -18300 32767 -4605 12240 -32768 END
START -8192 -18264 32767 2193 9932 -32768 END
START -8856 -18972 32767 7631 7768 -32768 END
START -8440 -21496 32767 11472 7478 -32768 END
START -12128 -22948 32767 14205 10098 -31442 END
START -15288 -23856 32767 16699 13868 -25553 END
START -17332 -23160 31116 17897 19718 -18538 END
START -19536 -22820 28616 20436 22348 -11878 END
START -21372 -21856 25132 24719 19024 -6025 END
START -21444 -20516 20068 28245 14507 -944 END
START -20432 -18960 14956 29033 12283 3978 END
START -20272 -18040 11644 27365 13021 9290 END
START -21280 -17384 10664 25057 14070 15845 END
START -20812 -17852 10288 23974 13663 23304 END
START -18492 -17368 8020 23540 11991 30076 END
START -14212 -16384 4816 22574 10323 32767 END
START -9844 -14684 676 19552 10146 32767 END
START -6592 -12876 -2748 15432 10890 32767 END
START -3656 -11060 -6180 9290 11446 32767 END
START 1020 -9512 -7184 1637 11124 32767 END