START 3372 7912 -3432 11623 6123 -4511 END
START -12420 3728 668 7981 1846 -2172 END
START -16040 1996 2620 6850 -835 2722 END
START -18096 1828 5772 4722 -787 6547 END
START -11532 372 4768 2897 3950 8367 END
START -11212 216 3524 2281 6823 9842 END
START -13236 56 3208 1088 6348 10559 END
START -13384 -236 888 -200 4213 13440 END
START -11632 620 -1444 -2506 2361 17535 END
START -8208 720 -3080 -6104 1075 20843 END
START -6424 1164 -4048 -10502 1182 23441 END
START -4444 340 -3936 -16384 2795 25863 END
START 16 -604 -1884 -20930 4024 26863 END
START 1412 -1372 -104 -23882 4346 26784 END
START 3716 -2320 3020 -25885 1242 27007 END
START 9184 -2516 4380 -27345 403 25674 END
START 11988 -3588 6652 -29963 2077 24154 END
START 15676 -4968 11064 -30963 2913 22752 END
START 22388 -4284 14048 -31124 4158 18391 END
START 23628 -4356 16512 -31119 3921 12548 END
START 23868 -3948 19044 -31045 2411 7221 END
START 25088 -3420 21860 -30288 3156 2157 END
START 23212 -3020 23904 -28991 5012 -3444 END
START 18436 -3128 24068 -26631 5938 -7886 END
START 15880 -4016 24676 -24842 6422 -11832 END
START 12592 -4036 25608 -22882 6133 -16352 END
START 11416 -3836 27080 -20422 5310 -20981 END
START 8464 -4224 29036 -18801 5700 -24696 END
START 7000 -4112 31772 -16652 6566 -26771 END
START 4748 -3404 32767 -13312 7586 -29267 END
START -13024 -16860 32767 23556 9984 -14291 END
START 4260 3748 9408 -11161 3720 -32429 END
START -1488 6460 29436 -9838 -3161 -32768 END
START -3536 200 32767 1438 -1429 -32768 END
START -8376 -5464 32232 6968 7068 -32768 END
START -16952 -7716 27548 4466 13024 -32768 END
START -21848 -7536 30824 6004 10744 -28486 END
START -15708 -6832 30640 12616 4864 -24704 END
START -13140 -7028 27584 15920 3988 -26034 END
START -19292 -7224 26384 17471 4550 -24595 END
START -22528 -7264 25208 17986 6633 -18785 END
START -24268 -7292 23860 18272 10751 -11326 END
START -24576 -8040 23128 19557 11011 -5258 END
START -24596 -9384 22996 21692 8843 -526 END
START -25336 -11228 22600 23967 6998 4228 END
START -25900 -12176 20048 25863 6806 10027 END
START -26168 -13452 17020 26718 7676 17738 END
START -23684 -12500 11324 25944 7841 26277 END
START -17384 -12064 6508 23306 7113 32767 END
START -11056 -10036 1640 19146 4276 32767 END
START -3748 -8296 -772 13670 3001 32767 END
START 1108 -6312 -2628 8061 4328 32767 END
START 3312 -5100 -1620 2591 4445 32767 END
START 6068 -3572 508 -1430 4564 32767 END