START -23256 5304 8252 6839 6971 -5978 END
START -14232 460 2728 7610 4219 -977 END
START -21312 -1284 6272 7189 -601 4859 END
START -26972 -1316 7960 5738 -1398 11792 END
START -22740 -2780 8016 4802 -3032 19022 END
START -19208 -3668 9412 3972 -2376 25286 END
START -16540 -3680 9548 4636 -2461 30532 END
START -12964 -4748 9040 6437 -3993 32767 END
START -10156 -5248 5488 8462 -6757 32767 END
START -6508 -4852 1204 7977 -8287 32767 END
START -2520 -5164 -3420 4237 -7032 32767 END
START -920 -5080 -6200 -2809 -3493 32767 END
START 8096 -4956 -8568 -11708 1473 32767 END
START 11948 -3756 -6664 -21363 10930 32767 END
START 13936 -3956 1804 -24166 14820 32767 END
START 10152 -5452 3636 -21442 9482 32767 END
START 9524 -5956 2296 -19289 -108 31708 END
START 13916 -5984 -64 -19917 -4408 29167 END
START 16644 -6444 444 -22451 -3645 26426 END
START 18592 -7032 1484 -24830 -622 23106 END
START 20172 -7796 2636 -28575 3654 19971 END
START 22420 -8736 6880 -32240 8788 16705 END
START 27300 -8580 11872 -32768 14152 11492 END
START 28716 -8768 14112 -32768 20501 3429 END
START 28968 -10128 16304 -32768 23875 -5050 END
START 27308 -11636 20304 -32768 23709 -12953 END
START 27452 -13276 23184 -31693 26427 -20058 END
START 24952 -14848 25036 -30441 31155 -25938 END
START 22640 -15964 28020 -29212 32767 -31897 END
START 19340 -16580 30908 -26965 32767 -32768 END
START 15316 -17500 32196 -25084 32767 -32768 END
START 7648 -21776 32767 -21046 32767 -32768 END
START -5608 -25488 32767 -11870 32767 -32768 END
START -15376 -29920 32767 -355 29217 -32768 END
START -22824 -32768 32767 11107 19429 -32768 END
START -32768 -32768 32767 21722 12221 -32768 END
START -32768 -32768 32767 28144 12107 -32768 END
START -32768 -32768 31392 30320 16008 -28261 END
START -32768 -32768 28236 32767 15527 -16261 END
START -32768 -30652 22168 32767 12975 -4634 END
START -28640 -28020 15520 32767 11530 2304 END
START -24348 -26544 10112 32767 10159 6133 END
START -23244 -25068 7156 32767 8765 9805 END
START -21488 -23216 5464 32767 9153 15020 END
START -19524 -22232 5096 30898 10209 20863 END
START -16776 -21564 4284 28663 11735 27260 END
START -13996 -20212 3056 26794 12656 32767 END
START -9688 -18964 264 24574 12169 32767 END
START -6172 -16332 -3372 21547 10954 32767 END
START -3492 -13360 -6768 16766 7064 32767 END
START -460 -10208 -10304 10002 4221 32767 END
START 2316 -8160 -10368 311 5077 32767 END
START 7452 -7932 -9260 -11164 10037 32767 END