START -18692 14804 16972 4094 5736 6647 END
START -10572 3924 16968 7441 2775 7261 END
START -7904 3396 13576 9576 196 8267 END
START -9600 2420 12260 11385 -1983 7606 END
START -12780 624 9928 13064 -1662 7612 END
START -16340 -680 6424 13577 -1522 8398 END
START -18500 -2136 1288 12131 -1082 11874 END
START -19160 -2540 -2312 8418 -706 17440 END
START -16608 -2900 -4856 3536 1074 23125 END
START -12952 -3196 -6344 -2167 2181 27686 END
START -7832 -3716 -5704 -7492 2926 30593 END
START -1120 -3652 -4144 -11707 5228 30377 END
START 1584 -3524 -2640 -14231 7056 28167 END
START 1320 -3812 -1796 -15432 4526 26611 END
START 2984 -4016 -1708 -16366 1610 25918 END
START 5060 -4728 -3200 -18726 1210 25543 END
START 4528 -5824 -3896 -22686 478 25680 END
START 7852 -7208 -2064 -26926 -2148 28105 END
START 18928 -7380 1480 -31771 568 27302 END
START 23752 -8400 5232 -32768 8687 22606 END
START 23856 -9428 10440 -32768 11496 18774 END
START 27444 -10696 17428 -32768 13190 13264 END
START 26584 -11524 22360 -32768 13779 6106 END
START 23800 -11984 25672 -32768 11706 1125 END
START 27812 -11076 29596 -31906 13493 -3940 END
START 27388 -9692 28192 -28663 18739 -12317 END
START 21448 -10772 26076 -27456 20243 -19321 END
START 17736 -11544 27280 -26079 18983 -24707 END
START 14884 -13292 30180 -23870 18640 -29905 END
START 11752 -14848 32767 -20138 16747 -32768 END
START 8816 -17948 32767 -15020 13295 -32768 END
START 800 -20004 32767 -9539 10563 -32768 END
START -9404 -20616 32767 -4878 8433 -32768 END
START -16412 -20420 32767 -475 7356 -32768 END
START -15612 -17292 32767 3040 9392 -31578 END
START -12256 -14336 32767 5593 15684 -26080 END
START -12496 -13292 32767 9008 17910 -24375 END
START -14768 -13876 32767 14820 13251 -23866 END
START -16236 -14436 32767 21453 6605 -23250 END
START -15440 -14728 29996 25488 5691 -21794 END
START -16856 -15508 25844 25821 9943 -19149 END
START -20332 -16752 24016 24695 14602 -14567 END
START -23148 -18228 23904 25312 16423 -8646 END
START -24132 -18592 22732 27902 15268 -3549 END
START -24424 -18168 20308 30629 12276 852 END
START -22688 -16976 15972 31708 10067 4743 END
START -20804 -15220 12684 29863 10888 8044 END
START -20464 -14408 11556 27389 13143 12381 END
START -18652 -13812 10836 26360 13747 16885 END
START -14608 -12784 7876 25747 13570 20349 END
START -11796 -11724 3924 24415 13007 22436 END
START -9408 -10684 180 21861 10318 24244 END
START -7252 -9344 -2976 18450 9001 26257 END
START -3420 -7424 -6592 13696 10044 27868 END
START -1764 -6212 -8940 7731 10447 29113 END
START 780 -4244 -9568 2618 8374 30490 END
START 4328 -2808 -8396 -1266 5110 31573 END