START -11596 5524 17932 7639 2615 -1589 END
START -11028 2444 6808 9932 4019 -481 END
START -7992 8124 12488 7822 2614 283 END
START -16896 3912 19980 9499 2965 1253 END
START -11784 4804 13372 9315 2499 2224 END
START -14696 4228 16516 9493 1816 3144 END
START -13416 3924 14368 9580 2079 4031 END
START -12564 3700 13208 9676 1870 4922 END
START -14104 3252 15076 9766 2237 5868 END
START -12464 3252 12852 9856 1637 6837 END
START -14444 2584 15076 10023 1740 7758 END
START -11996 2556 12312 10217 1394 8757 END
START -13784 1888 14300 10465 1480 9686 END
START -12120 1888 12100 10668 1229 10639 END
START -13508 1564 13112 10882 1129 11621 END
START -13220 1560 12592 11102 831 12713 END
START -12600 1500 11620 11228 577 13430 END
START -12744 1304 11360 11375 280 14480 END
START -12856 1160 10764 11435 83 15414 END
START -12536 1256 9836 11470 -115 16332 END
START -13088 1112 10044 11433 -287 17258 END
START -12356 1128 8668 11370 -332 18260 END
START -13016 920 9112 11255 -467 19206 END
START -12020 808 7768 11147 -336 20191 END
START -12700 476 8164 11000 -393 21186 END
START -11640 292 7048 10886 -259 22150 END
START -11868 136 7068 10693 -277 23104 END
START -11696 20 6964 10516 -159 24101 END
START -10936 -112 5744 10266 -167 25033 END
START -10676 -352 5492 10054 -204 25929 END
START -10040 -428 4764 9743 -217 26796 END
START -9628 -684 4020 9436 -328 27624 END
START -8948 -820 3636 9044 -347 28417 END
START -8416 -988 2864 8636 -469 29131 END
START -7892 -1144 2308 8181 -438 29834 END
START -7168 -1196 1268 7662 -391 30573 END
START -6620 -1416 840 7048 -243 31262 END
START -5964 -1496 -72 6372 20 31903 END
START -5600 -1752 -576 5616 349 32569 END
START -4908 -1912 -1560 4790 758 32767 END
START -4708 -1940 -1820 3918 1192 32767 END
START -4640 -1992 -1996 2966 1599 32767 END
START -4180 -2036 -2444 2030 1891 32767 END
START -3848 -2124 -2608 1061 2082 32767 END
START -3456 -2032 -2776 124 2078 32767 END
START -2808 -2112 -3236 -823 2106 32767 END
START -1804 -2300 -3928 -1788 2067 32767 END
START -588 -2464 -4420 -2919 2126 32767 END
START 744 -2512 -5016 -4168 2250 32767 END
START 2228 -2656 -5584 -5478 2519 32767 END
START 3544 -2624 -6004 -6964 3018 32767 END
START 4896 -2712 -6308 -8553 3705 32767 END
START 5980 -2648 -6100 -10149 4483 32767 END
START 6992 -2608 -5824 -11694 5239 32767 END
START 7960 -2592 -5180 -13229 6007 32767 END
START 8940 -2612 -4460 -14763 6751 32767 END
START 9988 -2528 -3596 -15735 7495 32767 END
START 11012 -2360 -2700 -16796 8147 32767 END
START 12004 -2216 -1672 -17580 8644 32767 END
START 13296 -2104 -800 -18227 8969 32767 END
START 14580 -1888 -480 -18716 9194 32136 END
START 15736 -1472 -288 -19058 9417 30811 END
START 16636 -1472 152 -19481 9596 29289 END
START 17296 -1360 308 -19932 9674 27674 END
START 17524 -1032 804 -20501 9588 26041 END
START 17368 -636 1084 -21053 9357 24494 END
START 16844 -336 1432 -21504 9090 23149 END
START 16312 -212 1796 -21892 8734 21973 END
START 15512 -360 2140 -22251 8249 21052 END
START 14760 -308 2408 -22512 7644 20215 END
START 14244 -416 2524 -22738 7009 19565 END
START 13776 -464 2864 -22989 6362 18973 END
START 13436 -328 3072 -23212 5696 18466 END
START 13056 -364 3200 -23465 5099 18056 END
START 13120 -408 3172 -23719 4577 17673 END
START 13044 -408 3332 -24077 4241 17373 END
START 13188 -592 3552 -24500 4040 17050 END
START 13604 -592 3972 -24905 3947 16760 END
START 14472 -872 3952 -25360 4086 16473 END
START 15100 -1128 4396 -25694 4511 16150 END
START 15340 -1060 5188 -26119 5003 15708 END
START 15688 -1036 5572 -26470 5352 15337 END
START 16460 -908 6012 -26819 5757 14985 END
START 17356 -1040 6252 -27256 6240 14559 END
START 18304 -1084 6840 -27655 6856 14079 END
START 19416 -1020 7600 -28069 7385 13521 END
START 20668 -1064 8216 -28496 7986 12534 END
START 21944 -1192 9216 -28842 8553 11943 END
START 23304 -1136 10112 -29114 9112 10772 END
START 24564 -1152 11096 -29288 9591 9497 END
START 25624 -1204 12020 -29310 10051 8058 END
START 26236 -1312 12996 -29223 10315 6555 END
START 26628 -1404 13788 -28978 10422 4897 END
START 26832 -1480 14320 -28642 10232 3249 END
START 26732 -1380 15124 -28369 9897 1628 END
START 26608 -1292 15108 -28074 9444 44 END
START 26176 -1188 15588 -27911 8908 -1473 END
START 25992 -1164 15624 -27840 8423 -2937 END
START 25512 -1072 16220 -27890 7904 -4292 END
START 25176 -940 16620 -28005 7495 -5594 END
START 25036 -892 17212 -28224 7274 -6762 END
START 24768 -1112 18252 -28404 7165 -7890 END
START 24496 -1220 19020 -28530 7231 -8965 END
START 24304 -1284 20184 -28508 7426 -9941 END
START 24064 -1428 21104 -28375 7790 -10936 END
START 23808 -1572 22020 -28065 8239 -11911 END
START 23476 -1896 22948 -27649 8775 -12859 END
START 22932 -1928 23876 -27129 9231 -13775 END
START 22340 -2028 24796 -26660 9581 -14541 END
START 22008 -1992 25560 -26156 9667 -15389 END
START 21452 -1824 26500 -25546 9597 -16153 END
START 21288 -1856 27492 -24935 9309 -16951 END
START 21228 -1592 28340 -24308 8879 -17867 END
START 21388 -1700 29092 -23593 8424 -18785 END
START 21476 -1680 29640 -22855 7923 -19888 END
START 21864 -1860 29880 -22032 7325 -21105 END
START 21956 -1880 30348 -21208 6795 -22400 END
START 21816 -1880 30488 -20426 6171 -23758 END
START 21508 -1768 30572 -19735 5619 -25041 END
START 20964 -1836 30888 -19149 5005 -26414 END
START 20340 -1968 30992 -18546 4450 -27615 END
START 19704 -2200 31256 -18004 3898 -28687 END
START 18708 -2300 31456 -17446 3353 -29706 END
START 18096 -2612 31884 -16894 2876 -30659 END
START 17664 -2744 32148 -16333 2472 -31577 END
START 17176 -2948 32032 -15728 2200 -32474 END
START 17184 -3160 32184 -15197 2014 -32768 END
START 16568 -3384 32292 -14550 1952 -32768 END
START 16012 -3544 32408 -14400 1899 -32768 END
START 15300 -3884 32504 -13774 1815 -32768 END
START 14484 -4156 32767 -13318 1663 -32768 END
START 13596 -4620 32767 -12919 1593 -32768 END
START 12432 -4644 32767 -12517 1524 -32768 END
START 11432 -4900 32767 -12097 1475 -32768 END
START 10440 -5000 32767 -11674 1524 -32768 END
START 9348 -5208 32767 -11241 1701 -32768 END
START 8400 -5500 32767 -10740 1893 -32768 END
START 7168 -5864 32767 -10309 1951 -32768 END
START 6152 -6168 32767 -9766 2108 -32768 END
START 4988 -6420 32767 -9230 2187 -32768 END
START 4052 -6868 32767 -8634 2340 -32768 END
START 2908 -7168 32767 -7918 2328 -32768 END
START 1688 -7572 32767 -7112 2295 -32768 END
START 512 -7820 32767 -6243 2140 -32768 END
START -784 -8032 32767 -5340 1976 -32768 END
START -1856 -8080 32767 -4452 1816 -32768 END
START -2684 -8092 32767 -3482 1718 -32768 END
START -3272 -8188 32767 -2644 1801 -32768 END
START -3644 -8396 32767 -1789 2094 -32768 END
START -4168 -8464 32767 -992 2456 -32768 END
START -4688 -8684 32767 -237 2851 -32768 END
START -5488 -8956 32767 545 3145 -32768 END
START -6564 -9136 32767 1307 3267 -32768 END
START -7640 -9328 32767 2183 3337 -32768 END
START -8728 -9508 32767 3113 3245 -32768 END
START -9872 -9436 32767 4226 3235 -32768 END
START -10896 -9456 32767 5346 3186 -32768 END
START -11632 -9524 32767 6657 3180 -32768 END
START -12308 -9828 32767 8050 3108 -32768 END
START -13032 -10024 32767 9420 3005 -32768 END
START -13680 -10204 32767 10838 2786 -32405 END
START -14228 -10416 32767 12420 2401 -31160 END
START -14700 -10340 32767 13897 1982 -29890 END
START -15024 -10336 32767 15328 1493 -28680 END
START -15300 -10088 32767 16836 1094 -27385 END
START -15444 -10124 32767 18257 690 -26114 END
START -15576 -10196 32767 19703 330 -24871 END
START -15404 -10176 32767 21080 74 -23570 END
START -15356 -10104 32767 22401 -37 -22401 END
START -15120 -9976 32767 23605 -50 -21216 END
START -14860 -9932 32767 24798 23 -20044 END
START -14808 -9884 32767 25807 206 -18930 END
START -14704 -9820 32767 26800 436 -17739 END
START -14596 -9764 32767 27656 815 -16561 END
START -14596 -9624 32224 28498 1306 -15341 END
START -14544 -9404 31528 29310 1861 -14104 END
START -14544 -9516 30900 30063 2402 -12811 END
START -14544 -9536 30220 30871 3021 -11579 END
START -14528 -9436 29344 31705 3614 -10310 END
START -14464 -9284 28432 32530 4239 -9048 END
START -14584 -9196 27500 32767 4812 -7808 END
START -14628 -9164 26568 32767 5277 -6542 END
START -14600 -9180 25340 32767 5690 -5138 END
START -14568 -9088 24392 32767 6010 -3783 END