START -16208 8260 3424 3329 1695 3309 END
START -11224 3184 1216 2485 -1112 7556 END
START -14104 480 4744 2098 -2135 11276 END
START -15148 824 5156 624 -1679 15564 END
START -17744 80 9012 -1064 157 18528 END
START -14380 764 4580 -876 80 21543 END
START -16272 1380 4768 -1741 -874 24422 END
START -15180 -324 4752 -1682 -3374 27814 END
START -11392 -780 2992 -3052 -4668 30917 END
START -9200 -1676 2108 -4819 -4764 32487 END
START -6604 -3380 1048 -7750 -5390 32767 END
START -4680 -5260 1076 -10962 -6477 32767 END
START 4136 -5896 2312 -14711 -5718 32767 END
START 14668 -5844 4316 -19227 813 32767 END
START 20048 -5408 6996 -22447 8443 32767 END
START 18800 -5692 7832 -23201 12359 24921 END
START 13264 -7040 6124 -23270 9684 19470 END
START 12004 -7860 6808 -24422 4337 17752 END
START 14804 -7828 8032 -25981 3318 16345 END
START 17572 -7648 9300 -28011 6267 14338 END
START 20560 -7548 12060 -30239 9991 11700 END
START 23744 -6892 14404 -31344 15046 7296 END
START 23172 -7240 15840 -31482 15645 1752 END
START 22472 -8100 18504 -30720 12853 -3742 END
START 22820 -8956 21796 -29171 11008 -8801 END
START 22860 -9472 24080 -28250 12837 -13801 END
START 22088 -10688 26280 -26819 17371 -18699 END
START 20120 -11748 27796 -25242 20393 -24774 END
START 16768 -14196 30304 -23255 20561 -30852 END
START 12936 -15632 32767 -20392 20408 -32768 END
START 8508 -17100 32767 -16024 17762 -32768 END
START 4384 -19856 32767 -11456 16632 -32768 END
START -812 -21272 32767 -6616 16833 -32768 END
START -5732 -22704 32767 -2407 18296 -32768 END
START -11460 -24068 32767 3107 16882 -32768 END
START -14440 -24204 32767 9491 15996 -32768 END
START -17316 -23380 32767 15776 17485 -32768 END
START -20080 -23012 32767 20700 18455 -27104 END
START -22304 -22872 32767 25589 17568 -20201 END
START -22120 -22540 29224 29734 15036 -13711 END
START -22524 -22060 24404 32512 13049 -8345 END
START -23308 -21060 20512 32767 10978 -3191 END
START -23560 -20092 17052 32767 9386 2204 END
START -23024 -18852 14432 32767 8686 8264 END
START -21092 -17808 11760 32767 9467 14368 END
START -20356 -16868 9760 31165 9813 20422 END
START -18536 -15820 6988 29553 9145 26063 END
START -16820 -14636 3708 26696 9508 31842 END
START -14900 -13852 1728 23675 9838 32767 END
START -9176 -12344 -2236 19038 10138 32767 END
START -1948 -10036 -5704 12129 11544 32767 END
START 5960 -7512 -6632 5241 10666 32767 END
START 13936 -3484 -4600 531 7228 32767 END
START 16232 -1312 -532 -1207 4270 28819 END
START 14008 -544 2616 -865 1401 23032 END
START 14344 72 4748 -303 -1226 20474 END