START 14128 9912 1776 13893 12528 -2335 END
START 1812 4060 2944 13376 8169 -2827 END
START -2048 5524 4760 12010 4153 -4007 END
START -12144 5156 9324 11099 3553 -4565 END
START -11816 4304 7960 10065 4144 -4551 END
START -14152 3468 6588 9336 4655 -3218 END
START -15020 3220 5924 8989 5468 -1167 END
START -17060 2600 4140 8102 6018 1750 END
START -18664 1528 2828 7037 5552 5732 END
START -18672 1636 736 5287 4691 9697 END
START -16796 1504 -136 3019 2430 13830 END
START -15404 1024 -168 993 623 17188 END
START -14648 768 -656 -1197 -1204 21514 END
START -11828 -8 -356 -3439 -3268 25902 END
START -8344 -512 -1572 -5797 -3812 29131 END
START -4244 -1668 -1472 -8773 -4651 30716 END
START -1936 -2564 -1060 -11082 -5543 32585 END
START 480 -3828 -848 -13408 -7147 32767 END
START 5760 -4040 -1812 -16240 -7166 32767 END
START 10144 -4388 -1796 -20654 -4201 32767 END
START 14928 -4524 716 -24369 -1802 32245 END
START 16860 -4348 3280 -26002 -101 28525 END
START 19572 -3752 3624 -27140 -529 24143 END
START 21252 -3500 5868 -28318 -1287 19672 END
START 24556 -2716 7732 -29498 -1097 14978 END
START 28780 -1936 10904 -30505 995 8742 END
START 30312 -2068 12944 -31671 3720 1789 END
START 28844 -2860 15864 -32614 7155 -4797 END
START 25932 -4512 18808 -32768 10488 -10417 END
START 23480 -5884 22216 -32758 13512 -15238 END
START 20576 -7552 25596 -31189 15002 -20171 END
START 18940 -9040 30432 -28167 14372 -26288 END
START 15896 -9692 32080 -23833 13225 -32114 END
START 10440 -10000 32767 -20541 12584 -32768 END
START 5424 -10940 32767 -17780 12982 -32768 END
START -484 -11708 32767 -14292 11755 -32768 END
START -2644 -11704 32767 -9548 9661 -32768 END
START -4372 -11908 32767 -4371 9004 -32768 END
START -10056 -12304 32767 1567 7827 -32768 END
START -14116 -12792 32767 7183 6454 -32768 END
START -16164 -12960 32767 12990 6026 -32768 END
START -19152 -13640 32767 17947 7872 -30322 END
START -22480 -12720 32767 22373 9562 -25033 END
START -24536 -11608 32767 25360 10423 -17706 END
START -22160 -11980 29896 28123 11936 -10167 END
START -22352 -11840 26516 31416 13222 -2937 END
START -20512 -11388 20472 32767 12707 3274 END
START -19460 -11572 14656 32640 11881 10298 END
START -18408 -10148 8208 27287 13210 19385 END
START -11148 -8484 4032 21366 12834 24541 END
START -9044 -7300 4276 17888 14054 26428 END
START -2428 -5240 1480 14374 14639 24836 END
START -2776 -3512 -352 10657 15132 22187 END
START -1512 -2608 520 6523 17209 22296 END
START -916 -1464 300 3294 19566 22844 END
START 2904 -160 364 417 20967 21479 END
START 1780 -72 1128 -1311 19070 19573 END