START -17512 8956 11076 9676 6311 -13595 END
START -19532 -1160 11952 11222 3820 -7436 END
START -29464 -2176 15276 10485 1347 261 END
START -25700 -2596 11212 9379 289 6745 END
START -19260 -3292 5724 8223 -726 12217 END
START -18564 -4008 6016 7218 -2380 17085 END
START -17048 -4092 6428 6843 -3940 21616 END
START -14380 -4492 5652 6190 -4278 25501 END
START -12108 -4468 4488 5073 -3479 29359 END
START -9928 -4860 3548 3218 -1686 32767 END
START -6604 -4740 2460 767 -79 32767 END
START -4040 -4616 1416 -1795 1656 32767 END
START -1652 -3868 -16 -5391 3187 32767 END
START 1508 -3504 -1448 -9763 4786 32767 END
START 3476 -3584 -1520 -14387 5232 32707 END
START 5904 -2900 928 -17445 3183 30398 END
START 10640 -2376 2008 -19054 2719 26567 END
START 11320 -2528 2740 -20755 3864 22530 END
START 12424 -2916 2680 -23005 4385 19418 END
START 13888 -3840 3728 -26106 5161 17551 END
START 17432 -3824 4956 -29535 5693 15499 END
START 21572 -4748 9340 -32541 7425 11964 END
START 23948 -5456 14520 -32768 9077 7038 END
START 26420 -5940 19076 -32091 9486 883 END
START 25612 -6648 21848 -30190 10414 -5258 END
START 22800 -7080 23076 -27894 8487 -10686 END
START 22384 -7260 24040 -25356 6440 -15868 END
START 21744 -7280 24412 -23568 7795 -21585 END
START 20212 -7756 23556 -22979 11542 -26555 END
START 17960 -8952 22968 -23859 16653 -31888 END
START 11776 -10988 25580 -23284 19001 -32768 END
START 8068 -13464 31260 -19647 16042 -32768 END
START 5420 -16080 32767 -13681 12080 -32768 END
START 3336 -18332 32767 -8543 10275 -32768 END
START -2488 -20032 32767 -4729 12860 -32768 END
START -6772 -21440 32767 -1057 16969 -32768 END
START -10616 -22060 32767 2206 20456 -32768 END
START -16080 -22564 32767 7386 20919 -32768 END
START -18944 -22428 32767 14272 19453 -28620 END
START -19736 -22652 32767 20715 18900 -22110 END
START -20716 -22188 32328 26215 17114 -16931 END
START -21044 -21472 27316 29172 15211 -12388 END
START -21604 -20440 23592 29975 15243 -7719 END
START -22132 -20008 21420 30353 15593 -2618 END
START -22408 -19292 19432 31207 15137 3176 END
START -21356 -18292 17012 32631 13076 8465 END
START -19568 -17192 13508 32767 11649 13287 END
START -16280 -16072 9528 32767 10576 17033 END
START -12944 -14128 5136 32160 10908 18860 END
START -10292 -11980 760 28754 11734 19125 END
START -10776 -9876 -2036 23971 11129 18577 END
START -10680 -8892 -2632 19439 9232 19585 END