START -6520 12040 12116 2882 5641 6416 END
START -5780 2628 9172 4006 3435 8977 END
START -9600 2104 11876 4488 232 11233 END
START -12596 2740 13736 4372 1344 11791 END
START -11264 1100 12096 5891 981 11810 END
START -10192 692 7708 6015 883 12477 END
START -9680 20 4232 5443 565 13834 END
START -10972 -296 1672 4194 -322 16651 END
START -9900 -688 -972 1552 -26 20025 END
START -8372 -1604 -2112 -1359 760 23133 END
START -5268 -2112 -3800 -5374 1886 25511 END
START -2368 -2716 -4544 -10350 3153 26247 END
START -436 -3484 -4200 -14728 2570 26961 END
START 2776 -3904 -2660 -17784 1541 25984 END
START 4824 -4952 -1924 -20595 1092 24153 END
START 5068 -6324 -616 -23050 -659 23387 END
START 10188 -6844 1208 -25770 -2129 23927 END
START 17336 -6712 4340 -29578 1556 22111 END
START 21272 -6480 6928 -32303 6997 17247 END
START 21424 -6744 9768 -32768 9224 11582 END
START 22096 -6696 12188 -32768 9421 6108 END
START 23284 -7276 14492 -32768 8180 1270 END
START 25308 -7860 16984 -32768 9148 -3324 END
START 25976 -9088 20964 -32768 12669 -8377 END
START 26788 -10136 24908 -32768 14778 -14672 END
START 24764 -11544 28312 -29748 12039 -22500 END
START 22960 -12908 28920 -25474 6996 -29405 END
START 19088 -14484 29696 -23425 3710 -32768 END
START 16060 -16252 31996 -22948 4642 -32768 END
START 12440 -17804 32767 -22052 8432 -32768 END
START 9024 -18948 32767 -19414 11458 -32768 END
START 2312 -20988 32767 -15644 10635 -32768 END
START -848 -22564 32767 -11697 12153 -32768 END
START -9392 -23572 32767 -7228 15593 -32768 END
START -11204 -22896 32767 -710 16832 -29507 END
START -9160 -21544 32767 6065 18286 -25333 END
START -10588 -20508 32767 12647 17106 -23545 END
START -11164 -20304 32767 18311 14979 -21559 END
START -13280 -20108 32767 23106 15717 -18894 END
START -14088 -19296 31228 25849 17154 -13619 END
START -13348 -18016 28904 27652 19946 -8375 END
START -13372 -18108 27268 31425 19523 -5080 END
START -13888 -18160 22632 32767 16546 -2409 END
START -13188 -19080 17672 32767 15817 -490 END
START -15248 -19268 12508 32767 16775 2814 END
START -17620 -19704 7740 32767 17072 7614 END
START -18320 -19312 3900 31925 16124 13053 END
START -18852 -18636 988 28481 14100 17814 END
START -20048 -16948 -1364 25186 11328 23576 END
START -19032 -15608 -2720 21617 7838 30034 END
START -15136 -13308 -4840 17655 6155 32767 END
START -10936 -11748 -6116 13167 5282 32767 END
START -5332 -9740 -6856 7753 4661 32767 END
START 4532 -7536 -4940 2567 4269 32767 END
START 12976 -4776 -1448 -992 6168 32767 END
START 16028 -2360 1740 -2677 5578 32767 END
START 18276 -1004 3440 -3423 2691 30910 END
START 18196 -468 7280 -3166 -2811 26107 END