START -10360 7728 19276 2092 -358 -3957 END
START -10416 3440 12136 3732 272 -3380 END
START -5928 9112 14728 2640 72 -2994 END
START -12308 5564 18356 4029 1309 -2642 END
START -9052 6704 14440 4013 1262 -2254 END
START -13800 6432 19048 4342 575 -1695 END
START -12632 6880 16568 4480 241 -1071 END
START -13596 6840 16984 4784 -299 -359 END
START -13544 6496 16604 5196 13 546 END
START -12964 6024 15440 5506 -156 1348 END
START -14252 5584 17004 5869 54 2277 END
START -12640 5512 15064 6134 175 3182 END
START -13660 5224 16144 6417 384 4057 END
START -11636 5308 14224 6589 764 4934 END
START -12384 5080 15728 6662 734 5642 END
START -10328 5188 14064 6762 1060 6319 END
START -10912 5000 15240 6782 838 6814 END
START -9644 4872 14312 6892 941 7231 END
START -9652 4560 14844 6916 837 7534 END
START -8976 4440 14636 6966 744 7820 END
START -8948 4328 14608 7060 753 8094 END
START -8560 4076 14420 7182 585 8339 END
START -8752 3968 14836 7283 607 8656 END
START -8112 4048 13988 7416 512 8972 END
START -8580 3828 14836 7575 554 9289 END
START -8156 3872 14208 7709 488 9651 END
START -8916 3836 14628 7894 461 10090 END
START -8808 3708 14268 8112 458 10557 END
START -9576 3532 14896 8380 287 11118 END
START -9624 3596 14336 8710 294 11737 END
START -10476 3524 14648 9030 214 12530 END
START -10692 3588 14412 9367 196 13095 END
START -11260 3668 14444 9758 67 14027 END
START -11572 3668 14324 10142 -18 14907 END
START -11800 3484 14044 10588 -161 15877 END
START -12384 3196 14496 11107 -675 16883 END
START -11980 3028 13948 11578 -994 17984 END
START -12728 2300 13432 12422 -2586 19088 END
START -10868 2640 11344 11996 425 19935 END
START -12068 3016 12056 12150 308 20999 END
START -13072 3028 13064 12443 -28 22356 END
START -12488 2272 12308 12835 -528 23647 END
START -9948 2020 8320 12949 103 24788 END
START -9820 1928 8056 13064 -96 25845 END
START -10848 1740 9304 13240 -1031 26951 END
START -10036 1576 8248 13205 -1223 28096 END
START -8636 1652 6376 13028 -1388 29122 END
START -8008 1552 5276 12699 -1369 30052 END
START -6860 1436 3724 12198 -897 30985 END
START -6044 1408 3452 11425 160 31969 END
START -6224 1092 3412 10923 56 32767 END
START -6400 552 4096 10462 -212 32767 END
START -4564 -12 1576 10131 -409 32767 END
START -3160 -80 944 9632 -471 32767 END
START -2492 -104 760 9044 -476 32767 END
START -1408 200 328 8295 -610 32767 END
START -348 364 -428 7500 -548 32767 END
START 800 236 -880 6559 -464 32767 END
START 2204 264 -1816 5560 -5 32767 END
START 3540 332 -2260 4452 643 32767 END
START 4448 364 -2652 3326 1383 32767 END
START 5636 400 -2960 2069 2344 32767 END
START 6652 368 -3004 755 3373 32767 END
START 7592 264 -2816 -527 4329 32767 END
START 8024 216 -2912 -1886 5415 32767 END
START 8340 300 -2808 -3100 6464 32767 END
START 8460 520 -2564 -4328 7593 32767 END
START 8288 692 -2084 -5534 8908 32767 END
START 8172 880 -2104 -6715 10176 32767 END
START 8116 1048 -1736 -7901 11499 32767 END
START 8020 976 -1076 -9081 12576 32767 END
START 8288 848 -812 -10163 13553 32767 END
START 8592 552 -320 -11193 14512 32767 END
START 8956 492 612 -12209 15306 32767 END
START 9388 304 1040 -13108 15994 32767 END
START 9552 188 2328 -13920 16351 32767 END
START 9648 112 3436 -14591 16526 32583 END
START 9948 92 4104 -14833 16578 32225 END
START 10168 88 4496 -15170 16169 31815 END
START 10312 -12 5536 -15161 15346 31379 END
START 11008 -168 5472 -15175 14638 30897 END
START 11772 -80 5348 -15100 13600 30366 END
START 12636 -52 5228 -14936 12821 29832 END
START 13824 92 4772 -14888 11316 29266 END
START 15096 600 4120 -15278 9994 28532 END
START 16492 876 3712 -15439 8641 27595 END
START 17636 1164 3180 -15955 7320 26472 END
START 18560 1304 2820 -16595 6156 25178 END
START 19240 1396 2704 -17259 5080 23803 END
START 19676 1376 3076 -18063 4093 22330 END
START 19868 1204 3276 -18810 3379 20834 END
START 20164 1412 3512 -19535 3026 19453 END
START 20208 1448 3904 -20066 3050 18171 END
START 20420 1824 4384 -20583 3421 17068 END
START 20044 1892 5056 -20994 4019 16049 END
START 20040 1988 5464 -21405 4638 15088 END
START 19804 1980 6016 -21750 5456 14191 END
START 19496 1868 6536 -21994 6128 13257 END
START 18984 1640 7056 -22209 6763 12628 END
START 18616 1440 7540 -22326 7249 11722 END
START 18124 1460 7732 -22436 7602 11147 END
START 17708 1452 7992 -22515 7789 10594 END
START 17284 1428 8032 -22669 7898 10068 END
START 17120 1624 7916 -22901 7900 9598 END
START 17180 1612 7904 -23217 7925 9148 END
START 17188 1532 7824 -23624 7995 8732 END
START 17332 1484 7920 -24032 8112 8295 END
START 17536 1368 8508 -24510 8225 7863 END
START 17524 1292 9040 -24862 8341 7425 END
START 17856 1092 9544 -25187 8532 7013 END
START 18176 1096 10196 -25432 8700 6602 END
START 18520 804 11064 -25576 8842 6160 END
START 19068 628 12000 -25638 8849 5674 END
START 19488 424 12860 -25537 8781 5133 END
START 19912 140 13668 -25362 8594 4450 END
START 20556 136 13736 -25115 8448 3722 END
START 21224 80 13824 -24854 8330 2884 END
START 21824 156 14036 -24735 8234 1970 END
START 22580 264 14380 -24680 8215 974 END
START 23016 444 14640 -24716 8213 -74 END
START 23572 392 14812 -24782 8266 -1246 END
START 24032 440 15216 -24855 8341 -2453 END
START 24600 268 15868 -24925 8402 -3731 END
START 24916 172 16432 -24879 8420 -5036 END
START 25368 -36 16716 -24805 8491 -6390 END
START 25612 -124 17256 -24673 8605 -7772 END
START 25864 -352 17516 -24530 8777 -9167 END
START 25944 -588 17756 -24401 8968 -10631 END
START 25780 -680 17940 -24298 9181 -12112 END
START 25376 -716 18048 -24317 9298 -13527 END
START 24864 -732 18404 -24323 9416 -14911 END
START 24268 -752 18780 -24414 9521 -16177 END
START 23464 -748 19012 -24394 9587 -17412 END
START 22716 -1016 19464 -24351 9625 -18501 END
START 21872 -1460 19844 -24309 9603 -19561 END
START 20716 -1800 20416 -24106 9493 -20438 END
START 19116 -2040 21460 -23908 9166 -21221 END
START 17904 -2020 21992 -23571 8812 -21775 END
START 16884 -2044 22356 -23147 8357 -22213 END
START 16152 -1916 22760 -22731 7869 -22557 END
START 15920 -1668 23264 -22304 7399 -22894 END
START 15768 -1224 23580 -21890 6991 -23263 END
START 16192 -1112 24188 -21504 6609 -23699 END
START 16556 -1016 24788 -21121 6300 -24306 END
START 17200 -984 25388 -20667 6082 -25046 END
START 17760 -1120 26048 -20166 5909 -25939 END
START 18232 -1612 26656 -19535 5738 -27009 END
START 18032 -1904 27168 -18851 5423 -28164 END
START 17996 -1940 27140 -18189 5061 -29401 END
START 17624 -2256 27144 -17600 4694 -30528 END
START 17528 -2100 27152 -17094 4311 -31797 END
START 16668 -2380 26960 -16669 3912 -32768 END
START 15992 -2572 26860 -16330 3479 -32768 END
START 15140 -2748 26644 -16140 3149 -32768 END
START 14132 -3008 26608 -16013 2916 -32768 END
START 13328 -3240 26764 -15919 2819 -32768 END
START 11696 -3336 27284 -15838 2641 -32768 END
START 10908 -3452 27828 -15790 2575 -32768 END
START 9756 -3336 28748 -15645 2447 -32768 END
START 9044 -3452 29440 -15475 2400 -32768 END
START 7896 -3808 30556 -15110 2343 -32768 END
START 7036 -4128 31472 -14821 2249 -32768 END
START 5892 -4264 32616 -14366 2156 -32768 END
START 5352 -4584 32767 -13559 2103 -32768 END
START 4628 -4568 32767 -12731 2114 -32768 END
START 4368 -4652 32767 -11753 2197 -32768 END
START 3972 -4860 32767 -10756 2191 -32768 END
START 3624 -4908 32767 -9672 2159 -32768 END
START 3124 -5004 32767 -8644 1973 -32768 END
START 2448 -5484 32767 -7625 1789 -32768 END
START 1652 -5736 32767 -6543 1436 -32768 END
START 848 -5928 32767 -5517 1014 -32768 END
START -196 -6296 32767 -4519 544 -32768 END
START -872 -6500 32767 -3489 221 -32768 END
START -1552 -7016 32767 -2438 -23 -32768 END
START -2380 -7052 32767 -1362 -136 -32768 END
START -3504 -7232 32767 -265 -141 -32768 END
START -4376 -7176 32767 794 -50 -32768 END
START -5684 -7464 32767 1908 73 -32768 END
START -6960 -7196 32767 2875 242 -32768 END
START -8308 -7260 32767 3849 440 -32768 END
START -9560 -7320 32767 4834 654 -32768 END
START -10840 -7412 32767 5720 900 -32768 END
START -12164 -7340 32767 6655 1147 -32768 END
START -13440 -7368 32767 7603 1362 -32768 END
START -14412 -7212 32767 8595 1511 -32768 END
START -15160 -7068 32767 9615 1608 -32768 END
START -15620 -6928 32767 10671 1826 -31340 END
START -15700 -7016 32767 11762 1941 -29656 END
START -15928 -6960 32767 12877 2048 -28039 END
START -16072 -6800 32767 13994 2083 -26469 END
START -15784 -6792 32767 15081 2095 -24951 END
START -15108 -6828 32767 16223 2297 -23498 END
START -14544 -6968 32767 17303 2551 -22230 END
START -13872 -7140 32767 18455 2869 -21045 END
START -13592 -7384 32767 19620 3223 -19929 END
START -13412 -7596 32767 20806 3434 -18934 END
START -13336 -7752 32767 21964 3540 -17952 END
START -13384 -7964 32767 23127 3539 -16979 END
START -13408 -8016 32767 24286 3490 -16003 END
START -13248 -8380 32767 25494 3484 -15005 END
START -13032 -8676 32767 26714 3493 -13999 END
START -12744 -8752 32767 27943 3667 -13029 END
START -12416 -8696 32767 29171 3831 -12122 END
START -12228 -8948 32748 30382 4004 -11242 END
START -12284 -9024 32080 31527 4104 -10399 END
START -12196 -9104 31484 32676 4110 -9580 END
START -12120 -9072 30816 32767 4122 -8732 END
START -11980 -9232 29736 32767 4149 -7946 END
START -12160 -9324 29144 32767 4220 -7043 END
START -12224 -9316 28096 32767 4300 -6147 END
START -12416 -9272 27304 32767 4370 -5165 END
START -12312 -9096 25732 32767 4624 -4062 END
START -12072 -8952 24464 32767 5065 -2902 END
START -11824 -8772 23080 32767 5671 -1792 END
START -11732 -8524 21724 32767 6339 -557 END
START -11520 -8288 20292 32767 6982 534 END
START -11464 -8036 18696 32767 7609 1721 END
START -11356 -7672 16888 32767 8249 2855 END
START -11156 -7316 15224 32767 9044 4097 END
START -11072 -6980 13640 32767 9849 5271 END
START -10832 -6660 11920 32767 10633 6442 END
START -10360 -6056 9948 32767 11410 7683 END
START -9996 -5588 8352 32767 12141 8885 END
START -9632 -4972 6536 32767 12714 10038 END
START -9184 -4456 4844 32767 13392 11178 END
START -8720 -3984 3516 32767 13446 12165 END
START -8040 -3588 2448 32767 13847 13160 END
START -7164 -3132 1308 32767 13928 14219 END
START -6200 -2624 48 31486 13751 15064 END
START -5072 -2324 -1120 30198 13124 15723 END
START -3968 -1840 -2284 28767 12955 16315 END
START -2612 -1300 -3456 27254 12300 16774 END
START -1236 -1124 -4248 25722 11541 17109 END
START 808 -260 -5476 24028 10475 17256 END
START 2300 1004 -6640 22360 9484 17364 END
START 3884 1524 -7916 20578 8783 17298 END
START 5092 1768 -7924 18683 8053 17133 END
START 5984 2472 -8832 16748 7055 16843 END
START 5784 2456 -9732 14582 6840 16574 END
START 4808 1140 -10108 12451 6448 16403 END
START 4928 1440 -10916 9761 6008 16409 END
START 5896 2996 -11724 6948 6032 16463 END
START 7208 4896 -11884 4092 6541 16618 END
START 8616 6384 -12156 1297 8051 16739 END
START 9784 7280 -11128 -1187 10221 16729 END
START 10824 7756 -9612 -3369 12524 16621 END
START 11444 6888 -7320 -5182 14614 16255 END
START 11732 5480 -5300 -6487 16170 15642 END
START 11560 4204 -2944 -7477 17329 14740 END
START 11448 3080 -1524 -8120 18039 13533 END