START -12672 6488 14392 6006 -3228 -4626 END
START -11248 3844 4720 7946 -1603 -3324 END
START -10040 9760 11312 5909 -2336 -2269 END
START -12356 7464 12160 7455 -773 -949 END
START -12676 7188 10800 6936 -910 191 END
START -15748 6540 13584 7004 -800 1424 END
START -14648 6556 11808 6845 -330 2703 END
START -14444 6328 11016 6796 -130 3897 END
START -15248 5740 12736 6597 502 5244 END
START -14040 5264 11548 6601 300 6504 END
START -15784 4816 13700 6675 625 7784 END
START -13976 4772 11980 6846 622 9069 END
START -15500 4232 14264 7190 712 10304 END
START -13604 4204 12312 7553 781 11529 END
START -14476 3872 13816 7906 669 12717 END
START -13068 3880 12620 8322 889 13549 END
START -13320 3816 12884 8622 666 14500 END
START -12792 3816 12248 8863 732 15373 END
START -12500 3524 12176 9014 378 16179 END
START -12320 3512 12168 9101 169 16931 END
START -11384 3252 11692 9146 -221 17665 END
START -11348 2852 11676 9244 -414 18351 END
START -10488 2796 10828 9356 -712 19041 END
START -10832 2456 11056 9444 -923 19750 END
START -10040 2356 9876 9555 -1198 20447 END
START -10404 2240 10240 9626 -1475 21244 END
START -9564 2264 8716 9708 -1629 21970 END
START -9840 2196 8732 9685 -1757 22710 END
START -9112 1908 7428 9596 -1691 23484 END
START -9240 1576 6880 9430 -1750 24265 END
START -9100 1372 6328 9132 -1643 25165 END
START -9184 1392 5932 8738 -1622 26086 END
START -9328 1312 5436 8348 -1454 27071 END
START -9080 1012 4980 7865 -1324 28118 END
START -9220 844 4888 7419 -1179 29302 END
START -8892 536 4364 7009 -929 30369 END
START -8796 284 4428 6633 -654 31478 END
START -7872 140 3688 6226 -270 32631 END
START -7456 -24 3532 5818 172 32767 END
START -6788 -508 3596 5408 758 32767 END
START -5508 -992 3068 4971 1302 32767 END
START -4432 -1404 3168 4475 1943 32767 END
START -2780 -1580 2732 4041 2580 32767 END
START -1384 -1768 2776 3593 3148 32767 END
START 380 -1812 2560 3148 3536 32767 END
START 2224 -1900 1852 2741 3723 32767 END
START 4116 -1920 1460 2255 3925 32767 END
START 5800 -1964 460 1616 4024 32767 END
START 7524 -1920 -360 973 4165 32767 END
START 8840 -1752 -1068 236 4298 32767 END
START 9984 -1616 -1572 -665 4408 32767 END
START 10760 -1476 -2068 -1557 4407 32767 END
START 12500 -1400 -2512 -2614 4379 32767 END
START 13576 -1016 -2948 -3632 4319 32767 END
START 14608 -784 -3144 -4684 4223 31915 END
START 15536 -400 -3572 -5759 4124 30820 END
START 16304 -92 -3508 -6890 4024 29624 END
START 16624 84 -3620 -7940 3905 28434 END
START 17108 -40 -3744 -9106 3797 27123 END
START 17032 -336 -3308 -10166 3696 25920 END
START 16884 -520 -3144 -11299 3583 24733 END
START 16208 -256 -2952 -12426 3477 23701 END
START 15404 -176 -2700 -13411 3462 22932 END
START 14424 -80 -2544 -14345 3505 22368 END
START 13712 -28 -2168 -15104 3586 21969 END
START 12832 -216 -1876 -16083 3723 21635 END
START 12224 -460 -1592 -16946 3897 21354 END
START 11792 -748 -1140 -17742 4213 21123 END
START 11268 -940 -708 -18520 4583 20959 END
START 10656 -1160 -124 -19296 4929 20857 END
START 10112 -1316 444 -19960 5294 20831 END
START 9400 -1700 1196 -20632 5685 20985 END
START 9384 -2300 1624 -21171 6255 21245 END
START 9196 -2520 2132 -21632 6838 21622 END
START 8920 -2600 2880 -22127 7362 22011 END
START 8992 -2548 3480 -22487 7857 22430 END
START 9428 -2680 4096 -22872 8337 22786 END
START 10380 -2964 4840 -23157 8726 23037 END
START 11784 -3088 5316 -23423 9035 23168 END
START 13644 -3340 5860 -23635 9363 23119 END
START 15472 -3320 6432 -23775 9541 22849 END
START 17524 -3268 7080 -23897 9603 22248 END
START 19268 -3052 7940 -23984 9437 21424 END
START 20992 -2932 8580 -24087 9140 20356 END
START 22424 -3012 9008 -24030 8753 19011 END
START 23568 -3088 9188 -23956 8383 17616 END
START 24368 -2948 9356 -23825 7985 16152 END
START 25200 -2604 9268 -23757 7593 14614 END
START 25724 -2448 9256 -23811 7272 13040 END
START 26296 -2484 9144 -23950 7010 11621 END
START 26544 -2408 9020 -24288 6828 10203 END
START 27208 -2316 9160 -24685 6766 8826 END
START 27384 -2184 9876 -25224 6629 7422 END
START 27560 -2016 10600 -25723 6436 5955 END
START 27852 -1832 11204 -26189 6230 4598 END
START 28300 -2072 11784 -26552 6072 3180 END
START 28216 -2280 12904 -26831 5969 1746 END
START 28404 -2500 13396 -27086 5833 378 END
START 28012 -2840 14540 -27279 5767 -923 END
START 27628 -2684 15492 -27382 5654 -2089 END
START 26928 -2796 16740 -27445 5598 -3157 END
START 26308 -2932 17996 -27417 5684 -4121 END
START 25904 -3052 18948 -27323 5932 -4989 END
START 25428 -3108 19604 -27139 6252 -5754 END
START 25272 -3236 20856 -26899 6708 -6464 END
START 25036 -3256 21608 -26542 7137 -7109 END
START 25176 -3200 22640 -26087 7590 -7723 END
START 25284 -3164 23016 -25546 8071 -8436 END
START 25712 -2940 23120 -24914 8480 -9200 END
START 26196 -2792 23320 -24405 8853 -10117 END
START 26788 -2380 23224 -23982 9183 -11175 END
START 27628 -2088 23128 -23735 9475 -12336 END
START 28508 -1868 22704 -23628 9812 -13715 END
START 29208 -1760 22600 -23585 10193 -15200 END
START 29812 -1756 23004 -23599 10585 -16859 END
START 29836 -1660 23196 -23562 10941 -18566 END
START 29628 -1580 23624 -23527 11156 -20254 END
START 29280 -1284 23748 -23428 11380 -22071 END
START 28804 -1288 24028 -23367 11492 -23791 END
START 28140 -1468 24440 -23227 11515 -25501 END
START 27456 -1680 24636 -23067 11496 -27217 END
START 26932 -1776 24804 -22876 11427 -28807 END
START 26312 -1912 24600 -22687 11409 -30630 END
START 25604 -1964 24896 -22574 11327 -32324 END
START 24480 -2012 25220 -22459 11188 -32768 END
START 23164 -2336 25656 -22362 11020 -32768 END
START 22036 -2376 25884 -22238 10887 -32768 END
START 20720 -2852 26420 -22079 10744 -32768 END
START 19464 -3200 27016 -21823 10501 -32768 END
START 17548 -3460 28220 -21496 10190 -32768 END
START 16276 -3648 28868 -21066 9686 -32768 END
START 15160 -3792 29680 -20560 9040 -32768 END
START 14080 -3992 30228 -19956 8377 -32768 END
START 12952 -4332 30728 -19329 7697 -32768 END
START 11648 -4832 31292 -18636 6886 -32768 END
START 10300 -4992 31944 -17957 6043 -32768 END
START 9052 -5208 32536 -17231 5076 -32768 END
START 7644 -5236 32767 -16472 3922 -32768 END
START 6740 -5356 32767 -15619 2872 -32768 END
START 5932 -5540 32767 -14788 1819 -32768 END
START 5408 -5596 32767 -14261 737 -32768 END
START 5428 -5688 32767 -13410 -129 -32768 END
START 5356 -5708 32767 -12730 -779 -32768 END
START 5168 -5852 32767 -12063 -1223 -32768 END
START 4868 -6280 32767 -11416 -1449 -32768 END
START 4360 -6516 32767 -10743 -1716 -32768 END
START 3508 -6872 32767 -10100 -1944 -32768 END
START 2796 -8012 32767 -9419 -2104 -32768 END
START 2260 -8292 32767 -8568 -2257 -32768 END
START 1176 -8420 32767 -7807 -2348 -32768 END
START 180 -8444 32767 -6951 -2517 -32768 END
START -1172 -8784 32767 -6070 -2807 -32768 END
START -2152 -8784 32767 -5060 -2947 -32768 END
START -2896 -9236 32767 -4014 -2824 -32768 END
START -4076 -9224 32767 -2788 -2628 -32768 END
START -5048 -8864 32767 -1608 -2373 -32768 END
START -6136 -8928 32767 -387 -2286 -32768 END
START -7052 -9436 32767 875 -2341 -32768 END
START -7628 -9808 32767 2147 -2425 -32768 END
START -8348 -10192 32767 3309 -2561 -32768 END
START -9108 -10328 32767 4544 -2726 -32768 END
START -9792 -10096 32767 5562 -2919 -32768 END
START -10812 -9852 32767 6656 -3258 -32768 END
START -11028 -9864 32767 7616 -3547 -32768 END
START -11900 -10064 32767 8682 -3603 -32768 END
START -12444 -10596 32767 9716 -3568 -32768 END
START -13440 -10508 32767 11003 -3679 -32768 END
START -13904 -9876 32767 12312 -3742 -32768 END
START -14300 -9560 32767 13595 -3532 -32768 END
START -14884 -9372 32767 14739 -3001 -31632 END
START -15772 -9004 32767 16010 -2649 -29845 END
START -16524 -8832 32767 17260 -2312 -28073 END
START -17524 -8464 32767 18538 -2060 -26051 END
START -18328 -7948 32767 19720 -2012 -24001 END
START -18708 -7544 32767 20813 -2044 -22044 END
START -18888 -7248 32767 21873 -2117 -19969 END
START -18736 -6976 32324 22935 -2156 -17945 END
START -18320 -6776 31400 23890 -2146 -15915 END
START -17888 -6544 30748 24785 -2192 -13918 END
START -17160 -6348 29812 25600 -2112 -12008 END
START -16072 -6124 29172 26281 -1898 -10207 END
START -14452 -5696 27956 26866 -1401 -8417 END
START -12852 -5628 27144 27300 -399 -6779 END
START -11372 -5556 26336 27601 834 -5276 END
START -10156 -5576 25892 27865 2271 -3938 END
START -9456 -5488 26016 28078 3827 -2641 END
START -8680 -5468 26104 28338 5264 -1461 END
START -7916 -5632 25972 28759 6573 -362 END
START -7004 -5680 25792 29277 7909 687 END
START -5932 -5828 25732 29874 9183 1582 END
START -5468 -5904 25616 30567 10483 2415 END
START -4916 -6092 25176 31226 11715 3144 END
START -4780 -5932 24596 31937 12687 3862 END
START -4992 -5940 24360 32728 13501 4594 END
START -5132 -5928 23980 32767 14002 5273 END
START -5232 -5772 23468 32767 13980 5851 END
START -4968 -5936 22984 32767 12957 6437 END
START -4360 -6188 21844 32767 12263 6874 END
START -3308 -6516 20680 32767 10816 7210 END
START -2080 -6768 19104 32767 9499 7456 END
START -984 -6900 17452 32767 8369 7541 END
START 432 -6828 15300 32767 7533 7539 END
START 1252 -6756 13624 32767 6817 7411 END
START 2248 -6104 11720 32767 6205 7219 END
START 2664 -5280 9392 32767 5617 6839 END
START 3404 -4296 7608 32767 5073 6443 END
START 4352 -4476 5220 32767 4746 5905 END
START 5252 -4492 3396 32767 4684 5272 END
START 5696 -4728 1608 32767 4928 4650 END
START 5872 -4604 -276 32767 5424 4044 END
START 5516 -4196 -1832 32767 6102 3580 END
START 4620 -2728 -3248 32767 6847 3329 END
START 3800 -1336 -4364 31854 7647 3215 END
START 3344 -720 -5256 30140 8331 3180 END
START 2796 72 -6084 28495 8922 3248 END
START 2952 368 -6828 26639 9695 3323 END
START 2652 332 -7624 24786 10499 3440 END
START 2092 664 -8384 22729 11392 3670 END