START -5232 12284 6196 3546 3754 -4829 END
START -10840 4772 536 3795 941 -1891 END
START -20488 3520 7000 2982 -3314 1248 END
START -20772 3784 8648 1935 -3640 4393 END
START -18780 3756 9336 1080 -2173 6037 END
START -16948 3264 8856 956 -1088 7510 END
START -15160 3376 7652 988 -876 9243 END
START -15704 3120 7956 782 -131 11332 END
START -16676 2872 8280 736 498 14037 END
START -15376 2588 7416 949 114 16071 END
START -14160 1896 6248 1383 -1262 17834 END
START -12372 1532 4464 1401 -2439 19019 END
START -11292 1372 2408 626 -2723 20595 END
START -10580 924 928 -850 -2785 22423 END
START -8960 640 -612 -2036 -4159 24554 END
START -4884 552 -3116 -4088 -5194 25622 END
START -1400 1016 -4980 -7245 -5443 26043 END
START 2812 184 -5348 -11544 -5019 25865 END
START 6716 -284 -5188 -15820 -3237 25139 END
START 8096 -596 -4056 -20067 -534 23414 END
START 7208 -2040 -1712 -23075 -421 22954 END
START 9076 -3084 -208 -24893 -1979 22578 END
START 11048 -4336 2004 -27855 -3219 21789 END
START 17848 -4976 4972 -31009 -1514 19462 END
START 21328 -6248 9572 -32768 3983 14161 END
START 21460 -7752 15056 -32768 7186 8576 END
START 20844 -9040 20904 -32768 6723 2848 END
START 21956 -9516 26272 -32768 6837 -1447 END
START 23484 -9552 29204 -30543 8833 -6303 END
START 24256 -9836 31524 -27625 11350 -11075 END
START 26912 -9404 32288 -23959 15851 -17897 END
START 23688 -11080 30688 -20521 19343 -25767 END
START 18816 -13236 28348 -17676 19619 -32033 END
START 13772 -15368 28100 -15115 17678 -32768 END
START 11740 -16388 27900 -12577 17378 -32768 END
START 7440 -17492 28128 -10328 17399 -32768 END
START 5852 -17632 27220 -8190 17244 -32768 END
START 576 -18628 28432 -5848 16008 -32768 END
START -6112 -19692 30448 -2826 12034 -32768 END
START -10208 -19552 32767 270 8769 -32768 END
START -13616 -19896 32767 3961 6757 -32768 END
START -16324 -19748 32767 7952 6264 -32768 END
START -19188 -19480 32767 12051 6701 -32768 END
START -20304 -18576 32767 16301 7956 -27678 END
START -21296 -17628 32767 20153 8977 -22243 END
START -21940 -17172 32767 24175 9120 -16608 END
START -20964 -17168 29576 28281 8216 -12192 END
START -20868 -16984 25544 30485 7881 -8680 END
START -21860 -16708 21844 31377 8357 -4402 END
START -22620 -16260 18760 31392 9061 724 END
START -22420 -15916 16484 31798 8855 6710 END
START -19936 -15064 13504 31730 8893 12431 END
START -17288 -14260 9972 31451 9700 17484 END
START -14600 -12776 6972 30506 10045 21539 END
START -11896 -11220 3428 29057 9986 24966 END
START -10356 -10208 1332 26807 9573 27898 END
START -9072 -9420 -708 24157 8658 31830 END
START -6432 -8160 -2412 21060 6995 32767 END
START -2088 -6520 -3004 18796 5004 32767 END
START 7012 -3336 -4180 16514 4883 32767 END
START 14024 -844 -5816 12988 5797 30994 END
START 18400 2180 -6896 6951 8707 25548 END
START 19996 4088 -7248 -530 9111 19694 END
START 18400 4768 -2832 -6641 7950 15316 END
START 17984 5216 3532 -9495 6264 11486 END
START 16744 4296 8872 -10258 7067 8357 END
START 15896 4952 12576 -8360 9304 6284 END