START -3644 16976 2640 7829 4669 -5078 END
START -10500 -36 -1332 7547 2049 -1601 END
START -18900 -2416 3156 7893 -1302 3267 END
START -21180 -3424 4560 8090 -3053 8432 END
START -20068 -3720 3796 7400 -2918 12858 END
START -19448 -3812 3368 6050 -2107 16994 END
START -15832 -2628 1180 4426 -3127 19618 END
START -12544 -2508 -596 2589 -4457 21511 END
START -10008 -2140 -1232 479 -4560 23202 END
START -8684 -2704 -1580 -1904 -3192 24972 END
START -7856 -3432 -1816 -4098 -2855 27206 END
START -5392 -4248 -2116 -5991 -3196 29555 END
START -1948 -4556 -2860 -8153 -3025 30583 END
START 1436 -4112 -4328 -11059 -4297 29806 END
START 4268 -4104 -4372 -14168 -5843 27833 END
START 5676 -4548 -3924 -17437 -7105 26227 END
START 7380 -5424 -2196 -20728 -7390 25713 END
START 11644 -5608 -200 -24034 -6420 25537 END
START 16780 -5596 1480 -27729 -1927 23708 END
START 21920 -5932 4520 -31833 2956 20540 END
START 26500 -5748 8060 -32768 8206 14690 END
START 28160 -6476 12076 -32768 10893 8485 END
START 29216 -7356 15844 -32768 11183 1785 END
START 30156 -8884 21600 -32768 11058 -4243 END
START 32767 -9248 25052 -32768 13502 -11737 END
START 32560 -11204 26468 -32076 16698 -21363 END
START 27508 -14084 27872 -29974 15752 -29017 END
START 20880 -16004 31608 -26071 10934 -32768 END
START 17796 -16752 32216 -22638 7523 -32768 END
START 15420 -16916 32767 -20834 8423 -32768 END
START 12584 -17040 32767 -19450 12743 -32768 END
START 7892 -19364 32767 -17396 15225 -32768 END
START 472 -22324 32767 -13805 16618 -32768 END
START -8840 -23624 32767 -6853 13998 -32768 END
START -12992 -23696 32767 2788 11641 -32768 END
START -13812 -22460 32767 10985 12907 -32768 END
START -13168 -21036 32767 16675 15716 -31898 END
START -11988 -20260 32767 20159 18766 -28952 END
START -14936 -22164 32767 23858 21805 -26651 END
START -21072 -24240 32767 30568 19779 -21643 END
START -21496 -24628 28072 32767 18622 -14449 END
START -21312 -23436 20112 32767 21425 -5765 END
START -20208 -21456 13124 32767 22255 3432 END
START -16292 -18868 7784 32767 21393 10116 END
START -14248 -16880 3868 31431 20102 14635 END
START -13960 -15260 1596 28709 17203 19012 END
START -11616 -14036 -396 26063 13652 23248 END
START -10736 -12488 -2488 23576 10328 26891 END
START -8700 -10828 -5532 19455 8919 31169 END
START -6504 -9564 -7692 13516 9164 32767 END
START -2308 -8052 -8024 6649 9331 32767 END
START 5964 -6948 -4628 1665 7365 32767 END
START 17124 -2236 -1888 -970 8490 32767 END
START 21936 940 -20 -3789 11031 27496 END
START 20540 2824 2136 -4926 8392 21969 END
START 22528 4620 4828 -5170 2302 17467 END
START 26748 6516 7824 -5622 527 12645 END
START 28052 7400 10368 -6325 3982 7736 END