START 6420 9396 -2400 7655 4762 1802 END
START -5564 7372 7212 6988 748 2041 END
START -9500 6376 8668 4085 2785 4087 END
START -2768 7032 5012 1837 3256 5450 END
START -4752 5636 8468 770 1142 5803 END
START -6048 5900 11040 1260 1130 6013 END
START -5688 5308 9616 1626 2186 6075 END
START -7612 4952 9228 1754 2199 6861 END
START -8380 5228 7696 1464 2191 8223 END
START -8192 4752 5628 520 2920 9719 END
START -7656 4488 3052 -1597 3643 11081 END
START -7236 4380 2992 -4320 3134 12952 END
START -5628 3908 3716 -6479 2992 14453 END
START -3736 3520 4364 -7364 2117 15885 END
START -192 3284 3768 -8024 1623 15652 END
START 580 2316 2308 -9278 1604 15314 END
START 1432 2028 1024 -11733 425 16299 END
START 3148 1232 2448 -14703 -481 17140 END
START 6752 312 3460 -16880 -385 17441 END
START 9500 -136 4144 -19324 136 16434 END
START 11856 -1028 6676 -20990 -52 14811 END
START 13400 -1576 8260 -21832 -56 12720 END
START 13724 -2360 8840 -22972 -1137 11257 END
START 16096 -2808 9676 -24609 -1740 9841 END
START 19000 -2680 12208 -27098 -1121 7447 END
START 21668 -3776 16488 -27866 825 4504 END
START 23144 -3536 18960 -27401 3523 220 END
START 21572 -4416 20700 -26579 4885 -4271 END
START 20312 -5292 21680 -25767 4771 -7965 END
START 20516 -5108 23936 -24804 5061 -12039 END
START 19888 -5444 26312 -22833 6816 -17268 END
START 15464 -6552 26608 -20657 7546 -21582 END
START 11420 -6844 27344 -19254 6778 -23739 END
START 9580 -5928 29176 -17788 5963 -25150 END
START 7716 -5668 32568 -15713 6129 -26758 END
START 5036 -6388 32767 -12454 5226 -28206 END
START 3252 -6572 32767 -7906 5120 -29606 END
START -24 -5928 32767 -3081 4329 -30217 END
START -2208 -5264 32767 321 4379 -30221 END
START -4384 -4892 32767 2576 4342 -29206 END
START -5120 -4348 32767 4335 5009 -27714 END
START -6812 -3224 32767 7498 6313 -26961 END
START -10104 -3476 32008 11206 5527 -25568 END
START -12220 -3932 30724 14143 4953 -23769 END
START -16488 -5136 29952 17443 4619 -19986 END
START -18036 -5404 27280 20005 4589 -14766 END
START -18404 -5156 24724 21135 5912 -10203 END
START -18332 -5188 23800 22213 7039 -5165 END
START -16940 -4920 22180 23784 7948 -2117 END
START -17348 -5280 19328 25311 7338 529 END
START -16300 -4504 15980 25289 6526 3460 END
START -15000 -4940 15432 24549 7639 6227 END
START -14296 -5148 14260 24338 8930 9313 END
START -11780 -5184 11960 24090 10250 11532 END
START -9048 -5148 9628 22502 10649 13201 END
START -9204 -5300 9384 21550 10725 14945 END
START -8264 -5504 7120 21186 9690 17522 END
START -4776 -4420 2972 19043 9325 19920 END
START -1308 -2916 -428 14568 10302 20987 END
START 880 -1836 -948 9774 10295 22623 END
START 4468 -368 -628 6379 9503 23070 END
START 7796 1744 -1620 3271 8463 22421 END
START 9360 3724 -1116 -373 7979 21131 END
START 9828 5088 344 -3082 7948 19467 END
START 9944 6012 2752 -4734 6771 18564 END
START 11936 7632 4652 -6146 6660 16927 END
START 14624 8780 8084 -7562 7498 14085 END
START 15132 9620 10372 -8211 9635 10304 END