START -11180 3592 12820 3502 3075 -17490 END
START -10216 976 2820 5201 4391 -16502 END
START -15316 1928 10728 3510 3435 -15555 END
START -12944 2560 9520 4613 4318 -14371 END
START -16872 2248 11568 4584 3762 -13262 END
START -15744 2532 8936 4688 4410 -11985 END
START -17452 2388 9444 4844 4287 -10674 END
START -18288 2244 9000 4905 4759 -9184 END
START -18504 1992 8196 4970 4854 -7632 END
START -20608 1800 8988 5020 4869 -6028 END
START -19748 1912 6948 5021 5260 -4279 END
START -22000 1560 8436 5012 5132 -2493 END
START -21132 1512 6592 5024 5511 -583 END
START -23408 1176 8368 5101 5273 1264 END
START -23732 1032 8300 5200 5279 3271 END
START -23008 1008 6536 5439 5039 5350 END
START -24236 716 7392 5714 4734 7540 END
START -24008 688 6572 5958 4270 9654 END
START -24788 592 6640 6272 3384 11829 END
START -24944 600 5996 6486 2672 13960 END
START -24856 360 5164 6691 1472 16239 END
START -24968 212 4872 6793 516 18329 END
START -23856 80 3224 6835 -647 20523 END
START -23552 -360 3180 6781 -1612 22535 END
START -21976 -508 1600 6585 -2443 24553 END
START -21584 -928 1316 6269 -3208 26439 END
START -19808 -1244 -208 5850 -3640 28294 END
START -18908 -1872 -144 5357 -4082 30077 END
START -17220 -2264 -1236 4835 -4297 31724 END
START -16188 -2896 -1284 4218 -4600 32767 END
START -14320 -3172 -2312 3527 -4617 32767 END
START -12960 -3780 -2664 2805 -4602 32767 END
START -11152 -4104 -3284 1979 -4312 32767 END
START -9620 -4724 -3868 1052 -3882 32767 END
START -8140 -4892 -4276 43 -3230 32767 END
START -6884 -5172 -4572 -1071 -2433 32767 END
START -5712 -5232 -4868 -2237 -1519 32767 END
START -4460 -5400 -5060 -3391 -535 32767 END
START -3536 -5832 -5104 -4636 462 32767 END
START -2640 -6164 -5272 -5876 1660 32767 END
START -2100 -5932 -5488 -7101 2894 32767 END
START -1356 -7308 -3556 -8409 3657 32767 END
START 40 -7600 -3880 -9563 4305 32767 END
START 1584 -7168 -3380 -10717 4775 32767 END
START 3396 -6760 -3104 -11802 5315 32767 END
START 5084 -6364 -2224 -12867 5543 32767 END
START 7000 -6224 -1904 -13826 5656 32767 END
START 8328 -6156 -1172 -14531 5519 32767 END
START 9508 -5780 -592 -15126 5075 32767 END
START 10472 -5312 0 -15816 4528 32767 END
START 11392 -4844 248 -16322 3803 32767 END
START 11904 -4352 468 -16800 3013 32767 END
START 12316 -3812 836 -17252 2168 32767 END
START 11976 -3244 1596 -17641 1209 32655 END
START 12372 -2872 1280 -18060 270 31491 END
START 12504 -2708 1388 -18434 -500 30416 END
START 12744 -2496 1528 -18792 -1042 29411 END
START 12844 -2456 1944 -19161 -1498 28444 END
START 12700 -2228 2248 -19483 -1832 27508 END
START 12996 -2096 2416 -19876 -2159 26650 END
START 12736 -1808 2820 -20276 -2378 25842 END
START 12776 -1596 2952 -20754 -2511 25094 END
START 12540 -1464 3200 -21116 -2485 24517 END
START 12484 -1252 3376 -21600 -2367 23986 END
START 12432 -1164 3548 -22088 -2012 23623 END
START 12444 -1248 3692 -22609 -1555 23304 END
START 12356 -1416 4180 -23246 -1066 23104 END
START 12136 -1652 4468 -23764 -490 22963 END
START 11960 -2020 5068 -24230 87 22932 END
START 11860 -2200 5564 -24564 571 22978 END
START 11856 -2264 5672 -24907 1003 23067 END
START 12788 -2252 6056 -25270 1436 23218 END
START 14200 -2100 6256 -25686 2092 23257 END
START 16220 -1900 6472 -26205 2968 23140 END
START 19340 -1580 7020 -26905 3954 22701 END
START 21624 -1232 7812 -27526 5084 21964 END
START 23608 -816 8836 -28143 6120 20842 END
START 25180 -536 10120 -28694 7012 19473 END
START 26616 -220 11608 -29096 7729 17899 END
START 27820 -144 12784 -29321 8304 16124 END
START 28576 -176 14204 -29312 8799 14187 END
START 29216 -20 15076 -29115 9182 12125 END
START 29284 412 16352 -28766 9448 10344 END
START 29080 768 17256 -28309 9535 8447 END
START 28940 1176 17908 -27853 9456 6612 END
START 28748 1476 18516 -27322 9180 4665 END
START 28324 1536 19016 -26834 8799 2883 END
START 27836 1572 19332 -26379 8220 1115 END
START 27224 1576 19576 -25916 7467 -591 END
START 26392 1440 19760 -25509 6646 -2177 END
START 25416 1368 19852 -25114 5763 -3662 END
START 24284 1112 19856 -24879 4950 -4921 END
START 23060 1112 19604 -24660 4307 -5905 END
START 22264 1272 19600 -24589 3803 -6811 END
START 21532 1496 19488 -24662 3564 -7489 END
START 21180 1672 19564 -24765 3511 -8186 END
START 20888 1712 19928 -25011 3622 -8858 END
START 20616 1708 20680 -25191 3936 -9517 END
START 20260 1316 21376 -25307 4243 -10159 END
START 20300 944 22080 -25190 4555 -10710 END
START 19984 1016 22684 -24975 4891 -11297 END
START 20248 836 23112 -24679 5270 -11963 END
START 20240 1020 23284 -24362 5689 -12681 END
START 20220 1464 23744 -24146 6044 -13476 END
START 20116 1936 24036 -23954 6263 -14355 END
START 20296 1996 24564 -23867 6436 -15321 END
START 20300 1984 25052 -23706 6593 -16317 END
START 20292 2016 25696 -23510 6703 -17321 END
START 20140 2156 26664 -23221 6663 -18458 END
START 19976 2280 27320 -22788 6556 -19590 END
START 19936 2232 27936 -22254 6277 -20785 END
START 19720 2292 28584 -21594 5810 -22060 END
START 19424 2224 29120 -20979 5144 -23339 END
START 19328 1996 29648 -20291 4288 -24730 END
START 19336 2036 29688 -19669 3307 -26227 END
START 19324 2108 29612 -19164 2483 -27716 END
START 19112 1992 29716 -18782 1697 -29287 END
START 19144 1696 29584 -18471 1060 -30884 END
START 19044 1172 29608 -18133 610 -32399 END
START 18636 732 29620 -17882 265 -32768 END
START 18172 172 29572 -17607 89 -32768 END
START 17304 -92 29616 -17444 54 -32768 END
START 16284 -516 29572 -17283 53 -32768 END
START 14960 -844 29952 -17172 -3 -32768 END
START 13744 -1420 30180 -17056 -70 -32768 END
START 12388 -1980 30700 -16961 -227 -32768 END
START 11160 -2448 31560 -16827 -233 -32768 END
START 9900 -2572 32320 -16627 -213 -32768 END
START 8644 -2624 32767 -16282 -120 -32768 END
START 7336 -2768 32767 -15900 -132 -32768 END
START 6304 -3260 32767 -15322 -135 -32768 END
START 5064 -3696 32767 -14410 -326 -32768 END
START 4132 -4028 32767 -13896 -569 -32768 END
START 2688 -4540 32767 -12839 -916 -32768 END
START 1648 -5156 32767 -11832 -1226 -32768 END
START 228 -5772 32767 -10652 -1567 -32768 END
START -992 -6348 32767 -9514 -1914 -32768 END
START -2636 -6704 32767 -8368 -2231 -32768 END
START -4052 -6944 32767 -7080 -2469 -32768 END
START -5280 -7172 32767 -5843 -2576 -32768 END
START -6104 -7396 32767 -4539 -2560 -32768 END
START -6828 -7648 32767 -3170 -2516 -32768 END
START -7724 -8032 32767 -1673 -2497 -32768 END
START -8168 -8468 32767 -167 -2471 -32768 END
START -8496 -8684 32767 1384 -2401 -32768 END
START -8928 -8892 32767 2987 -2296 -32768 END
START -9220 -9028 32767 4499 -2031 -32768 END
START -8960 -9152 32767 5994 -1571 -32768 END
START -8808 -9492 32767 7340 -972 -32768 END
START -8972 -9668 32767 8652 -342 -32768 END
START -9372 -9852 32767 9835 176 -32768 END
START -9868 -10088 32767 10959 645 -32768 END
START -10780 -10224 32767 12067 977 -32768 END
START -11700 -10416 32767 13175 1155 -32768 END
START -12872 -10304 32767 14361 1130 -32768 END
START -14036 -10124 32767 15571 1044 -31928 END
START -15348 -9952 32767 16835 921 -30604 END
START -16148 -10012 32767 18092 749 -29290 END
START -16948 -9876 32767 19367 439 -27821 END
START -17592 -9800 32767 20591 137 -26360 END
START -18216 -9300 32767 21901 -226 -24766 END
START -18328 -9236 32767 23084 -524 -23190 END
START -18324 -8992 32767 24219 -757 -21706 END
START -18132 -8756 32767 25405 -905 -20170 END
START -18140 -8532 32767 26429 -949 -18735 END
START -17752 -8396 32767 27479 -961 -17239 END
START -17252 -8224 32767 28453 -856 -15785 END
START -16840 -8052 32767 29399 -575 -14453 END
START -16172 -7920 32468 30354 -217 -13127 END
START -15480 -7844 31768 31224 282 -11910 END
START -14888 -7800 31236 32141 1013 -10712 END
START -14088 -7728 30196 32767 1947 -9588 END
START -13628 -7480 29448 32767 2970 -8443 END
START -13420 -7464 28644 32767 3915 -7395 END
START -13268 -7380 27956 32767 4740 -6352 END
START -13112 -7508 26916 32767 5432 -5279 END
START -12940 -7536 26020 32767 5873 -4230 END
START -13136 -7436 25284 32767 6111 -3246 END
START -12936 -7404 24460 32767 6216 -2175 END
START -12576 -7436 23112 32767 6253 -1214 END
START -12360 -7492 22224 32767 6226 -245 END
START -11932 -7552 20964 32767 6131 714 END
START -11652 -7512 19484 32767 6084 1608 END
START -11036 -7632 18116 32767 6012 2484 END
START -10552 -7456 16532 32767 6019 3241 END
START -10172 -7108 14940 32767 6055 4078 END
START -9700 -6708 13104 32767 6128 4825 END
START -9092 -6452 11264 32767 6234 5508 END
START -8656 -5864 9500 32767 6349 6177 END
START -7996 -5268 7924 32767 6548 6795 END
START -7448 -4340 6500 32767 6745 7332 END
START -6440 -4220 4736 32767 7019 7825 END
START -5664 -3836 3208 32767 7439 8246 END
START -4916 -3352 1820 32767 8005 8613 END
START -4176 -2796 316 32767 8540 8923 END
START -3796 -2344 -1008 32767 9178 9205 END
START -3284 -1848 -2244 32389 9871 9459 END
START -3068 -1228 -3356 30662 10600 9713 END
START -2748 -600 -4292 28844 11397 9990 END
START -2832 -20 -5220 26914 12130 10278 END
START -2576 352 -5892 24970 12755 10609 END
START -2580 744 -6292 22887 13457 11006 END
START -2540 1124 -6948 20807 14281 11438 END
START -2436 1348 -7216 18793 15052 12029 END
START -2412 1564 -7140 16755 15886 12629 END
START -2220 1896 -7404 14861 16637 12971 END
START -1988 2352 -7172 13034 17345 13698 END
START -1504 2824 -6872 11210 17895 14248 END
START -764 3112 -6564 9529 18221 14767 END
START 196 3312 -6396 7925 18459 15245 END
START 744 3188 -6036 6414 18693 15607 END
START 1564 3044 -5468 4902 18864 16037 END