START -6260 10864 6436 4322 11315 -664 END
START -8716 7304 6164 5545 4419 -301 END
START -11628 5128 9600 6127 -981 -1551 END
START -16980 3164 12740 4125 2940 -1327 END
START -16104 312 10444 -331 12185 -617 END
START -20752 -4152 11352 -2240 17407 2842 END
START -24696 -6464 11536 -557 14401 9195 END
START -23956 -7488 9664 3046 9314 16547 END
START -21208 -8832 7268 6437 2945 23415 END
START -15912 -8904 2864 9101 -2319 29416 END
START -10144 -8952 -1912 9806 -7447 32767 END
START -4764 -8832 -6124 7641 -10351 32767 END
START -3036 -9104 -8100 3808 -10220 32767 END
START -2668 -10032 -8900 -645 -9262 32767 END
START 1104 -9988 -10780 -6723 -7330 32767 END
START 3356 -11000 -9768 -13840 -3887 32767 END
START 5132 -12216 -7360 -19862 -2241 32767 END
START 10588 -13164 -4652 -23783 -2734 32767 END
START 16544 -12476 -2112 -27354 -1761 32767 END
START 20864 -12044 1032 -30384 -329 32767 END
START 21508 -12116 4000 -32693 490 32204 END
START 25364 -11500 7516 -32768 1137 29980 END
START 32767 -10148 10324 -32768 5563 25235 END
START 32767 -7900 13424 -32768 12996 16003 END
START 32767 -7416 16508 -32768 21414 4841 END
START 32767 -10672 20416 -32768 25763 -4529 END
START 31332 -12236 23504 -32768 25995 -13148 END
START 29104 -13648 26084 -32768 21964 -19284 END
START 27488 -13044 27668 -31912 19145 -27263 END
START 30868 -14720 27772 -30653 22879 -32768 END
START 29388 -22032 30512 -29737 28431 -32768 END
START 17376 -29752 32767 -26778 26120 -32768 END
START -2596 -32768 32767 -22880 19211 -32768 END
START -4456 -32768 32767 -15882 12243 -32768 END
START -13520 -32768 32767 -7914 15757 -32768 END
START -22912 -32768 32767 -2090 22813 -32768 END
START -28908 -32564 32767 6217 23518 -32768 END
START -29680 -30748 32767 17321 18152 -31078 END
START -25820 -28968 32767 27655 13309 -23712 END
START -23436 -28412 32767 32767 10993 -19447 END
START -23148 -27612 29600 32767 12480 -15235 END
START -23564 -27152 24452 32767 15468 -8896 END
START -23292 -26984 20784 32767 18410 -1345 END
START -22576 -25976 16192 32767 17390 7128 END
START -18328 -23696 10204 32767 14737 14267 END
START -13436 -20968 4068 32767 12306 19498 END
START -8540 -17504 -600 32767 10632 22335 END
START -2760 -14464 -6304 32767 11504 23177 END
START 860 -10244 -12320 27173 12920 22043 END
START 3180 -6840 -14160 19672 11465 19146 END
START 9396 -1944 -19944 8521 12438 17505 END