START -176 18392 4572 1643 5684 5345 END
START -13272 3880 7724 2200 -661 7450 END
START -14580 3108 10652 1821 -1898 8721 END
START -14332 2820 12056 1821 -1788 8946 END
START -13008 2600 11552 2430 -2105 9177 END
START -11252 2096 9772 3079 -2614 9596 END
START -10296 1408 7332 3165 -2971 10610 END
START -9804 848 4996 2809 -3775 11965 END
START -8760 524 2060 1584 -4232 13855 END
START -8504 44 432 -210 -4655 16024 END
START -8060 -328 -872 -2423 -4514 18362 END
START -6556 -1116 -2020 -5493 -4270 20559 END
START -5184 -2252 -2784 -8128 -5484 22840 END
START -2780 -2880 -3276 -10490 -7176 24249 END
START -112 -4008 -3264 -13576 -7157 25748 END
START 3388 -4520 -3416 -17057 -7113 26098 END
START 6748 -5200 -2428 -20336 -6121 25013 END
START 7692 -5960 -868 -23673 -5459 23715 END
START 11288 -6684 1268 -26020 -5548 22595 END
START 15152 -7276 3008 -28213 -3804 20098 END
START 15792 -8400 4572 -30639 -2530 17739 END
START 19608 -9324 7332 -32768 -1660 15587 END
START 26456 -10064 11280 -32768 2745 10876 END
START 29164 -11024 15552 -32768 12103 4375 END
START 28868 -13100 18748 -32768 24237 -2943 END
START 23160 -15212 23672 -32768 30854 -8938 END
START 20340 -16520 28560 -32768 29556 -15280 END
START 17856 -16880 32767 -32487 21179 -21403 END
START 19144 -16044 32767 -24319 16948 -26911 END
START 17824 -15920 32580 -19075 16620 -32439 END
START 15464 -16108 29144 -16695 17468 -32768 END
START 12428 -18520 29036 -16226 19834 -32768 END
START 6548 -22164 32012 -15405 22016 -32768 END
START -156 -25764 32767 -11517 22192 -32768 END
START -9340 -28800 32767 -3957 19972 -32768 END
START -16488 -29280 32767 5319 14798 -32768 END
START -19296 -27440 32767 11918 12948 -32768 END
START -20720 -25304 32767 14743 15079 -27882 END
START -21292 -24028 32767 17745 17195 -20550 END
START -21140 -24040 32767 21683 17736 -15162 END
START -21136 -24204 30240 25412 17220 -11044 END
START -22848 -24352 26544 27950 17588 -6916 END
START -23060 -24164 22728 30135 18300 -1761 END
START -24004 -23280 18440 30861 19794 4533 END
START -23520 -22264 13496 30845 17548 11316 END
START -19964 -20364 10640 29537 16096 17107 END
START -17524 -18964 9400 27816 16394 21335 END
START -15804 -18140 7200 27439 13597 24949 END
START -13360 -16716 4692 27693 9660 27674 END
START -10904 -14584 1408 26504 6994 29780 END
START -9092 -13304 -1380 23255 5874 32364 END
START -6376 -11668 -3356 19457 4470 32767 END
START -2660 -9892 -4236 15193 3510 32767 END
START 3316 -7568 -4948 10479 3027 32767 END
START 7876 -5360 -2944 7022 2853 32767 END
START 12440 -2560 -1088 5103 2460 31118 END
START 13332 -316 -356 3104 1810 27054 END
START 14280 1380 -12 947 -139 23946 END
START 15828 2880 900 -2400 -381 21467 END
START 17616 3844 4060 -6488 2640 19543 END