START -13568 4620 13384 13605 -4569 -3810 END
START -9508 -1848 -2048 15378 -3123 -2494 END
START -13280 6048 8844 13519 -3785 -1447 END
START -15744 4804 12416 14144 -2780 -148 END
START -12672 5148 7852 13718 -2864 1022 END
START -16144 4592 11416 13129 -2738 2126 END
START -12184 4748 6032 12536 -2224 3117 END
START -14748 4192 9196 11996 -1641 4126 END
START -12040 4184 5944 11519 -699 5249 END
START -14040 3580 8460 11092 -490 6330 END
START -12684 3720 6784 10636 303 7451 END
START -12784 3720 7640 10297 468 8392 END
START -12416 3608 7744 9915 957 9389 END
START -11756 3460 7344 9603 955 10239 END
START -12040 3184 8228 9323 974 11028 END
START -10564 3092 7316 9176 905 11792 END
START -11248 2840 8716 9063 606 12406 END
START -9484 2856 7156 8964 565 12966 END
START -9988 2652 8432 8860 197 13560 END
START -9604 2576 8280 8752 -39 14005 END
START -8148 2700 7012 8584 -584 14509 END
START -8332 2232 7612 8428 -1070 14879 END
START -6872 1984 6632 8248 -1553 15237 END
START -6828 1560 7096 8060 -2119 15537 END
START -5976 1572 6804 7946 -2508 15796 END
START -5588 1580 6480 7762 -2963 16043 END
START -5536 1628 6284 7560 -3080 16344 END
START -4920 1708 5620 7370 -3386 16629 END
START -5080 1808 5576 7215 -3398 16888 END
START -4328 1952 4868 6969 -3488 17173 END
START -4568 1892 5036 6641 -3450 17366 END
START -4068 2052 4056 6281 -3439 17664 END
START -4388 1904 4012 5893 -3301 17972 END
START -3996 1864 3196 5425 -3067 18299 END
START -4220 1996 2984 4902 -2802 18714 END
START -4084 2056 2468 4388 -2382 19180 END
START -4404 2032 2264 3794 -1975 19730 END
START -4556 1884 1948 3198 -1442 20309 END
START -5160 1844 2028 2647 -1002 21046 END
START -5580 1908 2096 2130 -634 21824 END
START -5760 2032 1804 1720 -244 22702 END
START -7428 1372 4340 1578 -886 23762 END
START -5968 1536 824 1645 -1443 24799 END
START -5728 1636 1020 1251 -1020 25564 END
START -5072 1904 376 529 182 26211 END
START -5224 2140 524 -240 1210 26909 END
START -6084 1404 1140 -770 1887 27870 END
START -5972 968 156 -1368 2779 28859 END
START -5864 468 -308 -2048 4131 29868 END
START -5832 92 200 -2763 5718 30998 END
START -6168 -184 1556 -3118 5774 32137 END
START -5256 -832 1236 -3264 5461 32767 END
START -3128 -1404 -56 -3341 5343 32767 END
START -2508 -1916 248 -3567 5031 32767 END
START -664 -2384 -368 -3871 4720 32767 END
START 1432 -2596 -968 -4233 4236 32767 END
START 3488 -2776 -1364 -4782 3617 32767 END
START 5676 -2920 -2356 -5374 2753 32767 END
START 7992 -3056 -3248 -6040 2169 32767 END
START 10312 -2924 -4128 -6834 1659 32767 END
START 12368 -2388 -4540 -7788 1279 32767 END
START 14112 -1996 -5068 -8815 983 32483 END
START 15600 -1492 -5416 -9913 837 31153 END
START 16756 -1064 -5844 -11139 893 29685 END
START 17516 -704 -6384 -12432 967 28153 END
START 18184 -448 -7100 -13944 1508 26532 END
START 18256 -96 -6644 -15110 1784 25001 END
START 18064 184 -6620 -16873 2727 23601 END
START 16736 264 -4848 -18244 3056 22385 END
START 16252 300 -4684 -19724 4151 21448 END
START 15556 388 -4012 -20949 5006 20785 END
START 14920 176 -3860 -22159 6111 20339 END
START 14632 488 -3328 -23329 7634 19987 END
START 13668 648 -2124 -24170 7922 19907 END
START 12748 676 -224 -25046 8524 19781 END
START 13388 312 -1464 -26003 9599 19664 END
START 12564 120 1804 -26967 10249 19500 END
START 12536 352 2944 -27576 10252 19534 END
START 12816 12 3736 -27981 10147 19609 END
START 13804 -44 4048 -28413 10333 19581 END
START 14636 452 5396 -28705 10289 19522 END
START 15692 512 5744 -28982 10399 19397 END
START 16324 608 7568 -29212 10236 19132 END
START 17196 496 8964 -29297 9932 18821 END
START 19632 132 8212 -29655 11195 18142 END
START 20696 396 10800 -29892 11686 17335 END
START 21992 656 12024 -29791 11642 16646 END
START 24188 628 13168 -29570 11537 15636 END
START 25416 836 14100 -29392 11534 14425 END
START 26852 1232 15740 -29132 11141 13052 END
START 28216 1672 16784 -28790 10627 11465 END
START 29448 1960 17704 -28406 10165 9682 END
START 30600 2152 18440 -27979 9775 7775 END
START 31492 2492 19208 -27468 9411 5847 END
START 32236 2564 19972 -26962 9108 3884 END
START 32767 2564 20500 -26463 8938 1872 END
START 32767 2504 20732 -25871 8850 -239 END
START 32752 2692 21328 -25433 8714 -2251 END
START 32244 2996 21616 -24936 8586 -4136 END
START 31072 3316 22268 -24548 8310 -5890 END
START 29920 3556 22368 -24241 7872 -7558 END
START 28500 3436 22924 -23964 7335 -8879 END
START 27272 3024 22728 -23629 6797 -10023 END
START 26220 2856 22916 -23380 6303 -11052 END
START 25524 2584 22424 -23091 6127 -11901 END
START 24344 2920 22588 -22841 5983 -12774 END
START 23688 3264 22496 -22813 5903 -13546 END
START 23228 3456 22516 -22853 5903 -14360 END
START 22976 3544 22504 -23000 6065 -15183 END
START 22640 3456 22516 -23242 6405 -16081 END
START 22548 3428 22952 -23435 6752 -16881 END
START 22288 3400 23516 -23623 7293 -17800 END
START 22372 3300 24064 -23723 7788 -18716 END
START 22660 3032 24424 -23664 8401 -19652 END
START 22856 2896 24956 -23583 8992 -20778 END
START 22940 2568 25228 -23385 9621 -21992 END
START 22560 2332 25968 -23204 10099 -23309 END
START 22216 2280 26336 -22989 10428 -24735 END
START 21640 2092 26680 -22829 10554 -26224 END
START 20816 1908 27428 -22624 10397 -27699 END
START 19756 1644 27988 -22384 9993 -29083 END
START 18400 1468 28476 -22116 9320 -30491 END
START 17172 1128 29028 -21742 8438 -31759 END
START 15764 1024 29792 -21321 7385 -32768 END
START 14252 500 30352 -20920 6303 -32768 END
START 12760 224 30900 -20420 5179 -32768 END
START 10976 -236 31520 -19811 3985 -32768 END
START 9784 -720 32144 -19281 2957 -32768 END
START 8836 -1116 32720 -18620 1984 -32768 END
START 7772 -1284 32767 -17992 1120 -32768 END
START 7420 -1216 32767 -17294 450 -32768 END
START 7144 -1196 32767 -16560 99 -32768 END
START 7020 -1292 32767 -15894 -6 -32768 END
START 6752 -1444 32767 -15197 86 -32768 END
START 6200 -1764 32767 -14791 179 -32768 END
START 5204 -2116 32767 -14250 280 -32768 END
START 3968 -2536 32767 -13534 309 -32768 END
START 2564 -2840 32767 -12938 240 -32768 END
START 1124 -2848 32767 -12384 152 -32768 END
START 272 -2916 32767 -11741 141 -32768 END
START -924 -2976 32767 -11105 49 -32768 END
START -1624 -3196 32767 -10368 172 -32768 END
START -2300 -3212 32767 -9540 268 -32768 END
START -2896 -3332 32767 -8629 312 -32768 END
START -3612 -3372 32767 -7561 202 -32768 END
START -4320 -3500 32767 -6473 72 -32768 END
START -4760 -3832 32767 -5318 -127 -32768 END
START -5424 -4120 32767 -4036 -368 -32768 END
START -6260 -4380 32767 -2726 -781 -32768 END
START -7052 -4456 32767 -1416 -1222 -32768 END
START -7412 -4760 32767 -66 -1716 -32768 END
START -7948 -5168 32767 1304 -2158 -32768 END
START -8740 -5476 32767 2718 -2655 -32768 END
START -9324 -5696 32767 4090 -3174 -32768 END
START -10064 -6024 32767 5597 -3689 -32768 END
START -11112 -6112 32767 7156 -4303 -32068 END
START -12008 -6000 32767 8761 -4820 -31213 END
START -12508 -6120 32767 10331 -5180 -30315 END
START -13108 -6120 32767 12031 -5339 -29254 END
START -13820 -6060 32767 13737 -5484 -28123 END
START -14052 -6128 32767 15404 -5373 -26937 END
START -13824 -6348 32767 17041 -5038 -25710 END
START -13572 -6272 32767 18654 -4471 -24534 END
START -13712 -6224 32767 20209 -3901 -23376 END
START -13608 -6144 32767 21622 -3309 -22231 END
START -13556 -6356 32767 23066 -2695 -21083 END
START -13604 -6296 32767 24366 -2189 -19991 END
START -13980 -6292 32767 25687 -1737 -18810 END
START -14164 -6288 32767 27051 -1413 -17632 END
START -14156 -6264 32767 28488 -1025 -16428 END
START -14160 -6564 32767 30000 -638 -15242 END
START -14112 -6652 32767 31560 -207 -13971 END
START -14244 -6740 32767 32767 150 -12748 END
START -14216 -6916 32767 32767 446 -11471 END
START -14060 -7020 32767 32767 691 -10265 END
START -13992 -7120 32767 32767 825 -9057 END
START -13844 -7112 32592 32767 819 -7959 END
START -13852 -7256 31368 32767 651 -6869 END
START -13540 -7368 29912 32767 437 -5779 END
START -13308 -7452 28260 32767 108 -4751 END
START -12768 -7348 26348 32767 -210 -3650 END
START -11988 -7424 24348 32767 -485 -2692 END
START -11168 -7216 22612 32767 -749 -1757 END
START -10384 -6980 20552 32767 -972 -867 END
START -9312 -6576 18392 32767 -1077 -58 END
START -8072 -6628 16152 32767 -1021 525 END
START -6756 -6372 13632 32767 -660 1055 END
START -5964 -5788 11416 32767 75 1454 END
START -5104 -5308 9052 32767 858 1785 END
START -4848 -4432 6968 32767 1782 2076 END
START -4192 -3868 4704 32767 2802 2376 END
START -4000 -3560 3256 32767 3765 2700 END
START -3628 -3024 1128 32767 4777 3082 END
START -3832 -2620 -784 32767 5809 3478 END
START -4084 -2096 -2116 32767 6516 3910 END
START -4256 -1348 -3552 32767 7024 4430 END
START -4544 -904 -4020 32041 7261 5020 END
START -4316 -808 -5292 30104 7271 5559 END
START -4560 -420 -6240 28087 7074 6089 END
START -5008 -372 -6636 25541 6432 6618 END
START -5248 -1024 -6220 23059 4958 7190 END
START -5268 1256 -9324 20631 4943 7794 END
START -5556 2652 -9268 18169 4664 8332 END
START -4616 4288 -9708 15780 4969 8927 END
START -4408 4084 -9540 13455 5257 9412 END
START -2888 4208 -10244 11403 6341 9807 END