START -12048 11464 9712 1077 9416 -845 END
START -8732 6968 10228 2075 6656 156 END
START -17892 2876 18636 3030 2342 1790 END
START -17668 3524 16848 3300 843 5150 END
START -14360 2752 16424 5175 430 7943 END
START -10340 1588 14704 4818 1578 10205 END
START -9004 1952 10316 5488 4162 12723 END
START -9484 1148 8132 4278 5464 15090 END
START -11888 1036 4996 3790 4901 17020 END
START -11344 732 -152 1139 2639 18633 END
START -10616 -120 -3216 -2442 413 20217 END
START -10736 -1736 -3584 -6026 -669 22852 END
START -11200 -3636 -4228 -9689 -1020 26134 END
START -9788 -6560 -6276 -14241 -1225 30307 END
START -6992 -9104 -6840 -19524 -2013 32767 END
START -2188 -11900 -6352 -24931 -652 32767 END
START 3960 -13620 -4504 -29893 1293 32767 END
START 9504 -14948 64 -32768 901 32767 END
START 16096 -15264 5408 -32768 1294 31536 END
START 23244 -13512 9396 -32768 3649 25491 END
START 24176 -13308 13148 -32768 4212 19012 END
START 27848 -12312 18408 -32768 4613 14480 END
START 32392 -10664 22516 -32768 8995 8753 END
START 32767 -8976 22244 -31510 15836 1390 END
START 32767 -9812 22796 -31571 22704 -7181 END
START 30044 -12008 24844 -30172 26569 -16863 END
START 23296 -15300 27096 -26579 23045 -24983 END
START 17532 -17640 28852 -22339 16882 -30743 END
START 15208 -18920 29448 -18387 16439 -32768 END
START 12772 -19584 27360 -17429 19357 -32768 END
START 8556 -20976 27360 -16995 18402 -32768 END
START 3244 -23352 31972 -14936 12335 -32768 END
START 36 -25456 32767 -10364 5779 -32768 END
START -5396 -25212 32767 -5831 2934 -32768 END
START -10768 -23196 32767 -374 2696 -32768 END
START -11480 -19788 32767 3535 5250 -26805 END
START -8648 -17216 32767 6538 10007 -21093 END
START -7516 -15760 32767 11040 10744 -18814 END
START -6208 -14912 32767 17159 7497 -19758 END
START -6008 -15836 32767 23243 5694 -22037 END
START -9576 -17680 32767 28568 5252 -22745 END
START -12732 -19020 32144 32382 6654 -20939 END
START -13980 -19724 27268 32767 10518 -17256 END
START -15664 -20072 22376 32767 16466 -12283 END
START -17464 -20096 17664 32767 18591 -6550 END
START -17844 -19668 14748 32767 17812 -1601 END
START -17860 -18780 12168 32767 15691 3353 END
START -16704 -17372 8756 32767 13179 8354 END
START -13736 -15656 4440 32767 13556 12775 END
START -12264 -13620 40 32767 15840 17567 END
START -12128 -11520 -2856 29926 16590 23372 END
START -7448 -10384 -4240 25767 18780 27625 END
START -5484 -8612 -5024 22156 18279 30463 END