START -1132 11016 9140 9318 4649 -2344 END
START -5620 800 3284 9592 1933 -682 END
START -22180 -1384 14100 10005 -2684 1345 END
START -15384 -1980 7876 9025 -2089 5310 END
START -17252 -2888 8976 8464 -1328 9387 END
START -18656 -3756 8572 8207 -889 13438 END
START -17432 -3948 6816 7741 -1807 17472 END
START -15268 -4116 5044 6566 -3040 20721 END
START -13852 -4416 3408 4951 -3543 23701 END
START -12952 -5116 2288 3296 -4882 27365 END
START -10180 -5400 272 1502 -6372 31111 END
START -7848 -6116 -1276 -714 -6579 32767 END
START -4364 -6432 -3524 -3746 -6277 32767 END
START -804 -7124 -5904 -8550 -4468 32767 END
START 2700 -7740 -5964 -13827 -2784 32767 END
START 8152 -7872 -4792 -18792 -860 32767 END
START 13000 -7904 -3432 -23243 1911 32767 END
START 13696 -8484 -924 -25720 1550 32767 END
START 15436 -8288 -820 -27428 -1963 32767 END
START 17728 -8304 -656 -29593 -7164 30965 END
START 22668 -8916 1552 -32721 -10308 29089 END
START 32180 -8360 4960 -32768 -6443 24644 END
START 32767 -7944 8240 -32768 2035 17144 END
START 32767 -8920 11732 -32768 7552 8177 END
START 32767 -11324 15776 -32768 10046 -702 END
START 32767 -13456 20360 -32768 12345 -9358 END
START 32767 -15884 24984 -32768 14666 -17483 END
START 29200 -17228 27388 -32768 16448 -24583 END
START 27988 -17552 28524 -32768 15587 -30356 END
START 28944 -18904 29204 -30097 14600 -32768 END
START 26404 -21788 31444 -29019 16050 -32768 END
START 19564 -25440 32767 -27454 18086 -32768 END
START 12728 -28688 32767 -24514 20480 -32768 END
START 5456 -30588 32767 -18558 22747 -32768 END
START -3096 -31956 32767 -10942 24264 -32768 END
START -9448 -30948 32767 -2135 24931 -32768 END
START -10408 -30632 32767 5878 22765 -32768 END
START -12340 -29548 32767 12862 22871 -32768 END
START -16780 -29240 32767 18359 23620 -32768 END
START -21088 -28472 32416 21997 24617 -31956 END
START -23936 -27636 29408 24186 25347 -20427 END
START -21852 -27356 27292 26205 25760 -9152 END
START -16400 -26112 23808 27567 27043 -1085 END
START -12984 -25344 19836 28450 28072 3795 END
START -12976 -24676 16924 29900 27474 9072 END
START -11692 -22920 13252 31538 25536 15093 END
START -10320 -20912 9152 31799 23940 21524 END
START -7344 -18472 4352 30812 23024 28112 END