START 6348 12536 -5240 5241 8700 -4487 END
START -5948 6312 -180 2879 4154 -4571 END
START -11964 4320 2860 1324 1476 -2786 END
START -15764 4020 4924 -704 -168 514 END
START -14096 2676 6364 -1542 339 4015 END
START -12952 2504 6520 -2037 1014 7095 END
START -12684 1832 7948 -2216 1579 9120 END
START -12728 1888 8220 -1555 1032 10684 END
START -12380 2000 7636 -1257 640 12893 END
START -12168 2420 6824 -1346 369 15587 END
START -11184 2400 4804 -2016 -98 18511 END
START -8684 2584 2160 -4189 -1282 21858 END
START -6828 2080 -1324 -8385 -3141 24993 END
START -1940 1428 -1020 -13449 -3290 27428 END
START 3744 768 -568 -18058 -2926 26559 END
START 5548 -384 1432 -21574 -2607 25335 END
START 8616 -1196 4636 -23439 -822 23320 END
START 10324 -1756 4892 -24469 -391 20724 END
START 11172 -2424 4544 -26801 -3566 18846 END
START 16644 -2744 7996 -29488 -4918 17130 END
START 22124 -3180 13272 -30833 -962 13135 END
START 23632 -3064 16368 -30732 1904 7548 END
START 25532 -3640 21024 -29341 3673 1029 END
START 24092 -4208 23184 -26484 5220 -4867 END
START 21900 -4744 23964 -24404 7137 -9870 END
START 19516 -5872 26420 -22891 9578 -13101 END
START 19464 -6048 27540 -19656 12300 -17421 END
START 16812 -6028 25712 -17152 13130 -22560 END
START 14252 -6356 24736 -14953 11565 -27942 END
START 9820 -7288 23896 -14620 13862 -31981 END
START 5148 -7468 24356 -14242 14864 -32768 END
START 988 -8516 27448 -12902 15634 -32768 END
START -3196 -9816 30180 -10208 14708 -32768 END
START -9632 -12652 32767 -6284 14085 -32768 END
START -19220 -16320 32767 909 9181 -32768 END
START -27396 -17256 32767 10084 3402 -31411 END
START -27148 -16096 32767 16035 2077 -23120 END
START -22048 -14240 32767 19343 5190 -17540 END
START -21184 -12420 30380 20708 8275 -13707 END
START -20432 -10540 27900 22066 10664 -10076 END
START -21120 -9296 25656 24395 11103 -5617 END
START -18924 -8592 22924 26916 10456 -1054 END
START -16096 -8024 18732 28753 9598 2492 END
START -13632 -7252 14948 28670 10128 4665 END
START -13000 -7000 11316 26863 12468 6695 END
START -14404 -7004 7860 24350 14256 9756 END
START -16160 -6956 5840 22151 12991 13765 END
START -15696 -6996 4764 19967 10639 17808 END
START -16008 -6968 2672 18222 8417 22730 END
START -13244 -6240 -212 14805 6090 27930 END
START -9596 -5040 -1660 9519 6039 32226 END
START -4480 -4536 728 4230 7013 32767 END
START -3084 -4924 4996 2186 7637 32767 END
START 796 -4120 6536 2462 5685 32767 END
START 7316 -1032 4172 2797 1474 32767 END
START 17112 3992 724 -1265 -1572 32767 END
START 20300 7736 2244 -8409 2408 22586 END
START 15536 5868 8352 -11434 10616 16518 END
START 9160 5636 14984 -11099 14971 14279 END
START 9632 6520 13928 -9204 14135 12418 END