START -10132 8996 3592 1688 1499 -1955 END
START -14768 -2208 1768 74 177 2263 END
START -26636 -4944 11368 711 -2718 8742 END
START -24276 -5428 10740 1204 -4265 15154 END
START -19908 -5864 9328 2261 -6520 18820 END
START -15412 -6060 5980 2903 -8063 21063 END
START -12996 -5600 3968 2427 -9098 23215 END
START -11236 -5936 3180 767 -9629 26338 END
START -8400 -5852 2304 -1028 -10515 30421 END
START -1760 -5740 996 -3255 -10719 32767 END
START 4168 -4712 -168 -6023 -10003 32767 END
START 7496 -4332 -336 -9656 -7601 32767 END
START 7076 -4732 -4 -12602 -6066 32694 END
START 7868 -5340 -76 -14730 -6581 32545 END
START 10392 -5176 -376 -17755 -7112 32547 END
START 13756 -5288 20 -21516 -6087 31609 END
START 17144 -5652 1164 -24785 -3755 29437 END
START 21432 -5624 2332 -28303 -1926 24996 END
START 22344 -6380 4288 -31057 180 19716 END
START 22668 -7336 6600 -32768 815 15883 END
START 24624 -7792 7408 -32768 3430 11171 END
START 26036 -8884 9848 -32768 5700 6343 END
START 30348 -9336 13284 -32768 9717 -252 END
START 30568 -10592 18116 -32768 12700 -8166 END
START 28596 -12268 21304 -32768 14108 -16556 END
START 25224 -14408 25168 -32768 12404 -23434 END
START 25520 -15400 31336 -30859 9433 -29365 END
START 28432 -16624 32767 -27768 12641 -32768 END
START 21888 -20736 32767 -26902 21277 -32768 END
START 7528 -24208 32767 -24940 24859 -32768 END
START 1620 -25528 32767 -20861 24513 -32768 END
START -1640 -27348 32767 -14124 26321 -32768 END
START -8524 -28640 32767 -4698 24674 -32768 END
START -11800 -28508 32767 4633 20356 -32768 END
START -15704 -27988 32767 12023 18057 -32768 END
START -16424 -27892 32767 17404 20457 -32768 END
START -19832 -28092 32767 22053 22665 -26013 END
START -19080 -27500 31124 26539 22384 -18542 END
START -17564 -26692 26656 29855 22209 -12553 END
START -16488 -26304 22604 32381 21416 -7521 END
START -16904 -24904 18760 32767 19495 -2211 END
START -14536 -22852 16056 32767 18536 4226 END
START -11592 -21876 13928 32767 19425 10119 END
START -8868 -21028 10748 32767 19710 14727 END
START -8156 -19108 6076 32767 17707 16767 END
START -9124 -16724 180 32767 13498 16861 END
START -10460 -14436 -3808 29067 10926 17959 END
START -13020 -12340 -5844 22731 8473 21612 END
START -12704 -11108 -4588 16834 6368 26876 END
START -11396 -10672 -2068 11884 7063 32614 END
START -9328 -10048 -644 8487 8755 32767 END
START -5960 -10156 -636 5939 9139 32767 END
START -1128 -9180 -1500 3026 8601 32767 END
START 4448 -8004 -1836 -21 7793 32767 END
START 8088 -7348 -136 -3304 6923 32767 END
START 13504 -5140 -48 -6637 5892 32767 END
START 20172 -2800 2660 -9959 7176 32767 END