START -12240 5364 12964 5300 1033 2766 END
START -8352 932 -2352 7429 2726 3759 END
START -12768 6124 10960 5602 1402 4419 END
START -14324 5324 13856 7373 2403 5289 END
START -12288 5380 9548 7183 1888 6185 END
START -15536 4912 12844 7494 1641 7049 END
START -12344 4700 7940 7625 1952 7956 END
START -15552 4640 10964 7798 1800 8866 END
START -12716 4668 7972 7687 2025 10000 END
START -14844 4112 10480 7661 1332 10997 END
START -12564 3980 7552 7646 1325 11971 END
START -13264 3764 8452 7526 1033 13003 END
START -12132 3532 8032 7604 929 13754 END
START -11568 3492 7660 7591 625 14606 END
START -11236 3156 7732 7573 275 15315 END
START -9672 3112 6396 7511 136 16092 END
START -9056 2924 6132 7445 -279 16633 END
START -9208 2592 6552 7279 -346 17243 END
START -7576 2608 5084 7044 -744 17702 END
START -8056 2484 5816 6766 -927 18177 END
START -6528 2696 4072 6425 -1140 18607 END
START -6960 2644 4604 6082 -1319 18988 END
START -5972 2728 3524 5650 -1349 19437 END
START -6340 2752 3580 5252 -1416 19809 END
START -5876 2896 2624 4680 -1287 20306 END
START -5760 2732 2476 4143 -1156 20798 END
START -5432 2864 2064 3599 -906 21299 END
START -5320 2812 1636 2925 -606 21829 END
START -5484 2656 1656 2336 -239 22375 END
START -5308 2592 1116 1668 207 23013 END
START -5736 2124 1300 978 606 23724 END
START -5496 1868 896 386 1229 24464 END
START -5744 1864 640 -246 1852 25299 END
START -6320 1784 932 -844 2706 26164 END
START -6044 1776 452 -1473 3480 27112 END
START -6400 1568 884 -2072 4345 28083 END
START -6224 1332 616 -2617 5085 29114 END
START -6400 972 1068 -3182 5612 30046 END
START -6144 616 812 -3677 6120 31031 END
START -5916 284 1088 -4128 6199 31930 END
START -5316 -248 1252 -4504 6251 32767 END
START -4752 -688 1072 -4892 6143 32767 END
START -4248 -948 1108 -5244 5894 32767 END
START -3276 -1236 668 -5584 5630 32767 END
START -2644 -1120 544 -6014 5225 32767 END
START -1496 -1040 244 -6493 5031 32767 END
START -136 -264 -896 -6888 5100 32767 END
START 1980 -1696 444 -7602 5113 32767 END
START 4832 -3108 -468 -8032 4950 32767 END
START 6984 -3680 -128 -8785 4879 32767 END
START 9780 -4980 -276 -9492 4729 32767 END
START 12156 -4632 -676 -10231 4867 32767 END
START 14004 -3568 -1136 -10969 5339 32767 END
START 15536 -1880 -1268 -11704 5811 32767 END
START 16468 -480 -1464 -12442 6461 32685 END
START 17172 -796 -412 -13276 6717 31527 END
START 18752 -2260 -684 -14134 6812 30045 END
START 19572 -2408 -872 -14613 7019 28437 END
START 20412 -2064 -1368 -15587 7373 26769 END
START 20536 -1384 -1512 -16400 7697 25066 END
START 20464 -988 -1512 -17296 7907 23486 END
START 19920 -480 -1256 -18211 8019 22008 END
START 19144 -572 -948 -19219 8048 20762 END
START 18256 -672 -744 -20185 8074 19661 END
START 17108 -904 -168 -21134 7959 18815 END
START 16324 -908 508 -22026 7966 18147 END
START 15604 -1000 1064 -22826 7962 17631 END
START 15264 -1180 1676 -23544 8068 17240 END
START 15024 -1264 2244 -24206 8210 16979 END
START 14748 -1472 2972 -24882 8349 16767 END
START 14768 -1532 3616 -25526 8500 16690 END
START 14700 -1760 4476 -26154 8624 16600 END
START 14812 -1868 5584 -26626 8684 16506 END
START 15312 -2288 7004 -27045 8768 16415 END
START 16004 -2416 7764 -27243 8865 16320 END
START 16400 -2528 8492 -27292 9146 16169 END
START 16980 -2656 9212 -27243 9446 15970 END
START 17216 -2644 9892 -27191 9623 15716 END
START 17940 -2496 10832 -27112 9731 15390 END
START 18652 -2320 11224 -27038 9700 14985 END
START 19700 -2616 11392 -26950 9757 14470 END
START 20652 -2668 11776 -26926 9802 13831 END
START 22820 -3236 11588 -27017 10095 13038 END
START 23484 -4384 12000 -26747 10663 12181 END
START 23864 -3464 12200 -26784 10942 11094 END
START 23568 -2668 13236 -26853 10680 10022 END
START 23972 -1712 14004 -26974 10142 8973 END
START 25172 -1704 14340 -27156 9674 7864 END
START 26064 -1916 15032 -27252 9273 6727 END
START 27048 -1952 15988 -27354 8800 5406 END
START 28188 -1868 17020 -27369 8268 3949 END
START 28804 -1408 18056 -27235 7718 2390 END
START 29956 -1216 18700 -27045 7302 583 END
START 30816 -1640 19380 -26716 7100 -1336 END
START 31580 -1776 19460 -26269 7015 -3359 END
START 31360 -1776 20300 -25863 7042 -5521 END
START 30896 -1484 20772 -25388 6898 -7563 END
START 29984 -1360 21364 -25014 6690 -9578 END
START 29080 -1504 21300 -24599 6590 -11365 END
START 27992 -1756 21404 -24296 6550 -13088 END
START 26816 -2028 21536 -23953 6554 -14609 END
START 25460 -2236 21648 -23759 6500 -15858 END
START 23660 -2488 21536 -23663 6472 -16955 END
START 22360 -2524 21540 -23592 6402 -17868 END
START 21260 -2604 21440 -23616 6360 -18599 END
START 20040 -2808 21780 -23748 6338 -19201 END
START 19196 -2908 21960 -23887 6301 -19654 END
START 18284 -2772 22412 -24023 6323 -20026 END
START 17572 -2620 22724 -24146 6297 -20308 END
START 17028 -2628 23096 -24174 6253 -20510 END
START 16812 -2356 23420 -24223 6254 -20727 END
START 16916 -2028 23928 -24314 6323 -20991 END
START 17256 -1584 24660 -24466 6546 -21364 END
START 17696 -1380 25292 -24643 6817 -21875 END
START 18000 -1064 26448 -24825 7094 -22490 END
START 18416 -924 27552 -24935 7456 -23260 END
START 18720 -908 28828 -24954 7781 -24206 END
START 18768 -1200 30216 -24811 8166 -25269 END
START 18692 -1412 31768 -24375 8512 -26445 END
START 18428 -1596 32767 -23812 8796 -27730 END
START 17928 -1784 32767 -23104 8973 -28947 END
START 16976 -1968 32767 -22236 9049 -30192 END
START 15924 -2160 32767 -21256 8936 -31358 END
START 14932 -2304 32767 -20248 8798 -32355 END
START 13548 -2676 32767 -19192 8491 -32768 END
START 12584 -2880 32767 -18200 8173 -32768 END
START 11756 -2804 32767 -17156 7739 -32768 END
START 10636 -3048 32767 -16209 7111 -32768 END
START 9804 -3104 32767 -15183 6311 -32768 END
START 8960 -3224 32767 -14516 5520 -32768 END
START 8424 -3416 32767 -13381 4725 -32768 END
START 7696 -3724 32767 -12574 3898 -32768 END
START 7264 -3904 32767 -11781 3260 -32768 END
START 6912 -4192 32767 -10906 2690 -32768 END
START 6572 -4364 32767 -10098 2315 -32768 END
START 6092 -4664 32767 -9194 2083 -32768 END
START 5300 -4996 32767 -8313 1871 -32768 END
START 4440 -5580 32767 -7396 1686 -32768 END
START 3440 -6080 32767 -6499 1505 -32768 END
START 2240 -6736 32767 -5570 1303 -32768 END
START 956 -7140 32767 -4641 1062 -32768 END
START -384 -7276 32767 -3615 770 -32768 END
START -1544 -7248 32767 -2572 417 -32768 END
START -2856 -7384 32767 -1398 -88 -32768 END
START -3892 -7636 32767 -125 -579 -32768 END
START -4912 -8072 32767 1200 -1023 -32768 END
START -5844 -8396 32767 2571 -1394 -32768 END
START -6928 -8512 32767 3922 -1615 -32768 END
START -7904 -8684 32767 5218 -1839 -32768 END
START -9024 -8752 32767 6503 -2028 -32768 END
START -10052 -8680 32767 7711 -2049 -32768 END
START -11248 -8792 32767 8896 -2033 -32768 END
START -12244 -8656 32767 9977 -1799 -32768 END
START -13232 -8640 32767 10991 -1561 -32768 END
START -13776 -8432 32767 11991 -1328 -32768 END
START -14336 -8224 32767 13000 -941 -32507 END
START -14876 -8100 32767 14062 -676 -31178 END
START -15060 -7980 32767 15002 -385 -29865 END
START -15568 -7828 32767 16038 -218 -28539 END
START -16052 -7696 32767 16979 -175 -27205 END
START -16432 -7688 32767 17928 -231 -25839 END
START -17008 -7680 32767 18861 -452 -24411 END
START -17368 -7616 32767 19787 -633 -22889 END
START -17572 -7548 32767 20730 -825 -21378 END
START -17544 -7656 32767 21758 -948 -19828 END
START -17648 -7580 32767 22787 -1044 -18337 END
START -17444 -7488 32767 23858 -1138 -16875 END
START -17280 -7384 32767 24929 -1241 -15495 END
START -17048 -7108 32767 26002 -1252 -14147 END
START -16880 -7176 32492 27038 -1123 -12894 END
START -16716 -6964 31812 28045 -914 -11556 END
START -16500 -7000 31096 29034 -607 -10222 END
START -16472 -6908 30276 29902 -211 -8934 END
START -16148 -6912 29868 30808 280 -7612 END
START -16292 -6704 29328 31627 829 -6288 END
START -16004 -6768 28600 32507 1474 -5016 END
START -15852 -6644 27768 32767 2097 -3733 END
START -15856 -6740 26868 32767 2632 -2384 END
START -15968 -6868 26252 32767 2971 -1094 END
START -15788 -6812 25360 32767 3230 200 END
START -15744 -6956 24276 32767 3321 1463 END
START -15644 -6932 23164 32767 3352 2687 END
START -15784 -6876 22124 32767 3285 3909 END
START -15792 -6988 21068 32767 3138 5208 END
START -15908 -6804 19752 32767 2989 6531 END
START -15804 -6636 18528 32767 2911 7860 END
START -15612 -6292 17188 32767 2879 9162 END
START -15460 -6160 16000 32767 2958 10450 END
START -15272 -5860 14900 32767 3164 11857 END
START -14988 -5780 13884 32767 3448 12940 END
START -15136 -5580 12876 32767 3713 14543 END
START -14524 -5384 11312 32767 4109 15906 END
START -13916 -5448 9640 32767 4522 17263 END
START -13264 -5036 8212 32767 5004 18602 END
START -12304 -4640 6288 32767 5442 19812 END
START -12168 -3692 5084 32767 5395 20818 END
START -10392 -3740 2572 32767 5297 21779 END
START -8756 -3932 940 32767 5028 22573 END
START -7092 -3924 -964 32767 4813 23181 END
START -5492 -3780 -2404 32767 4620 23630 END
START -3688 -3372 -4200 32767 4513 23930 END
START -1800 -2724 -5852 32767 4480 24040 END
START 252 -2044 -7368 31140 4521 24004 END
START 2072 -1468 -8664 29146 4601 23768 END
START 4088 -1040 -9876 26999 4703 23328 END
START 5776 -444 -11052 24704 4968 22779 END
START 7296 -12 -11880 22242 5390 21967 END
START 8624 712 -12524 19722 5876 21079 END
START 9808 1292 -12672 17178 6636 20088 END
START 10664 1852 -12208 14598 7308 19021 END
START 11268 2284 -11348 11998 8213 17880 END
START 11920 2504 -10424 9662 9202 16806 END
START 12028 2168 -9212 7510 10398 15769 END
START 12384 2392 -7832 5432 11749 14772 END
START 12128 2932 -6132 3554 13002 13857 END
START 11364 3484 -3372 1914 13585 13086 END