START -26988 3668 8264 8014 -15 6567 END
START -10584 712 1144 8096 -4779 14477 END
START -22248 -1056 12788 7859 -6495 21043 END
START -9296 -1496 6664 6589 -4368 25201 END
START -7532 -1108 6788 5436 -2385 27285 END
START -4288 -1084 5996 3761 559 27583 END
START -3412 -972 3752 1679 3930 26994 END
START -4040 -1076 612 -1370 4987 26937 END
START -5156 -1944 -908 -5226 5977 28535 END
START -5160 -2500 -1644 -9702 7328 30846 END
START -3480 -3376 -1112 -14681 9829 32767 END
START -1480 -4596 732 -18629 10625 32767 END
START 4272 -4712 2596 -20715 9207 32767 END
START 8728 -4720 2144 -22153 7737 30782 END
START 9716 -4792 3140 -24310 4419 26024 END
START 11712 -5756 5536 -25747 416 23030 END
START 14516 -5708 7304 -27200 -733 20412 END
START 16972 -6268 8564 -29173 2150 16982 END
START 21308 -6560 10532 -32590 7272 14057 END
START 24524 -6744 14400 -32768 13228 8700 END
START 24844 -7804 18976 -32768 16757 2363 END
START 22876 -8872 23020 -32768 16492 -4256 END
START 22200 -9464 25952 -31665 14494 -10371 END
START 21016 -10188 28536 -28402 12962 -15558 END
START 20324 -10252 29172 -25251 12680 -20524 END
START 18660 -10256 28836 -22912 13212 -25033 END
START 17056 -11356 29336 -21295 13606 -30397 END
START 13440 -12912 31376 -18688 13586 -32768 END
START 8256 -14884 32767 -15612 11574 -32768 END
START 4648 -16312 32767 -12608 9971 -32768 END
START 836 -18196 32767 -9775 9558 -32768 END
START -2760 -20724 32767 -6386 10022 -32768 END
START -8872 -22124 32767 -1053 9029 -32768 END
START -13724 -22740 32767 6539 5969 -32768 END
START -14488 -22728 32767 13656 5256 -32768 END
START -14484 -21944 32767 18975 8394 -27672 END
START -15584 -20876 32767 22849 12630 -21264 END
START -16276 -19704 31744 25310 15364 -15607 END
START -15112 -18992 27300 27549 16082 -11144 END
START -15588 -18736 24904 29805 14831 -8084 END
START -17732 -19316 22588 32517 11596 -4770 END
START -18968 -19248 19236 32767 8798 221 END
START -18504 -18656 15172 32767 8875 5525 END
START -20064 -17572 11756 32767 10181 11196 END
START -18584 -16056 7492 31522 10660 17964 END
START -16208 -14880 5480 27931 9981 24015 END
START -14216 -14080 5096 24967 8475 29175 END
START -12488 -13504 5972 23337 6158 32767 END
START -9408 -12844 7256 22716 5365 32767 END
START -3540 -10612 6588 18652 6860 32767 END