START -6432 7824 13136 6387 1828 -270 END
START -3944 4588 -380 7781 3064 473 END
START -9492 7552 11316 5448 2501 974 END
START -9944 7132 13204 6378 3004 1648 END
START -9444 7516 12904 5743 2947 2499 END
START -9548 7256 12584 5659 2220 3249 END
START -11408 6664 14144 5459 2642 4110 END
START -8384 6912 11468 5359 2191 4831 END
START -10928 6412 15092 5206 2454 5565 END
START -8248 6380 11684 5205 2495 6198 END
START -10372 5800 14752 5119 2718 6846 END
START -8500 5900 12872 5095 3008 7497 END
START -9784 5336 14904 5050 2875 8112 END
START -8860 5104 14008 5151 3118 8761 END
START -9016 4708 14612 5332 2847 9307 END
START -8912 4420 14780 5514 3007 9857 END
START -8460 4176 14752 5761 2686 10353 END
START -8888 3824 15768 6098 2634 10841 END
START -7788 3640 14448 6469 2343 11259 END
START -8304 3252 15364 6801 2248 11681 END
START -7148 3128 13896 7129 2169 12049 END
START -8016 2864 14968 7478 2093 12273 END
START -6992 3024 13388 7724 2166 12802 END
START -7848 2780 13952 7918 2087 12895 END
START -7164 2608 12632 8073 2288 13522 END
START -7628 2492 12640 8231 2257 13915 END
START -7492 2444 11800 8311 2458 14451 END
START -7828 2344 11748 8360 2364 14960 END
START -8008 2496 11280 8386 2388 15496 END
START -8024 2492 10460 8312 2313 16077 END
START -8224 2408 10384 8268 2245 16687 END
START -7980 2364 9572 8211 2133 17259 END
START -8080 2176 9560 8174 1988 17887 END
START -7848 2012 8636 8136 1847 18540 END
START -8092 1956 8668 8093 1659 19200 END
START -7728 2032 7420 8004 1525 19858 END
START -8036 1900 7308 7893 1282 20578 END
START -7712 1768 6204 7732 1116 21362 END
START -7980 1536 5920 7525 853 22092 END
START -7796 1468 5328 7260 668 22852 END
START -7728 1476 4380 6963 422 23661 END
START -7688 1412 3664 6569 211 24477 END
START -7572 1352 2844 6104 87 25246 END
START -7292 1256 2080 5600 -56 26060 END
START -7080 1312 1160 5055 -56 26868 END
START -6592 1028 624 4329 -2 27695 END
START -6288 844 -8 3672 170 28417 END
START -5804 788 -616 2926 411 29076 END
START -5008 676 -1040 2100 735 29719 END
START -4188 348 -1220 1280 1144 30292 END
START -3036 292 -1784 378 1584 30803 END
START -2032 -48 -2132 -570 2139 31252 END
START -936 -264 -2332 -1549 2715 31534 END
START 52 -336 -2300 -2544 3275 31767 END
START 968 -452 -2620 -3559 3851 31879 END
START 1724 -436 -2580 -4625 4384 31912 END
START 2232 -504 -2376 -5650 4943 31900 END
START 3228 -520 -2068 -6673 5544 31888 END
START 4004 -708 -1808 -7613 6154 31786 END
START 4760 -800 -1600 -8451 6720 31697 END
START 5188 -992 -1056 -9253 7321 31563 END
START 5272 -1000 -792 -9895 7758 31353 END
START 5288 -956 -288 -10493 8026 31142 END
START 5228 -884 176 -11048 8121 30956 END
START 5152 -816 540 -11517 7978 30730 END
START 5100 -896 616 -11909 7710 30609 END
START 5112 -1088 568 -12312 7369 30412 END
START 5268 -1212 436 -12672 6950 30282 END
START 5512 -1368 444 -13109 6477 30159 END
START 5524 -1280 136 -13610 5981 30074 END
START 5740 -924 -224 -14174 5428 29996 END
START 5928 -780 -416 -14803 4839 29955 END
START 5964 -808 -424 -15515 4229 29930 END
START 6644 -1036 -656 -16313 3650 29849 END
START 7492 -1284 -828 -17154 3182 29794 END
START 8540 -1636 -1196 -17859 2866 29766 END
START 9812 -1720 -1172 -18616 2798 29713 END
START 11316 -1824 -1516 -19413 2856 29590 END
START 12636 -1764 -1344 -20347 3155 29315 END
START 13984 -1764 -1084 -21358 3564 28914 END
START 15872 -1764 -900 -22371 4197 28370 END
START 17616 -1624 -224 -23350 4994 27686 END
START 19316 -1496 316 -24330 5966 26818 END
START 20708 -1376 868 -25228 7077 25772 END
START 21792 -1424 1868 -26003 8189 24510 END
START 22608 -1440 2696 -26633 9240 23158 END
START 23448 -1356 3728 -27227 10269 21630 END
START 23984 -1284 4492 -27641 11125 20151 END
START 24208 -1136 5220 -28074 11906 18610 END
START 24476 -1076 5808 -28471 12523 17110 END
START 24624 -988 6648 -28851 12813 15719 END
START 24728 -924 7336 -29167 13306 14305 END
START 24856 -856 8328 -29488 13195 13095 END
START 24852 -904 9248 -29605 13119 11874 END
START 25316 -968 9692 -29728 12950 10504 END
START 25624 -1028 10552 -29787 12299 9183 END
START 25980 -900 11472 -29800 11798 7916 END
START 26376 -792 12364 -29807 11215 6557 END
START 26708 -612 12764 -29811 10725 5196 END
START 27164 -536 13592 -29863 10344 3893 END
START 27344 -408 14408 -29897 10005 2567 END
START 27500 -528 15224 -29886 9810 1217 END
START 27560 -420 15904 -29849 9734 -62 END
START 27496 -532 16680 -29666 9783 -1225 END
START 27452 -608 17504 -29434 9962 -2422 END
START 26984 -732 18208 -29173 10157 -3565 END
START 26652 -648 19052 -28848 10435 -4634 END
START 25996 -648 19764 -28512 10633 -5623 END
START 25572 -564 20664 -28117 10839 -6533 END
START 25236 -580 21612 -27727 10929 -7388 END
START 24996 -548 22296 -27229 10923 -8180 END
START 25116 -572 23168 -26694 10890 -9042 END
START 25320 -548 23624 -25979 10903 -9959 END
START 25696 -724 24024 -25261 10974 -10938 END
START 25848 -784 24196 -24443 11106 -12060 END
START 26180 -788 24176 -23693 11159 -13225 END
START 26292 -812 24168 -22953 11197 -14455 END
START 26264 -740 24072 -22412 11139 -15781 END
START 26068 -712 23760 -21920 10952 -17126 END
START 25520 -1024 23552 -21552 10501 -18472 END
START 24964 -1212 23332 -21149 9900 -19851 END
START 24300 -1268 23148 -20854 9155 -21211 END
START 23648 -1280 22912 -20602 8390 -22578 END
START 23152 -1328 22588 -20469 7703 -23928 END
START 22700 -1316 22532 -20389 7251 -25318 END
START 22448 -1336 22156 -20398 6983 -26667 END
START 21924 -1492 22280 -20461 6914 -28044 END
START 21468 -1708 22576 -20582 7036 -29463 END
START 20840 -2176 22908 -20649 7272 -30742 END
START 19976 -2632 23500 -20680 7522 -32017 END
START 19112 -2968 24168 -20596 7837 -32768 END
START 18160 -3232 24800 -20383 7971 -32768 END
START 17152 -3548 25344 -20109 7981 -32768 END
START 16124 -4012 25804 -19766 7905 -32768 END
START 14984 -4532 26532 -19304 7641 -32768 END
START 13608 -4932 27060 -18897 7368 -32768 END
START 12124 -5432 27740 -18353 6918 -32768 END
START 10804 -5568 28548 -17874 6435 -32768 END
START 9336 -5692 29224 -17326 5867 -32768 END
START 7868 -5864 30028 -16704 5189 -32768 END
START 6452 -6096 30736 -16064 4494 -32768 END
START 5164 -6184 31244 -15366 3732 -32768 END
START 4156 -6248 31716 -14412 3078 -32768 END
START 3112 -6244 32156 -13896 2529 -32768 END
START 2232 -6312 32448 -13037 2111 -32768 END
START 1404 -6376 32767 -12282 1885 -32768 END
START 740 -6244 32767 -11519 1767 -32768 END
START 152 -6240 32767 -10748 1776 -32768 END
START -360 -6060 32767 -9945 2014 -32768 END
START -752 -5984 32767 -9139 2320 -32768 END
START -904 -6012 32767 -8329 2794 -32768 END
START -1220 -6088 32767 -7511 3246 -32768 END
START -1736 -6096 32767 -6714 3580 -32768 END
START -2252 -6056 32767 -5906 3720 -32768 END
START -3068 -6220 32767 -5183 3618 -32768 END
START -4056 -6244 32767 -4350 3366 -32768 END
START -4584 -6228 32767 -3577 2938 -32768 END
START -5264 -6344 32767 -2721 2425 -32768 END
START -5756 -6472 32767 -1860 1889 -32768 END
START -6280 -6652 32767 -916 1364 -32768 END
START -6752 -6896 32767 86 879 -32768 END
START -7440 -7184 32767 1073 567 -32768 END
START -8120 -7284 32767 2042 401 -32768 END
START -8848 -7260 32767 3001 375 -32768 END
START -9696 -7064 32767 3858 419 -32768 END
START -10320 -6940 32767 4743 552 -32768 END
START -10564 -6860 32767 5601 814 -32768 END
START -10748 -6872 32767 6450 1089 -32768 END
START -10608 -7120 32767 7311 1437 -32480 END
START -10496 -7256 32767 8150 1750 -31657 END
START -10456 -7484 32767 9121 2098 -30881 END
START -10524 -7632 32767 10116 2473 -30156 END
START -10836 -7736 32767 11177 2761 -29373 END
START -11408 -7736 32767 12289 2993 -28638 END
START -11896 -7784 32767 13448 3080 -27772 END
START -12484 -7680 32767 14609 3103 -26882 END
START -12964 -7448 32767 15678 3047 -25956 END
START -13208 -7388 32767 16730 2897 -24997 END
START -13412 -7248 32767 17748 2715 -24005 END
START -13508 -7408 32767 18675 2484 -23037 END
START -13532 -7448 32767 19563 2222 -22134 END
START -13592 -7656 32767 20400 1973 -21166 END
START -13660 -7824 32767 21285 1797 -20128 END
START -13744 -7824 32700 22079 1627 -19079 END
START -13904 -7872 32512 22832 1575 -18020 END
START -14036 -8032 32060 23611 1569 -16913 END
START -14092 -7944 31788 24385 1661 -15807 END
START -14148 -7760 31488 25155 1845 -14746 END
START -14204 -7900 31232 25846 2093 -13702 END
START -14240 -7944 31024 26551 2363 -12688 END
START -14368 -8180 31044 27318 2668 -11652 END
START -14280 -8308 30708 28073 3076 -10638 END
START -14236 -8472 30328 28839 3610 -9583 END
START -14408 -8760 30032 29575 4136 -8516 END
START -14588 -8856 29688 30377 4637 -7387 END
START -14812 -9016 29200 31134 5075 -6260 END
START -14988 -9060 28736 31915 5546 -5109 END
START -15028 -9088 28324 32661 5912 -3856 END
START -15300 -9112 27344 32767 6188 -2546 END
START -15268 -9140 26752 32767 6352 -1188 END
START -15260 -9412 25860 32767 6391 198 END
START -14816 -9364 24764 32767 6451 1535 END
START -14440 -9316 23388 32767 6528 2893 END
START -14148 -9152 22304 32767 6502 4240 END
START -13396 -9332 20692 32767 6462 5490 END
START -12812 -9324 19032 32767 6367 6869 END
START -11852 -9036 17396 32767 6238 8071 END
START -10756 -8396 15944 32767 6319 9266 END
START -9644 -7832 14248 32767 6502 10349 END
START -8944 -6920 12328 32767 6817 11302 END