START -10924 5432 7352 6627 2066 3028 END
START -7204 1744 -6160 7888 3631 4088 END
START -12492 5820 4608 5785 3212 5033 END
START -11136 6852 5000 6364 4619 6079 END
START -13052 5460 5004 5416 4315 7029 END
START -13552 5184 5932 4811 3705 7967 END
START -13692 4680 5512 4163 4041 8904 END
START -11840 4472 2964 3674 3973 9863 END
START -14560 3924 6520 3333 4569 10933 END
START -12460 4252 3788 3101 4375 12031 END
START -15388 4080 6408 2953 4486 13135 END
START -14016 4164 4224 2796 3957 14495 END
START -16116 3384 5740 2766 3451 15781 END
START -15288 3296 4348 2695 2786 17193 END
START -16408 3048 4952 2639 1784 18600 END
START -16112 3040 3976 2473 1075 20080 END
START -16052 2956 3672 2247 27 21534 END
START -16004 2668 3840 1997 -594 22882 END
START -14916 2496 2480 1660 -1309 24293 END
START -14980 2252 2996 1250 -1631 25695 END
START -13100 2072 1140 823 -1716 27081 END
START -12900 1480 1560 245 -1303 28388 END
START -11116 1192 260 -372 -760 29702 END
START -11028 672 656 -1055 -19 30882 END
START -9556 368 -112 -1821 845 32013 END
START -9176 0 272 -2572 1561 32767 END
START -7680 -308 -516 -3308 2360 32767 END
START -6924 -476 -404 -4099 3123 32767 END
START -6076 -844 88 -4931 3798 32767 END
START -4884 -1036 108 -5769 4403 32767 END
START -3748 -1000 248 -6592 4806 32767 END
START -2956 -1488 568 -7485 5140 32767 END
START -2224 -1724 684 -8175 5220 32767 END
START -1824 -1932 1112 -8930 5039 32767 END
START -1228 -2196 1216 -9517 4632 32767 END
START -564 -2092 1040 -10058 4177 32767 END
START 392 -2124 1092 -10623 3560 32767 END
START 1164 -2312 1288 -11181 2920 32767 END
START 1852 -2320 1096 -11746 2287 32767 END
START 2344 -2256 1316 -12317 1664 32767 END
START 3000 -2192 1332 -12872 1218 32767 END
START 3444 -2124 1556 -13438 944 32767 END
START 4048 -1932 1684 -13921 795 32767 END
START 4856 -1924 1984 -14520 859 32767 END
START 5388 -1620 2056 -14820 958 32767 END
START 5864 -1380 2152 -14990 1129 32767 END
START 6488 -1380 2140 -15501 1516 32767 END
START 7100 -1280 1652 -15946 2060 32767 END
START 7644 -1316 1388 -16541 2729 32767 END
START 8420 -1252 1400 -17250 3505 32767 END
START 8876 -1312 1120 -18076 4485 32767 END
START 9388 -1396 820 -18987 5508 32717 END
START 9532 -1448 1260 -19864 6434 32313 END
START 9360 -1540 1492 -20777 7227 31851 END
START 9368 -1204 1876 -21749 7895 31437 END
START 9624 -1304 1916 -22654 8494 31133 END
START 9808 -1636 2228 -23529 8977 30792 END
START 10164 -1872 2592 -24388 9488 30535 END
START 10800 -2004 3188 -25235 9761 30189 END
START 11744 -2088 3476 -25877 9992 29875 END
START 12696 -1876 3916 -26503 10044 29429 END
START 14284 -1748 3880 -27134 9964 28764 END
START 15784 -1752 4312 -27719 9806 27848 END
START 17512 -1508 4492 -28316 9618 26721 END
START 18816 -1348 5136 -28926 9305 25384 END
START 20456 -1316 5592 -29563 9003 23798 END
START 21296 -1544 6984 -30094 8568 22105 END
START 21888 -1372 7752 -30451 8130 20320 END
START 22300 -1088 8836 -30648 7677 18418 END
START 22760 -712 9964 -30720 7241 16583 END
START 22968 -380 10704 -30697 6918 14785 END
START 23184 -300 11544 -30517 6539 12894 END
START 22916 -360 12680 -30267 6079 11280 END
START 22708 -612 13316 -29942 5599 9640 END
START 22228 -832 14124 -29590 5150 8079 END
START 21704 -940 14616 -29172 4732 6600 END
START 20980 -912 15316 -28749 4243 5360 END
START 20316 -988 15828 -28367 3699 4224 END
START 19640 -868 15936 -27961 3198 3281 END
START 19116 -960 16332 -27568 2681 2370 END
START 18596 -1304 16704 -27254 2155 1542 END
START 18424 -1432 16756 -26973 1656 763 END
START 18024 -1528 17032 -26675 1054 38 END
START 18016 -1608 17324 -26447 638 -683 END
START 17768 -1432 17592 -26153 192 -1355 END
START 17708 -1352 17448 -26024 -142 -2006 END
START 17620 -1240 17540 -25797 -238 -2625 END
START 17564 -1392 17396 -25684 -282 -3170 END
START 17500 -1240 17568 -25527 -294 -3646 END
START 17668 -1364 17924 -25354 -488 -4157 END
START 18436 -1148 18012 -25229 -549 -4631 END
START 19180 -900 18248 -25240 -630 -5245 END
START 20024 -604 19032 -25314 -795 -5965 END
START 21052 -544 19336 -25450 -891 -6848 END
START 22240 -800 19828 -25585 -875 -7856 END
START 23352 -796 20720 -25802 -675 -8926 END
START 24232 -880 21516 -25807 -433 -10043 END
START 24376 -588 22536 -25765 -253 -11217 END
START 24820 -520 23196 -25736 7 -12540 END
START 25208 -724 23616 -25485 270 -13794 END
START 25348 -988 23940 -25199 584 -15222 END
START 25012 -1492 24456 -24814 980 -16602 END
START 24664 -1688 23936 -24495 1482 -17933 END
START 23240 -1896 24800 -23960 1164 -19178 END
START 21884 -1528 25516 -23588 1107 -20217 END
START 21176 -1188 24860 -23463 1001 -21153 END
START 19952 -1096 25192 -23437 968 -21960 END
START 18792 -984 25140 -23366 969 -22671 END
START 17532 -1228 25484 -23418 1128 -23100 END
START 15300 -2040 25720 -23564 1223 -23136 END
START 14468 180 27072 -23381 1442 -23187 END
START 15144 960 28392 -22954 1453 -23337 END
START 15360 424 29804 -22279 1270 -23652 END
START 16332 -648 29608 -21639 1337 -24443 END
START 16408 -1412 30188 -20954 1657 -25572 END
START 16520 -1428 30448 -20312 1988 -26650 END
START 15668 -1068 31540 -19628 2104 -27519 END
START 15544 -904 31796 -18914 2019 -28319 END
START 14968 -1036 32736 -18094 1768 -29100 END
START 15220 -1496 32340 -17399 1883 -29919 END
START 14660 -2268 32284 -16717 1885 -30790 END
START 13984 -3000 32767 -16077 1672 -31657 END
START 13300 -3164 32767 -15499 1241 -32420 END
START 12584 -2868 32767 -14628 711 -32768 END
START 12288 -2820 32767 -14175 343 -32768 END
START 12016 -2932 32767 -13204 260 -32768 END
START 11496 -3380 32767 -12168 247 -32768 END
START 10912 -3668 32767 -11163 314 -32768 END
START 10184 -4060 32767 -10089 404 -32768 END
START 9308 -4312 32767 -9194 488 -32768 END
START 8456 -4592 32767 -8412 585 -32768 END
START 7600 -4660 32767 -7884 691 -32768 END
START 6896 -4960 32767 -7403 701 -32768 END
START 5692 -4932 32767 -7192 820 -32768 END
START 4380 -5188 32767 -6932 717 -32768 END
START 3052 -5268 32767 -6688 526 -32768 END
START 1640 -5672 32767 -6407 195 -32768 END
START 1032 -5920 32767 -5950 152 -32768 END
START 536 -6416 32767 -5327 103 -32768 END
START -156 -6700 32767 -4540 41 -32768 END
START -60 -6844 32767 -3761 414 -32768 END
START -580 -7044 32767 -3126 903 -32768 END
START -772 -7460 32767 -2189 1302 -32768 END
START -1324 -7560 32767 -1334 1977 -32768 END
START -2204 -7628 32767 -543 2562 -32768 END
START -3508 -7784 32767 522 2620 -32768 END
START -4496 -7748 32767 1713 2534 -32768 END
START -5468 -7920 32767 2829 2488 -32768 END
START -6556 -8004 32767 4235 2157 -32768 END
START -7336 -8280 32767 5777 1811 -32768 END
START -7564 -8136 32767 7213 1562 -32074 END
START -7908 -8304 32767 8671 1290 -31265 END
START -7648 -8536 32767 10154 1146 -30484 END
START -7424 -8700 32767 11578 1077 -29785 END
START -6884 -8788 32767 12950 1164 -29166 END
START -6184 -9100 32767 14208 1446 -28621 END
START -5768 -9196 32767 15449 1843 -28228 END
START -5504 -9392 32767 16617 2294 -27910 END
START -5592 -9612 32767 17786 2731 -27615 END
START -5852 -9804 32767 18883 3082 -27380 END
START -6260 -9816 32767 20032 3424 -27057 END
START -6976 -10076 32767 21114 3642 -26680 END
START -7708 -10012 32767 22230 3855 -26135 END
START -8552 -10072 32767 23280 4033 -25488 END
START -9516 -9980 32767 24318 4147 -24699 END
START -10456 -9760 32552 25256 4223 -23787 END
START -11340 -9368 31872 26167 4271 -22776 END
START -12184 -9080 31204 27016 4334 -21671 END
START -12628 -8904 30604 27854 4433 -20554 END
START -13344 -8588 30172 28613 4483 -19351 END
START -14044 -8436 29640 29320 4428 -18084 END
START -14560 -8376 29476 30012 4425 -16653 END
START -14796 -8232 28812 30709 4535 -15168 END
START -14656 -8092 28340 31475 4911 -13697 END
START -14400 -8192 27844 32217 5456 -12120 END
START -13644 -8336 27392 32767 6235 -10609 END
START -12596 -8468 26500 32767 7248 -9118 END
START -11800 -8636 25508 32767 8403 -7768 END
START -11220 -8484 25048 32767 9690 -6468 END
START -10772 -8428 24116 32767 10795 -5320 END
START -10432 -8524 23204 32767 11902 -4208 END
START -10104 -8560 22268 32767 12999 -3141 END
START -10352 -8212 21324 32767 13540 -2105 END
START -10392 -8080 20252 32767 13814 -1071 END
START -10680 -8008 19308 32767 13348 7 END
START -10400 -7796 18236 32767 13374 960 END
START -9932 -7500 16952 32767 12848 1921 END
START -9596 -6984 15668 32767 11969 2867 END
START -8820 -6768 14120 32767 11292 3746 END
START -7948 -6420 13136 32767 10526 4520 END
START -6988 -6028 11820 32767 9966 5176 END
START -6364 -5412 10748 32767 9503 5722 END
START -5708 -5172 9736 32767 9125 6189 END
START -4932 -4864 9136 32767 8967 6606 END
START -4412 -4456 8352 32767 8907 6938 END
START -3968 -4108 7636 32767 9073 7298 END
START -3540 -3920 7040 32767 9329 7634 END
START -3500 -3596 6132 32767 9797 7981 END
START -3764 -2832 5512 32767 10279 8310 END
START -4008 -2336 4748 32456 10771 8726 END
START -4596 -1788 4384 31604 11125 9313 END
START -5112 -1652 3996 30733 11482 10059 END
START -5384 -1656 3600 29853 11763 10911 END
START -5612 -1504 3044 29055 12029 11860 END
START -5504 -1188 2776 28246 12245 12967 END
START -5108 -756 2312 27520 12320 13698 END
START -4564 -160 1636 26775 12460 14639 END
START -3500 188 1108 25919 12563 15499 END
START -2488 556 72 24983 12803 16266 END
START -1196 992 -840 23858 13221 17009 END
START 180 1608 -2044 22547 13336 17581 END
START 1544 2164 -2892 20977 13821 18066 END
START 3104 2544 -3352 19319 13984 18278 END
START 4876 2824 -3732 17489 13731 18192 END
START 6952 3228 -4332 15666 13449 17764 END
START 9304 3652 -5300 13836 13482 17195 END
START 10572 4580 -5196 12113 13122 16472 END
START 12036 5496 -5268 10347 13156 15786 END
START 14276 5528 -5780 8588 13195 15017 END
START 15556 5408 -5720 6711 13390 14110 END
START 16824 4876 -6040 4909 13491 12989 END
START 17628 4696 -6244 3099 14469 11816 END