START -31292 2860 11560 5455 5447 -7237 END
START -20620 -4380 14084 7211 6580 -5080 END
START -17412 -5844 8824 6344 8677 -1684 END
START -16316 -6864 5672 4347 12002 2833 END
START -16344 -7232 3672 1545 14336 6596 END
START -17292 -8080 2724 -1327 16031 10217 END
START -20920 -8736 3856 -3232 15085 15191 END
START -19676 -9576 2560 -3827 11023 21128 END
START -18476 -9796 2060 -3763 5835 27245 END
START -13612 -9880 -620 -4828 1291 32348 END
START -9880 -9800 -2448 -7170 -2408 32767 END
START -6704 -10032 -3364 -10480 -6245 32767 END
START -2628 -10368 -4752 -14749 -10804 32767 END
START 4816 -14032 -1152 -20299 -14248 32767 END
START 15596 -10852 -2848 -22933 -13705 32767 END
START 21136 -8552 -1120 -26997 -7346 32767 END
START 17968 -7284 832 -29887 -5850 32767 END
START 16456 -7176 2316 -31003 -8422 29320 END
START 14964 -7784 3572 -31407 -11146 26422 END
START 15128 -7748 4424 -32306 -15033 25494 END
START 26860 -5204 7120 -32768 -16338 23797 END
START 32767 -1096 9292 -32768 -3920 14559 END
START 32767 -688 12916 -32768 12976 1921 END
START 32724 -2768 15848 -32768 20565 -7150 END
START 29920 -4968 18140 -32768 23652 -13936 END
START 30660 -9036 21016 -32768 27206 -22441 END
START 28356 -14392 24984 -32768 31348 -31987 END
START 21836 -19000 26260 -32768 32767 -32768 END
START 15860 -24048 26700 -32768 32767 -32768 END
START 10144 -29280 29784 -32768 32767 -32768 END
START 4624 -32532 32767 -23605 28708 -32768 END
START 2248 -32768 32767 -12002 21787 -32768 END
START -4036 -32768 32767 -2293 18142 -32768 END
START -7848 -32768 32767 4983 14226 -32768 END
START -11096 -32768 32767 9029 14499 -32768 END
START -15720 -32768 32767 10610 20013 -32768 END
START -20880 -32768 32767 11418 26628 -32768 END
START -25460 -32768 32280 12374 31273 -28894 END
START -31116 -32768 32728 14975 32767 -19113 END
START -31920 -32768 31428 19999 32767 -6542 END
START -29284 -32768 28256 24953 32767 6849 END
START -22628 -32768 22680 29254 32767 18064 END
START -14592 -32768 16808 31399 32767 25594 END
START -9036 -31844 12316 31982 31848 30586 END
START -5868 -29188 9120 31402 28861 32767 END
START -3164 -26908 6496 30438 26837 32767 END
START -620 -24160 3760 28364 25572 32767 END
START 648 -21836 -276 25602 23812 32767 END
START 1384 -18852 -5524 21329 20148 32767 END
START 1920 -15728 -11200 14788 13009 32767 END
START 2552 -11528 -13048 7027 5386 32767 END
START 3516 -7668 -12988 -696 -65 32767 END
START 8724 -4252 -7956 -8100 -5141 32767 END
START 22156 -284 1280 -12938 -2855 32767 END