START -6628 14724 7656 4653 2760 -3313 END
START -10192 4560 5648 4902 -2275 -287 END
START -11532 3480 7492 5254 -2789 3613 END
START -19596 2296 13992 5911 -1618 6600 END
START -19956 860 14052 7613 -908 11292 END
START -16276 700 11740 8532 609 15722 END
START -13944 -740 10060 9200 2591 19689 END
START -11276 -1208 7424 9107 2305 23565 END
START -8132 -1444 5372 8679 209 26659 END
START -3016 -400 3260 7241 -630 28333 END
START 1008 728 1660 4002 2490 27653 END
START 2724 740 820 -401 7354 25592 END
START 1916 -652 668 -3830 10994 24023 END
START -1324 -2488 1580 -5558 11198 24308 END
START -1000 -3120 424 -6306 8067 27166 END
START 2588 -3720 -1236 -7473 6231 29049 END
START 7612 -2964 -3496 -9972 6398 29464 END
START 12112 -1756 -5584 -14501 9312 27311 END
START 14372 -1900 -6548 -20785 13259 24180 END
START 13504 -3288 -4732 -25925 13956 22387 END
START 14332 -3656 -2412 -29269 11348 21484 END
START 19516 -4744 1332 -31792 9058 20426 END
START 23516 -5084 4568 -32768 8725 18400 END
START 30140 -4684 7900 -32768 9908 14285 END
START 32767 -4820 12292 -32768 15488 7096 END
START 32767 -6568 16788 -32768 19803 -1199 END
START 31360 -7904 20852 -32768 20608 -8173 END
START 30348 -8076 26596 -32768 18628 -14741 END
START 30540 -8192 30224 -32768 20412 -23026 END
START 23896 -9844 32767 -32768 20139 -30715 END
START 18608 -11192 32767 -32359 18484 -32768 END
START 12516 -14012 32767 -28267 16548 -32768 END
START 4752 -14748 32767 -21024 12602 -32768 END
START 2400 -13908 32767 -13602 11467 -32768 END
START 3592 -12972 32767 -8254 14960 -32768 END
START -248 -13236 32767 -5545 19121 -32768 END
START -3836 -14660 32767 -2227 18789 -32768 END
START -7928 -16940 32767 3580 17514 -32768 END
START -10728 -18308 32767 10637 17224 -32768 END
START -11992 -19588 32767 16930 19025 -32768 END
START -13444 -20568 32767 21092 20895 -29873 END
START -14164 -20828 28908 24009 21338 -25776 END
START -15820 -21824 25748 26512 21340 -22030 END
START -19112 -22116 23572 29233 20069 -17182 END
START -20840 -22068 20344 30977 19645 -11049 END
START -20348 -21212 16040 30137 21798 -4583 END
START -22420 -20808 13048 29072 22465 2410 END
START -21516 -20640 9580 28664 20480 9283 END
START -22124 -20632 6164 27663 18917 14982 END
START -23300 -20660 1800 26743 16373 22447 END
START -22380 -19276 -3736 23655 14789 31532 END
START -16040 -16176 -9888 17464 12950 32767 END
START -5272 -11580 -13804 8573 10297 32767 END
START 3520 -7348 -12420 576 7301 32767 END
START 15820 -2728 -7824 -4398 3984 32767 END