START -8600 8116 10232 8092 2992 635 END
START -12828 88 8348 9129 468 3149 END
START -23240 -1496 14460 10166 -214 6648 END
START -19636 -1892 11164 9373 62 10424 END
START -16460 -2332 8232 8719 496 13704 END
START -13884 -2600 5516 8097 1216 17098 END
START -12616 -2920 2928 6851 1368 20684 END
START -10240 -2648 -424 4746 905 24468 END
START -7336 -2664 -2624 1473 1786 27416 END
START -5524 -3384 -3904 -2309 2488 29809 END
START -3956 -4116 -5904 -6141 1077 31516 END
START -1516 -5044 -6520 -9902 -1216 32767 END
START 2108 -4796 -6968 -14011 -2438 32767 END
START 7428 -5136 -6104 -18296 -1752 32767 END
START 11284 -5020 -4832 -21980 625 30983 END
START 11284 -5432 -3436 -24805 91 28783 END
START 12184 -6500 -2576 -27073 -2809 27711 END
START 16212 -7612 -1092 -29693 -4056 26776 END
START 19812 -8692 872 -32768 -2434 24707 END
START 24436 -9508 4252 -32768 -410 21654 END
START 29128 -10008 8268 -32768 2847 16858 END
START 32156 -10600 11652 -32768 9003 10449 END
START 31008 -12300 15860 -32768 11543 3241 END
START 31596 -13356 21836 -32768 9686 -3442 END
START 32767 -13476 26516 -32768 7653 -12189 END
START 31216 -14712 27704 -32768 6232 -21465 END
START 27632 -15832 28308 -32768 6379 -27905 END
START 23696 -17272 30648 -32488 10632 -31436 END
START 19364 -18936 32767 -32768 17085 -32768 END
START 13152 -20744 32767 -29932 18202 -32768 END
START 8116 -21368 32767 -22211 12425 -32768 END
START 5264 -21500 32767 -14895 7887 -32768 END
START 3052 -20220 32767 -8087 8380 -32768 END
START -864 -18116 32767 -3265 13429 -32768 END
START -3612 -16552 32767 -84 17554 -32768 END
START -4060 -16676 32767 3598 20200 -30829 END
START -6688 -17764 32767 9792 18560 -29858 END
START -9712 -18956 32767 17689 14854 -27641 END
START -8964 -19352 32767 23294 13953 -23691 END
START -9176 -19688 31800 26288 16402 -19623 END
START -10364 -20120 27076 28350 18258 -15075 END
START -11692 -20560 22988 29083 19622 -10358 END
START -14128 -20428 20440 28777 20049 -5556 END
START -15580 -20104 18548 28959 20090 -58 END
START -16444 -19880 16316 30305 19051 5077 END
START -15944 -18844 12484 30967 17803 9932 END
START -14436 -17236 9388 30063 17100 15143 END
START -13364 -15764 7720 29561 15107 19846 END
START -9940 -14260 5060 29955 11200 23680 END
START -5644 -11448 1652 28683 9577 26141 END
START -1596 -9452 -1140 25449 10128 27455 END
START 1364 -7096 -3548 21422 9783 27833 END
START 3732 -4304 -5264 17096 9473 28006 END
START 7448 -1780 -6168 11627 10625 28153 END
START 11420 1044 -5948 6390 11429 26984 END