START -10540 5064 10196 5526 -2240 11675 END
START -6244 700 -3388 7164 -971 12639 END
START -8308 6448 7060 5324 -1449 13575 END
START -10040 6544 10484 6287 64 14419 END
START -6952 6408 5932 5704 -13 15160 END
START -9784 5792 10600 5336 -449 15727 END
START -5476 5612 5840 4890 -277 16225 END
START -7568 4564 9156 4492 -692 16585 END
START -3968 4444 5932 4185 -424 16981 END
START -3664 4108 5968 4076 -779 17303 END
START -4788 3876 8252 3926 -1036 17618 END
START -2704 3912 6716 3893 -1273 17790 END
START -2440 3624 7104 3836 -1638 17849 END
START -1772 3544 6640 3890 -1800 17904 END
START -840 3676 5604 3838 -2438 17790 END
START -1024 3376 5876 3767 -2698 17715 END
START 0 3264 4288 3541 -3319 17618 END
START -960 3136 4788 3192 -3611 17579 END
START -60 3456 2928 2740 -3880 17583 END
START -1272 3656 3604 2185 -4142 17649 END
START -696 3876 2160 1576 -4101 17801 END
START -1880 3908 2432 933 -4181 18015 END
START -1320 3780 1348 286 -3899 18240 END
START -2064 3696 1700 -380 -3599 18529 END
START -2064 3520 1260 -1002 -3000 18860 END
START -2252 3404 1088 -1678 -2324 19270 END
START -2720 3256 1048 -2361 -1633 19672 END
START -3200 2952 832 -3040 -845 20230 END
START -3608 2920 412 -3680 -199 20807 END
START -4732 2524 580 -4376 420 21545 END
START -5452 2248 136 -5070 663 22367 END
START -6652 2000 392 -5751 865 23275 END
START -6820 1864 -152 -6466 1020 24316 END
START -7732 1640 24 -7186 993 25489 END
START -7700 1260 -396 -7876 1087 26627 END
START -8012 668 -80 -8593 1059 27887 END
START -7880 292 -116 -9327 1103 28975 END
START -7264 -92 -500 -10180 1179 30288 END
START -7028 -640 -12 -10977 1343 31469 END
START -5812 -1016 244 -11802 1617 32674 END
START -4256 -1616 1004 -12545 1913 32767 END
START -1912 -2020 1848 -13215 2452 32767 END
START 692 -2396 2412 -13751 3078 32767 END
START 3268 -2664 3508 -14235 3759 32767 END
START 6040 -3172 4556 -14626 4266 32767 END
START 8608 -3320 5404 -14725 4652 32767 END
START 10772 -3296 6040 -14660 4852 32767 END
START 12388 -2844 6516 -14636 5038 32767 END
START 13748 -2792 6644 -14659 5077 31799 END
START 14840 -3224 6948 -14697 4975 30355 END
START 15388 -3088 6816 -15142 4892 28931 END
START 15580 -2576 6844 -15258 4783 27569 END
START 15612 -2292 6788 -15471 4596 26301 END
START 15580 -2084 6624 -15744 4426 25166 END
START 15540 -1916 6568 -16037 4184 24152 END
START 15204 -1732 6572 -16343 3925 23168 END
START 14980 -1404 6644 -16619 3621 22281 END
START 14340 -1428 6684 -16904 3168 21425 END
START 13688 -1520 6732 -17127 2686 20620 END
START 13092 -1448 6736 -17374 2162 20040 END
START 12552 -1608 6712 -17669 1686 19621 END
START 12088 -1616 6748 -18038 1356 19373 END
START 12024 -1640 6476 -18493 1136 19214 END
START 11916 -1720 6408 -18997 1115 19172 END
START 12048 -1624 6380 -19626 1283 19161 END
START 12212 -1860 6344 -20372 1563 19225 END
START 12540 -2076 6660 -21064 1941 19208 END
START 12772 -2164 7060 -21801 2480 19253 END
START 13404 -2520 6988 -22551 3172 19231 END
START 13656 -2772 7544 -23213 3921 19237 END
START 14044 -3368 8152 -23815 4821 19175 END
START 14660 -3448 8736 -24291 5746 19169 END
START 14992 -3240 9484 -24745 6677 19130 END
START 15948 -3044 10032 -25237 7634 19060 END
START 17800 -2976 10676 -25702 8813 18917 END
START 21160 -3200 11776 -26143 10172 18457 END
START 23436 -3240 12976 -26441 11482 17583 END
START 25400 -3176 14140 -26591 12549 16345 END
START 26988 -2780 15292 -26440 13426 14750 END
START 28112 -2540 16396 -26122 13378 12763 END
START 29004 -2348 17188 -25655 13610 10818 END
START 29268 -2200 17660 -25072 13523 8674 END
START 29528 -2012 17864 -24497 12993 6582 END
START 29500 -1800 18076 -24024 12271 4538 END
START 29248 -1688 18220 -23595 11360 2501 END
START 28964 -1540 18300 -23223 10271 587 END
START 28456 -1600 18080 -22974 9206 -1255 END
START 27816 -1692 18072 -22726 8124 -2919 END
START 27116 -1764 17956 -22590 7062 -4586 END
START 26444 -1704 18064 -22517 6112 -6012 END
START 25696 -1712 18028 -22511 5229 -7465 END
START 24788 -1732 18220 -22587 4549 -8698 END
START 23860 -1824 18568 -22720 3921 -9862 END
START 22900 -2064 19244 -22781 3473 -10738 END
START 22344 -2088 19700 -22861 3255 -11580 END
START 21692 -2176 20532 -22819 3173 -12256 END
START 21196 -2128 20868 -22597 3420 -12810 END
START 21220 -2204 21288 -22440 3931 -13324 END
START 21232 -2288 21612 -22243 4688 -13807 END
START 21488 -2564 21880 -21990 5639 -14415 END
START 21376 -2756 22060 -21790 6603 -14961 END
START 21436 -3040 22160 -21590 7590 -15661 END
START 21256 -3152 22444 -21395 8460 -16273 END
START 20876 -3032 22492 -21269 9289 -16980 END
START 20444 -3084 22720 -21126 9969 -17690 END
START 20192 -2964 22864 -20990 10548 -18464 END
START 19864 -2888 22892 -20936 11093 -19293 END
START 19504 -2848 23088 -20936 11467 -20231 END
START 19412 -2832 23472 -20846 11791 -21255 END
START 19244 -2784 23628 -20754 11973 -22354 END
START 18928 -2700 24220 -20714 12025 -23545 END
START 18260 -2700 24676 -20508 11794 -24765 END
START 17728 -2808 25484 -20291 11303 -25961 END
START 17620 -3316 25636 -19986 10825 -27149 END
START 16436 -3340 26424 -19634 9971 -28369 END
START 15012 -3272 27552 -19275 8899 -29544 END
START 13924 -3232 28260 -18952 7649 -30666 END
START 13104 -3312 28728 -18500 6545 -31735 END
START 12256 -3612 29420 -18045 5534 -32721 END
START 11280 -3692 30264 -17495 4484 -32768 END
START 10292 -3980 31072 -16912 3492 -32768 END
START 9272 -4008 31996 -16262 2475 -32768 END
START 8308 -4048 32528 -15561 1476 -32768 END
START 7424 -4004 32767 -14937 598 -32768 END
START 6732 -4180 32767 -14323 -218 -32768 END
START 6036 -4520 32767 -13532 -937 -32768 END
START 5192 -4748 32767 -12936 -1568 -32768 END
START 4496 -5144 32767 -12345 -2132 -32768 END
START 3312 -5248 32767 -11677 -2543 -32768 END
START 2436 -5436 32767 -11077 -2899 -32768 END
START 1444 -5336 32767 -10382 -3122 -32768 END
START 664 -5360 32767 -9688 -3181 -32768 END
START 100 -5340 32767 -8885 -3095 -32768 END
START -840 -5808 32767 -8059 -2781 -32768 END
START -1596 -6124 32767 -7161 -2503 -32768 END
START -2920 -6592 32767 -6096 -2271 -32768 END
START -4452 -6808 32767 -4978 -2095 -32768 END
START -5864 -6792 32767 -3778 -2167 -32768 END
START -7060 -6784 32767 -2549 -2151 -32768 END
START -7888 -6876 32767 -1206 -2076 -32768 END
START -8388 -7024 32767 82 -1866 -32768 END
START -8868 -6956 32767 1258 -1673 -32768 END
START -9224 -7016 32767 2444 -1428 -32768 END
START -9752 -7088 32767 3535 -960 -32768 END
START -10464 -7192 32767 4639 -630 -32768 END
START -11324 -7256 32767 5678 -314 -32768 END
START -12444 -7252 32767 6770 -79 -32768 END
START -13540 -7364 32767 7876 -39 -32104 END
START -14432 -7580 32767 9068 -72 -31042 END
START -15352 -7576 32767 10284 -119 -29892 END
START -15884 -7508 32767 11595 -224 -28659 END
START -16216 -7604 32767 12931 -338 -27402 END
START -16484 -7468 32767 14291 -503 -26110 END
START -16548 -7516 32767 15651 -479 -24837 END
START -16820 -7908 32767 17181 -914 -23462 END
START -15808 -7844 32767 18748 -649 -22186 END
START -15916 -7600 32767 20085 -296 -21066 END
START -14992 -6776 32767 21573 77 -19999 END
START -14948 -6948 32767 22914 382 -19074 END
START -14872 -7192 32767 24329 536 -18165 END
START -14964 -7288 32767 25619 485 -17280 END
START -14792 -7176 32767 26791 49 -16441 END
START -14936 -6928 32767 27778 -310 -15684 END
START -15336 -7000 32767 29057 -1697 -14814 END
START -13424 -6796 32556 30073 -1761 -14209 END
START -11556 -6480 31044 30577 -678 -13752 END
START -11380 -5920 30100 31001 52 -13274 END
START -11240 -5920 28928 31549 1228 -12854 END
START -11364 -5868 28340 32249 1856 -12221 END
START -10832 -5760 26304 32609 3276 -11601 END
START -10784 -5400 25516 32767 4269 -10866 END
START -10952 -5300 24824 32767 5172 -10156 END
START -10780 -5344 23372 32767 5961 -9451 END
START -10220 -5024 21188 32767 6696 -8815 END
START -10236 -4908 19768 32767 7542 -8240 END
START -10276 -4608 18348 32767 8419 -7608 END
START -10748 -4372 16784 32767 9239 -6935 END
START -11008 -4092 16076 32767 9843 -6120 END
START -10916 -3780 13900 32767 10289 -5194 END
START -11220 -3500 13252 32402 10666 -4279 END
START -11472 -3276 12232 31855 10629 -3428 END
START -11172 -3324 10944 31098 11409 -2572 END
START -11412 -3244 10484 30653 11107 -1766 END
START -11064 -3052 9656 30279 10801 -956 END
START -10364 -2928 8544 29861 10597 -239 END
START -10344 -2476 7884 29535 10151 444 END
START -10084 -2128 6832 29014 9771 1102 END
START -9812 -1660 6152 28417 9394 1715 END
START -9572 -1512 5492 27735 9129 2296 END
START -9080 -1292 4824 26991 8893 2942 END
START -8808 -1164 4324 26265 8671 3520 END
START -8380 -1016 3708 25517 8423 4142 END
START -7964 -884 3240 24779 8170 4673 END
START -7276 -684 2592 23908 8032 5197 END
START -6620 -456 1952 23020 7986 5663 END
START -5928 -396 1660 22087 8119 6148 END
START -5216 -120 828 21127 8434 6606 END
START -4508 84 404 20121 8982 6931 END
START -3752 356 184 19165 9450 7195 END
START -3088 440 -84 18140 9935 7303 END
START -2584 816 -268 17142 10215 7326 END
START -1976 1076 -232 16107 10376 7317 END
START -1424 1592 -348 15083 10460 7262 END
START -1000 1732 -348 14028 10647 7152 END
START -100 1640 -16 13006 10659 7061 END
START 920 1584 -312 12148 10547 6897 END
START 1952 1876 -736 11243 10754 6687 END