START 8064 9244 -5804 9949 5362 -1078 END
START -2416 6008 4028 8898 -1332 -1877 END
START -5320 5504 4884 7679 23 -329 END
START -4468 4692 4000 6090 4645 904 END
START -6500 4308 3996 4357 6587 2363 END
START -10504 3968 5524 2955 5751 3772 END
START -11260 4256 5532 2266 3616 6133 END
START -9396 4432 4924 1719 528 8299 END
START -7636 4564 4908 1464 -1906 9746 END
START -6404 4600 5112 732 -3138 10598 END
START -6380 4468 4768 -175 -2563 11487 END
START -7088 3856 4208 -1185 -1623 13188 END
START -7864 2968 3828 -2778 -1405 15188 END
START -8080 2120 3116 -4259 -1641 18125 END
START -6116 1632 1984 -5736 -4596 21395 END
START -2052 1924 -1796 -7851 -9741 23820 END
START 3496 1836 -2888 -11796 -13365 24213 END
START 9036 1236 -688 -15446 -11140 21955 END
START 11616 976 664 -18428 -4122 19632 END
START 10712 -508 936 -21167 -1098 17719 END
START 9852 -2232 1516 -23325 -1356 17076 END
START 11228 -3884 3624 -25196 -3801 16978 END
START 15364 -4388 6684 -26727 -3556 15575 END
START 18168 -5288 9156 -28295 -1687 12415 END
START 20648 -5396 11964 -30273 1891 7805 END
START 17684 -6732 15532 -30999 4239 3750 END
START 16852 -7256 17784 -30934 5884 1161 END
START 16304 -6896 20520 -30607 6955 -956 END
START 17704 -6712 23788 -29788 7986 -4121 END
START 19992 -6392 28108 -27524 9616 -8433 END
START 18116 -6252 29844 -24340 10940 -13740 END
START 15700 -5580 30404 -21633 10136 -17153 END
START 15180 -5324 31276 -19788 10473 -20272 END
START 13652 -5576 32767 -17691 11905 -23905 END
START 10480 -5548 32767 -15541 14039 -27046 END
START 7116 -6076 32767 -13675 15139 -29363 END
START 4120 -6564 32767 -10922 14737 -31102 END
START 604 -7516 32767 -7307 12753 -32598 END
START -3132 -7808 32767 -3227 11272 -32467 END
START -6240 -8924 32767 958 11098 -31126 END
START -9196 -9844 32767 5204 10535 -28558 END
START -11836 -10584 32767 10288 9569 -25588 END
START -12964 -10568 32767 14779 8924 -22164 END
START -12344 -10732 32767 18309 10291 -19291 END
START -13040 -10592 30620 21517 10906 -16543 END
START -14088 -10576 27240 23953 9872 -14009 END
START -14904 -10988 24896 25590 8723 -10815 END
START -14872 -11032 23100 26625 9234 -7532 END
START -16172 -11396 20704 27205 10135 -3917 END
START -16732 -10868 17964 27562 9765 269 END
START -15356 -10216 15600 27228 9760 3496 END
START -15360 -10020 13584 26250 10372 6567 END
START -15996 -9896 11848 25276 10475 10157 END
START -16184 -9612 10060 24569 9802 14746 END
START -14924 -9064 7652 23305 10059 19301 END
START -13452 -8376 4804 21581 10531 24112 END
START -11648 -7808 1200 18335 11347 28586 END
START -10648 -6888 -2264 13440 10886 32767 END
START -8036 -6096 -2208 8884 8584 32767 END
START -3248 -5308 -324 6204 6551 32767 END
START 2432 -4216 1656 5346 5989 32767 END
START 7752 -2192 1500 4325 6001 32767 END
START 14288 396 1996 2811 5793 32767 END
START 16884 2392 2356 691 7554 28446 END
START 17520 3836 3404 -2377 9478 23986 END
START 19996 5664 7344 -4755 12617 19703 END
START 21656 7704 10292 -6979 19566 13678 END