START -9192 6416 19564 3008 1341 7135 END
START -7096 -1888 6700 5471 2786 8150 END
START -5144 8652 14512 4326 1086 8638 END
START -13052 5956 22040 5796 1813 9445 END
START -7344 6356 14920 6153 1129 10336 END
START -11544 5824 19124 6467 242 11013 END
START -8556 5764 15020 6753 551 11782 END
START -8900 5476 15224 7092 142 12477 END
START -9336 5528 15728 7337 314 13102 END
START -8152 5452 14160 7660 -226 14014 END
START -9536 5204 15580 7901 -396 14754 END
START -7200 5340 12508 8111 -628 15480 END
START -8708 5116 14148 8231 -894 16156 END
START -6600 5280 11436 8332 -846 16904 END
START -7864 4832 12552 8301 -1118 17594 END
START -6024 5064 10424 8208 -858 18344 END
START -6320 4856 10912 8039 -919 19027 END
START -5116 4848 9768 7850 -509 19711 END
START -4608 4660 9556 7593 -282 20315 END
START -3848 4484 9240 7288 153 20852 END
START -2972 4408 8616 6966 631 21351 END
START -2692 4324 8340 6669 943 21777 END
START -2744 4124 8516 6295 1501 22217 END
START -1824 4100 7572 5916 1887 22550 END
START -2224 3976 8144 5517 2447 22920 END
START -1688 3932 7332 5183 2875 23281 END
START -2496 3768 7828 4731 3360 23743 END
START -2328 3896 7072 4434 3770 24181 END
START -3180 3736 7708 4059 4102 24775 END
START -3340 3720 7108 3715 4415 25441 END
START -3948 3748 7300 3449 4665 26148 END
START -4160 3476 7008 3189 4981 26932 END
START -4396 3252 7152 2997 5044 27681 END
START -4348 2848 6744 2780 5230 28501 END
START -4208 2788 6672 2629 5164 29282 END
START -4528 2496 6720 2450 5020 30056 END
START -4428 2188 6268 2288 4811 30869 END
START -4612 2000 6236 2088 4541 31690 END
START -4532 2000 5572 1933 4239 32560 END
START -4844 1532 5520 1707 3831 32767 END
START -4548 1308 4616 1470 3418 32767 END
START -4156 1204 4360 1253 2875 32767 END
START -3752 1140 3864 903 2398 32767 END
START -2552 1084 2976 498 2001 32767 END
START -1468 908 2612 1 1638 32767 END
START -12 700 2140 -556 1488 32767 END
START 1612 300 1848 -1193 1366 32767 END
START 3484 128 1608 -1875 1366 32767 END
START 5308 -228 1364 -2660 1437 32767 END
START 7024 -364 1176 -3437 1468 32767 END
START 8588 -408 1060 -4183 1527 32767 END
START 9472 -344 836 -4895 1633 32767 END
START 10436 -144 852 -5610 1981 32767 END
START 11268 -28 712 -6286 2472 32767 END
START 11592 196 576 -6940 3060 32767 END
START 11416 128 776 -7591 3678 32767 END
START 11148 248 708 -8168 4313 32767 END
START 10696 332 788 -8766 4869 32767 END
START 10384 444 948 -9383 5413 32767 END
START 10360 456 1340 -10030 5832 32767 END
START 11100 680 1648 -10633 6254 32656 END
START 12356 664 2088 -11285 6531 32259 END
START 13904 804 2596 -11872 6722 31695 END
START 15396 804 2920 -12318 6878 30890 END
START 16512 752 3360 -12674 6879 29827 END
START 17484 660 3612 -12934 6847 28687 END
START 18168 668 3588 -13081 6874 27440 END
START 18312 620 2988 -13323 6855 26238 END
START 18252 544 2472 -13660 6823 25102 END
START 17952 836 1520 -14182 6926 24137 END
START 17932 928 724 -14700 7045 23278 END
START 18120 1248 -88 -15660 7311 22467 END
START 18488 1396 -524 -16754 7677 21683 END
START 18960 1488 -504 -18015 8078 20892 END
START 19552 1356 -372 -19321 8453 20034 END
START 19600 1500 312 -20520 8829 19076 END
START 19924 1548 1108 -21709 9181 18095 END
START 20328 1248 1404 -22712 9617 17083 END
START 20468 1012 2344 -23601 10206 15984 END
START 20320 888 3196 -24315 10785 14922 END
START 20056 808 4112 -24974 11327 13991 END
START 19648 732 5228 -25507 11841 12977 END
START 19248 620 6304 -25925 12242 12483 END
START 18856 712 7448 -26302 12548 11534 END
START 18472 716 8740 -26467 12723 10915 END
START 18172 624 9724 -26386 13066 10242 END
START 18164 512 10576 -26186 12991 9666 END
START 17828 412 11208 -25889 13213 9106 END
START 17752 108 11760 -25439 13212 8629 END
START 18040 -44 12012 -25128 13247 8205 END
START 18272 -100 12260 -24809 13210 7737 END
START 19040 36 12676 -24602 13227 7293 END
START 19832 -76 13036 -24429 13174 6722 END
START 20660 -252 13264 -24194 13183 6011 END
START 21656 -212 13384 -23922 13133 5182 END
START 22604 -132 13532 -23708 13001 4197 END
START 23516 -52 13388 -23524 12584 2977 END
START 24448 164 13156 -23451 12264 1643 END
START 25332 248 12792 -23577 12112 222 END
START 25764 148 12780 -23825 11960 -1305 END
START 26376 -12 12764 -24125 11827 -2864 END
START 26172 52 13528 -24426 11534 -4445 END
START 25832 48 14376 -24680 11154 -5991 END
START 25872 -84 15096 -24845 10765 -7470 END
START 25160 -612 16396 -24810 10357 -8951 END
START 24300 -1032 17104 -24687 9912 -10318 END
START 23108 -1424 18088 -24355 9266 -11581 END
START 21796 -1656 18600 -23894 8479 -12658 END
START 20640 -1596 18668 -23444 7636 -13617 END
START 19752 -1612 18796 -23110 6858 -14384 END
START 18948 -1524 18832 -22996 6189 -15095 END
START 18268 -1504 19080 -23014 5609 -15674 END
START 17840 -1496 19616 -23058 5150 -16199 END
START 17488 -1532 20176 -23062 4917 -16621 END
START 17504 -1660 20708 -22965 4966 -17021 END
START 17740 -1704 21732 -22661 5254 -17478 END
START 17944 -1660 22068 -22243 5789 -17995 END
START 18112 -1748 22204 -21813 6575 -18567 END
START 18052 -1712 22052 -21328 7516 -19226 END
START 17828 -1708 21924 -20942 8483 -19837 END
START 17460 -1628 21412 -20610 9372 -20457 END
START 17240 -1568 21208 -20395 10161 -21088 END
START 17264 -1344 20780 -20360 10817 -21727 END
START 17152 -1020 20704 -20483 11229 -22453 END
START 17264 -952 20980 -20632 11585 -23324 END
START 17124 -852 21140 -20781 11600 -24328 END
START 17064 -1020 21704 -20814 11460 -25405 END
START 16884 -988 22356 -20736 11170 -26567 END
START 16408 -888 23076 -20564 10762 -27699 END
START 16060 -924 23796 -20333 10246 -28905 END
START 15636 -1048 24432 -19995 9573 -30041 END
START 15316 -1328 25244 -19621 8888 -31193 END
START 14856 -1760 26092 -19183 8087 -32255 END
START 14248 -2244 27136 -18690 7267 -32768 END
START 13584 -2484 28144 -18087 6409 -32768 END
START 12788 -2360 28876 -17433 5506 -32768 END
START 12068 -2404 29668 -16649 4670 -32768 END
START 11032 -2324 30408 -15854 3811 -32768 END
START 9764 -2320 30992 -14859 2920 -32768 END
START 9136 -2452 31528 -14183 2125 -32768 END
START 8444 -2684 32068 -13552 1336 -32768 END
START 7776 -3028 32696 -12787 760 -32768 END
START 7148 -3124 32767 -12103 139 -32768 END
START 6688 -3092 32767 -11360 -439 -32768 END
START 6204 -3228 32767 -10493 -1021 -32768 END
START 5912 -3376 32767 -9630 -1505 -32768 END
START 5496 -3584 32767 -8702 -1946 -32768 END
START 4960 -3992 32767 -7747 -2337 -32768 END
START 4360 -4180 32767 -6778 -2628 -32768 END
START 3768 -4396 32767 -5778 -2700 -32768 END
START 3496 -4528 32767 -4819 -2555 -32768 END
START 2832 -4636 32767 -3741 -2191 -32768 END
START 1880 -4596 32767 -2801 -1910 -32768 END
START 952 -4684 32767 -1884 -1592 -32768 END
START 32 -4988 32767 -956 -1292 -32768 END
START -748 -4980 32767 -151 -1020 -32768 END
START -1612 -5100 32767 666 -807 -32768 END
START -2164 -5172 32767 1409 -736 -32768 END
START -3016 -5200 32767 2110 -735 -32768 END
START -3488 -5336 32767 2690 -729 -32768 END
START -4064 -5592 32767 3324 -727 -32768 END
START -4256 -5956 32767 3841 -543 -32768 END
START -4584 -6420 32767 4428 -256 -32768 END
START -4876 -6664 32767 4989 94 -32768 END
START -5556 -7216 32767 5616 410 -32768 END
START -6496 -7840 32767 6326 561 -32768 END
START -7464 -8280 32767 7154 577 -32768 END
START -8992 -8864 32767 8102 434 -32768 END
START -10372 -9080 32767 9268 140 -32768 END
START -11604 -9012 32767 10472 -133 -32768 END
START -12672 -9332 32767 11894 -424 -32768 END
START -14028 -10064 32767 13429 -699 -32768 END
START -15072 -10512 32767 15006 -1068 -32768 END
START -16148 -10708 32767 16618 -1441 -32768 END
START -17036 -10560 32767 18260 -1770 -32445 END
START -18088 -10324 32767 19885 -2084 -30723 END
START -18776 -9984 32767 21514 -2310 -28804 END
START -19432 -9700 32767 23068 -2433 -26771 END
START -19228 -9476 32767 24499 -2298 -24754 END
START -19288 -9308 32767 25980 -2089 -22614 END
START -18860 -9168 32767 27366 -1781 -20459 END
START -18448 -9120 32767 28666 -1415 -18362 END
START -17860 -8900 32767 29903 -1083 -16355 END
START -17244 -8624 32767 31052 -702 -14406 END
START -16592 -8460 32767 32021 -281 -12597 END
START -15760 -8044 32767 32767 254 -10777 END
START -14744 -7540 32767 32767 946 -9035 END
START -13572 -7296 32767 32767 1714 -7425 END
START -12136 -7200 32292 32767 2479 -5972 END
START -10812 -7224 31220 32767 3333 -4584 END
START -9404 -7308 30204 32767 4058 -3446 END
START -8176 -7204 29160 32767 4737 -2527 END
START -6924 -7088 27932 32767 5373 -1717 END
START -5400 -6828 26364 32767 5952 -1149 END
START -4332 -6812 25152 32767 6439 -671 END
START -3296 -6984 23484 32767 6941 -381 END
START -2636 -6868 22208 32767 7479 -195 END
START -1976 -6700 20108 32767 8141 -73 END
START -1516 -6340 18244 32767 8910 -22 END
START -1124 -5900 15752 32767 9664 2 END
START -680 -5552 13448 32767 10292 -27 END
START -488 -5276 11060 32767 10845 -96 END
START -356 -4852 8964 32767 11215 -196 END
START -372 -4276 6896 32767 11431 -343 END
START -484 -3744 4840 32767 11385 -441 END
START -724 -3264 2812 32767 11319 -504 END
START -780 -2804 572 32767 11218 -565 END
START -1268 -2264 -1480 32767 11147 -474 END
START -1728 -1440 -3156 31951 11257 -267 END
START -3016 -84 -4904 30174 11226 -14 END
START -3312 1336 -5768 27987 11312 390 END
START -3560 1348 -6540 25759 11393 789 END
START -3540 1732 -7088 23592 11711 1226 END
START -3192 1912 -7792 21393 12399 1684 END
START -3508 2052 -7796 19390 13360 2180 END
START -4092 2172 -7456 17519 13734 2759 END
START -4304 2844 -7404 15831 14871 3407 END
START -4576 3236 -6476 14215 15496 4166 END