START -10408 7192 10928 7325 3806 5461 END
START -7712 996 -5244 9315 5361 6194 END
START -8188 9612 6960 6568 3749 6653 END
START -15456 6732 14940 8179 3896 7347 END
START -9276 6920 5684 7477 3561 8250 END
START -14408 6600 11792 7424 2583 8982 END
START -10924 6792 6852 7136 2701 9911 END
START -12740 6684 9268 6900 1948 10693 END
START -11764 6900 7880 6512 1811 11648 END
START -12068 6452 7720 6272 1326 12568 END
START -12460 6292 8560 6008 1184 13260 END
START -11144 6304 7396 5822 1015 14278 END
START -12128 5716 8924 5654 876 15228 END
START -10244 5604 7336 5552 1109 16120 END
START -11272 5292 9080 5425 1084 17009 END
START -9368 5224 7636 5397 1505 17902 END
START -10084 4888 9028 5458 1573 18712 END
START -8804 4864 8080 5489 2067 19524 END
START -9160 4524 8764 5553 2220 20257 END
START -8060 4508 8040 5634 2599 20976 END
START -7724 4308 7852 5730 3008 21650 END
START -7364 4068 7352 5794 3399 22337 END
START -7048 3652 7344 5840 3865 22980 END
START -5992 3324 6480 5841 4018 23594 END
START -5988 3116 6600 5839 4268 24086 END
START -4728 3068 5388 5781 4255 24501 END
START -4500 2876 5600 5686 4283 24840 END
START -3096 2880 4004 5643 4144 25090 END
START -2588 2576 3424 5396 4014 25272 END
START -1356 2480 1816 5069 3893 25281 END
START -728 2084 1160 4624 3722 25191 END
START 92 2012 -60 4069 3658 25017 END
START 276 1888 -624 3304 3476 24842 END
START 540 1944 -1396 2545 3392 24641 END
START 392 2060 -1576 1662 3261 24470 END
START 388 2136 -1880 760 3020 24389 END
START 224 2140 -1772 -108 2787 24378 END
START 276 2208 -1836 -900 2473 24490 END
START 336 1968 -1744 -1614 2215 24587 END
START 760 1752 -1852 -2297 1911 24699 END
START 584 1588 -1296 -2815 1531 24821 END
START 780 1608 -1440 -3304 1164 24897 END
START 688 1728 -1268 -3709 846 25037 END
START 748 1732 -1620 -4131 670 25200 END
START 508 1828 -1484 -4535 546 25374 END
START 256 1704 -1696 -5035 492 25689 END
START 116 1484 -2020 -5525 452 25991 END
START -140 1364 -1996 -6064 509 26368 END
START -352 1304 -2428 -6606 747 26819 END
START -480 1140 -2652 -7151 1143 27313 END
START -664 868 -3000 -7760 1718 27908 END
START -1040 584 -3416 -8355 2310 28491 END
START -1156 400 -3764 -8948 2940 29146 END
START -1020 108 -4416 -9626 3580 29822 END
START -700 -260 -4948 -10375 4203 30584 END
START 416 -468 -5600 -11290 4983 31346 END
START 1564 -720 -6056 -12292 5752 31985 END
START 2960 -824 -6004 -13437 6613 32506 END
START 4620 -856 -6128 -14730 7351 32718 END
START 6104 -892 -5612 -15701 8192 32688 END
START 7656 -928 -5152 -16888 8891 32432 END
START 9068 -1152 -4480 -17951 9520 32004 END
START 10420 -1228 -3688 -18894 10009 31344 END
START 11304 -1368 -2872 -19702 10401 30606 END
START 11928 -1760 -2592 -20403 10652 29815 END
START 12048 -1940 -1860 -20997 10673 29019 END
START 12232 -2060 -1680 -21509 10564 28255 END
START 11916 -2108 -1348 -22018 10254 27604 END
START 11784 -1956 -1112 -22461 9861 27018 END
START 11452 -1780 -976 -22959 9382 26516 END
START 11384 -1776 -736 -23525 8788 26091 END
START 11424 -1832 -396 -24129 8142 25727 END
START 11608 -2120 232 -24678 7409 25317 END
START 12000 -2292 656 -25173 6746 24984 END
START 12384 -2548 908 -25576 6284 24627 END
START 12776 -2828 1184 -25997 5894 24288 END
START 13436 -2968 1576 -26362 5733 23963 END
START 14296 -3308 1928 -26807 5554 23637 END
START 15140 -3248 2160 -27198 5608 23286 END
START 16332 -3288 2612 -27708 5720 22850 END
START 17692 -3488 3056 -28240 6028 22337 END
START 18496 -3692 3528 -28763 6388 21739 END
START 19288 -3976 3972 -29267 6720 21082 END
START 20112 -4124 4544 -29719 7044 20427 END
START 21000 -4212 4924 -30139 7440 19608 END
START 21636 -4296 5212 -30549 7731 18765 END
START 22344 -4240 5784 -30925 7902 17824 END
START 23036 -4064 6528 -31401 8064 16817 END
START 23772 -4120 7240 -31803 8152 15759 END
START 24860 -4228 7832 -32301 8300 14638 END
START 26316 -4228 8228 -32696 8637 13416 END
START 27812 -4320 9076 -32768 8990 12395 END
START 29336 -4372 9916 -32768 9297 10653 END
START 30376 -4336 10860 -32768 9503 9076 END
START 31328 -4428 11984 -32768 9638 7178 END
START 31972 -4276 12772 -32768 9730 5353 END
START 32124 -4188 13768 -32768 9648 3393 END
START 32136 -4112 14556 -32768 9518 1435 END
START 31644 -3908 15504 -32768 9304 -360 END
START 31120 -3948 16624 -32768 9048 -2052 END
START 30444 -4028 17648 -32768 8792 -3561 END
START 29484 -4232 19072 -32768 8523 -4991 END
START 28584 -4476 20168 -32768 8223 -6202 END
START 27776 -4616 21080 -32768 7832 -7283 END
START 27152 -4752 21960 -32768 7481 -8218 END
START 26720 -4560 22636 -32333 7130 -9083 END
START 26364 -4524 23040 -31758 6834 -9825 END
START 26188 -4432 23644 -31254 6539 -10572 END
START 26520 -4440 23844 -30770 6299 -11296 END
START 26720 -4416 24300 -30303 6129 -12079 END
START 27472 -4316 24392 -29953 6136 -12901 END
START 28084 -4264 24756 -29726 6281 -13857 END
START 28544 -4184 25264 -29467 6518 -14879 END
START 28584 -4088 26512 -29301 6700 -15927 END
START 28488 -4092 27912 -28939 6790 -17079 END
START 28416 -3912 28940 -28371 6820 -18285 END
START 28436 -3816 29860 -27689 6882 -19455 END
START 28308 -3756 30512 -26898 6985 -20707 END
START 27940 -3780 31048 -26002 7082 -21979 END
START 27424 -3772 31484 -25178 7123 -23163 END
START 27008 -3476 31516 -24352 7059 -24386 END
START 26436 -3292 31812 -23706 7027 -25580 END
START 25916 -3220 32004 -23129 6914 -26752 END
START 25408 -3072 32608 -22682 6742 -27901 END
START 24404 -3128 32767 -22229 6500 -29083 END
START 23684 -3460 32767 -21690 6146 -30224 END
START 23076 -3720 32767 -21033 5608 -31339 END
START 22328 -3960 32767 -20472 5017 -32425 END
START 21724 -4004 32767 -19914 4439 -32768 END
START 20920 -3948 32767 -19484 3946 -32768 END
START 20068 -4056 32767 -19060 3518 -32768 END
START 19172 -4044 32767 -18570 3079 -32768 END
START 18028 -4040 32767 -17855 2636 -32768 END
START 17392 -4024 32767 -16993 2316 -32768 END
START 16288 -4168 32767 -16020 2002 -32768 END
START 15440 -4348 32767 -15030 1737 -32768 END
START 14416 -4576 32767 -14259 1400 -32768 END
START 13092 -4800 32767 -13387 996 -32768 END
START 11704 -4980 32767 -12643 528 -32768 END
START 10216 -4876 32767 -11752 -95 -32768 END
START 9168 -5072 32767 -10875 -756 -32768 END
START 8304 -5224 32767 -9963 -1334 -32768 END
START 7676 -5680 32767 -9019 -1745 -32768 END
START 7284 -6412 32767 -8190 -2046 -32768 END
START 6928 -7592 32767 -7309 -2166 -32768 END
START 5820 -8056 32767 -6390 -2329 -32768 END
START 4444 -8508 32767 -5313 -2774 -32768 END
START 2980 -8588 32767 -4095 -3524 -32768 END
START 1628 -9220 32767 -2773 -4447 -32768 END
START -72 -9884 32767 -1190 -5438 -32768 END
START -1520 -10500 32767 463 -6463 -32768 END
START -3444 -11040 32767 2292 -7513 -32768 END
START -4772 -11648 32767 4262 -8430 -32768 END
START -6108 -11872 32767 6295 -8877 -32768 END
START -7924 -11580 32767 8406 -9056 -32768 END
START -9384 -11304 32767 10544 -9109 -32768 END
START -10696 -11340 32767 12679 -9040 -32768 END
START -11544 -11256 32767 14865 -8801 -32768 END
START -12288 -11368 32767 17058 -8475 -32768 END
START -12692 -11424 32767 19176 -8045 -32768 END
START -12812 -11388 32767 21296 -7449 -32545 END
START -12864 -11196 32767 23046 -6897 -30927 END
START -12444 -11232 32767 24799 -6201 -29299 END
START -12092 -11196 32767 26262 -5475 -27715 END
START -11444 -11080 32767 27470 -4608 -26297 END
START -10584 -10804 32767 28547 -3486 -24859 END
START -9804 -10516 32767 29351 -2175 -23558 END
START -9060 -10220 32767 29949 -778 -22350 END
START -8600 -9632 32767 30332 643 -21206 END
START -8012 -9276 31688 30590 2075 -20183 END
START -7568 -8564 29848 30698 3456 -19223 END
START -7668 -8268 27892 30656 4615 -18297 END
START -7692 -8040 26620 30537 5454 -17371 END
START -7896 -7684 25492 30386 6223 -16530 END
START -8232 -7344 24308 30191 6778 -15627 END
START -8540 -7144 23460 30027 7217 -14725 END
START -8888 -6808 23044 29956 7559 -13708 END
START -9308 -6532 22380 29941 7789 -12764 END
START -9472 -6364 21808 29992 7873 -11767 END
START -9472 -6148 21512 30170 7733 -10896 END
START -9552 -6192 21092 30382 7564 -10043 END
START -9608 -5904 20524 30643 7259 -9259 END
START -9916 -5812 19904 30903 6918 -8533 END
START -10288 -5824 19116 31261 6435 -7773 END
START -11020 -5460 18640 31559 5819 -6849 END
START -11560 -5440 17656 31903 5149 -5885 END
START -11956 -4992 16772 32240 4447 -4743 END
START -11920 -4848 15604 32506 3860 -3693 END
START -11620 -4804 14368 32674 3451 -2607 END
START -11176 -4420 12908 32742 3152 -1552 END