START -5612 10132 13356 4919 1623 -1530 END
START -5684 4140 8056 7007 -844 -185 END
START -11668 3432 11936 7549 -1512 1228 END
START -13152 2916 11740 6417 599 1984 END
START -14912 2128 11672 5170 2135 2969 END
START -14804 1076 10824 4146 3135 4653 END
START -14628 236 9928 3790 2688 7075 END
START -13596 92 8848 3573 2396 9584 END
START -13708 -180 8564 3564 1958 11924 END
START -12692 -520 6968 3625 1482 14444 END
START -10816 -424 4844 2924 593 16511 END
START -9480 -444 2864 1749 -271 18229 END
START -7944 -564 1064 12 -1647 19810 END
START -6932 -488 500 -2292 -3014 21722 END
START -4644 -936 408 -5133 -2921 23885 END
START -1804 -1112 72 -7970 -1858 25450 END
START 1748 -784 -8 -11101 -935 25133 END
START 4056 -1024 1016 -13843 -601 24070 END
START 5480 -1316 2644 -15548 496 23047 END
START 6016 -1728 2544 -16832 857 21261 END
START 5932 -1872 2276 -18798 69 20212 END
START 6728 -2000 3288 -21181 -828 20051 END
START 9840 -2536 4576 -24064 433 19288 END
START 12308 -3176 6360 -27552 5571 17741 END
START 14024 -3360 8348 -31093 13309 15041 END
START 15908 -3284 10860 -32768 21916 11871 END
START 17828 -3144 14072 -32768 30129 6145 END
START 17080 -4636 17056 -32768 32767 -862 END
START 13328 -7512 20136 -32768 32767 -7357 END
START 10980 -9992 25012 -32768 30704 -12736 END
START 7876 -12288 30020 -30212 25223 -17351 END
START 6760 -13656 32767 -22119 18163 -21002 END
START 7120 -14300 31544 -15851 15190 -24641 END
START 6356 -14860 28792 -12528 16507 -28184 END
START 3068 -15928 26876 -11433 19318 -30560 END
START 1060 -16820 26452 -10477 21140 -31567 END
START -1764 -17508 27672 -8328 21665 -32768 END
START -6036 -18456 29052 -3735 18395 -32768 END
START -9752 -19016 29168 1696 12229 -32768 END
START -11984 -19168 28548 5965 7457 -32768 END
START -13588 -19256 27544 8279 6646 -32768 END
START -15980 -20052 26216 8538 8674 -31987 END
START -20260 -21332 28384 8912 11555 -28463 END
START -24564 -22752 30832 12360 11152 -23539 END
START -25624 -23132 31392 17207 10303 -17835 END
START -26180 -22784 29624 21997 9846 -12549 END
START -25164 -22020 25532 25957 9478 -7375 END
START -23956 -21488 21424 27971 9823 -3031 END
START -22340 -21112 18060 28700 10528 733 END
START -22664 -20292 16120 29418 10288 4268 END
START -23848 -18852 13776 30416 8006 8694 END
START -21624 -16936 10864 30208 6663 13055 END
START -18308 -15176 8732 27211 8340 16454 END
START -15656 -13912 7896 24038 11920 18718 END
START -14948 -13464 8148 21363 13523 20027 END
START -15168 -13016 8236 20605 12563 20955 END
START -16568 -12264 7392 21078 10300 22074 END
START -17188 -11896 5332 21754 7106 24376 END
START -15184 -11120 2208 20530 5909 26520 END
START -14016 -9704 72 17487 6788 28296 END
START -13136 -9020 -1332 14264 6984 29927 END
START -11180 -7944 -3508 10164 6372 31737 END
START -8468 -6808 -4760 5504 5917 32767 END
START -4696 -5404 -5328 870 5733 32767 END
START -896 -3620 -4940 -3453 5521 31145 END
START 2404 -2036 -3752 -6864 4776 29065 END
START 5208 -536 -1644 -9560 3791 26595 END
START 8792 916 1144 -11298 2517 23236 END
START 10336 2240 5680 -12812 3105 20259 END