START -22016 10580 10072 2675 -919 193 END
START -5888 3884 7152 1590 -2692 2104 END
START -10424 3028 9988 3162 -4091 4418 END
START -16740 2160 15976 3594 -3629 6646 END
START -8888 1456 15160 4532 -2295 9181 END
START -12804 1136 12800 5797 -1752 11340 END
START -11900 556 10928 5968 -390 13465 END
START -12036 408 8580 5432 334 16188 END
START -10732 696 4384 3954 698 19027 END
START -9584 480 2180 1339 383 22094 END
START -8004 352 3016 -1546 -381 24593 END
START -4468 -360 3984 -3516 -196 27057 END
START -760 -52 2068 -4821 223 27823 END
START 2316 116 740 -6775 34 26070 END
START 2896 -76 404 -9001 309 24216 END
START 2760 -912 -908 -10829 414 22633 END
START 1308 -1736 -1312 -13586 -829 22019 END
START 2304 -3028 -2172 -16803 -1913 23041 END
START 6188 -3992 -2824 -21315 -278 23100 END
START 9788 -5508 -2408 -25703 2377 20947 END
START 12764 -6928 544 -30125 2817 18420 END
START 18348 -7372 5860 -32667 3289 15656 END
START 21252 -7396 10520 -32768 5616 11217 END
START 20308 -7936 13676 -32768 6773 7956 END
START 24844 -7940 19788 -32768 7477 5522 END
START 28892 -7384 23440 -32102 11456 -312 END
START 27760 -7832 24256 -30368 15419 -7399 END
START 25708 -8996 26488 -28568 16301 -13873 END
START 22044 -10264 28892 -25680 15440 -20198 END
START 18124 -11224 31888 -21223 12063 -24655 END
START 16852 -10744 31684 -17355 10793 -27633 END
START 15888 -10828 31380 -15440 14127 -30768 END
START 14388 -11144 31980 -13817 16712 -32768 END
START 10692 -13144 32767 -11590 18125 -32768 END
START 3928 -16088 32767 -7881 14762 -32768 END
START -948 -18552 32767 -4077 12265 -32768 END
START -5756 -20252 32767 -127 13172 -32768 END
START -11776 -22100 32767 5295 12076 -32768 END
START -15804 -24284 32767 12091 9841 -32768 END
START -19500 -24596 32767 17613 10644 -32768 END
START -21596 -23424 32767 21976 13252 -25613 END
START -21796 -22468 32767 26317 13089 -18555 END
START -20736 -21636 31016 30104 11114 -13646 END
START -21628 -21304 28200 32767 8338 -9114 END
START -22244 -21144 24776 32767 6055 -4242 END
START -22792 -20552 20164 32767 4784 1328 END
START -22508 -19444 15516 32767 4071 7451 END
START -22424 -17980 11200 32767 4294 14315 END
START -20232 -16292 8376 32767 5086 22029 END
START -19520 -15080 4568 32767 5125 29039 END
START -13760 -12624 -1160 31265 5430 32767 END
START -6036 -9088 -4588 24182 7763 32767 END
START 5160 -6208 -6984 19264 9265 32767 END
START 11128 -2820 -3764 16102 5811 30572 END
START 11264 -400 -3876 15221 3322 25533 END
START 11500 388 -4484 13172 1227 23594 END
START 14076 1868 -4968 9325 2671 22521 END
START 15596 2508 -3356 4610 5842 20843 END