START -3920 -2780 31396 -1589 -3158 -3189 END
START -704 -6636 19700 478 -2595 -2468 END
START -2280 -2984 27536 -288 -4048 -1973 END
START -4128 -3872 31908 1048 -3356 -1448 END
START -900 -4316 27940 1105 -3968 -985 END
START -2744 -4924 30584 1505 -4190 -648 END
START -296 -5004 27840 1638 -4157 -441 END
START -2168 -5616 30752 1836 -4589 -445 END
START 100 -5780 28412 1982 -4350 -378 END
START 108 -6036 28848 2164 -4579 -396 END
START -964 -6640 30672 2428 -4643 -337 END
START -220 -6668 29908 2737 -4610 -235 END
START -204 -6868 30440 3070 -4750 -138 END
START 164 -6992 30652 3424 -4525 -48 END
START 584 -7128 30764 3744 -4558 40 END
START 388 -7224 32016 4176 -4441 89 END
START 1520 -7256 31664 4639 -4273 148 END
START 1020 -7188 32767 5252 -4195 170 END
START 1956 -7276 32748 5883 -3937 137 END
START 2072 -7276 32767 6673 -3937 6 END
START 1772 -7420 32767 7598 -3803 -194 END
START 3028 -7372 32767 8579 -3722 -482 END
START 2996 -7456 32767 9573 -3744 -793 END
START 3524 -7384 32560 10569 -3667 -1239 END
START 3400 -7200 31988 11464 -3890 -1656 END
START 3364 -7044 31488 12265 -3991 -2102 END
START 3384 -6904 30456 12975 -4275 -2515 END
START 2756 -6616 30008 13587 -4467 -2865 END
START 2520 -6084 29156 14140 -4630 -3174 END
START 1964 -5912 28520 14651 -4765 -3367 END
START 1308 -5600 27744 15097 -5040 -3451 END
START 664 -5528 27608 15459 -5286 -3453 END
START 128 -5304 26824 15780 -5525 -3302 END
START 0 -4964 26292 16101 -5631 -3048 END
START 216 -4676 25628 16372 -5399 -2701 END
START -104 -4540 25636 16621 -5214 -2289 END
START -300 -4232 25716 16856 -5061 -1881 END
START -352 -3936 25520 17036 -4771 -1430 END
START -252 -3780 25004 17235 -4288 -884 END
START -116 -3480 25140 17403 -3699 -402 END
START 208 -3416 25068 17614 -2975 144 END
START 484 -3380 24876 17824 -2168 658 END
START 776 -3444 24880 18091 -1351 1193 END
START 868 -3524 25184 18289 -659 1687 END
START 1016 -3716 25576 18525 -95 2203 END
START 1284 -3792 25668 18806 349 2654 END
START 1472 -3744 26260 19114 581 3074 END
START 1704 -4056 26844 19577 676 3496 END
START 1964 -4220 27468 20143 668 3795 END
START 2108 -4432 27712 20806 560 4087 END
START 2400 -4620 28456 21594 256 4281 END
START 2620 -4744 29080 22559 -216 4473 END
START 2892 -4916 29648 23620 -815 4553 END
START 3160 -5256 30092 24761 -1561 4615 END
START 3300 -5580 30628 26073 -2529 4566 END
START 3460 -6072 30780 27457 -3592 4485 END
START 3556 -6176 31272 28897 -4808 4345 END
START 4024 -6412 31028 30373 -6088 4140 END
START 4524 -6576 30960 31864 -7259 3858 END
START 5040 -6596 31008 32767 -8573 3458 END
START 5528 -6844 31216 32767 -9842 2956 END
START 6028 -7016 31172 32767 -11140 2450 END
START 6232 -7280 30872 32767 -12360 1835 END
START 6764 -7532 30528 32767 -13444 1225 END
START 7040 -7776 29936 32767 -14268 596 END
START 7312 -7984 29440 32767 -14887 -22 END
START 7736 -8200 28516 32767 -15235 -611 END
START 8060 -8300 27592 32767 -15308 -1235 END
START 8800 -8828 25700 32767 -15115 -1870 END
START 9240 -8880 24132 32767 -14670 -2547 END
START 9372 -8876 22672 32767 -14015 -3233 END
START 9604 -8868 20980 32767 -13235 -3973 END
START 9484 -8940 19764 32767 -12495 -4652 END
START 9292 -8876 18228 32767 -11675 -5303 END
START 8976 -8792 16740 32767 -10896 -5914 END
START 8828 -8612 15052 32767 -10106 -6486 END
START 8376 -8360 13644 32767 -9345 -6998 END
START 7916 -8444 12240 32767 -8713 -7451 END
START 7448 -8128 11172 32767 -8188 -7820 END
START 7024 -8128 10244 32767 -7773 -8121 END
START 6620 -7920 9200 32767 -7409 -8353 END
START 6368 -7668 8328 32767 -7059 -8505 END
START 5964 -7336 7356 32767 -6742 -8598 END
START 5856 -7004 6464 32767 -6416 -8661 END
START 5640 -6740 5592 32767 -6037 -8690 END
START 5260 -6624 5040 32767 -5727 -8766 END
START 4972 -6488 4324 32767 -5564 -8845 END
START 4640 -6212 3684 32767 -5545 -8934 END
START 4144 -5848 3224 32767 -5665 -9036 END
START 3724 -5636 2796 32767 -5946 -9174 END
START 3304 -5172 2436 32767 -6191 -9299 END
START 3012 -4804 1784 32767 -6545 -9355 END
START 2684 -4376 1188 32767 -6883 -9424 END
START 2568 -4152 920 32767 -7211 -9466 END
START 2440 -4040 440 32767 -7637 -9402 END
START 2120 -3812 184 32767 -8012 -9402 END
START 1984 -3528 -468 32767 -8319 -9382 END
START 1888 -3300 -696 32767 -8698 -9346 END
START 1680 -2996 -1060 32767 -9075 -9328 END
START 1664 -2688 -1152 32767 -9566 -9317 END
START 1768 -2376 -1360 32767 -10119 -9283 END
START 2020 -2100 -1420 32767 -10713 -9298 END
START 2112 -1732 -1724 32767 -11272 -9300 END
START 2360 -1652 -1772 32767 -11818 -9326 END
START 2760 -1328 -1980 32767 -12212 -9405 END
START 3240 -1316 -2172 32767 -12594 -9480 END
START 3440 -1236 -2376 32767 -12916 -9622 END
START 3744 -960 -2696 32767 -13184 -9815 END
START 3932 -680 -3008 32767 -13376 -10075 END
START 4080 -296 -3628 32767 -13440 -10372 END
START 3972 108 -3968 32353 -13416 -10659 END
START 4012 484 -4580 31793 -13204 -10943 END
START 4064 952 -4900 31189 -12866 -11165 END
START 4052 1024 -5844 30399 -12298 -11345 END
START 4152 1288 -6736 29540 -11530 -11456 END
START 4108 1736 -7760 28579 -10567 -11512 END
START 4112 1988 -8908 27425 -9246 -11585 END
START 4276 2476 -10064 26241 -7794 -11580 END
START 4720 2896 -10824 24913 -6188 -11560 END
START 5008 3192 -11448 23380 -4442 -11595 END
START 5308 3620 -12172 21802 -2890 -11662 END
START 5716 4012 -12532 20019 -1343 -11798 END
START 6012 4268 -12936 18296 12 -12014 END
START 6236 4480 -13348 16500 1272 -12354 END
START 6496 4768 -13816 14722 2246 -12788 END
START 6472 4708 -13772 12857 3139 -13306 END
START 6644 4912 -13632 11135 3790 -13829 END
START 6620 4888 -13848 9514 4379 -14420 END
START 6432 5024 -13728 7955 4766 -14930 END
START 6068 5068 -13528 6493 4926 -15456 END
START 5436 5160 -13276 5126 4919 -15930 END
START 5016 5412 -13448 3794 4796 -16332 END
START 4664 5580 -13204 2517 4581 -16727 END
START 4372 5664 -13280 1276 4189 -17080 END
START 4312 5836 -12956 33 3697 -17419 END
START 4136 5712 -12528 -1205 2895 -17763 END
START 3844 5700 -12076 -2451 1916 -18059 END
START 3320 5568 -11248 -3565 681 -18392 END
START 3136 5648 -10948 -4695 -593 -18725 END
START 2860 5600 -10412 -5690 -1943 -19110 END
START 2860 5432 -9764 -6576 -3370 -19484 END
START 2728 5452 -9132 -7406 -4665 -19833 END
START 2748 5548 -8628 -8118 -5784 -20240 END
START 2904 5544 -8504 -8758 -6681 -20623 END
START 3296 5564 -8436 -9387 -7285 -21009 END
START 3228 5512 -8088 -10073 -7889 -21435 END
START 3232 5564 -8068 -10832 -8192 -21886 END
START 3076 5696 -8352 -11628 -8269 -22266 END
START 2276 5668 -8556 -12570 -8154 -22723 END
START 1660 5644 -8648 -13630 -7994 -23107 END
START 920 5816 -8640 -14817 -7638 -23396 END
START -68 5900 -8640 -15924 -7159 -23622 END
START -1004 5800 -8700 -17102 -6649 -23729 END
START -2064 5776 -8864 -18427 -5789 -23685 END
START -3032 5848 -8900 -19700 -4899 -23514 END
START -3936 5792 -9080 -21099 -3748 -23309 END
START -4812 5888 -9224 -22427 -2573 -22975 END
START -5756 5764 -9168 -23811 -1448 -22646 END
START -6568 5924 -9068 -25301 -394 -22122 END
START -7924 6092 -8420 -26807 229 -21553 END
START -8980 6040 -7916 -28373 539 -20920 END
START -10032 5884 -7280 -29876 540 -20264 END
START -11320 6152 -6320 -31332 180 -19566 END
START -12676 6548 -5244 -32749 -533 -18703 END
START -14152 6524 -3912 -32768 -1612 -17692 END
START -14808 6688 -3264 -32768 -2635 -16505 END
START -15640 6648 -2168 -32768 -3790 -15303 END
START -16148 6648 -952 -32768 -5291 -14001 END
START -16428 6376 -16 -32768 -6684 -12794 END
START -16404 6092 544 -32768 -7934 -11618 END
START -16488 5608 1352 -32768 -9179 -10402 END
START -16416 5052 1860 -32768 -10231 -9289 END
START -16536 4708 2744 -32768 -11251 -8144 END
START -16688 4332 3628 -32768 -12054 -6891 END
START -16964 4364 3996 -32768 -12552 -5550 END
START -17604 4380 4988 -32768 -12958 -4189 END
START -18248 3976 5612 -32768 -13066 -2688 END
START -18920 3664 6668 -32768 -12706 -1127 END
START -19708 3276 8028 -32768 -12056 737 END
START -20736 3296 9884 -32768 -11187 2673 END
START -21672 3788 11712 -32768 -10004 4781 END
START -22580 3856 13944 -32768 -8374 7135 END
START -23020 3816 16148 -32768 -6275 9642 END
START -23332 3528 18252 -32768 -3648 12209 END
START -24144 2236 21144 -32768 -436 14999 END
START -24840 1572 23252 -32768 2854 17768 END
START -26016 1364 26248 -32768 6193 20802 END
START -27700 1316 29864 -32768 9261 23939 END
START -28396 880 32544 -32768 11822 27286 END
START -29220 156 32767 -32768 13817 30476 END
START -29148 -852 32767 -32768 14913 32767 END
START -28132 -1684 32767 -32768 15680 32767 END
START -26500 -2344 32767 -32532 16366 32767 END
START -24004 -3244 32767 -29806 16534 32767 END
START -21704 -4560 32767 -26899 16513 32767 END
START -17880 -5300 32767 -23806 16177 32767 END
START -12464 -6448 32767 -20614 16235 32767 END
START -8256 -7508 32767 -17182 16140 32767 END
START -3252 -7952 32767 -13879 16215 32767 END
START 680 -8340 32767 -10501 16117 32767 END
START 4668 -7980 32767 -7116 15781 32767 END
START 8604 -7048 32767 -4081 15341 32767 END
START 11952 -5624 32767 -1109 14682 32767 END
START 14924 -3308 32767 1763 13811 32767 END
START 17228 -1636 32767 4174 12676 32767 END
START 18796 -484 32767 6387 10944 32767 END
START 19808 1196 32767 8268 9334 32043 END
START 20428 2120 32767 9868 7802 28748 END
START 19912 3996 32767 11170 6251 25651 END
START 19812 5276 32767 12033 4999 22763 END
START 19292 6636 30796 12851 3916 20067 END
START 18520 7244 27796 13305 3357 17796 END
START 17608 8024 25608 13612 2874 15704 END
START 17056 8776 23140 13704 2620 14027 END
START 16228 9628 21436 13629 2506 12308 END
START 15784 9968 19884 13446 2506 10962 END
START 15496 10604 18368 13167 2650 9679 END
START 14848 11620 17324 12754 2833 8390 END
START 14624 12360 15912 12218 3259 7329 END
START 14152 13000 14884 11604 3696 6307 END
START 13772 13256 13896 10918 4203 5389 END