START 4332 296 28336 3276 2404 2590 END
START 6160 -4652 23064 4850 4039 2768 END
START 8184 3248 26116 3959 2780 2459 END
START 4716 -1576 28212 5171 3630 2240 END
START 6476 -956 28032 5127 2610 2002 END
START 5812 -1092 28692 5553 1257 1652 END
START 5308 -992 29008 5956 781 1335 END
START 8080 -348 26400 6378 12 952 END
START 6348 -952 28580 6757 -307 583 END
START 7880 -552 26876 7112 -624 157 END
START 5988 -632 29388 7275 -1537 -285 END
START 6112 -508 29432 7397 -2126 -699 END
START 7432 -148 28792 7532 -2829 -1166 END
START 7196 -40 30188 7709 -3206 -1611 END
START 8280 44 30068 7998 -3221 -2047 END
START 8120 136 30364 8333 -3251 -2552 END
START 7800 64 31196 8771 -3037 -3003 END
START 8140 128 30996 9246 -3006 -3433 END
START 7300 244 31840 9761 -3038 -3792 END
START 7828 304 31488 10262 -3052 -4078 END
START 7216 160 32360 10777 -3242 -4281 END
START 7856 312 31848 11322 -3279 -4470 END
START 7356 112 32644 11798 -3642 -4685 END
START 7636 188 32608 12347 -3888 -4864 END
START 7584 292 32767 12884 -4242 -5191 END
START 7760 236 32767 13404 -4639 -5509 END
START 7816 296 32767 13956 -5003 -5903 END
START 7848 156 32767 14546 -5381 -6301 END
START 7924 76 32767 15170 -5712 -6690 END
START 7936 -172 32767 15838 -6019 -7102 END
START 7696 -432 32767 16545 -6286 -7460 END
START 7412 -548 32767 17346 -6631 -7728 END
START 6700 -848 32767 18250 -6931 -7959 END
START 6316 -920 32767 19197 -7225 -8112 END
START 5904 -956 32767 20275 -7431 -8189 END
START 5364 -1236 32767 21459 -7604 -8172 END
START 4668 -1320 32767 22699 -7784 -8066 END
START 4036 -1368 32767 23958 -7986 -7876 END
START 3500 -1348 32767 25306 -8100 -7629 END
START 3136 -1724 32767 26757 -8129 -7311 END
START 3060 -1932 32767 28108 -8025 -6955 END
START 2996 -2072 32767 29484 -7755 -6598 END
START 2984 -2308 32767 30805 -7423 -6199 END
START 2704 -2508 32767 32082 -7071 -5836 END
START 2728 -2444 32767 32767 -6700 -5408 END
START 2424 -2600 32767 32767 -6260 -4996 END
START 2796 -2664 32767 32767 -5735 -4549 END
START 2884 -2776 32767 32767 -5090 -4106 END
START 2896 -2972 31572 32767 -4452 -3613 END
START 3132 -3084 30436 32767 -3920 -3132 END
START 3364 -3192 29860 32767 -3423 -2711 END
START 3548 -3272 28572 32767 -2945 -2218 END
START 3616 -3592 27840 32767 -2540 -1792 END
START 3692 -3616 26964 32767 -2208 -1426 END
START 4004 -3700 26208 32767 -1976 -1116 END
START 4092 -3732 25644 32767 -1887 -774 END
START 4384 -4004 25112 32767 -1904 -502 END
START 4516 -4212 24480 32767 -2057 -214 END
START 4644 -4336 23648 32767 -2211 46 END
START 4680 -4436 23288 32767 -2363 292 END
START 4636 -4452 22348 32767 -2464 561 END
START 4628 -4712 21404 32767 -2636 833 END
START 4612 -4980 20612 32767 -2847 1093 END
START 4504 -5060 20088 32767 -3279 1370 END
START 4920 -5128 18816 32767 -3607 1619 END
START 5036 -5228 17668 32767 -3896 1835 END
START 5204 -5164 16716 32767 -4267 1985 END
START 5480 -5304 15744 32767 -4705 2072 END
START 5536 -5448 15076 32767 -5246 2075 END
START 5372 -5424 14440 32767 -6042 2000 END
START 5172 -5036 13580 32767 -6946 1921 END
START 5288 -4796 12320 32767 -7829 1799 END
START 5700 -4488 11196 32767 -8700 1660 END
START 6980 -4352 9080 32767 -9428 1403 END
START 7588 -4260 7912 32767 -9905 1109 END
START 8280 -4372 6576 32767 -10327 719 END
START 8992 -4400 5352 32767 -10804 152 END
START 9644 -4200 3980 32767 -11176 -445 END
START 10356 -3788 2668 32767 -11408 -1132 END
START 10780 -3608 1160 32767 -11438 -1920 END
START 11444 -3252 -304 32767 -11264 -2786 END
START 11716 -2968 -1540 32767 -11101 -3734 END
START 12308 -2720 -2896 32767 -10951 -4762 END
START 13008 -2484 -3468 32767 -10793 -5826 END
START 13548 -2176 -3908 32767 -10703 -6925 END
START 14152 -1976 -4564 32767 -10549 -8110 END
START 14444 -1856 -5164 32767 -10385 -9448 END
START 14332 -1820 -5544 32767 -10209 -10802 END
START 13848 -1556 -6080 32767 -9961 -12193 END
START 13080 -1176 -6712 32767 -9647 -13466 END
START 12156 -676 -7360 32767 -9181 -14540 END
START 11524 -120 -8056 32767 -8637 -15354 END
START 11196 120 -8516 32767 -7895 -15977 END
START 10952 168 -9200 32767 -7087 -16439 END
START 10860 476 -9520 31701 -6218 -16885 END
START 10848 504 -9556 30377 -5331 -17337 END
START 10968 960 -9680 29075 -4505 -17828 END
START 11168 1340 -9828 27798 -3597 -18372 END
START 11128 1488 -9184 26582 -2910 -19062 END
START 11324 1412 -8948 25514 -2137 -19782 END
START 11576 1460 -9144 24636 -1567 -20576 END
START 11468 1248 -9152 23939 -1247 -21317 END
START 11112 1320 -9860 23305 -1321 -22083 END
START 10788 1452 -10692 22642 -1810 -22875 END
START 10064 1684 -11504 21857 -2655 -23728 END
START 9204 2072 -12632 20867 -3760 -24606 END
START 8424 2784 -13740 19672 -4907 -25413 END
START 7876 3736 -14796 18169 -6077 -26085 END
START 7240 4296 -15724 16552 -6982 -26657 END
START 7444 4692 -16680 14578 -7674 -27220 END
START 7568 4752 -17640 12540 -8124 -27699 END
START 7640 4620 -18236 10440 -8364 -28160 END
START 7632 4424 -18372 8196 -8518 -28654 END
START 7440 4184 -18284 6156 -8515 -29089 END
START 7100 4040 -17964 4220 -8478 -29525 END
START 6880 3784 -17912 2394 -8178 -29918 END
START 6452 3572 -17476 705 -7908 -30331 END
START 5576 3532 -16864 -881 -7621 -30679 END
START 4816 3980 -16480 -2372 -7535 -31075 END
START 3704 4092 -15952 -3800 -7521 -31397 END
START 2492 3892 -15824 -5186 -7662 -31655 END
START 1564 3592 -15676 -6516 -7877 -31859 END
START 728 3092 -16192 -7907 -8021 -31952 END
START -340 2732 -16024 -9289 -8140 -31964 END
START -1424 2240 -16160 -10780 -8252 -31886 END
START -2532 1804 -15920 -12314 -8332 -31685 END
START -3772 1368 -15624 -13901 -8358 -31360 END
START -5268 1236 -15300 -15486 -8394 -30894 END
START -6432 1004 -14668 -17044 -8345 -30304 END
START -7872 1416 -14240 -18557 -8209 -29595 END
START -8936 1636 -13692 -20032 -7986 -28791 END
START -10180 2056 -12836 -21394 -7832 -27977 END
START -11248 2328 -12152 -22719 -7727 -27000 END
START -12380 2456 -11376 -23908 -7733 -25924 END
START -13248 2756 -10696 -25079 -7698 -24785 END
START -13848 3020 -9912 -26237 -7720 -23532 END
START -14480 3228 -9524 -27296 -7766 -22327 END
START -14996 3480 -9236 -28410 -7838 -21034 END
START -15224 3656 -9140 -29619 -7778 -19759 END
START -15328 3788 -8780 -30812 -7584 -18502 END
START -15616 3964 -8124 -32183 -7417 -17220 END
START -15712 4184 -7648 -32768 -7093 -15953 END
START -16064 4332 -6960 -32768 -6831 -14766 END
START -16660 4372 -6084 -32768 -6637 -13441 END
START -17564 4084 -5244 -32768 -6699 -12136 END
START -19064 4188 -4416 -32768 -6885 -10645 END
START -20360 4832 -3832 -32768 -7170 -9052 END
START -20940 5272 -3528 -32768 -7304 -7420 END
START -21456 5828 -3068 -32768 -7256 -5657 END
START -21616 5924 -2372 -32768 -6929 -3889 END
START -21380 5396 -1748 -32768 -6350 -2088 END
START -20900 4856 -784 -32768 -5267 -231 END
START -20600 4340 356 -32768 -4016 1491 END
START -20048 3948 1740 -32768 -2342 3266 END
START -19308 3408 3156 -32768 -440 4947 END
START -18760 2944 5000 -32768 1620 6590 END
START -18440 2480 7180 -32768 3442 8091 END
START -18040 1672 9812 -32768 5357 9532 END
START -17680 628 12352 -32768 7146 10811 END
START -17620 44 14896 -32768 8934 12095 END
START -18044 -284 17568 -32768 10419 13141 END
START -18372 -864 20280 -32768 11834 14476 END
START -18840 -1252 22672 -32768 13071 15708 END
START -19740 -1672 25880 -32768 13692 17023 END
START -20280 -2452 28544 -32768 14355 18405 END
START -21068 -3184 31944 -32768 14471 19883 END
START -21216 -3768 32767 -32768 14514 21501 END
START -20524 -4108 32767 -32768 14360 23101 END
START -19864 -4652 32767 -32768 14310 24683 END
START -18272 -4840 32767 -32768 14210 26124 END
START -16136 -5064 32767 -32768 14339 27483 END
START -14440 -5448 32767 -32768 14383 28550 END
START -12616 -5696 32767 -31468 14289 29318 END
START -10104 -5660 32767 -27045 13956 29782 END
START -8648 -4424 32767 -22544 13243 29980 END
START -7012 -5124 32767 -17874 12984 29882 END
START -5196 -5308 32767 -12320 12208 29674 END
START -3656 -5332 32767 -6514 11359 29296 END
START -2168 -4728 32767 -1239 10594 28855 END
START -968 -4304 32767 3893 9838 28246 END
START 280 -3092 32767 8297 9101 27740 END
START 1520 -2960 32767 12310 8215 27117 END
START 2840 -2336 32767 16043 7275 26477 END
START 4352 -1964 32767 19006 6180 25630 END
START 4364 -1340 32767 21644 4869 24665 END
START 5768 -760 32767 23454 3536 23700 END
START 7220 -1056 32767 25233 2519 22814 END
START 9100 4 32767 26875 2028 22031 END