START 5476 -2140 22244 -22620 6643 8108 END
START 10840 -11244 21196 -22949 11572 10288 END
START 2812 -15212 32767 -22667 14233 11516 END
START 4200 -16344 32767 -16957 13519 7185 END
START 4336 -17020 32767 -7751 8044 -249 END
START -1732 -18116 32767 -383 -1542 -3855 END
START -3992 -17252 32767 5341 -8096 -1805 END
START -316 -15720 32767 9804 -6690 2246 END
START 2992 -14748 32767 14075 -1713 4681 END
START 5352 -15392 32767 18837 1532 4635 END
START 5904 -15568 32767 24008 1797 3010 END
START 5780 -16664 32767 28673 100 482 END
START 3288 -18496 32767 32767 -3149 -1991 END
START -176 -20176 32767 32767 -7532 -3178 END
START -1032 -20836 31516 32767 -8266 -2501 END
START -672 -21404 26604 32767 -4057 -972 END
START -1756 -21400 21924 32767 -819 999 END
START -1904 -20256 16984 32767 -429 2906 END
START -420 -18328 11036 32767 -1385 3399 END
START 824 -16124 5648 32767 -4418 2223 END
START 2548 -14100 2000 32767 -9104 1184 END
START 4576 -11536 192 32767 -14221 69 END
START 7520 -8740 -2128 32767 -18415 -2133 END
START 12408 -5216 -5120 32767 -14405 -5956 END
START 15440 -2816 -6820 32767 -5571 -9671 END
START 14972 -1592 -9792 31480 4483 -13402 END
START 11752 -448 -11240 25589 8884 -14961 END
START 9908 468 -11284 21485 7632 -16630 END
START 9948 1600 -11860 18394 2829 -20215 END
START 8712 1768 -11576 15465 -1874 -24305 END
START 7212 1756 -11124 13589 -5961 -28519 END
START 5436 2160 -12840 10807 -7338 -31057 END
START 5556 3056 -16344 4580 -4716 -32768 END
START 2304 2448 -18516 -4501 522 -32768 END
START -1060 104 -18468 -12877 2953 -32768 END
START -6056 -1604 -15768 -18655 2078 -32768 END
START -9060 -1668 -14604 -24828 56 -32768 END
START -11748 -3732 -13604 -32283 -1294 -32768 END
START -18280 -6380 -10652 -32768 -607 -32316 END
START -25696 -10376 -6352 -32768 -117 -25399 END
START -32768 -14284 612 -32768 178 -14053 END
START -32768 -17652 6816 -32768 9747 -596 END
START -32768 -22188 14180 -32768 22733 10384 END
START -32768 -25324 22992 -32768 25849 18422 END
START -32768 -27436 32767 -32768 10376 24320 END
START -32768 -24576 32767 -23338 -7176 29210 END
START -28500 -16416 31908 -9252 -15268 32377 END