START -32768 5240 32767 -1497 32767 -346 END
START 32767 6312 -32768 -5655 -3151 -2304 END
START 288 3156 -11196 -11249 -6391 -1466 END
START 1424 564 -8704 -16045 -5412 -350 END
START 3576 -1112 -8496 -19957 -2397 239 END
START 64 -1204 -5756 -23966 -198 1971 END
START -676 -2084 -4984 -28945 2245 2252 END
START 484 -4584 -5456 -32768 3810 1372 END
START -16 -5320 -6972 -32768 2184 2053 END
START -1180 -6828 -4852 -32768 -470 3719 END
START -1868 -6528 1080 -32768 -1613 5649 END
START -556 -9236 7604 -32768 2498 5982 END
START 5280 -10376 11092 -32768 8512 5598 END
START 4204 -10320 21416 -32768 11269 3000 END
START 1668 -9808 32464 -32768 12174 -1303 END
START -2332 -10676 32767 -32768 13268 -4629 END
START -2888 -9276 32767 -32768 12709 -6490 END
START -4492 -8108 32767 -32768 10765 -6723 END
START -4132 -6480 32767 -31612 8566 -5740 END
START -5988 -5776 32767 -24368 7119 -5869 END
START -8768 -4924 32767 -17192 3112 -4722 END
START -9148 -3556 32767 -12876 -1099 -2783 END
START 32767 -364 -17616 21036 10075 15749 END
START -6816 6684 11344 224 -16477 -1605 END
START -1872 9328 18568 -8198 -2182 7910 END
START 1120 4728 31148 -5999 8358 7327 END
START -1512 1016 32767 -248 10782 6364 END
START -7416 -3892 32767 8224 1629 2779 END
START -10400 -6796 32767 17858 -13601 515 END
START -9100 -6256 32767 26155 -19374 2487 END
START -2792 -4136 25836 27297 -13734 6279 END
START 80 -1476 21540 22373 -4969 8248 END
START -136 -1764 24752 19572 -1587 9523 END
START 276 -3084 29596 21484 -3694 10902 END
START 2184 -4664 32767 27927 -7839 10909 END
START 1888 -6372 30580 32767 -14382 9871 END
START 2892 -6576 23160 32767 -19614 8012 END
START 4656 -6916 16524 32767 -18982 6579 END
START 6024 -6016 10200 32767 -14522 5269 END
START 5952 -4940 6360 32767 -12321 4097 END
START 9552 -4996 5592 32767 -13334 1622 END
START 9680 -4180 2324 32767 -15862 -1877 END
START 12312 -3208 -2492 32767 -18173 -5752 END
START 15864 -1176 -6844 32671 -15284 -12067 END
START 15140 -1428 -10096 26569 -7910 -16755 END
START 12632 -1424 -9576 19772 -4001 -18833 END
START 12616 -1204 -9192 15878 -4208 -21709 END
START 13624 -196 -10776 11252 -6999 -25362 END
START 12584 392 -11892 4910 -6404 -29902 END
START 9684 -224 -11384 -1309 -3321 -32768 END
START 6612 -604 -11796 -7661 1050 -32768 END
START 1784 -2156 -11264 -13378 4224 -32768 END
START -4848 -3240 -10064 -17819 4808 -32768 END
START -12204 -2548 -9252 -22318 -38 -32768 END
START -16280 -2652 -7092 -27395 -6737 -32768 END
START -18724 -2448 -3536 -32768 -8741 -30012 END
START -20068 -2340 1208 -32768 -4206 -24751 END
START -24920 -5260 6396 -32768 3114 -20568 END
START -32768 -9820 17048 -32768 6288 -14295 END
START -32768 -15876 28088 -32768 5722 -4621 END
START -32768 -16920 32767 -32768 1100 9657 END
START -32768 -17324 32767 -27925 -2776 25836 END
START -32768 -15172 32767 -17268 -6347 32767 END
START -19028 -10972 31572 -13828 -4425 32767 END
START -5144 -7520 32400 -13191 3002 32767 END
START 7576 -4152 32767 -9401 7759 32767 END
START 14596 648 29648 -4630 8252 32767 END
START 18692 4972 21252 -3881 7543 30303 END
START 18200 6732 18908 -5184 8900 23077 END
START 17856 6560 19520 -5667 14251 16734 END
START 11748 4196 20800 -4419 18575 12326 END