START 15888 7100 32767 2302 -10692 -3824 END
START 4116 -8816 32767 1780 -2668 -3066 END
START 1736 -10724 32767 3827 964 -67 END
START 1612 -11628 32767 10496 -2801 1963 END
START 1636 -11272 32767 19514 -7897 2397 END
START 3520 -10972 32767 27538 -11492 1130 END
START 7176 -10352 32767 32601 -10253 -1007 END
START 6512 -11004 32767 32767 -6326 -2277 END
START 6176 -11704 32636 32767 -1098 -2974 END
START 5204 -12572 29640 32767 2939 -3499 END
START 2824 -13592 28432 32767 5460 -3323 END
START -68 -14840 26632 32767 4388 -2370 END
START -656 -16032 23896 32767 643 -700 END
START 184 -15696 19760 32767 -2241 1140 END
START 3544 -14556 15028 32767 -2837 2558 END
START 7784 -12600 10204 32767 250 2332 END
START 9716 -11432 6244 32767 2903 1205 END
START 11636 -9304 1696 32767 3258 -1196 END
START 12972 -7444 -2884 32767 2918 -4903 END
START 12988 -5944 -6856 32767 1372 -9461 END
START 10576 -4804 -10788 32767 -1407 -13201 END
START 8712 -4208 -12880 29088 -5828 -15209 END
START 8616 -3028 -14124 24217 -7690 -17541 END
START 7360 -2792 -14944 19215 -7503 -20134 END
START 7180 -2064 -16108 13299 -4289 -21899 END
START 6376 -2084 -15472 7437 65 -24014 END
START 3656 -2636 -15508 3504 1388 -25674 END
START 1380 -2484 -15044 432 -1074 -26299 END
START -420 -2304 -15060 -2589 -4957 -26499 END
START -1296 -1540 -14972 -6752 -9492 -26267 END
START -2288 -564 -14720 -12507 -12055 -25744 END
START -2664 924 -15112 -21301 -11629 -25176 END
START -5088 -180 -12660 -31134 -9087 -25973 END
START -11124 -336 -9224 -32768 -7549 -24886 END
START -16388 -3136 -3968 -32768 -8513 -23829 END
START -22272 -9396 8356 -32768 -10680 -21764 END
START -28828 -14580 28224 -32768 -10202 -16720 END
START -32768 -16648 32767 -32768 -955 -7484 END
START -32768 -18604 32767 -32768 12350 3904 END
START -32768 -20116 32767 -32768 18211 19397 END
START -32768 -22064 32767 -26835 11417 32767 END
START -32768 -20076 32767 -17983 5978 32767 END
START -11324 -14560 32767 -8282 5779 32767 END
START 1224 -7584 32767 2421 2878 32767 END
START 5712 -3960 32767 10115 -2948 32767 END
START 10272 -1004 27256 13348 -3723 31258 END
START 16088 2576 21264 13858 2402 27982 END