START -4144 -9788 32767 2836 9296 6516 END
START -5592 -12900 32767 12731 -3624 5295 END
START -5236 -13076 32767 22677 -11170 5496 END
START -5448 -11868 32767 26819 -9051 6725 END
START -9212 -13388 32767 30114 -2787 7332 END
START -9968 -14824 32767 32767 -3152 8605 END
START -7284 -15856 32767 32767 -6744 8420 END
START -6948 -16640 28624 32767 -8851 8033 END
START -7656 -17232 24232 32767 -9693 8982 END
START -5756 -17148 19080 32767 -9292 10721 END
START -1340 -16068 16032 32767 -7723 12813 END
START 5160 -13844 14224 32767 -3514 11821 END
START 7680 -12632 11772 32767 -2036 9099 END
START 8832 -11044 7528 32767 -3719 5629 END
START 10008 -9268 3108 32767 -7987 1899 END
START 10544 -7460 -112 32767 -8444 -2035 END
START 10596 -6288 -2972 32767 -8039 -5390 END
START 11948 -4072 -5800 32767 -7586 -7724 END
START 13612 -2444 -8228 30170 -5620 -11880 END
START 12400 -1952 -9852 24977 -4556 -16547 END
START 10320 -2500 -9932 20242 -4996 -20595 END
START 7588 -3284 -10164 16842 -6036 -22895 END
START 6576 -3164 -12184 13270 -5465 -23896 END
START 5384 -2740 -13508 8314 -2822 -24493 END
START 4112 -2376 -13916 3632 -1928 -24935 END
START 3776 -1856 -13588 -382 -2487 -25594 END
START 2768 -1104 -13716 -3654 -3975 -27141 END
START 3088 -208 -14332 -7381 -7591 -29826 END
START 1096 780 -15204 -12416 -9128 -32376 END
START -1724 860 -15968 -20592 -8753 -32768 END
START -5564 -1528 -13796 -30017 -8459 -32768 END
START -11572 -5284 -9092 -32768 -6778 -32768 END
START -22968 -10172 -1728 -32768 -5396 -32768 END
START -32768 -13792 9348 -32768 -5636 -32768 END
START -32768 -14644 17024 -32768 568 -19568 END
START -32768 -17860 24508 -32768 13996 -3419 END
START -32768 -26408 32767 -32768 13645 13763 END
START -32768 -28208 32767 -32768 2260 25474 END
START -32768 -25860 32767 -19145 -9247 30297 END
START -32452 -19612 32767 -4947 -15988 32767 END
START -25052 -13088 32767 -964 -14287 32767 END
START -11120 -9780 31812 -2216 -8028 32767 END
START 1812 -7852 32767 -57 -3417 32767 END
START 13304 -4600 31980 6452 -4852 32767 END
START 18060 -540 25640 15014 -7556 27740 END
START 16404 2212 16508 19943 -8995 16940 END