START -172 -2236 25208 -11379 -2508 225 END
START 5208 -7104 9820 -9103 -1116 997 END
START 1884 -988 22988 -10008 -3236 1227 END
START 140 -2624 28024 -7999 -1443 1679 END
START 3144 -2408 24508 -7698 -1936 2145 END
START -288 -2324 29764 -6838 -2473 2540 END
START 3728 -2004 25968 -6204 -2289 3009 END
START 1788 -2244 29988 -5638 -2645 3331 END
START 4384 -2092 28688 -4934 -2540 3686 END
START 4300 -2156 30648 -4159 -2915 3904 END
START 5780 -2176 30672 -3329 -3057 4055 END
START 6748 -2364 31448 -2492 -3108 4101 END
START 6760 -2332 32767 -1684 -3594 3987 END
START 7136 -2288 32767 -777 -3824 3859 END
START 8984 -1928 32767 241 -4407 3486 END
START 7776 -2024 32767 1407 -4711 3104 END
START 9616 -1824 32767 2871 -5130 2605 END
START 9108 -2104 32767 4285 -5260 2086 END
START 10084 -2376 32767 5933 -5242 1525 END
START 9760 -2824 32767 7563 -5323 986 END
START 9908 -3052 32767 9133 -5275 579 END
START 9596 -3156 32767 10611 -5409 198 END
START 9532 -3096 32767 12004 -5347 -78 END
START 9976 -2968 32767 13108 -5372 -331 END
START 9868 -2888 32767 14091 -5198 -595 END
START 10540 -2692 32767 14835 -5217 -897 END
START 10376 -2552 32767 15495 -5085 -1228 END
START 11456 -2400 32767 16064 -4833 -1708 END
START 11236 -2484 32767 16450 -4417 -2344 END
START 11736 -2508 32767 16807 -4074 -2997 END
START 11432 -2820 32767 17099 -3828 -3682 END
START 11668 -2660 32767 17383 -3468 -4264 END
START 11652 -2864 32767 17809 -3258 -4836 END
START 11636 -3120 32767 18490 -2876 -5419 END
START 11680 -3416 32767 19465 -2563 -5929 END
START 11960 -3768 32767 20806 -2028 -6398 END
START 11896 -4372 32767 22449 -1512 -6902 END
START 12284 -5024 32767 24485 -987 -7359 END
START 12360 -5404 32767 26672 -748 -7838 END
START 12928 -5936 32767 29111 -413 -8396 END
START 12984 -6676 32767 31676 -35 -9021 END
START 12728 -7248 32767 32767 200 -9720 END
START 11996 -7576 32767 32767 148 -10392 END
START 11396 -7520 32767 32767 -134 -11023 END
START 10732 -7776 32767 32767 -772 -11605 END
START 10192 -7944 32767 32767 -1682 -12134 END
START 9856 -8164 32767 32767 -2733 -12657 END
START 9180 -8456 32767 32767 -3856 -13178 END
START 8760 -8692 32767 32767 -5029 -13639 END
START 8088 -8772 32767 32767 -6138 -14059 END
START 7256 -8708 32767 32767 -7251 -14388 END
START 6440 -8964 32767 32767 -8265 -14657 END
START 5840 -9068 32767 32767 -9228 -14808 END
START 5328 -9492 32767 32767 -10138 -14941 END
START 4852 -9816 32408 32767 -10808 -14940 END
START 4580 -10080 30616 32767 -11313 -14933 END
START 4612 -10460 27996 32767 -11633 -14915 END
START 4780 -10360 25636 32767 -11593 -14893 END
START 4844 -10352 23412 32767 -11475 -14909 END
START 5036 -10296 21028 32767 -11225 -15020 END
START 5504 -10268 18664 32767 -10911 -15150 END
START 5892 -10024 16428 32767 -10534 -15369 END
START 6348 -10164 14212 32767 -10039 -15681 END
START 7212 -10248 11756 32767 -9409 -16023 END
START 7604 -9888 9792 32767 -8525 -16482 END
START 7652 -9280 8012 32767 -7547 -16991 END
START 7584 -8940 6372 32767 -6602 -17596 END
START 7236 -8640 5032 32767 -5603 -18167 END
START 6916 -8468 3356 32767 -4599 -18644 END
START 6760 -8352 1972 32767 -3370 -19061 END
START 6560 -7932 292 32767 -2050 -19306 END
START 6096 -7576 -960 32767 -652 -19436 END
START 5612 -7144 -2180 32767 773 -19499 END
START 4928 -6836 -3520 32767 2217 -19488 END
START 4208 -6368 -4428 32767 3549 -19377 END
START 3476 -5868 -5448 32767 4791 -19183 END
START 2672 -5096 -6292 32767 5883 -18904 END
START 2080 -3928 -7220 32767 6712 -18535 END
START 2016 -3028 -7756 32767 7364 -18080 END
START 2084 -2156 -8796 32767 7915 -17621 END
START 2420 -1824 -9384 32767 8227 -17177 END
START 2872 -1532 -10080 32767 8562 -16811 END
START 3168 -1324 -10260 32767 8554 -16507 END
START 3516 -872 -10488 32767 8358 -16361 END
START 4020 -536 -10316 32137 7705 -16296 END
START 4788 -232 -10080 30496 6786 -16373 END
START 5824 12 -9904 28898 5534 -16563 END
START 6840 240 -9732 27561 4192 -16899 END
START 7956 416 -9476 26274 2698 -17382 END
START 8832 688 -9336 25054 1259 -17961 END
START 9284 1004 -8744 23982 -188 -18633 END
START 9556 1456 -8276 22890 -1519 -19325 END
START 9532 1584 -8144 21967 -2614 -19970 END
START 9508 1760 -8012 21110 -3468 -20598 END
START 9644 2100 -8260 20393 -3949 -21138 END
START 9860 2308 -8600 19600 -4083 -21679 END
START 9976 2276 -8784 18749 -4028 -22185 END
START 9872 2124 -9044 17875 -3950 -22680 END
START 9900 2200 -9436 17051 -3848 -23164 END
START 10068 2236 -9880 16199 -3916 -23713 END
START 10464 2428 -10460 15290 -4061 -24332 END
START 10228 2464 -10956 14277 -4447 -25076 END
START 9996 2388 -11808 13169 -4858 -25796 END
START 9672 2204 -12592 11977 -5189 -26494 END
START 9216 2212 -13620 10636 -5298 -27070 END
START 8984 2220 -14024 9103 -5211 -27565 END
START 8896 2260 -14432 7546 -5203 -27955 END
START 8720 2468 -14560 5920 -5220 -28315 END
START 8588 2268 -14828 4312 -5074 -28672 END
START 8172 2004 -14792 2745 -4830 -29042 END
START 7632 1808 -14960 1240 -4431 -29450 END
START 6536 1628 -15292 -254 -3873 -29803 END
START 5920 1524 -15516 -1641 -3357 -30119 END
START 5004 1576 -15756 -3208 -3034 -30318 END
START 4352 1512 -16028 -4859 -2907 -30478 END
START 3740 1268 -15840 -6658 -2940 -30610 END
START 3180 908 -16012 -8448 -2949 -30708 END
START 2132 552 -16188 -10191 -2923 -30738 END
START 1020 200 -15940 -11872 -2955 -30674 END
START -324 84 -15776 -13478 -2943 -30479 END
START -1684 -384 -15608 -14822 -3009 -30159 END
START -3032 -508 -15268 -16433 -3094 -29680 END
START -4144 -780 -15348 -17804 -3225 -29140 END
START -5220 -872 -15108 -19237 -3419 -28542 END
START -6076 -920 -15064 -20666 -3798 -27942 END
START -6704 -1056 -14904 -22307 -4316 -27352 END
START -7312 -1384 -14672 -23944 -4788 -26695 END
START -8076 -1772 -14164 -25726 -5181 -25999 END
START -9208 -2092 -13120 -27275 -5627 -25261 END
START -10532 -2224 -12384 -28705 -5980 -24311 END
START -12172 -2440 -11420 -29866 -6231 -23181 END
START -13748 -2212 -10092 -30918 -6540 -21899 END
START -15008 -2112 -8912 -31750 -6965 -20501 END
START -15760 -1996 -7996 -32500 -7276 -19018 END
START -16360 -2100 -7324 -32768 -7460 -17594 END
START -16816 -2132 -6228 -32768 -7568 -16176 END
START -17528 -2144 -5044 -32768 -7573 -14751 END
START -18096 -2152 -4160 -32768 -7491 -13278 END
START -18812 -2080 -3244 -32768 -7285 -11851 END
START -20076 -1812 -1940 -32768 -7191 -10308 END
START -21040 -1696 -1228 -32768 -7155 -8709 END
START -21864 -1376 -392 -32768 -7180 -7066 END
START -22416 -952 232 -32768 -7151 -5418 END
START -23276 -288 1020 -32768 -7031 -3844 END
START -23804 136 1908 -32768 -6815 -2015 END
START -24676 416 2748 -32768 -6634 -279 END
START -25632 464 3592 -32768 -6399 1586 END
START -26280 436 4376 -32768 -6138 3571 END
START -26880 560 5192 -32768 -5806 5550 END
START -27776 684 5964 -32768 -5377 7596 END
START -28504 936 6884 -32768 -4979 9671 END
START -29328 1196 7844 -32768 -4689 11937 END
START -29820 1180 8652 -32768 -4329 14384 END
START -30016 964 9616 -32768 -3928 16875 END
START -30020 684 10712 -32768 -3409 19385 END
START -29740 244 11784 -32768 -2777 22044 END
START -29536 -236 13172 -32768 -2019 24635 END
START -29080 -644 14404 -32768 -1212 27303 END
START -28676 -1320 15852 -32768 -292 29872 END
START -28056 -1580 17416 -32768 704 32545 END
START -26884 -1916 18980 -32768 1842 32767 END
START -26044 -2432 21208 -32768 2986 32767 END
START -24224 -2948 22600 -32768 4332 32767 END
START -22512 -3768 24992 -32768 5793 32767 END
START -20028 -4456 27028 -32768 7276 32767 END
START -16212 -5560 29912 -32768 8955 32767 END
START -13100 -5956 32624 -31653 10862 32767 END
START -9724 -6412 32767 -30310 12688 32767 END
START -6380 -6896 32767 -28780 14501 32767 END
START -2944 -7464 32767 -26981 15801 32767 END
START 200 -7712 32767 -25123 16876 32767 END
START 2812 -7960 32767 -22930 17376 32767 END
START 5180 -7924 32767 -20461 17243 32767 END
START 7236 -7964 32767 -17771 16747 32767 END
START 8928 -7456 32767 -14641 15758 32767 END
START 9920 -6588 32767 -11133 14534 32767 END
START 10416 -5164 32767 -7217 12670 32767 END
START 10292 -3744 32767 -3013 10817 32767 END
START 9944 -2672 32767 1403 8441 30884 END
START 9848 -1708 32767 5465 6153 28818 END
START 9716 -864 32767 9637 3670 26779 END
START 9592 12 32767 13574 1103 24857 END
START 9564 696 32767 17120 -1355 23055 END
START 9648 1344 32767 20227 -3468 21474 END
START 9792 2160 32767 23147 -5595 19744 END
START 9852 3308 32767 25347 -7261 18270 END
START 9944 4432 32767 27107 -8635 16875 END
START 10200 5752 32767 28259 -9782 15583 END
START 10684 6912 28856 28977 -10405 14413 END
START 11488 8088 25140 29288 -10478 13225 END
START 11528 9348 21760 29313 -10206 12182 END
START 11116 11160 18992 28863 -9894 11152 END
START 11448 11400 15660 28103 -9444 10259 END
START 11796 11700 13348 27197 -9092 9484 END
START 12212 11772 10432 26073 -8276 8758 END