START 8364 4860 -19136 17379 13445 -7318 END
START 6776 -1064 -20700 10856 10228 -5152 END
START -4476 -828 -11652 4374 841 -2221 END
START 1964 -1432 -12604 -398 -4532 -263 END
START 1908 -2156 -9280 -3160 -3773 776 END
START 464 -2964 -8844 -5559 -1536 1425 END
START -1664 -2720 -9500 -9161 -403 1960 END
START -1632 -3580 -11540 -14319 1248 3057 END
START -1092 -4928 -12488 -19900 2452 4755 END
START -1416 -4976 -13608 -26038 1240 6070 END
START -464 -6668 -11516 -32028 -985 6678 END
START -260 -8328 -7816 -32768 22 7788 END
START 732 -9028 -5096 -32768 1980 8519 END
START 760 -9892 -1808 -32768 2516 8927 END
START 1216 -10508 1800 -32768 2870 8835 END
START 1996 -11220 8092 -32768 2266 8731 END
START 3536 -11404 16156 -32768 2073 9008 END
START 5904 -10668 25004 -32768 4904 7907 END
START 5424 -9524 32767 -32768 7559 6493 END
START 6360 -8264 32767 -32768 8874 5061 END
START 5808 -6548 32767 -32768 9098 3421 END
START 3628 -5760 32767 -31578 7610 2034 END
START 3116 -4416 32767 -22495 5012 920 END
START 3800 -3420 32767 -14155 2386 -381 END
START 1156 -2792 32767 -6876 -26 -831 END
START 336 -2184 32767 -867 -1985 356 END
START 388 -1900 32767 3899 -2131 1915 END
START 956 -1812 32767 8560 -3572 3077 END
START 1064 -2156 32767 13218 -5809 3658 END
START 500 -2656 32767 18573 -9459 3687 END
START 12 -3712 32767 23593 -13081 4013 END
START 392 -4268 32767 27534 -14801 4553 END
START 768 -5176 32767 30680 -15110 5312 END
START 1296 -5936 31320 32767 -14576 6025 END
START 3220 -6872 29608 32767 -13641 6830 END
START 6448 -6976 25916 32767 -12863 5608 END
START 7168 -7668 21724 32767 -14144 3648 END
START 9868 -7856 16996 32767 -16377 751 END
START 12072 -7844 12632 32767 -16136 -3723 END
START 11548 -8288 7724 32767 -16493 -7753 END
START 12844 -7740 2516 32767 -18043 -11689 END
START 12888 -7148 -3648 32767 -17715 -16265 END
START 12192 -7316 -9136 32767 -18252 -19316 END
START 13312 -5744 -15288 32767 -19313 -21886 END
START 14200 -4384 -19204 24197 -18624 -25962 END
START 16136 -3748 -19676 12734 -10987 -30048 END
START 13052 -5440 -18784 2259 -3589 -32768 END
START 8068 -7044 -15788 -4666 -618 -32768 END
START 2328 -7176 -13704 -9961 -851 -32768 END
START -1104 -7428 -11404 -14151 -4047 -32768 END
START -4564 -5788 -9264 -18699 -6182 -32768 END
START -5116 -4020 -7416 -24791 -4123 -32768 END
START -8388 -3476 -6212 -31911 196 -32768 END
START -11168 -4304 -4020 -32768 4950 -32657 END
START -18780 -6552 1640 -32768 7388 -31093 END
START -27716 -8900 9564 -32768 5951 -27772 END
START -32768 -11008 18960 -32768 5667 -20318 END
START -32768 -13088 26392 -32768 7868 -7136 END
START -32768 -14076 27788 -32768 7981 9657 END
START -32768 -13940 24656 -32768 6989 23276 END
START -32768 -14464 24556 -32768 6257 32767 END
START -28204 -14308 26920 -32768 7035 32767 END
START -21292 -14368 29608 -32768 9166 32767 END
START -13312 -13964 32767 -32521 7008 32767 END