START -484 -1028 32096 -6854 2284 2005 END
START 1500 -5688 22840 -5148 3495 2156 END
START 1772 112 29224 -6272 3166 1838 END
START -3932 -2316 32767 -4914 3579 1812 END
START -2168 -2000 32767 -4864 2334 1774 END
START -6008 -2300 32767 -4062 995 1880 END
START -3456 -2456 32767 -3107 506 2075 END
START -5780 -2732 32767 -1983 -131 2310 END
START -5204 -2848 32767 -607 -29 2680 END
START -6652 -3092 32767 781 -386 3118 END
START -7556 -3136 32767 2314 -586 3697 END
START -8032 -3348 32767 3946 -684 4449 END
START -8512 -3372 32767 5635 -868 5224 END
START -9952 -3016 32767 7385 -794 6204 END
START -9688 -2632 32767 9118 -996 7161 END
START -10892 -2404 32767 10769 -997 8177 END
START -9896 -2468 32767 12480 -1226 9200 END
START -10628 -2772 32767 14066 -1434 10153 END
START -9432 -2880 32767 15528 -1761 11071 END
START -9412 -3220 32767 16836 -2048 11965 END
START -8268 -3260 32767 17950 -2258 12782 END
START -7228 -3548 32767 18859 -2543 13659 END
START -5944 -3660 32767 19503 -2788 14382 END
START -4660 -3668 32767 19984 -3086 15094 END
START -3008 -3800 32767 20319 -3254 15631 END
START -1884 -3696 32767 20474 -3505 16013 END
START 96 -3452 32060 20449 -3591 16211 END
START 1244 -3324 32020 20372 -3746 16164 END
START 3468 -2952 30420 20264 -3651 15972 END
START 3992 -2616 31008 20037 -3576 15488 END
START 4872 -2200 31008 19882 -3734 14828 END
START 5344 -1828 31316 19707 -4077 14030 END
START 6048 -1724 31152 19579 -4299 13240 END
START 6520 -1716 31376 19642 -4504 12397 END
START 6704 -1764 31596 19883 -4631 11604 END
START 6848 -1688 31860 20275 -4838 10891 END
START 6464 -1676 32480 20880 -5006 10282 END
START 6488 -1600 32608 21631 -5289 9714 END
START 5900 -1744 32767 22552 -5469 9225 END
START 5984 -1912 32672 23579 -5649 8771 END
START 5560 -2064 32676 24716 -5837 8384 END
START 5612 -2276 32524 25916 -6047 8018 END
START 5312 -2684 32452 27180 -6412 7671 END
START 5360 -2824 32020 28450 -6806 7345 END
START 5188 -2908 31796 29798 -7269 7075 END
START 5176 -3008 31068 31159 -7682 6847 END
START 4796 -3372 30676 32498 -8281 6610 END
START 4476 -3496 30224 32767 -8961 6443 END
START 4308 -3776 29180 32767 -9625 6230 END
START 3948 -4176 28128 32767 -10365 6052 END
START 3680 -4396 27272 32767 -11157 5814 END
START 3576 -4392 26304 32767 -12023 5593 END
START 3372 -4184 25320 32767 -12910 5362 END
START 3032 -3904 24212 32767 -13750 5115 END
START 2940 -3780 23244 32767 -14711 4842 END
START 2760 -3952 21716 32767 -15670 4623 END
START 2756 -4152 20456 32767 -16557 4447 END
START 2712 -4468 19192 32767 -17262 4325 END
START 2824 -4788 17900 32767 -17760 4228 END
START 2872 -5040 16600 32767 -18184 4156 END
START 2984 -5192 15260 32767 -18520 4117 END
START 3332 -5160 13756 32767 -18721 4026 END
START 3800 -4988 12272 32767 -18801 3875 END
START 4136 -4600 10908 32767 -18798 3732 END
START 4396 -3976 9324 32767 -18627 3598 END
START 4700 -3708 7724 32767 -18380 3401 END
START 4808 -3576 6384 32767 -18090 3181 END
START 5064 -3480 4812 32767 -17716 3014 END
START 5160 -3256 3384 32767 -17234 2845 END
START 5428 -2952 1748 32767 -16697 2702 END
START 5628 -2792 328 32767 -16114 2555 END
START 5852 -2640 -1156 32767 -15485 2447 END
START 5992 -2200 -2148 32767 -14782 2341 END
START 5984 -1624 -3020 32767 -13987 2238 END
START 6112 -1020 -3764 32767 -13223 2151 END
START 6036 -584 -4508 32767 -12387 2093 END
START 6176 -16 -4956 32767 -11533 2027 END
START 6328 352 -5436 32344 -10723 1987 END
START 6420 496 -5556 30755 -9825 1902 END
START 6368 576 -5308 29254 -9065 1785 END
START 6292 868 -5220 27770 -8341 1742 END
START 6240 1176 -5088 26374 -7746 1683 END
START 6384 1532 -4492 25105 -7165 1599 END
START 6624 1588 -4332 23919 -6599 1526 END
START 6656 1568 -3896 22881 -6000 1406 END
START 6908 1124 -2976 22009 -5519 1214 END
START 7284 992 -2536 21280 -5044 894 END
START 7380 972 -2308 20596 -4525 676 END
START 7588 892 -2296 20123 -3696 505 END
START 7840 844 -1976 19667 -2711 344 END
START 8128 776 -2012 19263 -1561 239 END
START 8028 944 -1712 18816 -314 125 END
START 8016 1404 -1436 18432 835 5 END
START 8116 1792 -1084 17997 2029 -91 END
START 8256 2056 -1052 17602 3137 -247 END
START 8588 2096 -1100 17136 4287 -530 END
START 8824 2152 -1108 16705 5371 -887 END
START 8944 2064 -1056 16284 6327 -1260 END
START 9008 1912 -936 15908 7122 -1731 END
START 8968 2028 -872 15590 7721 -2197 END
START 8904 2008 -840 15296 8143 -2661 END
START 9004 2048 -988 15036 8457 -3155 END
START 8944 2012 -1072 14855 8598 -3658 END
START 8912 1880 -1736 14777 8608 -4156 END
START 9296 1928 -2492 14684 8462 -4741 END
START 9540 2104 -3420 14495 8078 -5349 END
START 9964 2380 -4524 14157 7520 -5990 END
START 10468 2600 -5684 13618 6749 -6773 END
START 10780 2896 -6668 12905 5845 -7655 END
START 10924 3144 -7256 12055 4723 -8620 END
START 11056 3524 -7980 11052 3522 -9670 END
START 11476 3824 -8168 9951 2264 -10785 END
START 11500 4148 -8364 8777 950 -11927 END
START 11440 4608 -8316 7592 -311 -13091 END
START 11464 4556 -8664 6417 -1354 -14202 END
START 11220 4372 -8024 5454 -2312 -15339 END
START 11060 4212 -7704 4484 -3125 -16526 END
START 11028 4148 -7624 3584 -3763 -17738 END
START 10584 4252 -7552 2755 -4173 -18932 END
START 9900 4316 -7464 1943 -4456 -20122 END
START 9140 4444 -7640 1215 -4523 -21197 END
START 8532 4288 -7792 431 -4447 -22213 END
START 7884 4000 -7772 -403 -4147 -23148 END
START 7212 3680 -8188 -1213 -3665 -23930 END
START 6456 3444 -8456 -2143 -2948 -24618 END
START 5508 3388 -8284 -3126 -2129 -25196 END
START 4820 3312 -8312 -4159 -1350 -25707 END
START 4180 3208 -8304 -5153 -548 -26141 END
START 3632 3220 -8216 -6127 405 -26571 END
START 3140 3240 -8328 -7047 1317 -26953 END
START 2632 3136 -7896 -7930 2101 -27373 END
START 2280 3052 -7180 -8812 2678 -27775 END
START 2136 3056 -7168 -9584 3074 -28243 END
START 2016 3084 -6820 -10400 3356 -28736 END
START 2016 3116 -6532 -11148 3502 -29274 END
START 1756 3160 -5804 -11887 3418 -29876 END
START 1372 3240 -5428 -12552 3146 -30537 END
START 944 3156 -5296 -13161 2740 -31190 END
START 268 3052 -5180 -13758 2214 -31808 END
START -244 2972 -4872 -14276 1677 -32347 END
START -1296 2676 -4796 -14824 1079 -32768 END
START -2868 2872 -4944 -15526 414 -32768 END
START -3996 2912 -4828 -16182 -288 -32768 END
START -4968 2996 -4924 -16984 -1025 -32768 END
START -5892 2976 -4956 -17953 -1827 -32768 END
START -7064 2956 -5032 -18954 -2521 -32768 END
START -7800 2924 -5580 -20076 -3176 -32430 END
START -8616 3116 -5936 -21347 -3631 -31931 END
START -9056 3408 -6016 -22678 -3934 -31339 END
START -9760 3456 -5976 -24162 -4114 -30737 END
START -10440 3592 -5624 -25615 -4296 -30124 END
START -11324 3812 -4596 -27175 -4500 -29470 END
START -12368 3852 -3764 -28636 -4704 -28767 END
START -13356 3996 -2980 -30115 -4717 -28011 END
START -14156 3952 -2396 -31524 -4484 -27167 END
START -15468 4112 -1512 -32768 -4034 -26300 END
START -16728 4216 -520 -32768 -3440 -25298 END
START -18232 4284 420 -32768 -2886 -24225 END
START -19392 4184 1412 -32768 -2357 -22991 END
START -21548 3812 3940 -32768 -1835 -21606 END
START -23092 3460 5696 -32768 -1635 -20065 END
START -24368 3076 7448 -32768 -1473 -18484 END
START -25232 3260 9488 -32768 -1272 -16655 END
START -25576 3968 12228 -32768 -1382 -15027 END
START -26688 2256 11668 -32768 -414 -13353 END
START -28248 1692 13808 -32768 1266 -11292 END
START -30180 1436 18008 -32768 1327 -8982 END
START -31176 832 20472 -32768 1307 -6710 END
START -31760 44 22104 -32768 1373 -4454 END
START -32452 -464 24400 -32768 1496 -2176 END
START -32768 -568 26404 -32768 1611 297 END
START -32768 -504 28888 -32768 1681 2677 END
START -32768 -164 31500 -32768 1635 5390 END
START -32768 -664 32767 -32768 1808 7992 END
START -32768 -1680 32767 -32768 2199 10631 END
START -32768 -2292 32767 -32768 2554 13408 END
START -32768 -3020 32767 -31597 2899 15883 END
START -32768 -3284 32767 -29185 3328 18425 END
START -32376 -3272 32767 -26478 3859 20932 END
START -31332 -3452 32767 -23452 4388 23327 END
START -29896 -3804 32767 -20242 5134 25649 END
START -28264 -4244 32767 -16935 5931 27703 END
START -27192 -4696 32767 -13354 6428 29656 END
START -24420 -4480 32767 -9893 7111 31378 END
START -22672 -4324 32767 -6532 7477 32767 END
START -20520 -4124 32767 -3396 7837 32767 END
START -18460 -4152 32767 -714 7999 32767 END
START -16104 -3944 32767 1586 7988 32767 END
START -13968 -3656 32767 3564 7880 32767 END
START -11244 -3296 32767 5102 7921 32767 END
START -8392 -2596 32767 6371 8108 32767 END
START -5808 -1544 32767 7282 8612 32767 END
START -3064 -244 32767 7906 9274 32767 END
START -428 860 32767 8253 9922 32767 END
START 2008 2396 30928 8420 10575 32767 END
START 4248 3768 29368 8329 11148 32767 END
START 6652 4384 28020 8049 11730 32767 END
START 8824 4960 26996 7704 12114 31571 END
START 10632 5448 25720 7248 12398 29998 END
START 11960 6044 24820 6723 12621 28340 END
START 13128 6504 24316 6283 12591 26623 END
START 14172 7128 23384 5876 12412 24824 END