START 8164 6160 -26164 21110 3697 -3896 END
START 7784 -2016 -25356 12192 -453 -5033 END
START 5524 -4312 -21504 5379 -2128 -5118 END
START 3168 -5100 -17780 1197 -2632 -3359 END
START 2328 -5192 -17492 -2411 -1686 -1905 END
START 3152 -5924 -18480 -7710 840 -1084 END
START 2220 -6004 -18508 -13093 2597 -218 END
START 1156 -6176 -18880 -18982 3057 786 END
START 928 -6520 -17536 -25305 2998 1472 END
START -180 -7680 -13872 -30805 2672 1272 END
START -1512 -8712 -11712 -32768 2795 1174 END
START -2576 -10192 -11156 -32768 2413 1616 END
START -4028 -12052 -9884 -32768 2975 2008 END
START -7024 -14228 -6956 -32768 3257 3147 END
START -10884 -16116 -1980 -32768 2129 6289 END
START -12932 -17572 9000 -32768 279 12223 END
START -4444 -17884 25468 -32768 469 18563 END
START 9064 -13132 32767 -32768 11168 19997 END
START 15876 -6936 32767 -32768 24911 12128 END
START 14512 -5316 32767 -32768 28460 466 END
START 6516 -7484 32767 -32768 13938 -10832 END
START -8684 -12872 32767 -23194 -7533 -16837 END
START -12800 -15232 32767 -7800 -20286 -11227 END
START -10764 -14900 32767 4083 -11905 -1587 END
START -8096 -13588 32767 11873 -2396 5818 END
START -5008 -12236 32767 20427 -3256 8993 END
START -392 -10552 32767 28951 -6671 8362 END
START 1356 -10252 32767 32767 -9306 5986 END
START 1948 -10800 32767 32767 -9262 4123 END
START 696 -11708 28652 32767 -8784 3027 END
START 516 -12192 23624 32767 -8034 3116 END
START 1160 -12180 17856 32767 -6709 3257 END
START 1804 -11844 12316 32767 -6756 3283 END
START 3912 -10964 7420 32767 -7901 2671 END
START 5976 -9512 3284 32767 -8763 956 END
START 9120 -8428 192 32767 -8564 -1138 END
START 12376 -7232 -2704 32767 -7081 -4636 END
START 14084 -5584 -6140 32767 -5445 -9754 END
START 14892 -4684 -8868 32391 -4431 -15187 END
START 14448 -4068 -12096 27709 -3608 -20294 END
START 11356 -3428 -14064 21223 -3593 -26154 END
START 6632 -4672 -12544 16156 -6400 -29686 END
START 5164 -4264 -12548 13237 -9744 -31569 END
START 5944 -2208 -15020 6354 -8391 -32768 END
START 1524 -4612 -12420 2278 -6502 -32768 END
START -1260 -2348 -16764 -3396 -4300 -32768 END
START -3844 -1568 -18028 -12472 -1334 -32768 END
START -9556 -1436 -16556 -21511 -1110 -32768 END
START -16660 -1908 -15156 -30422 -5208 -32768 END
START -30272 -2896 -12464 -32768 -9244 -28957 END
START -32768 -8404 -1548 -32768 -14662 -13174 END
START -32768 -15964 21820 -32768 -14228 10598 END
START -32768 -21656 32767 -32768 6572 30857 END
START -32768 -24028 32767 -32768 21011 32767 END
START -27312 -23108 32767 -27063 16205 32767 END