START 9900 -4432 31372 14823 324 1279 END
START 5880 -9424 30856 16055 -3808 -248 END
START 1724 -11584 32767 18016 -5739 173 END
START -488 -9828 32767 19301 -6411 782 END
START 136 -12572 32767 24207 -8850 -946 END
START 2480 -12156 30144 25994 -8997 -2334 END
START 3280 -12236 27776 26978 -6494 -3896 END
START 1304 -13888 28128 28332 -5245 -3127 END
START 2200 -11232 21892 30317 -5639 -1505 END
START 4088 -10552 23600 30614 -4295 -1290 END
START 5624 -11048 23752 32649 -3970 -3005 END
START 4472 -11624 23260 32767 -4121 -5684 END
START 1952 -11460 19488 32767 -4001 -6756 END
START -140 -11212 15700 32767 -3313 -5654 END
START -812 -10364 12488 32767 -2589 -3799 END
START 104 -9432 10220 32767 -1263 -2130 END
START 888 -8312 8508 32767 -887 -1348 END
START 2364 -6852 5920 32767 -741 -1568 END
START 2812 -5696 3300 32767 -1694 -1758 END
START 3888 -4244 488 32767 -2882 -2662 END
START 3376 -3096 -616 31968 -4523 -3181 END
START 5816 -1896 -1408 30819 -5152 -3117 END
START 8660 -732 -2716 29968 -4678 -4701 END
START 11396 808 -5596 28323 -1789 -8242 END
START 8328 756 -7096 24875 1477 -10672 END
START 7144 1376 -7988 23016 727 -11225 END
START 6780 2004 -9144 21192 -1164 -12413 END
START 6020 3020 -10292 19454 -4810 -14022 END
START 5708 4052 -11912 17139 -7786 -16332 END
START 6692 4856 -13588 13094 -6268 -18882 END
START 5124 5104 -15208 7773 -2491 -22042 END
START 1360 4164 -15976 2397 262 -24746 END
START -2028 3116 -16812 -2401 -936 -26327 END
START -7796 2144 -16056 -6495 -5978 -25742 END
START -9996 1104 -12992 -10738 -12413 -23396 END
START -9916 2920 -16000 -16023 -13787 -20659 END
START -10476 3160 -15016 -24368 -9459 -18427 END
START -13040 2588 -15124 -32768 -2253 -16800 END
START -17076 56 -12756 -32768 1706 -13737 END
START -19104 -3908 -5996 -32768 -501 -11144 END
START -22156 -9192 9432 -32768 -6555 -8297 END
START -23584 -11332 28388 -32768 -7398 -4987 END
START -27588 -10896 32767 -32768 2786 -863 END
START -32768 -11520 32767 -32768 14301 6588 END
START -32768 -11980 32767 -31656 17050 16800 END
START -32768 -13368 32767 -28489 9422 26595 END
START -27436 -12964 32767 -19736 558 32767 END
START -16888 -11400 32767 -8599 -3066 32767 END
START -4252 -6820 32767 718 -1046 32767 END
START 3896 -3924 32767 5303 543 32767 END
START 16588 88 32767 7925 217 32767 END
START 23136 3756 32184 11495 1273 31381 END
START 26840 6044 27364 13820 3302 22743 END
START 22004 9656 18660 14553 7029 16979 END