START 1140 -672 28200 -8452 2133 11259 END
START 8336 -8044 28180 -3167 -3708 10249 END
START 7640 -7380 30172 74 -7004 9377 END
START 1352 -7296 32767 2551 -6273 8772 END
START 232 -8964 32767 4924 -4132 8547 END
START 1860 -10344 32767 8712 -2241 8507 END
START 2384 -11696 32767 13066 -1970 8696 END
START 1856 -13084 32767 19100 -3870 8244 END
START 1940 -14756 32767 26087 -8379 7259 END
START 3940 -15552 32767 31474 -8516 6284 END
START 4724 -16576 32767 32767 -4420 6181 END
START 6920 -16996 32640 32767 -55 5619 END
START 6136 -17288 27736 32767 105 4417 END
START 6348 -17440 23128 32767 -2164 3442 END
START 8200 -16664 17500 32767 -3539 1713 END
START 9096 -15616 12620 32767 -4746 -235 END
START 10452 -14332 9052 32767 -5337 -1916 END
START 12488 -11680 4188 32767 -4782 -4506 END
START 13308 -10008 224 32767 -3575 -7156 END
START 12744 -8624 -2932 32767 -2580 -9692 END
START 12228 -7404 -5752 32767 -4116 -12494 END
START 10716 -6728 -6692 30717 -7562 -15481 END
START 9108 -6276 -7820 28513 -11106 -18402 END
START 7996 -5716 -10400 24981 -10347 -20836 END
START 4980 -5432 -12304 20221 -7645 -21664 END
START 2496 -4848 -14052 14268 -4938 -21065 END
START -260 -4268 -14688 8643 -4215 -19001 END
START -1244 -2780 -15188 3466 -6329 -17242 END
START -1000 -1652 -14712 -1876 -9886 -17028 END
START 2044 -852 -14688 -6601 -13864 -19446 END
START -652 -2504 -11204 -11456 -12987 -18242 END
START -868 -1188 -10532 -17011 -11719 -18966 END
START -2276 -1932 -8812 -22224 -10085 -19348 END
START -2944 -2748 -7404 -27838 -9025 -19954 END
START -4116 -4312 -5508 -32768 -8755 -20836 END
START -7292 -6848 -880 -32768 -10298 -22127 END
START -12060 -8448 5160 -32768 -13807 -22359 END
START -15904 -11476 14056 -32768 -15758 -20235 END
START -17188 -13108 24456 -32768 -9962 -16173 END
START -20120 -14056 30260 -32768 2497 -12314 END
START -27216 -15804 31632 -32768 10015 -8261 END
START -32768 -19876 32767 -28904 4842 -1187 END
START -32568 -20700 32767 -21323 -4721 6588 END
START -31068 -16900 32767 -15398 -5702 13683 END
START -28072 -12908 32767 -12177 -2513 23143 END
START -17852 -8376 32767 -12202 2482 30340 END
START -10464 -5380 32500 -15222 6761 32767 END
START -2116 -3340 32767 -15490 7012 32767 END
START 2592 -1980 32767 -10830 5279 30971 END
START 6016 -1280 32767 -2328 2841 28612 END
START 10024 -272 32767 6090 1777 26672 END
START 13384 1016 32767 11950 1655 24009 END
START 17376 1948 31056 15909 2624 19558 END
START 17944 3056 22048 17167 4178 14137 END
START 15380 3548 14528 15934 5218 8906 END