START -500 312 19380 -4391 3945 -1561 END
START -2104 -3244 14492 -2998 3553 -1043 END
START 3080 4020 15232 -4493 3604 -767 END
START -2100 1016 18448 -3366 4423 -486 END
START 1220 1612 14400 -3988 4199 -373 END
START -2284 1464 18244 -4120 3512 -229 END
START -668 1628 15672 -4681 3179 -108 END
START -884 1708 16364 -5243 2342 -50 END
START -868 1528 16644 -5715 2133 39 END
START 88 1236 16084 -6173 1783 125 END
START 20 956 16424 -6457 1122 224 END
START -1420 532 18388 -6662 857 434 END
START 240 552 17096 -6742 294 622 END
START -1140 352 19048 -6766 -14 774 END
START 500 604 17704 -6751 -39 894 END
START 592 652 18100 -6750 -229 921 END
START 100 768 19604 -6763 -299 900 END
START 764 1024 19524 -6833 -302 850 END
START 508 952 20656 -6947 -519 772 END
START 716 876 21116 -6984 -476 711 END
START 892 796 21664 -7024 -465 659 END
START 988 672 22044 -7052 -379 627 END
START 584 536 23420 -7034 -92 676 END
START 1136 452 23888 -6921 101 797 END
START 748 524 25476 -6820 349 1003 END
START 1672 508 25940 -6636 655 1190 END
START 1484 420 27512 -6387 882 1372 END
START 1816 376 28260 -6096 1141 1465 END
START 2464 248 28792 -5706 1322 1513 END
START 2376 124 30420 -5166 1369 1461 END
START 2556 68 31332 -4551 1365 1359 END
START 2492 -44 32236 -3811 1291 1201 END
START 2472 -136 32767 -2974 1227 1037 END
START 2380 -332 32767 -2030 996 818 END
START 2060 -492 32767 -1034 776 598 END
START 2000 -620 32767 -14 584 416 END
START 1584 -788 32767 1081 293 266 END
START 1020 -1192 32767 2270 -73 166 END
START 596 -1332 32767 3471 -580 130 END
START 88 -1556 32767 4737 -1085 188 END
START -136 -1616 32767 6072 -1592 242 END
START -408 -1652 32767 7452 -2015 406 END
START -720 -1776 32767 8776 -2455 564 END
START -672 -2000 32767 10188 -2867 750 END
START -872 -2168 32767 11511 -3299 997 END
START -996 -2320 32767 12891 -3709 1224 END
START -896 -2588 32767 14126 -4078 1423 END
START -876 -2584 32767 15364 -4312 1643 END
START -632 -2584 32767 16513 -4501 1818 END
START -840 -2772 32767 17526 -4641 2012 END
START -884 -2824 32767 18447 -4800 2183 END
START -1092 -2744 32767 19258 -4874 2471 END
START -1240 -2812 32752 20039 -4964 2727 END
START -1492 -2868 32220 20785 -5065 3104 END
START -1660 -2912 31572 21509 -5130 3448 END
START -1708 -3112 31136 22178 -5110 3840 END
START -1724 -3184 30780 22827 -5090 4278 END
START -1728 -3332 30376 23479 -5115 4716 END
START -1592 -3260 30212 24157 -5100 5171 END
START -1424 -3328 29696 24801 -5155 5606 END
START -1368 -3300 29472 25458 -5210 5964 END
START -1156 -3452 29108 26086 -5349 6326 END
START -792 -3444 28808 26681 -5567 6659 END
START -296 -3740 28612 27303 -5800 6969 END
START 156 -3944 28564 27931 -6052 7234 END
START 692 -4092 28628 28540 -6353 7528 END
START 1256 -4144 28408 29198 -6645 7714 END
START 2236 -4292 28452 29899 -6957 7865 END
START 3076 -4484 28472 30679 -7253 7875 END
START 4076 -4664 28424 31519 -7511 7791 END
START 4908 -4840 28420 32420 -7830 7563 END
START 5668 -4820 28136 32767 -8120 7179 END
START 6248 -4992 27812 32767 -8347 6757 END
START 6544 -5016 27300 32767 -8642 6231 END
START 6872 -5124 27120 32767 -9005 5723 END
START 7352 -5264 26564 32767 -9424 5198 END
START 7740 -5392 25840 32767 -9767 4626 END
START 8148 -5424 25088 32767 -10079 3976 END
START 8484 -5504 24156 32767 -10455 3231 END
START 8772 -5480 23392 32767 -10806 2467 END
START 9068 -5460 22260 32767 -11110 1692 END
START 9288 -5456 21400 32767 -11383 832 END
START 9484 -5540 20056 32767 -11606 -8 END
START 9504 -5784 18976 32767 -11826 -860 END
START 9312 -5912 17576 32767 -11957 -1619 END
START 9020 -6024 16172 32767 -12224 -2402 END
START 8616 -5972 15088 32767 -12490 -3156 END
START 8208 -5696 13876 32767 -12781 -3839 END
START 7736 -5440 12632 32767 -13111 -4483 END
START 7180 -5228 11456 32767 -13395 -5013 END
START 6808 -5120 10332 32767 -13704 -5490 END
START 6404 -5072 9152 32767 -14010 -5882 END
START 6088 -4964 7992 32767 -14303 -6213 END
START 5644 -4708 7076 32767 -14622 -6475 END
START 5452 -4316 6232 32767 -14965 -6649 END
START 5536 -4000 5232 32767 -15203 -6803 END
START 5664 -3752 4652 32767 -15380 -6942 END
START 5864 -3620 3752 32767 -15557 -7064 END
START 6308 -3544 3096 32767 -15714 -7262 END
START 6732 -3304 2432 32767 -15781 -7500 END
START 7348 -3216 1692 32767 -15764 -7847 END
START 7952 -2900 1080 32767 -15697 -8360 END
START 8408 -2600 480 32767 -15557 -8952 END
START 8924 -2244 -240 32767 -15369 -9631 END
START 9380 -1892 -676 32767 -15140 -10386 END
START 9896 -1724 -1120 32767 -14948 -11221 END
START 10236 -1648 -1564 32767 -14760 -12141 END
START 10520 -1672 -2308 32767 -14520 -13163 END
START 10496 -1540 -3080 32767 -14282 -14293 END
START 10504 -1340 -3952 32767 -14012 -15486 END
START 10372 -948 -4908 32767 -13667 -16654 END
START 10228 -620 -5512 32767 -13356 -17778 END
START 10216 -416 -6064 32767 -12940 -18800 END
START 10336 -236 -6844 32238 -12423 -19778 END
START 10548 -116 -7556 31071 -11718 -20769 END
START 10932 36 -8272 29903 -10994 -21658 END
START 11340 112 -8860 28679 -10120 -22623 END
START 11324 112 -9484 27367 -9256 -23650 END
START 11184 24 -10120 26081 -8446 -24703 END
START 10776 216 -10880 24753 -7822 -25785 END
START 10072 324 -11528 23439 -7337 -26860 END
START 9228 688 -12532 21972 -7006 -27918 END
START 8184 740 -13528 20523 -6802 -28811 END
START 7240 916 -14664 18968 -6611 -29582 END
START 6256 1136 -15700 17242 -6456 -30190 END
START 4984 1288 -16480 15308 -6471 -30662 END
START 3696 1460 -17396 13351 -6581 -30928 END
START 2380 1504 -18116 11191 -6755 -31075 END
START 1116 1832 -18500 8955 -7084 -31077 END
START 100 2080 -18476 6692 -7579 -30966 END
START -292 2128 -18880 4385 -8124 -30758 END
START -404 2064 -18764 2101 -8628 -30595 END
START -532 2024 -18484 -147 -9062 -30484 END
START -488 2092 -18428 -2343 -9274 -30455 END
START -824 1984 -18160 -4465 -9399 -30497 END
START -1140 1936 -17736 -6523 -9389 -30570 END
START -1760 1744 -17184 -8442 -9341 -30609 END
START -2364 1240 -16656 -10325 -9178 -30689 END
START -3656 936 -15732 -12137 -9033 -30701 END
START -4572 712 -15096 -13873 -8803 -30654 END
START -5604 456 -14620 -15275 -8422 -30502 END
START -6720 452 -14220 -16842 -7777 -30218 END
START -7960 692 -13612 -18217 -7076 -29784 END
START -9152 896 -13556 -19603 -6265 -29143 END
START -11000 1188 -12668 -21009 -5475 -28346 END
START -12184 1608 -12644 -22431 -4717 -27290 END
START -13368 1920 -12228 -23857 -4013 -26151 END
START -14496 2372 -11844 -25300 -3441 -24834 END
START -15344 2496 -11564 -26829 -2875 -23461 END
START -16176 2688 -10980 -28312 -2445 -22045 END
START -17168 2684 -10068 -29934 -2002 -20402 END
START -17648 2568 -9516 -31477 -1720 -18754 END
START -18324 2828 -8728 -32768 -1424 -17136 END
START -18872 3072 -7704 -32768 -1204 -15363 END
START -19004 3456 -6748 -32768 -945 -13605 END
START -19292 3792 -6064 -32768 -722 -11975 END
START -19148 3784 -5276 -32768 -409 -10294 END
START -19304 3876 -4124 -32768 -161 -8780 END
START -19224 3876 -2648 -32768 -95 -7321 END
START -19140 3912 -1420 -32768 -42 -5921 END
START -19052 3848 -304 -32768 21 -4524 END
START -19100 3776 892 -32768 86 -3239 END
START -19004 3576 2000 -32768 164 -1930 END
START -18960 3440 2928 -32768 226 -540 END
START -18920 3248 4008 -32768 339 821 END
START -18648 3116 4748 -32768 490 2131 END
START -18172 2788 5528 -32768 762 3465 END
START -17696 2468 6424 -32768 1133 4707 END
START -17264 2084 7748 -32768 1431 5972 END
START -16992 1636 8888 -32768 1794 7203 END
START -16376 1032 10020 -32768 2290 8396 END
START -15840 664 11100 -32768 3155 9561 END
START -15368 384 12332 -32768 4289 10583 END
START -14784 -112 13944 -32768 5603 11574 END
START -14644 -580 16148 -32768 6993 12488 END
START -14436 -1208 18300 -32768 8631 13281 END
START -14160 -1936 20548 -32768 10302 14177 END
START -14180 -2624 23196 -32768 12106 15000 END
START -14908 -3296 26840 -32768 13697 15870 END
START -15572 -3760 30272 -32768 15032 16781 END
START -16220 -4152 32767 -32768 16534 17826 END
START -16456 -4432 32767 -32768 17611 18943 END
START -17040 -5092 32767 -32768 18584 20039 END
START -17136 -5344 32767 -32768 18944 21007 END
START -17696 -5820 32767 -32768 18913 22020 END
START -17948 -5896 32767 -32768 18393 22956 END
START -18944 -6144 32767 -31737 17148 23897 END
START -18852 -5992 32767 -28155 15886 24840 END
START -19192 -5784 32767 -23806 13918 25916 END
START -19636 -5772 32767 -19497 12065 27019 END
START -19196 -5716 32767 -15002 9889 28250 END
START -18600 -5688 32767 -10487 7519 29479 END
START -17696 -5720 32767 -6142 5109 30669 END
START -16448 -5552 32767 -2115 2842 31731 END
START -15336 -5292 32767 1742 574 32767 END
START -13444 -4800 32767 5126 -1438 32767 END
START -11160 -4104 32767 8118 -3140 32767 END
START -8572 -3652 32767 10731 -4601 32767 END
START -5992 -2928 32767 13024 -5810 32767 END
START -3160 -2512 32767 14790 -6519 32767 END
START 244 -1740 32767 16302 -6955 32767 END
START 2596 -1168 32767 17324 -6940 32767 END
START 4432 -336 30568 18092 -6544 32767 END
START 5936 372 27740 18578 -5823 32767 END
START 7412 1256 25060 18774 -4909 32324 END
START 8764 2184 22412 18649 -3812 31476 END
START 9992 3036 19912 18285 -2505 30469 END
START 11144 3908 17244 17623 -1137 29441 END
START 12276 4796 15056 16634 420 28364 END
START 13036 5416 13192 15451 1996 27223 END
START 13560 6080 11184 13976 3795 25987 END
START 13036 6772 9656 12451 5294 24757 END
START 13140 8600 8548 10576 6357 23499 END
START 13372 8588 7432 8672 7650 22185 END
START 14048 8812 6260 6886 8610 20892 END
START 14576 8940 4932 5003 9834 19474 END
START 14836 8816 4100 3165 11152 18016 END
START 14496 8900 3944 1292 12423 16524 END
START 13920 8728 3372 -582 13614 15091 END
START 12572 8660 3712 -2345 14459 13674 END
START 11540 8736 3824 -4011 15222 12325 END
START 10196 8904 4240 -5499 15877 11131 END