START 1016 1868 23460 -4834 -2988 1665 END
START 1912 -2580 17736 -3738 -1347 1951 END
START 5352 2368 21916 -5292 -2054 1840 END
START 676 -1384 25532 -4414 -1250 1815 END
START 3912 -1016 22940 -5097 -1759 1815 END
START 1868 -1432 26808 -5121 -2355 1813 END
START 2576 -1676 26392 -4996 -2070 1940 END
START 3268 -1384 26724 -4664 -2229 2009 END
START 2288 -1500 28860 -4033 -1565 2248 END
START 4000 -1400 27620 -3305 -1331 2468 END
START 2540 -1776 30064 -2603 -671 2686 END
START 4016 -1608 28596 -1930 -131 2734 END
START 2292 -1564 30512 -1433 319 2693 END
START 2864 -1272 29716 -1153 821 2595 END
START 760 -1140 31916 -981 735 2456 END
START 464 -1004 31800 -789 662 2357 END
START -180 -1124 32144 -555 532 2317 END
START -872 -1240 32472 -306 550 2351 END
START -1508 -1360 32767 -7 696 2506 END
START -2068 -1512 32708 361 718 2785 END
START -3104 -1828 32767 781 821 3244 END
START -3140 -1940 32767 1225 870 3787 END
START -3660 -2236 32767 1651 937 4415 END
START -3564 -1996 32767 2024 1092 5123 END
START -3660 -1968 32767 2352 1062 5762 END
START -3524 -1740 32767 2645 944 6410 END
START -3300 -1596 32767 2930 678 6966 END
START -2972 -1520 32767 3243 304 7485 END
START -2580 -1496 32767 3598 -142 7943 END
START -2420 -1416 32767 4054 -578 8358 END
START -2064 -1404 32767 4643 -1006 8748 END
START -1684 -1480 32767 5417 -1517 9187 END
START -1316 -1528 32767 6320 -2041 9575 END
START -716 -1692 32767 7470 -2557 9973 END
START 40 -1860 32767 8734 -3043 10235 END
START 940 -2016 32767 10125 -3570 10419 END
START 2196 -2244 32767 11539 -4122 10431 END
START 3508 -2412 32767 12961 -4658 10294 END
START 4904 -2792 32767 14359 -5234 9889 END
START 6112 -2912 32767 15783 -5924 9278 END
START 7040 -3056 32767 17235 -6651 8501 END
START 7500 -3260 32767 18799 -7367 7590 END
START 7952 -3336 32767 20356 -8082 6661 END
START 7788 -3276 32767 21846 -8842 5752 END
START 7428 -3140 32767 23265 -9764 4843 END
START 6968 -3108 32767 24545 -10649 3991 END
START 6648 -3056 32767 25723 -11545 3216 END
START 5912 -3124 32767 26829 -12368 2543 END
START 5404 -3256 32767 27827 -13089 1987 END
START 4536 -3140 32767 28814 -13731 1549 END
START 3904 -3144 32140 29727 -14232 1197 END
START 3284 -3224 31096 30545 -14530 948 END
START 2844 -3200 30060 31395 -14561 793 END
START 2332 -3228 28888 32147 -14453 749 END
START 1596 -3168 27892 32767 -14259 823 END
START 1212 -3304 26916 32767 -14096 940 END
START 976 -3084 26116 32767 -13953 1162 END
START 424 -3100 25132 32767 -13846 1396 END
START 288 -3240 24016 32767 -13700 1653 END
START 144 -3148 23300 32767 -13556 1939 END
START 112 -3168 22472 32767 -13451 2224 END
START 404 -3232 21868 32767 -13376 2520 END
START 772 -3276 21000 32767 -13237 2831 END
START 1216 -3324 20468 32767 -13083 3104 END
START 1800 -3460 19868 32767 -12945 3295 END
START 2404 -3540 19132 32767 -12845 3359 END
START 2860 -3504 18696 32767 -12700 3400 END
START 3188 -3520 18156 32767 -12533 3432 END
START 3648 -3608 17744 32767 -12474 3399 END
START 4036 -3752 17404 32767 -12415 3311 END
START 4716 -3856 16796 32767 -12348 3161 END
START 5236 -3940 16292 32767 -12317 2869 END
START 5700 -3988 15948 32767 -12395 2536 END
START 6240 -3944 15440 32767 -12623 2019 END
START 6880 -3956 14832 32767 -12816 1522 END
START 7604 -3920 13904 32767 -13021 861 END
START 8352 -3916 13304 32767 -13206 168 END
START 8868 -3892 12500 32767 -13419 -678 END
START 9240 -3872 11476 32767 -13768 -1605 END
START 9472 -4068 10652 32767 -14212 -2475 END
START 9528 -4220 9452 32767 -14710 -3330 END
START 9512 -4184 8372 32767 -15266 -4220 END
START 9560 -3884 6948 32767 -15828 -5003 END
START 9612 -3636 5268 32767 -16280 -5786 END
START 9552 -3392 4132 32767 -16745 -6525 END
START 9672 -3384 2916 32767 -17181 -7288 END
START 9584 -3136 2024 32767 -17680 -7993 END
START 9632 -2892 768 32767 -18021 -8747 END
START 9600 -2800 -216 32767 -18297 -9452 END
START 9408 -2552 -1096 32767 -18387 -10162 END
START 9360 -2320 -2124 32767 -18380 -10802 END
START 9008 -2156 -3240 32767 -18252 -11434 END
START 8968 -2004 -4004 32767 -18036 -11999 END
START 8900 -1820 -4976 32767 -17606 -12511 END
START 8900 -1536 -6068 32234 -17028 -12987 END
START 8956 -1280 -7168 31004 -16143 -13442 END
START 9036 -812 -8248 29652 -15157 -13911 END
START 8920 -548 -8964 28223 -14077 -14361 END
START 8880 -412 -9440 26572 -12977 -14893 END
START 8736 -260 -9996 24951 -11958 -15399 END
START 8632 -28 -10340 23304 -10992 -15906 END
START 8604 108 -10580 21647 -10054 -16458 END
START 8696 220 -10676 20016 -9036 -16976 END
START 8740 288 -10484 18553 -8086 -17539 END
START 8772 476 -10304 17244 -7336 -18130 END
START 8460 492 -10232 16056 -6671 -18771 END
START 8136 544 -10388 15004 -6208 -19446 END
START 7448 472 -10392 13978 -5967 -20109 END
START 6760 348 -10572 13028 -5978 -20625 END
START 6220 444 -10772 12091 -6124 -21075 END
START 5700 692 -11024 11113 -6444 -21398 END
START 5264 896 -10956 10020 -6837 -21653 END
START 5124 996 -11128 8867 -7280 -21955 END
START 5244 1232 -10808 7707 -7746 -22291 END
START 5404 1124 -10440 6599 -8191 -22696 END
START 5656 956 -10176 5601 -8512 -23117 END
START 5672 1084 -9796 4685 -8680 -23615 END
START 5884 1276 -10084 3799 -8628 -24205 END
START 5704 1400 -9792 3001 -8440 -24829 END
START 5708 1444 -9976 2195 -8148 -25410 END
START 5492 1484 -10044 1391 -7864 -25968 END
START 5064 1572 -10216 544 -7551 -26462 END
START 4708 1504 -10504 -364 -7191 -26865 END
START 4488 1728 -10888 -1388 -6709 -27206 END
START 3952 2056 -11228 -2469 -6272 -27554 END
START 3376 2212 -11660 -3641 -5826 -27843 END
START 2996 2352 -11768 -4972 -5342 -28131 END
START 2672 2128 -12132 -6267 -4816 -28335 END
START 2244 1628 -11948 -7541 -4270 -28538 END
START 1892 1440 -12128 -8799 -3676 -28671 END
START 1156 1344 -11856 -10145 -3065 -28798 END
START 608 1400 -11540 -11430 -2437 -28819 END
START 160 1400 -11360 -12604 -1918 -28821 END
START -612 1624 -10924 -13704 -1393 -28751 END
START -1344 1724 -10532 -14880 -970 -28631 END
START -2112 1768 -10284 -15752 -682 -28497 END
START -3052 1944 -9628 -16716 -601 -28268 END
START -3892 1920 -8956 -17606 -709 -28007 END
START -4512 2104 -8612 -18482 -889 -27612 END
START -5000 2228 -8428 -19307 -1084 -27195 END
START -5312 2268 -8104 -20199 -1164 -26677 END
START -5512 2424 -7776 -21081 -1255 -26188 END
START -5724 2472 -7212 -22028 -1279 -25676 END
START -5872 2660 -6784 -22981 -1323 -25238 END
START -6004 2848 -6272 -23993 -1394 -24811 END
START -6016 3012 -5312 -25015 -1482 -24389 END
START -6072 3204 -4684 -25992 -1467 -24037 END
START -6024 2776 -4160 -26904 -1050 -23677 END
START -6352 2508 -3796 -27629 -358 -23254 END
START -6840 2612 -2244 -28442 131 -22781 END
START -7372 2944 -348 -29127 296 -22271 END
START -7708 2932 836 -29708 452 -21665 END
START -7964 2520 1232 -30106 771 -21107 END
START -8404 2092 1948 -30416 1204 -20473 END
START -9040 2016 3008 -30643 1570 -19810 END
START -9756 1952 4032 -30829 1757 -19066 END
START -10392 2204 5068 -30991 1778 -18272 END
START -11076 2380 5876 -31157 1687 -17502 END
START -11808 2168 6924 -31298 1368 -16652 END
START -12416 1848 7996 -31396 882 -15802 END
START -12912 1644 9016 -31442 348 -14975 END
START -13636 1552 10076 -31488 -215 -14033 END
START -14476 1500 11344 -31451 -747 -13100 END
START -15116 1472 12204 -31463 -1153 -12117 END
START -16076 1592 13208 -31535 -1464 -11061 END
START -17268 1760 15032 -31600 -1790 -9916 END
START -18276 2020 16188 -31560 -2055 -8573 END
START -19112 2048 17644 -31426 -2141 -7174 END
START -19792 1852 18532 -31083 -1888 -5602 END
START -20432 1684 19504 -30603 -1531 -3942 END
START -21124 1492 20624 -30036 -1018 -2220 END
START -21348 1408 21628 -29327 -413 -285 END
START -21864 1328 22336 -28642 293 1627 END
START -22168 1336 22852 -28012 1115 3618 END
START -22356 1084 23564 -27401 1951 5673 END
START -22268 952 24108 -26852 2643 7733 END
START -22116 800 25288 -26332 3050 9732 END
START -21308 528 25624 -25853 3334 11657 END
START -20488 296 26640 -25437 3562 13437 END
START -19032 -56 27028 -24947 3843 14869 END
START -18012 -456 28004 -24421 4003 16198 END
START -16596 -752 28676 -23795 4233 17334 END
START -14856 -816 29988 -23097 4447 18341 END
START -13616 -1004 30688 -22271 4760 19151 END
START -12508 -1228 31552 -21370 4933 19889 END
START -11576 -1272 32616 -20353 5014 20413 END
START -10700 -1372 32767 -19260 5035 20796 END
START -10120 -1212 32767 -18088 4851 21101 END
START -9724 -952 32767 -16809 4600 21336 END
START -9448 -440 32767 -15522 4093 21517 END
START -9232 -208 32767 -14281 3561 21685 END
START -8872 188 32767 -12813 2954 21897 END
START -8560 468 32767 -11473 2427 22187 END
START -7748 788 32767 -10112 2079 22526 END
START -6784 924 32767 -8791 1886 22879 END
START -5524 1196 32767 -7561 1939 23219 END
START -4252 1464 32767 -6277 2082 23467 END
START -2756 1724 32767 -5111 2329 23609 END
START -1552 2080 32767 -4003 2591 23606 END
START -384 2336 32767 -2943 2829 23484 END
START 748 2648 32767 -1947 2976 23260 END
START 1404 2948 32767 -935 3126 22884 END
START 2280 3384 32767 -39 3240 22468 END
START 2888 3872 32344 829 3265 21974 END
START 3400 4500 31648 1650 3133 21470 END
START 3876 5112 30684 2371 2958 20991 END
START 4636 5560 29564 3012 2681 20520 END
START 5352 5812 28348 3612 2388 20010 END
START 6220 6136 27264 4141 2140 19519 END
START 6620 6392 26048 4596 1820 19038 END
START 7280 6684 25044 4995 1408 18522 END