START -7896 -8056 32767 -13596 -1376 3130 END
START 2196 -11804 32767 -6942 -2703 4333 END
START 5808 -11680 32767 924 -2877 6764 END
START 8356 -9812 32767 8170 -1087 7620 END
START 6508 -8708 32767 14501 -2066 7071 END
START 4992 -7652 32767 19749 -5394 6096 END
START 6240 -6796 32767 23189 -5639 5046 END
START 5436 -7188 32767 25515 -4326 3610 END
START 3696 -8424 32767 27842 -4529 2657 END
START 2376 -9292 32104 30500 -5209 2876 END
START 3744 -9956 29444 32767 -4167 3306 END
START 4760 -9900 25956 32767 -4098 2723 END
START 5892 -9232 21428 32767 -4346 1320 END
START 5772 -9240 17504 32767 -5044 -454 END
START 4240 -9328 15112 32767 -6368 -1317 END
START 4652 -8780 12348 32767 -6822 -1358 END
START 5928 -8292 8824 32767 -6092 -1352 END
START 7572 -7608 5312 32767 -5203 -1819 END
START 9484 -6632 3024 32767 -4325 -2944 END
START 11548 -5580 1044 32767 -3606 -5291 END
START 13720 -4640 -1604 31800 -3159 -8883 END
START 13176 -4476 -4592 29867 -1996 -12742 END
START 11736 -3748 -8388 27354 -950 -15733 END
START 11420 -2432 -12184 23165 954 -19336 END
START 10320 -1564 -14944 17848 2493 -22774 END
START 9948 -300 -16420 11660 4236 -27076 END
START 6536 -704 -16120 6975 4544 -30599 END
START 3960 524 -17012 2744 1520 -32768 END
START 1884 1108 -16088 -1746 -1321 -32768 END
START 636 3036 -16568 -7751 -1878 -32768 END
START -3912 3556 -15808 -14962 -222 -32768 END
START -9720 3548 -14512 -23704 1569 -32768 END
START -19032 1332 -11164 -32462 1158 -32768 END
START -29044 -904 -4132 -32768 -3527 -29535 END
START -32768 -6804 7252 -32768 -4175 -18150 END
START -32768 -12456 21140 -32768 6929 -4708 END
START -32768 -19564 32767 -32768 15574 12968 END
START -32768 -20244 32767 -32768 9882 29828 END
START -28716 -17208 32767 -25290 1470 32767 END
START -16756 -12160 32767 -16433 -6889 32767 END
START -4140 -6992 32767 -9368 -6763 32767 END