START 2436 1128 20216 -5095 573 -847 END
START 4588 -3096 8924 -3925 1331 -474 END
START 5036 2100 16636 -5846 777 -516 END
START 3404 -56 20184 -5034 2552 -450 END
START 5544 -188 16524 -5868 2526 -535 END
START 4796 -84 17132 -6039 2094 -740 END
START 2044 -8 19752 -6472 1986 -869 END
START 4076 660 17164 -6778 1477 -1119 END
START 1664 576 19444 -6964 901 -1271 END
START 3256 820 17568 -7140 579 -1328 END
START 1400 516 19308 -7282 -413 -1408 END
START 1776 504 18784 -7459 -954 -1373 END
START 1236 216 19124 -7720 -1624 -1366 END
START 860 144 19564 -8022 -1948 -1206 END
START 660 144 19736 -8377 -1972 -1025 END
START 724 216 19588 -8748 -2030 -782 END
START -264 300 21332 -9129 -1665 -415 END
START 20 316 21472 -9492 -1438 -52 END
START -700 164 23076 -9742 -978 365 END
START -400 92 23436 -9900 -322 858 END
START -1236 -240 25284 -9893 235 1327 END
START -1564 -588 26032 -9747 778 1915 END
START -1672 -704 27344 -9458 1198 2480 END
START -1988 -980 28700 -9015 1420 3154 END
START -2160 -1216 30008 -8497 1634 3830 END
START -1888 -1616 31056 -7800 1709 4513 END
START -1652 -2088 32108 -7008 1786 5207 END
START -932 -2424 32767 -6164 1871 5868 END
START -352 -2684 32767 -5240 1906 6381 END
START 540 -2824 32767 -4243 2007 6793 END
START 1512 -3048 32767 -3210 2033 7069 END
START 2216 -3160 32767 -2075 1946 7237 END
START 2804 -3324 32767 -883 1724 7220 END
START 3292 -3532 32767 352 1433 7102 END
START 3580 -3832 32767 1649 982 6896 END
START 3832 -4164 32767 2963 365 6648 END
START 4152 -4280 32767 4374 -244 6368 END
START 4144 -4492 32767 5766 -910 6059 END
START 4044 -4472 32767 7227 -1580 5754 END
START 4012 -4472 32767 8646 -2282 5395 END
START 3800 -4612 32767 10058 -3066 5095 END
START 3372 -4604 32767 11416 -3858 4792 END
START 2940 -4644 32767 12702 -4604 4570 END
START 2660 -4508 32767 13942 -5199 4409 END
START 2632 -4444 32767 15010 -5516 4302 END
START 2464 -4420 32767 16072 -5533 4255 END
START 2436 -4428 32767 16996 -5305 4295 END
START 2320 -4536 32767 17847 -4862 4405 END
START 2084 -4456 32767 18597 -4286 4553 END
START 1976 -4420 32528 19241 -3717 4724 END
START 1744 -4440 31756 19817 -3150 4999 END
START 1396 -4496 30992 20293 -2654 5289 END
START 1020 -4472 30136 20729 -2201 5650 END
START 824 -4500 29432 21157 -1806 6054 END
START 716 -4480 28640 21540 -1540 6510 END
START 668 -4368 28128 21863 -1381 6899 END
START 996 -4384 27540 22221 -1290 7315 END
START 1508 -4520 26788 22515 -1144 7631 END
START 2284 -4448 26280 22855 -1066 7858 END
START 3012 -4468 25868 23150 -854 8005 END
START 3812 -4300 25448 23448 -700 8077 END
START 4536 -4472 25192 23716 -583 8037 END
START 5112 -4456 24872 24037 -507 7928 END
START 5436 -4348 24728 24398 -582 7740 END
START 5948 -4284 24460 24705 -681 7482 END
START 6300 -4336 24344 25035 -934 7202 END
START 6676 -4352 24156 25377 -1252 6844 END
START 6892 -4220 23860 25740 -1668 6426 END
START 6972 -4228 23888 26152 -2155 6013 END
START 7204 -4212 23948 26657 -2671 5553 END
START 7224 -4020 24100 27211 -3336 5127 END
START 7216 -3988 24136 27866 -4012 4647 END
START 7340 -4136 24436 28649 -4782 4194 END
START 7140 -4308 24292 29539 -5574 3722 END
START 6956 -4352 24148 30462 -6406 3276 END
START 6716 -4540 23952 31465 -7242 2842 END
START 6320 -4560 23640 32470 -8008 2493 END
START 6236 -4568 23216 32767 -8792 2156 END
START 6148 -4564 22744 32767 -9503 1856 END
START 5888 -4548 22056 32767 -10167 1556 END
START 5872 -4636 21216 32767 -10718 1326 END
START 5684 -4628 20376 32767 -11234 1096 END
START 5612 -4608 19460 32767 -11664 827 END
START 5292 -4468 18588 32767 -12126 634 END
START 5404 -4348 17612 32767 -12566 465 END
START 5080 -4424 16572 32767 -12896 320 END
START 4972 -4476 15788 32767 -13217 218 END
START 4976 -4556 14872 32767 -13506 189 END
START 4888 -4640 14088 32767 -13720 243 END
START 5100 -4284 13300 32767 -13879 332 END
START 5560 -3916 12784 32767 -13880 425 END
START 6588 -3736 11880 32767 -13654 443 END
START 7460 -3340 11088 32767 -13278 369 END
START 8528 -3176 10152 32767 -12839 121 END
START 9352 -3028 9432 32767 -12406 -297 END
START 10040 -3048 8984 32767 -12053 -878 END
START 10532 -3040 8208 32767 -11843 -1552 END
START 10780 -2868 7924 32767 -11602 -2293 END
START 10756 -2640 7316 32767 -11507 -3056 END
START 10652 -2456 6784 32767 -11460 -3758 END
START 10364 -2236 6200 32767 -11453 -4396 END
START 10116 -2044 5212 32767 -11481 -5050 END
START 9792 -1984 4644 32767 -11564 -5689 END
START 9460 -1788 4148 32767 -11670 -6209 END
START 9424 -1656 3424 32767 -11830 -6711 END
START 9300 -1612 2748 32767 -12043 -7219 END
START 9440 -1276 2368 32767 -12241 -7670 END
START 9612 -1140 1676 32767 -12519 -8154 END
START 10028 -1120 1024 32767 -12867 -8703 END
START 10304 -1044 412 32767 -13261 -9284 END
START 10528 -744 112 32767 -13793 -9953 END
START 10904 -508 -432 32767 -14427 -10676 END
START 11252 -340 -840 32767 -15054 -11456 END
START 11736 -40 -1404 32767 -15695 -12335 END
START 12060 212 -1960 32767 -16327 -13324 END
START 12176 288 -2592 32767 -16884 -14309 END
START 12020 332 -3004 32767 -17452 -15419 END
START 11784 668 -3648 32391 -17964 -16473 END
START 11264 712 -4092 31590 -18417 -17517 END
START 10832 844 -4696 30691 -18807 -18482 END
START 10356 1036 -4976 29785 -19092 -19330 END
START 9948 1220 -5452 28801 -19260 -20085 END
START 9872 1320 -5976 27723 -19182 -20814 END
START 9908 1484 -6684 26623 -18899 -21443 END
START 10116 1552 -7016 25485 -18381 -22111 END
START 10240 1832 -7808 24240 -17681 -22820 END
START 10160 2080 -8252 22943 -16812 -23576 END
START 10336 2172 -8984 21599 -15734 -24396 END
START 10420 2280 -9716 20157 -14435 -25267 END
START 10844 2408 -10320 18758 -12964 -26112 END
START 11168 2552 -10904 17176 -11254 -27028 END
START 11856 2628 -11568 15407 -9377 -28038 END
START 12152 2648 -12144 13683 -7639 -29070 END
START 12276 2688 -12864 11791 -5856 -30179 END
START 12008 2660 -13416 9940 -4250 -31388 END
START 10908 2544 -14040 8041 -2769 -32598 END
START 9812 2600 -14460 6083 -1543 -32768 END
START 8464 2436 -15244 4220 -584 -32768 END
START 7120 2412 -15908 2274 182 -32768 END
START 5708 2156 -16552 427 742 -32768 END
START 4864 2044 -16852 -1521 1154 -32768 END
START 2660 1904 -17024 -3630 1373 -32768 END
START 1028 1756 -17020 -5716 1400 -32768 END
START -304 1716 -17180 -7782 1243 -32768 END
START -1760 1732 -16816 -9917 1002 -32768 END
START -3032 1800 -16496 -12069 502 -32768 END
START -3776 1888 -16372 -14159 -21 -32768 END
START -4412 1868 -15868 -16109 -648 -32768 END
START -4788 1888 -15288 -18065 -1190 -32768 END
START -5144 1796 -14536 -19925 -1807 -32768 END
START -5248 2120 -13740 -21786 -2540 -32768 END
START -5376 1932 -12604 -23501 -3241 -32484 END
START -5060 1588 -11680 -25165 -3872 -32070 END
START -4920 1300 -10916 -26678 -4232 -31738 END
START -4884 784 -10272 -27926 -4239 -31464 END
START -5320 460 -9752 -29138 -3916 -31182 END
START -6072 312 -8928 -30132 -3610 -30884 END
START -6708 628 -8568 -31089 -3135 -30482 END
START -7772 676 -8144 -31977 -2564 -30013 END
START -8284 912 -8252 -32768 -1698 -29444 END
START -9220 1356 -7624 -32768 -882 -28855 END
START -10132 1660 -7268 -32768 -190 -28117 END
START -10808 1396 -6792 -32768 442 -27418 END
START -11636 764 -6612 -32768 1076 -26580 END
START -12464 540 -5636 -32768 1481 -25655 END
START -13728 520 -4716 -32768 1467 -24675 END
START -14752 696 -3656 -32768 1430 -23585 END
START -15520 668 -3080 -32768 1409 -22404 END
START -16204 892 -2284 -32768 1485 -21196 END
START -17152 804 -1260 -32768 1734 -19834 END
START -17780 692 -196 -32768 1992 -18474 END
START -18536 456 892 -32768 2286 -17029 END
START -19196 172 1972 -32768 2657 -15623 END
START -19892 56 3048 -32768 3012 -14092 END
START -20880 -192 4240 -32768 3378 -12551 END
START -21928 -488 5612 -32768 3663 -10935 END
START -22736 -640 6744 -32768 3975 -9257 END
START -23688 -752 7880 -32768 4409 -7512 END
START -24852 -832 9440 -32768 4908 -5686 END
START -25756 -836 10760 -32768 5443 -3773 END
START -26620 -1060 12344 -32768 6165 -1624 END
START -27368 -1368 13972 -32768 7023 550 END
START -28048 -1912 15852 -32768 7955 2831 END
START -28500 -2664 17612 -32768 8991 5303 END
START -29060 -3492 19824 -32768 9847 7783 END
START -29520 -4028 22284 -32768 10515 10433 END
START -29500 -4788 24404 -32768 11115 12995 END
START -29228 -5528 26676 -32768 11780 15647 END
START -28732 -6400 29344 -32768 12397 18082 END
START -28104 -7212 31780 -32768 12899 20555 END
START -27100 -8160 32767 -32768 12966 22883 END
START -26400 -8948 32767 -32768 13285 25093 END
START -25352 -9700 32767 -32768 13278 27280 END
START -24688 -10280 32767 -32768 13024 29188 END
START -23852 -10744 32767 -32768 12921 31021 END
START -23208 -10960 32767 -29723 11925 32759 END
START -22408 -11128 32767 -26195 11031 32767 END
START -21664 -11020 32767 -22433 9594 32767 END
START -20764 -10780 32767 -18854 7985 32767 END
START -19224 -10648 32767 -15280 6368 32767 END
START -17500 -10344 32767 -11695 4681 32767 END
START -15104 -10256 32767 -8079 3105 32767 END
START -12180 -10144 32767 -4785 1669 32767 END
START -8928 -10408 32767 -1321 262 32767 END
START -5452 -10508 32767 1920 -1029 32767 END
START -1920 -10228 32767 5100 -2379 32767 END
START 2016 -9688 32767 8360 -4162 32767 END
START 4872 -9136 32767 11424 -5963 32767 END
START 7124 -8116 32767 14412 -7762 32767 END
START 9156 -6736 32767 17341 -9465 32767 END
START 10740 -5556 32767 19848 -10964 32767 END
START 12156 -4336 32767 22097 -12294 32767 END
START 13120 -2684 32767 23843 -13437 32383 END
START 13972 -796 29364 25096 -14498 30557 END
START 14612 892 25904 25700 -15359 28863 END
START 15000 2412 22508 26012 -16259 27106 END
START 15440 3976 19200 25793 -16845 25448 END
START 16032 4800 15676 25110 -17076 23776 END
START 15840 5260 12140 24184 -16848 22372 END
START 16752 6320 10224 22863 -17156 21008 END
START 17192 6772 7456 21215 -17339 19598 END
START 17448 7508 5608 19446 -17028 18282 END
START 17392 8412 3844 17512 -16317 17127 END
START 17024 9068 2872 15468 -15164 16063 END