START -8940 -3992 29692 -18123 924 -6128 END
START -6444 -9552 18856 -16089 1827 -4955 END
START -7716 -2124 27260 -16698 92 -4157 END
START -13108 -4056 32767 -14803 1165 -2982 END
START -9328 -3356 28476 -14179 -89 -1836 END
START -13292 -3756 32767 -13239 -496 -728 END
START -9988 -3916 29880 -12489 -951 408 END
START -11840 -4716 32767 -11772 -1776 1474 END
START -10372 -5292 31888 -10961 -2165 2683 END
START -10420 -5544 32767 -10112 -3157 3836 END
START -9820 -5596 32767 -9088 -3594 4997 END
START -7604 -5272 32767 -8041 -4167 5947 END
START -6656 -5236 32767 -6925 -4032 6711 END
START -3408 -5048 32767 -5831 -4070 7202 END
START -3236 -5408 32767 -4677 -3869 7440 END
START -580 -5344 32767 -3526 -4092 7412 END
START -420 -5560 32767 -2436 -4067 7126 END
START 1292 -5548 32767 -1260 -4062 6715 END
START 1168 -5684 32767 -111 -4098 6170 END
START 1596 -5472 32767 1124 -4109 5686 END
START 1424 -5268 32767 2344 -4250 5177 END
START 940 -5212 32767 3597 -4282 4760 END
START 1076 -5320 32767 4772 -4630 4389 END
START 424 -5524 32767 5933 -4925 4084 END
START 768 -5816 32767 7013 -5229 3815 END
START 204 -5992 32767 8046 -5461 3550 END
START 456 -5912 32767 9020 -5446 3391 END
START -452 -6076 32767 9986 -5566 3272 END
START -624 -6048 32767 10851 -5470 3248 END
START -1120 -5872 32767 11732 -5525 3262 END
START -1076 -5632 32767 12661 -5456 3329 END
START -1012 -5628 32767 13627 -5404 3344 END
START -976 -5800 32767 14669 -5349 3359 END
START -932 -6072 32767 15772 -5360 3292 END
START -1320 -6296 32767 16858 -5468 3217 END
START -1260 -6572 32767 18284 -5729 3099 END
START -2004 -6596 32767 19709 -6124 3048 END
START -2196 -6740 32767 21199 -6649 3022 END
START -2588 -6988 32767 22730 -7250 3053 END
START -2948 -7376 32767 24343 -7843 3207 END
START -3368 -7788 32767 26046 -8539 3392 END
START -3648 -8012 32767 27798 -9225 3636 END
START -3996 -7940 32767 29660 -9962 3932 END
START -4368 -8112 32767 31451 -10699 4224 END
START -4376 -7860 32767 32767 -11440 4484 END
START -4392 -8024 32767 32767 -12065 4763 END
START -4236 -8100 32767 32767 -12635 5009 END
START -4148 -8312 32767 32767 -13060 5215 END
START -3916 -8156 32767 32767 -13322 5462 END
START -4020 -8088 32767 32767 -13363 5772 END
START -3576 -7920 32767 32767 -13252 6132 END
START -3192 -7732 32112 32767 -12833 6532 END
START -2628 -7656 30292 32767 -12209 6935 END
START -1964 -7492 28384 32767 -11413 7316 END
START -1072 -6844 26112 32767 -10499 7638 END
START -328 -6592 24660 32767 -9475 8000 END
START 348 -6400 22980 32767 -8539 8206 END
START 1120 -6220 21528 32767 -7609 8429 END
START 1892 -6152 20244 32767 -6575 8610 END
START 2516 -5808 19400 32767 -5618 8707 END
START 3192 -5448 18496 32767 -4690 8828 END
START 3512 -5096 17784 32767 -3902 8966 END
START 4168 -4912 17036 32767 -3214 9080 END
START 4896 -4596 16140 32767 -2563 9164 END
START 5724 -4300 15264 32767 -2151 9154 END
START 6672 -4204 14404 32767 -1923 9026 END
START 7528 -4100 13264 32767 -1937 8749 END
START 8544 -3840 12340 32767 -2087 8352 END
START 9432 -3384 11392 32767 -2409 7827 END
START 10164 -2944 10668 32767 -2818 7183 END
START 10884 -2428 9476 32767 -3361 6469 END
START 11176 -2068 8804 32767 -4026 5660 END
START 11336 -1760 8184 32767 -4841 4812 END
START 11452 -1464 7388 32767 -5863 3931 END
START 11364 -1236 6652 32767 -6839 3079 END
START 11148 -900 6132 32767 -7863 2265 END
START 10980 -608 5472 32767 -8862 1527 END
START 10628 -380 5128 32767 -9831 793 END
START 10596 -24 4660 32767 -10589 122 END
START 10520 292 4044 32767 -11092 -513 END
START 10420 768 3452 32767 -11350 -1215 END
START 10160 928 3032 32767 -11426 -1873 END
START 9876 1100 2548 32767 -11400 -2554 END
START 9600 1104 2172 32767 -11352 -3116 END
START 9388 1176 1804 32767 -11229 -3632 END
START 8912 1336 1356 32767 -11123 -4087 END
START 8548 1540 1024 32767 -11028 -4504 END
START 8216 1684 340 32767 -10977 -4902 END
START 7968 1700 160 32767 -10970 -5262 END
START 7884 1736 -380 32767 -10932 -5583 END
START 7876 1932 -868 32755 -10819 -5904 END
START 7868 2080 -1236 32218 -10587 -6227 END
START 8064 2248 -1976 31668 -10205 -6557 END
START 8276 2452 -2384 31097 -9791 -6895 END
START 8476 2464 -2768 30513 -9283 -7303 END
START 8780 2556 -3060 29942 -8844 -7745 END
START 8840 2460 -3672 29326 -8375 -8217 END
START 8940 2472 -4212 28659 -7965 -8737 END
START 8812 2548 -4380 28055 -7634 -9278 END
START 8672 2536 -4856 27366 -7379 -9821 END
START 8444 2508 -5316 26760 -7196 -10324 END
START 8320 2712 -5964 26084 -6961 -10869 END
START 8348 2644 -6696 25430 -6769 -11351 END
START 8404 2796 -7436 24723 -6509 -11900 END
START 8428 2760 -8176 23934 -6236 -12440 END
START 8552 2796 -9004 23057 -5951 -13055 END
START 8616 2724 -9576 22076 -5669 -13644 END
START 8500 2848 -10212 20964 -5486 -14278 END
START 8700 2872 -10976 19774 -5261 -14976 END
START 8236 3116 -11824 18387 -5083 -15665 END
START 8264 3256 -12372 16927 -4987 -16435 END
START 8020 3560 -12488 15393 -5027 -17181 END
START 7960 3752 -12604 13808 -5188 -17964 END
START 7788 3688 -12740 12068 -5405 -18805 END
START 7792 3824 -12824 10404 -5580 -19601 END
START 7688 3596 -12660 8732 -5674 -20450 END
START 7444 3508 -12700 7156 -5678 -21254 END
START 6848 3356 -12340 5635 -5657 -22079 END
START 6188 3268 -12060 4197 -5675 -22801 END
START 5536 3000 -11484 2862 -5729 -23493 END
START 4748 2816 -11012 1617 -5767 -24119 END
START 4036 2676 -10572 492 -5725 -24628 END
START 3200 2600 -10076 -562 -5610 -25042 END
START 2296 2408 -9556 -1522 -5562 -25373 END
START 1484 2360 -9276 -2440 -5515 -25599 END
START 532 2360 -8916 -3341 -5518 -25761 END
START -404 2368 -8568 -4246 -5563 -25803 END
START -1232 2420 -8388 -5118 -5675 -25741 END
START -2040 2532 -7932 -5974 -5881 -25601 END
START -2640 2568 -7736 -6823 -6076 -25361 END
START -3232 2696 -7412 -7635 -6257 -25057 END
START -3724 2760 -7276 -8431 -6351 -24738 END
START -4268 2848 -7056 -9223 -6508 -24308 END
START -4932 3108 -6716 -10008 -6637 -23881 END
START -5552 3392 -6256 -10800 -6776 -23421 END
START -5912 3436 -5876 -11646 -6985 -22876 END
START -6104 3604 -5588 -12435 -7098 -22338 END
START -6220 3656 -5184 -13180 -7170 -21781 END
START -6120 3556 -4864 -13895 -7218 -21193 END
START -5780 3576 -4732 -14491 -7121 -20649 END
START -5528 3580 -4244 -15334 -6982 -20161 END
START -4916 3632 -4336 -16026 -6702 -19787 END
START -4900 3596 -4176 -16784 -6343 -19494 END
START -4660 3720 -4124 -17654 -5940 -19276 END
START -4640 3872 -3960 -18485 -5501 -19112 END
START -4724 3936 -3868 -19427 -5080 -18967 END
START -4764 3940 -3616 -20353 -4572 -18891 END
START -4996 3716 -3456 -21340 -4049 -18784 END
START -5480 3616 -3324 -22306 -3533 -18685 END
START -6104 3644 -2872 -23304 -3010 -18524 END
START -6736 3816 -2604 -24287 -2523 -18372 END
START -7216 3860 -2108 -25277 -2116 -18158 END
START -7928 3680 -1616 -26323 -1722 -17921 END
START -8720 3448 -1024 -27317 -1444 -17620 END
START -9452 3232 -268 -28283 -1249 -17269 END
START -10280 3376 340 -29215 -1023 -16786 END
START -11040 3440 656 -30147 -764 -16224 END
START -11756 3456 1300 -31044 -479 -15576 END
START -12608 3528 2208 -31900 -228 -14866 END
START -13308 3512 2712 -32717 56 -14103 END
START -13780 3392 3704 -32768 331 -13329 END
START -14340 3208 4460 -32768 695 -12517 END
START -14948 2860 5300 -32768 1180 -11718 END
START -15740 2740 6124 -32768 1781 -10803 END
START -16696 2784 7248 -32768 2390 -9864 END
START -17432 2664 8176 -32768 3151 -8867 END
START -18140 2632 9156 -32768 3958 -7825 END
START -18700 2268 10172 -32768 4880 -6767 END
START -19244 1972 11276 -32768 5883 -5587 END
START -19752 1492 12532 -32768 6752 -4441 END
START -20384 1008 13828 -32768 7609 -3192 END
START -21168 500 15228 -32768 8250 -1969 END
START -21912 112 16520 -32768 8862 -702 END
START -22704 -96 18240 -32768 9237 548 END
START -23772 -412 20072 -32768 9513 1906 END
START -24084 -484 21112 -32768 9688 3346 END
START -25044 -740 22836 -32768 9893 4847 END
START -25624 -960 24684 -32768 9758 6422 END
START -26384 -1004 26756 -32768 9395 8041 END
START -26760 -924 28640 -32768 8823 9796 END
START -26916 -904 30284 -32768 8198 11532 END
START -26756 -908 32052 -32768 7616 13360 END
START -26352 -972 32767 -32077 7116 15170 END
START -25692 -1132 32767 -30288 6689 17020 END
START -24572 -1444 32767 -28420 6235 18757 END
START -23392 -1456 32767 -26340 5786 20414 END
START -21684 -1576 32767 -24199 5726 21964 END
START -20092 -1100 32767 -21932 5945 23370 END
START -18376 -912 32767 -19730 6363 24635 END
START -16804 -924 32767 -17465 6892 25822 END
START -15240 -892 32767 -15415 7475 26827 END
START -13736 -636 32767 -13355 8131 27745 END
START -12128 -408 32767 -11421 8910 28501 END
START -10684 44 32767 -9470 9881 29134 END
START -9524 640 32767 -7750 10625 29588 END
START -8568 1032 32767 -5969 11247 29948 END
START -7244 1564 32767 -4344 11635 30192 END
START -5936 1912 32767 -2787 11817 30277 END
START -4436 2148 32767 -1284 11804 30170 END
START -2512 2624 32767 45 11756 29941 END
START -1632 2928 32767 1032 11562 29603 END
START -132 3516 32767 1942 11291 29201 END
START 936 3896 32767 2678 10965 28673 END
START 1948 4252 32767 3260 10576 28077 END
START 3388 4784 31784 3818 10105 27247 END
START 5240 5596 30136 4273 9477 26235 END
START 5928 5792 29344 4671 8828 25201 END
START 7016 6240 28080 4948 8076 24021 END
START 8036 6680 26700 5134 7280 22760 END
START 8748 6984 25360 5117 6508 21418 END
START 9496 7188 23992 5040 5925 20123 END
START 9984 7660 23004 4893 5497 18846 END
START 10412 8252 22216 4679 5179 17562 END
START 10412 8544 21396 4564 4943 16232 END
START 10420 8912 20916 4471 4768 14919 END
START 9996 9172 20872 4460 4617 13717 END
START 9932 9220 20156 4561 4598 12640 END
START 9720 9376 19676 4744 4714 11448 END