START 6576 -3488 32767 -7705 -8659 862 END
START 8284 -9748 32767 -4875 -7483 -1960 END
START 3796 -10708 32767 -1454 -8479 -692 END
START 1492 -10808 32767 3383 -9761 2674 END
START 3788 -9616 32767 7891 -8558 5114 END
START 6568 -8424 32767 11257 -5690 5196 END
START 7984 -7348 32767 14956 -3258 3277 END
START 7912 -7600 32767 18490 -2520 1146 END
START 6576 -8340 32767 22261 -3207 -484 END
START 3880 -9920 32767 26991 -5943 -1967 END
START 1784 -11792 32767 31566 -8523 -2663 END
START 952 -13396 32767 32767 -8739 -1963 END
START 104 -14132 29076 32767 -5559 -630 END
START -316 -14488 24924 32767 -2938 1649 END
START 592 -14720 21036 32767 -1490 3392 END
START 2664 -14152 16548 32767 -1991 4206 END
START 4452 -13408 12824 32767 -2815 3842 END
START 8156 -12512 9668 32767 -3690 2681 END
START 12500 -11672 7500 32767 -3754 142 END
START 16808 -9932 4072 32767 -1255 -3782 END
START 19084 -9152 416 32767 2780 -8464 END
START 20192 -8568 -4352 32767 8719 -13054 END
START 18524 -8232 -9512 32767 12392 -17430 END
START 14764 -6452 -14048 30540 12811 -21539 END
START 9504 -5620 -16580 26470 8767 -24719 END
START 7856 -4232 -19096 22335 4831 -26905 END
START 6836 -2800 -20188 17043 2168 -29386 END
START 4592 -1624 -20328 10977 1433 -31693 END
START 1104 -352 -21052 4695 444 -32561 END
START -1756 1380 -21608 -2275 -2023 -32564 END
START -6896 2676 -20604 -10470 -4954 -32067 END
START -10032 3548 -19552 -20146 -7437 -30631 END
START -14336 1804 -15268 -31547 -6735 -30288 END
START -19860 -1924 -8952 -32768 -7344 -28397 END
START -27288 -7752 3996 -32768 -9226 -22906 END
START -32276 -11352 16096 -32768 -7901 -15818 END
START -32768 -14828 27868 -32768 913 -6106 END
START -32768 -15592 29956 -32768 7786 4625 END
START -32768 -15448 27824 -29030 7632 15140 END
START -32768 -14108 27192 -24113 38 24128 END
START -30868 -12920 28604 -21019 -6263 31228 END
START -19792 -9616 32180 -18579 -5338 32767 END