START -4296 -2108 26700 -15690 -3740 3412 END
START -1224 -7196 18144 -13963 -2462 3583 END
START 832 1420 23004 -15438 -3664 3415 END
START -4200 -2592 28040 -14577 -2526 3335 END
START 932 -1484 23844 -14995 -3208 3157 END
START -1972 -2332 27004 -14945 -2737 2921 END
START 368 -2048 24528 -15069 -2300 2615 END
START -320 -2144 25616 -15179 -1919 2369 END
START -936 -2324 26764 -15067 -1512 2298 END
START -724 -2356 26208 -14917 -1933 2390 END
START -2440 -2428 28128 -14455 -1793 2636 END
START -844 -2164 26120 -13939 -2077 2930 END
START -1872 -1928 27880 -13429 -1808 3247 END
START 160 -1204 25956 -12961 -1825 3456 END
START -444 -948 27392 -12564 -1599 3578 END
START 1188 -352 26100 -12311 -1533 3538 END
START 1184 -280 26748 -12190 -1556 3370 END
START 1840 -84 26712 -12073 -1417 3143 END
START 2012 120 26944 -11904 -1568 2891 END
START 2004 108 27204 -11740 -1534 2742 END
START 2684 276 26908 -11448 -1722 2569 END
START 2240 340 27916 -11120 -1847 2498 END
START 2780 664 27352 -10700 -2221 2395 END
START 2160 844 28244 -10241 -2591 2346 END
START 4076 792 27240 -9822 -2649 2309 END
START 3636 512 28300 -9362 -2800 2159 END
START 3656 732 28588 -9018 -3114 2055 END
START 3144 864 29884 -8765 -3637 1896 END
START 3768 1140 29696 -8553 -3841 1812 END
START 3448 1264 30668 -8283 -4046 1748 END
START 3580 1280 31208 -7986 -4078 1720 END
START 3412 1308 31988 -7646 -4037 1766 END
START 3504 1388 32767 -7214 -3890 1861 END
START 4188 1308 32767 -6742 -3516 2029 END
START 4536 1036 32767 -6225 -3149 2162 END
START 5180 812 32767 -5588 -2625 2282 END
START 5556 580 32767 -4833 -2272 2356 END
START 5744 304 32767 -3931 -1923 2347 END
START 6036 -100 32767 -2952 -1815 2260 END
START 5968 -576 32767 -1741 -1862 2094 END
START 6140 -892 32767 -396 -1959 1903 END
START 5948 -1068 32767 1089 -2213 1672 END
START 5792 -1376 32767 2734 -2521 1454 END
START 5408 -1616 32767 4525 -2944 1192 END
START 5204 -2068 32767 6348 -3270 980 END
START 5008 -2568 32767 8151 -3552 804 END
START 4484 -2960 32767 9964 -3799 635 END
START 4116 -3348 32767 11801 -4103 499 END
START 3528 -3640 32767 13565 -4505 408 END
START 2896 -3980 32767 15151 -4909 379 END
START 2460 -4264 32767 16728 -5493 350 END
START 2092 -4772 32767 18207 -6091 376 END
START 1648 -5200 32767 19590 -6699 380 END
START 1184 -5536 32767 20957 -7312 407 END
START 696 -5796 32767 22266 -7921 455 END
START 108 -6156 32767 23697 -8509 549 END
START -256 -6444 32767 25125 -8907 674 END
START -968 -6744 32767 26440 -9316 869 END
START -1756 -6984 32767 27763 -9737 1163 END
START -2616 -7220 32767 29058 -10171 1568 END
START -3188 -7616 32767 30242 -10578 2070 END
START -3740 -7908 32767 31420 -10925 2643 END
START -4232 -8176 32767 32549 -11229 3280 END
START -4632 -8536 32767 32767 -11520 3982 END
START -4764 -8688 31668 32767 -11756 4662 END
START -4868 -9056 30780 32767 -11969 5409 END
START -4948 -9296 29976 32767 -12136 6134 END
START -4900 -9556 28704 32767 -12330 6881 END
START -4704 -9812 27832 32767 -12515 7599 END
START -4784 -9784 27216 32767 -12734 8377 END
START -4624 -9876 26416 32767 -12953 9029 END
START -4476 -9792 25852 32767 -13164 9712 END
START -4188 -10064 25068 32767 -13388 10316 END
START -3780 -10300 24428 32767 -13569 10897 END
START -3400 -10592 23740 32767 -13876 11398 END
START -3056 -11000 23492 32767 -14396 11795 END
START -2840 -11424 22916 32767 -15045 12132 END
START -2168 -11624 22452 32767 -15744 12451 END
START -1052 -11624 21896 32767 -16393 12459 END
START 616 -11592 21208 32767 -16915 12517 END
START 2332 -11592 20788 32767 -17289 12234 END
START 3964 -11656 20324 32767 -17741 11667 END
START 5096 -11876 20248 32767 -18418 10821 END
START 5828 -12032 20108 32767 -19369 9819 END
START 6656 -11792 19596 32767 -20519 8619 END
START 7348 -11424 19036 32767 -21675 7348 END
START 8148 -10760 17988 32767 -22658 6007 END
START 8972 -9808 16968 32767 -23473 4483 END
START 9776 -9036 15556 32767 -23821 2941 END
START 10572 -8492 14376 32767 -23905 1392 END
START 11008 -8288 13452 32767 -23834 -157 END
START 10696 -8404 12712 32767 -23770 -1548 END
START 10376 -8260 11668 32767 -23682 -2722 END
START 9752 -8252 11040 32767 -23500 -3758 END
START 8856 -8120 10148 32767 -23275 -4641 END
START 8224 -7600 9108 32767 -22853 -5357 END
START 7656 -7168 8032 32767 -22364 -5989 END
START 7128 -6860 6820 32767 -21884 -6517 END
START 6532 -6584 5712 32767 -21420 -6954 END
START 6148 -6352 4400 32767 -20970 -7295 END
START 5812 -6124 3172 32767 -20510 -7551 END
START 5520 -5664 1964 32767 -20021 -7752 END
START 5584 -5316 408 32767 -19539 -7951 END
START 5468 -4940 -804 32767 -19163 -8100 END
START 5752 -4388 -1976 32767 -18922 -8345 END
START 5844 -4004 -2924 32767 -18755 -8604 END
START 6324 -3592 -3944 32767 -18611 -8885 END
START 6956 -3184 -4952 32767 -18362 -9225 END
START 7640 -2828 -5876 32767 -18011 -9613 END
START 8320 -2424 -6536 32767 -17591 -10106 END
START 8880 -2100 -7216 32767 -17216 -10730 END
START 9104 -1736 -7196 32767 -16889 -11443 END
START 9260 -1500 -7276 32767 -16629 -12198 END
START 9324 -1132 -7364 32767 -16454 -12930 END
START 9732 -1020 -7400 32767 -16225 -13780 END
START 10208 -500 -7556 32767 -15859 -14506 END
START 10792 -200 -8052 32158 -15213 -15358 END
START 11528 24 -8384 30984 -14420 -16345 END
START 11916 144 -8836 29871 -13492 -17288 END
START 12372 276 -8900 28732 -12530 -18298 END
START 12760 392 -9032 27508 -11475 -19367 END
START 12784 524 -9184 26304 -10491 -20384 END
START 12800 760 -9220 25012 -9554 -21474 END
START 12544 904 -9024 23787 -8769 -22522 END
START 12072 1112 -9108 22635 -7985 -23530 END
START 11636 1364 -9408 21570 -7205 -24554 END
START 10364 1760 -9744 20459 -6403 -25479 END
START 9380 2044 -10360 19352 -5596 -26323 END
START 8640 2192 -11100 18196 -4772 -26989 END
START 7972 2284 -11616 16938 -3948 -27565 END
START 7700 2476 -12280 15613 -3335 -28029 END
START 7536 2488 -12856 14210 -2957 -28423 END
START 7680 2468 -13392 12598 -2775 -28931 END
START 7664 2564 -13700 11010 -2848 -29446 END
START 7660 2580 -14140 9279 -3147 -30029 END
START 7632 2308 -14476 7656 -3663 -30659 END
START 7620 2224 -14952 5956 -4258 -31341 END
START 7544 1912 -15092 4317 -4872 -32059 END
START 7240 1852 -15256 2661 -5528 -32768 END
START 6784 1848 -15152 881 -6226 -32768 END
START 6168 1796 -15036 -767 -6812 -32768 END
START 5568 1880 -14904 -2488 -7332 -32768 END
START 4712 1940 -14716 -4259 -7776 -32768 END
START 3840 1880 -14496 -5994 -8055 -32768 END
START 2780 1740 -14196 -7613 -8197 -32768 END
START 1668 1588 -14236 -9082 -8068 -32768 END
START 672 1424 -14416 -10546 -7784 -32768 END
START -160 1344 -14628 -11926 -7411 -32768 END
START -724 1172 -14912 -13371 -7176 -32768 END
START -1412 828 -15004 -14875 -7009 -32768 END
START -2020 576 -15112 -16566 -6990 -32768 END
START -2596 76 -15336 -18186 -7047 -32768 END
START -3284 -96 -15592 -19942 -7255 -32768 END
START -4332 -324 -15600 -21771 -7441 -32768 END
START -5924 -508 -15640 -23705 -7513 -32768 END
START -6748 -416 -15728 -25596 -7382 -32768 END
START -7828 -612 -15484 -27577 -7129 -32768 END
START -8380 -588 -15000 -29554 -6967 -32039 END
START -9240 -572 -14292 -31664 -6753 -31194 END
START -10852 -504 -12836 -32768 -6880 -30268 END
START -12364 -564 -11568 -32768 -6960 -29159 END
START -13696 -432 -10644 -32768 -7036 -27941 END
START -14936 -200 -9612 -32768 -6894 -26565 END
START -16304 20 -8776 -32768 -6591 -25149 END
START -17412 504 -7572 -32768 -6262 -23655 END
START -17888 912 -6956 -32768 -5836 -22164 END
START -18240 1108 -6420 -32768 -5042 -20594 END
START -18584 548 -5600 -32768 -4162 -19020 END
START -19304 -188 -4588 -32768 -3317 -17279 END
START -20328 -556 -3356 -32768 -2912 -15548 END
START -21108 -752 -2512 -32768 -2758 -13751 END
START -21804 -252 -1500 -32768 -2807 -11846 END
START -21912 276 -944 -32768 -2667 -9899 END
START -22032 384 -292 -32768 -2064 -8023 END
START -22036 344 196 -32768 -1232 -6322 END
START -21940 232 692 -32768 -113 -4574 END
START -21816 136 1252 -32768 1110 -2940 END
START -21932 -36 1992 -32768 2383 -1190 END
START -21924 -380 3092 -32768 3629 519 END
START -21928 -784 4224 -32768 4671 2154 END
START -21748 -1488 5348 -32768 5825 3828 END
START -21676 -2092 6732 -32768 6844 5514 END
START -21792 -2948 7968 -32768 7741 7162 END
START -22228 -3488 9840 -32768 8328 8770 END
START -22476 -4048 11916 -32768 8592 10468 END
START -23164 -4372 14212 -32768 8471 12154 END
START -23876 -4908 16944 -32768 8230 13892 END
START -23952 -5140 18860 -32768 7871 15725 END
START -24360 -5624 21036 -32768 7624 17596 END
START -24540 -5972 22864 -32768 7388 19536 END
START -24476 -6368 24344 -32768 7277 21573 END
START -24132 -6688 26184 -32768 7532 23611 END
START -23716 -6916 27784 -32768 7960 25561 END
START -23276 -7476 29452 -32768 8638 27566 END
START -22816 -8048 31792 -32768 9291 29520 END
START -22440 -8800 32767 -32768 9984 31450 END
START -21584 -10112 32767 -32768 10572 32767 END
START -20148 -11216 32767 -32768 11406 32767 END
START -18820 -12020 32767 -32768 12345 32767 END
START -17444 -12664 32767 -32768 13168 32767 END
START -15964 -13220 32767 -32768 13942 32767 END
START -13816 -13768 32767 -32768 14633 32767 END
START -11900 -14240 32767 -32768 14867 32767 END
START -8756 -14640 32767 -31557 14786 32767 END
START -6488 -14596 32767 -27595 14232 32767 END
START -3972 -14660 32767 -23221 13163 32767 END
START -1152 -14404 32767 -18382 11987 32767 END
START 1544 -13948 32767 -13653 10197 32767 END
START 4256 -13424 32767 -8603 8117 32767 END
START 6996 -12644 32767 -3818 5982 32767 END
START 9336 -11788 32767 898 3659 32767 END
START 11868 -10936 32767 5418 1256 32767 END
START 14076 -9844 32767 9625 -1094 30782 END
START 16604 -8212 32767 13593 -3353 27942 END