START 12788 -2680 32767 -828 -5876 6313 END
START 11508 -12788 32767 3521 -7675 6310 END
START 5328 -12936 32767 7331 -6062 7971 END
START 9608 -12372 32767 11634 -5797 7666 END
START 13136 -11548 32767 16580 -4553 4524 END
START 9192 -11744 32767 20677 -1930 427 END
START 6264 -13300 32767 24558 -1649 -1701 END
START 2616 -15140 32767 29961 -3865 -2297 END
START 336 -16204 32767 32767 -5976 -1552 END
START 688 -16556 29856 32767 -6620 -686 END
START 1324 -16840 25348 32767 -6292 -236 END
START 1028 -16148 21268 32767 -5018 798 END
START 2672 -15420 17804 32767 -2615 2660 END
START 5420 -13800 13852 32767 -1382 3600 END
START 9124 -12752 10936 32767 -2504 2749 END
START 11468 -10772 6732 32767 -3898 -586 END
START 12068 -9636 3000 32767 -5861 -4135 END
START 12600 -8396 -636 32767 -6810 -7816 END
START 10888 -7892 -3808 32767 -7612 -11236 END
START 10368 -6772 -8272 32767 -7223 -13773 END
START 10176 -4704 -13336 32147 -3610 -16160 END
START 8508 -3468 -15228 24625 183 -18222 END
START 5816 -2584 -15368 18387 391 -20351 END
START 3252 -2328 -13976 14767 -2664 -22275 END
START 2532 -924 -13948 12305 -7115 -24794 END
START 2236 240 -14324 9139 -8474 -27547 END
START 788 1380 -14944 5015 -7790 -29632 END
START -1188 2252 -15396 -454 -5802 -30732 END
START -3420 3572 -15528 -7084 -4708 -31231 END
START -6396 4000 -15268 -15429 -3492 -31866 END
START -9524 3056 -12956 -24624 -2196 -31983 END
START -15696 972 -9088 -32768 -1069 -30456 END
START -22928 -2008 -3480 -32768 -3276 -24999 END
START -28724 -5912 5584 -32768 -3382 -16797 END
START -31548 -9348 17968 -32768 4720 -6777 END
START -32768 -13192 26180 -32768 21612 4214 END
START -32768 -16788 25760 -32768 32767 16300 END
START -32768 -18904 26876 -32768 29259 26020 END
START -32768 -18776 32767 -32768 17258 32227 END
START -26744 -16584 32767 -24587 4996 32767 END
START -16312 -12832 31584 -14113 -4519 32767 END