START 3520 5144 -14208 12967 10408 -4260 END
START 5632 964 -14852 8532 3641 -3500 END
START -7132 572 -5768 7484 -5035 -2691 END
START -3208 1436 -8000 2484 -8048 -772 END
START -532 1124 -7504 -2618 -4613 -2414 END
START 380 -1344 -7968 -7198 1581 -2787 END
START -472 -2720 -9540 -11310 6676 -1085 END
START -2076 -3308 -10988 -16052 7043 704 END
START -3836 -4032 -9280 -19682 3398 3248 END
START -620 -4576 -8080 -22163 -730 4576 END
START 3212 -4380 -7956 -25171 -2033 4016 END
START 4376 -4948 -8012 -29396 -123 2253 END
START 2692 -6424 -7676 -32768 587 945 END
START 560 -7544 -7080 -32768 -275 1263 END
START 1144 -8804 -4052 -32768 -468 2148 END
START 1804 -10028 1864 -32768 2200 2910 END
START 2244 -10576 8244 -32768 6321 2980 END
START 1276 -11672 16332 -32768 7272 2045 END
START 3472 -11752 27156 -32768 4898 -85 END
START 4136 -10360 32767 -32768 5176 -4019 END
START -1144 -10424 32767 -32768 3883 -6581 END
START -2396 -8576 32767 -32768 1433 -6840 END
START -4868 -6156 32767 -28076 591 -6383 END
START -7056 -4464 32767 -21075 142 -4482 END
START -8372 -3508 32767 -15284 -1257 -1718 END
START -6956 -1664 32767 -9568 -2562 964 END
START -5552 -416 32767 -4689 -1389 2672 END
START -5420 696 32767 286 -1108 4394 END
START -5088 516 32767 4988 -2958 5864 END
START -4152 248 32767 10239 -6148 7454 END
START -216 656 32767 15175 -8238 8280 END
START 1660 1372 32767 18491 -7661 8228 END
START 2732 1056 32767 21196 -7745 7690 END
START 3828 552 32767 23788 -7858 6507 END
START 2640 -384 32767 26311 -8309 5133 END
START 1996 -1728 31760 28861 -8543 4531 END
START 1508 -3100 29648 31501 -8557 4118 END
START 736 -4448 27096 32767 -8838 4279 END
START 952 -5360 24632 32767 -10041 4406 END
START 1732 -5888 22428 32767 -10784 4503 END
START 4220 -6236 18720 32767 -10940 3501 END
START 4016 -6288 14508 32767 -11317 2242 END
START 5328 -6096 11024 32767 -11546 1250 END
START 5972 -5432 6444 32767 -10841 262 END
START 10032 -4680 4660 32767 -11471 -1710 END
START 12928 -2628 440 32767 -9877 -6192 END
START 12136 -2616 -1712 30910 -9235 -10455 END
START 11004 -2424 -3036 27298 -10117 -13583 END
START 13308 -2172 -3636 24999 -10491 -17014 END
START 13184 -1776 -6460 21780 -8665 -21890 END
START 13680 -1728 -9728 17193 -6400 -26641 END
START 12092 -1748 -14100 9470 -3425 -31258 END
START 8612 -2696 -13848 2717 -2480 -32768 END
START 2616 -4132 -12568 -2640 -3940 -32768 END
START -580 -4268 -12676 -7228 -6438 -32768 END
START -3192 -4628 -11164 -12750 -7596 -32768 END
START -4048 -3524 -9364 -18918 -5766 -32768 END
START -5980 -3052 -8896 -26929 -1151 -32768 END
START -10172 -4632 -6656 -32768 3707 -32768 END
START -17184 -7276 -2260 -32768 8035 -31216 END
START -26376 -9296 5556 -32768 9218 -27081 END
START -32768 -12440 14728 -32768 3261 -20330 END
START -32768 -13244 22936 -32768 -2547 -9230 END
START -32768 -12608 26248 -32768 1444 4149 END
START -32768 -12952 25504 -32768 7569 18122 END
START -32768 -12116 22872 -32768 10934 29766 END
START -26772 -11780 23844 -32768 12173 32767 END
START -18176 -10256 26000 -32768 16092 32767 END
START -10872 -8584 30100 -32678 18351 32767 END
START -3584 -5944 32268 -28227 17038 32767 END