START 19216 7284 -9380 3949 -4063 1126 END
START 10592 4112 -13416 572 -5257 -1656 END
START 7936 1444 -10464 -2195 -5562 -2656 END
START 5120 1532 -10256 -6025 -5290 -2732 END
START 7628 848 -10828 -10100 -4125 -3987 END
START 7500 -408 -8980 -15268 -395 -6371 END
START 3180 -1352 -9584 -20181 2714 -8418 END
START -624 -3452 -9424 -24801 4034 -8499 END
START -3432 -5304 -9396 -29452 4107 -7285 END
START -6132 -7212 -8216 -32768 983 -5215 END
START -6056 -8784 -4712 -32768 -3423 -2557 END
START -1996 -9896 572 -32768 -1858 -1159 END
START -2040 -11612 7932 -32768 4371 -1137 END
START -3636 -12736 16236 -32768 6765 -793 END
START -3376 -13428 25104 -32768 3780 -1140 END
START -5676 -13740 32767 -32768 -1718 -662 END
START -660 -12036 32767 -32768 -5377 7 END
START 2168 -10056 32767 -31965 -2751 -753 END
START 2804 -9152 32767 -28272 1831 -1936 END
START -404 -8224 32767 -23779 2040 -1648 END
START -2496 -7256 32767 -15857 1594 -745 END
START -6396 -6660 32767 -4959 -697 1511 END
START -5344 -5608 32767 4372 -5886 4229 END
START -1836 -4552 32767 11584 -8619 6405 END
START 2960 -4308 32767 17656 -8024 7366 END
START 5960 -4488 32767 22235 -6668 5973 END
START 5348 -5676 32767 26623 -6778 3766 END
START 4748 -7152 32767 30994 -6817 1909 END
START 3164 -8360 32767 32767 -6301 -200 END
START 1100 -9568 31268 32767 -6797 -1428 END
START 516 -10248 24696 32767 -7042 -2317 END
START -456 -10268 16740 32767 -6771 -1959 END
START -568 -9872 12316 32767 -6936 -1492 END
START -388 -9560 8416 32767 -7344 -185 END
START 1856 -8428 6184 32767 -8134 712 END
START 4868 -7004 4096 32767 -7715 198 END
START 8816 -4944 212 32767 -5409 -1250 END
START 11604 -3616 -2696 32767 -3559 -4267 END
START 12308 -2640 -5064 32767 -2375 -7477 END
START 15128 -2024 -8636 31176 -765 -11139 END
START 11928 -1040 -12228 25259 -3228 -15435 END
START 14568 -188 -12472 19375 -5103 -20311 END
START 13796 -428 -13212 13877 -4041 -26119 END
START 10696 -1572 -12588 9582 -2616 -29754 END
START 6176 -1816 -14120 4996 -2319 -31487 END
START 3816 -1800 -14692 -618 -4342 -31633 END
START 2360 -1708 -14048 -6903 -5636 -31742 END
START 768 -2216 -12084 -12847 -5518 -31971 END
START -1180 -2496 -11412 -19018 -3416 -32629 END
START -6208 -4476 -10668 -26139 -723 -32768 END
START -13308 -6948 -7904 -32768 -524 -32768 END
START -25108 -8552 -2184 -32768 -4098 -30612 END
START -32768 -10260 6612 -32768 -8997 -21807 END
START -32768 -11132 16080 -32768 -2501 -6726 END
START -32768 -14788 23268 -32768 13634 8434 END
START -32768 -18480 29408 -32768 20149 18175 END
START -32768 -19780 32767 -32768 9957 22877 END
START -31592 -19120 32767 -31901 4527 27700 END
START -27240 -15936 32767 -24066 1172 32767 END
START -18568 -12404 32767 -19046 -922 32767 END
START -2672 -8656 32767 -15741 914 32767 END