START 9084 -4176 32767 -9523 1363 6734 END
START 11084 -13276 32767 -5715 -307 7884 END
START 9720 -12984 32767 -510 2087 8131 END
START 9444 -11236 32767 3627 3614 6859 END
START 3420 -15160 32767 10503 -2736 3376 END
START 1444 -14508 32767 18157 -12247 3166 END
START 5976 -15152 32767 26148 -17166 2705 END
START 11128 -16432 32767 32264 -13577 1465 END
START 10832 -17816 32767 32767 -5153 -1338 END
START 7760 -18928 32767 32767 17 -2705 END
START 4784 -20492 32324 32767 901 -2994 END
START 2500 -21092 26888 32767 -955 -2582 END
START 2316 -21012 20652 32767 -2512 -1970 END
START 3080 -19936 14600 32767 -3065 -1585 END
START 5608 -18664 9396 32767 -1639 -2796 END
START 6588 -16984 5216 32767 824 -3718 END
START 7488 -15240 2256 32767 3477 -4335 END
START 8100 -13488 -144 32767 4641 -5151 END
START 8304 -11524 -3132 32767 5300 -6237 END
START 7912 -9932 -5936 32767 4541 -7362 END
START 9000 -8396 -7324 32767 1775 -8820 END
START 10920 -6648 -8404 32767 -2413 -11660 END
START 11692 -5280 -10248 31483 -3691 -15896 END
START 11332 -4012 -14280 26883 -647 -19858 END
START 9328 -2472 -17944 18900 3944 -21933 END
START 7792 -1512 -19028 10809 6663 -23577 END
START 4676 -372 -18376 4524 5628 -25508 END
START 3016 404 -17452 434 2015 -27170 END
START 2076 2524 -17508 -4003 -1128 -28670 END
START 1324 3812 -16148 -8845 -3215 -31223 END
START -1660 3948 -14828 -14038 -4559 -32768 END
START -6624 5012 -12608 -19863 -5808 -32768 END
START -9760 5608 -10568 -27245 -5928 -32546 END
START -14360 2996 -5308 -32768 -7228 -30765 END
START -17752 -1900 3868 -32768 -11015 -26735 END
START -22044 -6244 14528 -32768 -10923 -21867 END
START -25240 -10340 27404 -32768 560 -14309 END
START -32632 -12640 30936 -32768 14845 -5185 END
START -32768 -14636 30348 -26818 11344 3483 END
START -32768 -12516 27688 -16867 -5124 11471 END
START -29808 -9604 23532 -13167 -12367 18366 END
START -25096 -7544 22488 -15103 -7227 24427 END
START -22340 -7324 24564 -16926 -357 31965 END
START -16020 -7088 26892 -17183 4486 32767 END
START -7060 -5840 28116 -14579 5920 32767 END