START -1760 -5776 32767 -216 -3284 1041 END
START 2156 -11784 32767 4718 -3457 1160 END
START 1596 -13056 32767 7866 -3188 3238 END
START 1344 -13384 32767 9782 -4307 5584 END
START 3348 -14052 32767 12356 -4568 5000 END
START 2192 -15912 32767 17119 -5451 2394 END
START -2364 -18816 32767 23089 -6533 792 END
START -4952 -21712 32767 29921 -9220 3127 END
START -3484 -23572 32767 32767 -10717 6189 END
START -552 -25004 32767 32767 -11104 7227 END
START 1492 -25784 32732 32767 -9689 7091 END
START 3656 -25324 26884 32767 -6099 5832 END
START 3292 -24496 19324 32767 -3383 4966 END
START 3408 -23024 13180 32767 -2383 4604 END
START 3904 -21164 7904 32767 -2632 4260 END
START 4340 -18644 2812 32767 -5310 3007 END
START 6804 -15768 -1204 32767 -7903 990 END
START 7536 -12896 -3660 32767 -8532 -2204 END
START 8112 -10936 -4716 32767 -9347 -3986 END
START 10496 -8752 -6564 32767 -8760 -6649 END
START 12192 -6468 -10688 32767 -5976 -10176 END
START 12312 -5016 -12768 32767 -2052 -13995 END
START 11116 -3616 -12856 27792 1006 -17017 END
START 9412 -3248 -13572 23161 2989 -19836 END
START 7072 -2676 -14952 19309 2278 -21987 END
START 5100 -2108 -15644 15684 -912 -24205 END
START 3624 -1292 -15392 12897 -5040 -26424 END
START 2996 1736 -19244 7677 -5724 -27870 END
START 136 1120 -18248 3161 -6767 -29719 END
START -2280 1684 -19124 -3451 -6036 -29959 END
START -3472 80 -18048 -9551 -7722 -29375 END
START -7520 1776 -16304 -14505 -9923 -27183 END
START -7600 1264 -14932 -22854 -10208 -25559 END
START -16796 1636 -9964 -30194 -7787 -25290 END
START -25172 60 -7708 -32768 -5432 -20059 END
START -28016 -2484 -920 -32768 -4113 -12333 END
START -30740 -6964 13476 -32768 -1438 -4575 END
START -32768 -11820 29852 -32768 1370 2562 END
START -32768 -15132 32767 -32768 7115 11073 END
START -32768 -15604 32767 -32768 10449 18906 END
START -32768 -14756 32767 -28039 8384 26422 END
START -24964 -11796 32767 -18542 3566 32401 END
START -11572 -7596 32767 -7608 -203 32767 END