START 16660 6504 -8464 3876 1916 -1845 END
START 5508 2796 -13672 846 -3788 -1725 END
START 5104 1064 -12624 -3200 -5375 -2051 END
START 4452 772 -12100 -9360 -2519 -2344 END
START 2144 -148 -10876 -14859 876 -3042 END
START 340 -964 -10556 -19821 3292 -3576 END
START -524 -2204 -9972 -24545 2785 -4178 END
START -1728 -4016 -8784 -27988 1022 -4114 END
START -712 -5488 -9492 -32561 -627 -3855 END
START -2428 -7668 -8088 -32768 -1155 -3053 END
START -2652 -9444 -4396 -32768 -973 -862 END
START -2312 -11100 964 -32768 1635 1599 END
START -1348 -13196 8328 -32768 3622 2405 END
START 664 -14604 21888 -32768 4983 1110 END
START -2028 -16104 32767 -32768 4939 -1386 END
START -2120 -13788 32767 -32768 552 -2613 END
START -3432 -12456 32767 -32768 2752 -2209 END
START -6196 -10768 32767 -32719 5387 718 END
START -4096 -8512 32767 -25070 3682 2527 END
START -460 -6816 32767 -16384 2360 1348 END
START -976 -6032 32767 -7362 291 294 END
START -1076 -5324 32767 1289 -2852 267 END
START -328 -5392 32767 9034 -4589 1117 END
START 952 -5588 32767 15633 -5382 1880 END
START 1380 -6200 32767 20832 -5776 2041 END
START 1720 -8892 32767 25514 -7462 716 END
START -1412 -11384 32767 29765 -9417 -1236 END
START -4516 -13256 32767 32767 -10570 -1031 END
START -4524 -13380 32372 32767 -8348 386 END
START -4000 -12268 24672 32767 -5475 2576 END
START -3348 -10300 16308 32767 -4849 4649 END
START -708 -7316 9816 32767 -5786 6153 END
START 3660 -5496 7588 32767 -7085 6119 END
START 9372 -3832 6724 32767 -7110 4133 END
START 11116 -2840 5224 32767 -5160 40 END
START 10388 -2428 2512 32767 -3379 -3321 END
START 9232 -2044 -2260 32767 -2206 -5315 END
START 10892 -1360 -7132 29881 -3368 -6667 END
START 12364 -556 -8640 24824 -4075 -9347 END
START 11600 -612 -8640 20211 -5569 -12487 END
START 12220 -936 -7272 16550 -6826 -16038 END
START 11924 -1712 -5744 14111 -6355 -19850 END
START 9996 -2036 -6432 12093 -4411 -23071 END
START 8892 -1924 -7784 9273 -1647 -25854 END
START 9688 -1332 -10152 5650 634 -28884 END
START 8044 -932 -11896 991 1823 -32768 END
START 3856 -1600 -11968 -2890 -167 -32768 END
START 620 -680 -12728 -7314 -3730 -32768 END
START -2540 516 -13252 -13421 -5169 -32768 END
START -6460 2016 -12696 -21879 -3684 -32768 END
START -9884 2616 -10328 -31417 128 -32768 END
START -14676 -436 -5068 -32768 1560 -32768 END
START -18568 -6328 3464 -32768 5059 -32768 END
START -24160 -16228 15876 -32768 17336 -31157 END
START -32768 -25744 30972 -32768 20896 -25510 END
START -32768 -27048 27920 -22367 9103 -10133 END
START -32768 -23116 14000 -16756 -2124 11480 END
START -32768 -19516 4592 -24626 -5276 32115 END
START -32768 -19804 7576 -32768 -2863 32767 END
START -22076 -22612 19844 -32768 809 32767 END
START -6804 -23980 32767 -32768 2343 32767 END
START 9360 -20008 32767 -32768 126 32767 END