START 2000 6620 -1408 24813 10508 -1405 END
START -6232 -1864 3260 22522 381 -574 END
START -13676 -3128 11360 23986 -3037 1332 END
START -8392 -3228 7404 23560 103 2704 END
START -9640 -4376 7180 21729 5651 4692 END
START -10696 -4956 4408 19913 9650 7952 END
START -11088 -5220 1184 17996 10218 12169 END
START -9688 -5472 -2436 15603 7815 15820 END
START -8068 -5168 -6000 12266 4150 18915 END
START -5604 -5044 -8120 8506 1006 21024 END
START -2644 -5112 -8940 4808 1011 22353 END
START -1040 -4824 -10456 271 4329 23322 END
START -1344 -4640 -11448 -4663 6065 24271 END
START -544 -4668 -13580 -10034 6250 25341 END
START 1380 -4112 -14080 -16076 4035 25915 END
START 3876 -4052 -12188 -21568 2333 25236 END
START 7284 -4716 -8732 -25968 345 24951 END
START 15572 -3636 -4676 -29533 1 23314 END
START 21464 -2664 184 -32768 1147 19963 END
START 29672 -568 8620 -32768 3347 16228 END
START 32767 3436 20712 -32768 6924 8858 END
START 32767 7172 30284 -32768 10661 -3334 END
START 32767 7844 32767 -29897 11509 -17871 END
START 32767 6380 32767 -22229 8077 -31802 END
START 16760 2948 32767 -14714 5844 -32768 END
START 1616 -248 32767 -6578 4760 -32768 END
START -8140 -2600 32767 1878 6214 -32768 END
START -13788 -3972 32767 11466 5723 -26784 END
START -15188 -4216 32767 20001 2827 -21404 END
START -14492 -4352 32767 27070 -114 -18358 END
START -15152 -5352 32767 32086 -2801 -15689 END
START -14620 -5764 23416 32767 -4423 -12568 END
START -13972 -5700 15948 32767 -2754 -8990 END
START -14144 -5464 9508 31800 -2052 -5364 END
START -12604 -4644 4736 29737 -3630 -2396 END
START -10404 -4028 992 27529 -4251 -459 END
START -8864 -3500 -3160 24949 -4785 959 END
START -8004 -2968 -7484 21585 -6006 2438 END
START -6648 -2196 -12288 17258 -7509 4263 END
START -4472 -1852 -15300 11404 -7379 5917 END
START -1596 -1708 -15892 5783 -6317 6936 END
START 1148 -1544 -16020 753 -4569 6482 END
START 2536 -1720 -16060 -3692 -3167 5272 END
START 3820 -1712 -17040 -8610 -2417 3854 END
START 3696 -2180 -16892 -13667 -2636 2352 END
START 4500 -2588 -17080 -18986 -3284 428 END
START 4332 -3556 -16112 -24612 -2256 -1053 END
START 3796 -4800 -16172 -30183 -795 -2125 END
START 3744 -6836 -16128 -32768 56 -3092 END
START 4352 -9700 -15140 -32768 1202 -4612 END
START 4720 -13800 -13684 -32768 2605 -6734 END
START 4916 -18256 -11552 -32768 4308 -9067 END
START 3940 -23816 -5828 -32768 3962 -9921 END
START 2440 -29636 4200 -32768 3978 -7856 END
START 5036 -32768 23512 -32768 7121 -4615 END
START 10960 -32768 32767 -32768 10425 -6439 END