START 13000 -11508 32767 7412 15520 -6562 END
START -1648 -17920 32767 13077 13360 -7332 END
START -4008 -18200 32767 19611 7706 -5809 END
START 200 -18940 32767 24577 3438 -5077 END
START 4044 -19744 32767 27660 2748 -6566 END
START 3600 -21132 32767 29999 2792 -8025 END
START 3280 -20960 32767 32767 2742 -7982 END
START 4608 -20516 32416 32767 4618 -8214 END
START 3884 -20612 27908 32767 6990 -7781 END
START 3196 -20860 24736 32767 7969 -7185 END
START 1296 -20300 22320 32767 7111 -5726 END
START 2116 -18988 19916 32767 7327 -4771 END
START 2124 -17720 17372 32767 8511 -4317 END
START 1556 -16836 14540 32767 9739 -3946 END
START -468 -15432 11520 32767 10623 -3185 END
START -2212 -14456 8840 32767 10518 -1814 END
START -3968 -13376 5284 32767 8958 16 END
START -5220 -12596 3132 32767 6254 2070 END
START -5488 -11540 1040 32767 3906 3830 END
START -5972 -10860 -1028 32767 2721 5700 END
START -6680 -9268 -3708 32767 2094 8031 END
START -7044 -7968 -5592 31755 1188 10411 END
START -6428 -7384 -8160 28807 745 13518 END
START -6856 -5100 -10952 23525 1172 16847 END
START -7220 -4856 -11488 17786 1702 20721 END
START -6108 -4216 -12292 11584 2242 25113 END
START -5404 -5044 -11896 5706 3240 29333 END
START -3296 -5480 -11148 -145 3995 32767 END
START -1228 -5600 -10212 -4577 4820 32767 END
START 2604 -6148 -8560 -8427 5176 32767 END
START 7924 -4364 -9604 -12148 6468 32767 END
START 11028 -3580 -10104 -17646 8916 31585 END
START 11372 -3272 -9236 -23100 9591 27204 END
START 14056 -3032 -6556 -26610 7389 22478 END
START 18288 -1936 -3456 -28820 4176 18582 END
START 24452 -596 1012 -30017 372 14280 END
START 32767 3292 6776 -29943 670 6862 END
START 32767 8652 9120 -30288 9469 -6251 END
START 32767 9692 12960 -30725 13422 -20049 END
START 32767 9448 18756 -31226 15141 -32768 END
START 32767 4768 26836 -31557 17989 -32768 END
START 32767 -4428 32767 -31391 23141 -32768 END
START 18464 -14460 32767 -25226 24098 -32768 END
START 836 -19844 32767 -12421 20211 -32768 END
START -12116 -22384 32767 3172 13075 -32768 END