START -9404 9240 17492 -5308 8215 -8291 END
START -3148 5692 16216 -3354 4382 -9185 END
START -7528 4860 19280 -509 2254 -9349 END
START -14316 3904 25936 2118 -464 -9084 END
START -17380 2880 27928 5796 -787 -8396 END
START -19456 1588 26836 9271 -540 -5489 END
START -18424 536 24696 12082 -477 -1705 END
START -15872 -52 21572 13910 1009 1672 END
START -14996 -336 18508 14916 2527 4436 END
START -14084 -704 15212 15267 3433 6660 END
START -13448 -1336 12384 15424 3460 8880 END
START -12724 -1424 9148 14627 3239 11241 END
START -12636 -1576 6264 13384 3086 13527 END
START -12012 -1076 3168 11440 1997 16046 END
START -10752 -1004 248 8526 -224 18396 END
START -9192 -916 -1076 5432 -2607 21185 END
START -5016 -768 -2248 1874 -3481 22970 END
START -456 -380 -2680 -2180 -3798 23144 END
START 1496 544 -2336 -5809 -3107 22752 END
START 1244 332 -1488 -8898 -3278 22606 END
START 2400 300 -780 -11753 -4460 23559 END
START 6824 1000 -608 -14746 -5430 23177 END
START 10344 1652 1044 -18035 -6188 20565 END
START 12512 2140 3860 -20423 -7035 17877 END
START 15240 2828 5544 -22579 -6277 14654 END
START 15144 3352 11468 -24673 -5013 8829 END
START 15500 3404 14952 -26189 -4491 5038 END
START 17028 3908 18300 -25987 -1527 650 END
START 16188 3420 20204 -24143 -438 -3233 END
START 16312 3580 21308 -22484 -343 -6800 END
START 14880 3424 24040 -21193 707 -10484 END
START 13696 3604 26620 -20164 2461 -13738 END
START 12860 3172 28752 -19338 6998 -18010 END
START 9368 1532 30584 -17735 10074 -23157 END
START 2464 -440 32276 -15938 11237 -26721 END
START -3288 -2932 32767 -13435 12005 -28543 END
START -10776 -5708 32767 -7812 11540 -27681 END
START -15964 -8460 32767 468 8588 -25064 END
START -19388 -10752 32767 9384 4782 -20833 END
START -20148 -11508 32767 17298 1914 -15507 END
START -19116 -10936 30744 21561 2263 -9561 END
START -17104 -10280 26256 23019 4741 -4069 END
START -13756 -9120 22036 23375 7223 158 END
START -12084 -8228 19464 23973 7924 2963 END
START -9792 -7032 16648 25079 6721 5054 END
START -7968 -6060 14296 26733 5156 6423 END
START -6024 -4536 11256 28008 3265 7531 END
START -3964 -2964 8128 27901 2400 8231 END
START -2764 -1700 6032 27073 1991 8612 END
START -1448 -560 3656 25509 1378 8668 END
START 0 1276 924 23320 1220 8025 END
START 948 2540 -456 20164 950 7246 END
START 380 3296 -932 17161 48 6414 END
START 572 4152 -1952 14457 -833 6140 END
START 892 5088 -2996 11298 -1383 5600 END
START 1960 5828 -4648 7488 -1067 4713 END
START 2788 6460 -5748 3326 134 3163 END
START 2452 6740 -7100 -819 780 1336 END
START 1032 6272 -7664 -4739 -186 -89 END
START 164 5636 -7704 -8491 -2100 -655 END
START 360 4820 -7776 -12816 -2593 -901 END
START 376 3148 -8292 -17750 -2184 -1002 END
START 1164 1424 -8172 -23417 -2111 -1419 END
START 1632 -748 -7048 -29245 -2438 -2155 END
START 2508 -2904 -5140 -32768 -3548 -3069 END
START 3688 -4700 -1652 -32768 -3367 -4116 END
START 2924 -7040 2484 -32768 -917 -5559 END
START 660 -9256 6968 -32768 -60 -6235 END
START -204 -11196 11260 -32768 103 -6123 END
START 832 -13260 16640 -32768 3347 -7252 END
START -1504 -17040 25156 -32768 10291 -9054 END
START -8956 -22832 32767 -32768 13652 -10677 END
START -16236 -25372 32767 -32538 8714 -10694 END
START -20396 -23040 32767 -11652 1129 -6361 END
START -16952 -17604 32767 163 -319 -442 END