START 4636 -12092 32767 -2560 4022 -1282 END
START 12216 -12992 32767 1008 7804 761 END
START 12664 -12844 32767 3887 10773 110 END
START 8404 -12216 32767 7406 8497 -1998 END
START 5364 -12004 32767 13838 2713 -3159 END
START 4232 -10996 32767 19680 -979 -2919 END
START 7168 -10284 32767 23285 -901 -3221 END
START 9236 -10100 32767 24941 456 -4474 END
START 9788 -10344 31404 26186 1932 -6593 END
START 9568 -10856 30512 28198 3344 -9211 END
START 6160 -12776 28372 30076 3116 -11707 END
START 2216 -14692 28268 32040 2678 -11731 END
START 692 -16072 27112 32767 3004 -10871 END
START 912 -17264 25732 32767 3463 -10652 END
START -100 -17648 22224 32767 4831 -11430 END
START -3172 -17888 18392 32767 3950 -10723 END
START -4132 -17000 13584 32767 1249 -9169 END
START -2740 -15984 9984 32767 487 -7240 END
START -3424 -14536 8512 32767 1735 -5476 END
START -3956 -12428 6412 32767 3853 -3321 END
START -3244 -10872 4112 32767 6762 -1569 END
START -4844 -9536 2016 32767 9064 598 END
START -6380 -8508 520 31076 9441 3401 END
START -7448 -7736 -1104 29632 8580 6914 END
START -8248 -7064 -3524 28308 5917 11018 END
START -7528 -5588 -6540 26106 3072 15107 END
START -5788 -4280 -9548 22347 3670 19162 END
START -4096 -3068 -12704 16521 7018 23053 END
START -2836 -2396 -14600 9524 10535 26567 END
START -1820 -2256 -15544 2294 13422 30143 END
START 664 -2036 -16300 -5241 14983 32767 END
START 2820 -2008 -14460 -10680 12841 32767 END
START 8332 -1392 -12692 -14960 9680 32767 END
START 14804 -180 -11992 -18536 7950 32767 END
START 24100 1996 -11596 -23923 8276 28939 END
START 28764 2952 -6404 -28385 8697 22144 END
START 32148 3812 -1448 -29545 6152 15135 END
START 32767 5024 2412 -30594 3013 8076 END
START 32767 7452 7504 -31890 3709 -579 END
START 32767 8072 13536 -32768 8930 -11357 END
START 32767 5784 17236 -32768 15161 -21053 END
START 32767 2652 21440 -32768 24929 -29558 END
START 31852 -2692 27864 -32768 32361 -32768 END
START 12884 -11212 32767 -28172 26153 -32768 END