START 17652 17428 19360 -8987 12790 -10263 END
START -1760 9412 27328 -6068 6873 -14119 END
START -4716 5500 31664 -798 3891 -14727 END
START -7156 2480 31792 4191 2418 -14380 END
START -10396 -488 30432 8893 818 -11732 END
START -13576 -2620 29392 13764 -1259 -6928 END
START -15580 -3800 26380 18945 -3644 -417 END
START -16128 -4532 21996 23090 -4258 6740 END
START -16528 -5132 16376 25937 -4573 14639 END
START -15424 -4740 9104 26225 -4348 22699 END
START -12804 -5084 3616 24354 -2859 29738 END
START -12572 -5812 -1764 21239 -1660 32767 END
START -9648 -5536 -9924 16346 -5261 32767 END
START -2452 -5224 -18848 6923 -9550 32767 END
START 8780 -3988 -23400 -6418 -12218 32767 END
START 21156 -2304 -17632 -19027 -8222 32767 END
START 27212 556 -7864 -22925 -2203 32767 END
START 32767 3948 -9736 -24547 -3127 32767 END
START 32767 8876 -9016 -30737 374 27496 END
START 32767 10652 -68 -32128 -838 11444 END
START 32767 13008 8852 -28644 -5071 -3824 END
START 32767 10540 13828 -26679 -1996 -17804 END
START 32767 5168 24116 -25853 10729 -27835 END
START 31208 -616 32767 -22357 21571 -32009 END
START 24328 -5196 32767 -15787 22447 -32768 END
START 13712 -11244 32767 -4895 12113 -32768 END
START 4660 -14612 32767 8496 960 -32768 END
START -1000 -15372 32767 17363 658 -32768 END
START -8972 -13608 32767 23393 7353 -32768 END
START -12756 -10868 25952 25855 13281 -29409 END
START -15428 -7756 17240 27888 13214 -17638 END
START -14240 -4608 10448 28873 12064 -7757 END
START -10980 -1952 3792 28331 12005 -1667 END
START -7708 836 -2428 26322 9399 892 END
START -5656 1048 -6168 23945 6050 86 END
START -5932 896 -8564 21750 2667 970 END
START -5272 1720 -11148 18585 373 2737 END
START -3688 1848 -13904 14035 -407 3994 END
START -3968 2044 -16300 8675 -401 6194 END
START -2236 1764 -16956 2550 -1823 8026 END
START 452 1492 -16892 -3343 -2877 8832 END
START 2836 1156 -18304 -9416 -2366 8395 END
START 3624 444 -18492 -16238 -3634 6669 END
START 1980 -1832 -17728 -22537 -3587 6531 END
START 1272 -3444 -18264 -28615 -4366 7823 END
START 1684 -5604 -20648 -32768 -5009 8900 END
START 1212 -8468 -22152 -32768 -4290 10857 END
START 3780 -12768 -17184 -32768 -2544 12177 END
START 5296 -15944 -11548 -32768 2634 12704 END
START 3548 -21672 -6480 -32768 7698 12784 END
START -324 -31548 10732 -32768 5347 15109 END
START 4364 -32768 32767 -32768 7815 17954 END