START 7628 -10500 32767 -17285 -123 -9503 END
START 11112 -13324 32767 -12351 105 -9115 END
START 1876 -14784 32767 -6733 -1049 -8541 END
START 2280 -14020 32767 -3880 60 -8156 END
START 5376 -14304 32767 -1172 3860 -8242 END
START 380 -15036 32767 3446 3599 -7553 END
START 1612 -14768 32767 9249 1631 -5773 END
START 2708 -13992 32767 14028 510 -3950 END
START 5920 -13556 32767 17910 1462 -3439 END
START 7380 -13876 32767 21324 3619 -4568 END
START 6852 -14908 32767 24072 4247 -6583 END
START 5788 -16280 32767 26608 4371 -8300 END
START 3360 -18156 32767 29289 4711 -9169 END
START 648 -19800 32767 31957 6269 -8508 END
START -2668 -21424 31224 32767 6577 -6424 END
START -3376 -22192 28624 32767 5457 -3804 END
START -1948 -22080 25060 32767 5483 -1988 END
START -756 -20988 19812 32767 6769 -1862 END
START -1376 -19980 15024 32767 7861 -1732 END
START -2264 -18824 10052 32767 8791 -1236 END
START -3656 -17320 5948 32767 8511 -394 END
START -4312 -14132 540 32767 8174 905 END
START -3680 -14376 -2028 32767 6826 2970 END
START -9480 -12920 -3872 32767 4005 6784 END
START -6776 -10064 -4080 32767 3417 10378 END
START -4876 -9800 -6224 30267 3971 12328 END
START -5564 -8580 -6988 28080 4343 15549 END
START -5420 -7316 -9520 25151 4948 18743 END
START -5448 -6008 -12628 21217 4751 21961 END
START -3620 -5044 -15764 15258 3354 25209 END
START -2776 -3728 -17188 8119 853 28559 END
START 1432 -2288 -17348 945 -13 30721 END
START 3636 -1644 -14528 -5058 1154 31184 END
START 5232 -972 -10828 -9392 3887 31214 END
START 8464 116 -9588 -12232 4355 30108 END
START 11036 740 -9624 -15493 2832 28050 END
START 15412 980 -6140 -19188 -900 26990 END
START 23172 2920 -2096 -20647 -4796 23229 END
START 30752 5744 1444 -22711 -6902 17056 END
START 32767 8520 4536 -26037 -1998 9886 END
START 32767 8656 10224 -29324 4386 2006 END
START 32767 8764 18188 -29431 8979 -5933 END
START 32767 8192 24124 -28512 13631 -17468 END
START 32767 3460 31244 -25424 17658 -29907 END
START 22916 668 32767 -20102 13472 -32768 END
START 15888 -2172 32767 -13096 3812 -32768 END
START 12680 -3852 32767 -6264 -215 -32768 END
START 4336 -7684 32767 -1884 4674 -32768 END
START -4692 -8888 30908 2924 8941 -32768 END
START -13360 -10780 23272 6537 8985 -32313 END