START 3960 6020 2680 18281 5781 -4672 END
START -2392 -932 -1052 17365 1798 -4503 END
START -8388 -2672 912 16197 964 -2948 END
START -13564 -4348 5368 15774 -832 386 END
START -13112 -4780 5656 16343 -629 5004 END
START -12280 -4596 3124 16648 1271 9225 END
START -10040 -5184 -1528 15585 1707 12894 END
START -6804 -4092 -6528 12187 -579 14955 END
START -4952 -3332 -7828 8231 -1639 15586 END
START -5328 -2824 -8444 4976 -2506 17453 END
START -4372 -1804 -9520 1675 -2684 20216 END
START -1928 -328 -11040 -2421 -2748 22979 END
START 2208 1228 -11784 -7498 -2533 25146 END
START 7924 3064 -10240 -12440 -2302 26301 END
START 16972 5172 -5960 -16378 -2951 24241 END
START 26424 7988 -76 -19569 -2086 19935 END
START 32767 11088 5324 -21673 463 13095 END
START 32767 13280 11048 -23136 960 5079 END
START 32767 15092 18348 -23440 1430 -2348 END
START 32767 16108 26160 -22345 3993 -9184 END
START 32767 16048 32767 -20164 7410 -16350 END
START 28496 13868 32767 -17830 10580 -24092 END
START 16116 9220 32767 -13550 10401 -30220 END
START 2372 4500 32767 -4284 3535 -31927 END
START -8136 1032 32767 6244 -3872 -30001 END
START -11156 156 32767 14380 -6324 -25476 END
START -13440 -720 32767 18223 -2023 -20394 END
START -15736 -672 32767 20255 3216 -13900 END
START -16800 -236 27064 22359 6107 -7348 END
START -15552 236 20336 24274 5692 -2248 END
START -12704 976 14004 25740 3148 851 END
START -9932 1288 8732 26553 -216 2517 END
START -7472 1908 3052 26339 -3061 3549 END
START -6084 2524 -704 24929 -5054 4134 END
START -4680 3280 -4640 22678 -4924 5207 END
START -3608 3768 -9020 18154 -3064 6268 END
START -2464 4196 -11388 13009 -1481 7526 END
START -980 4476 -13204 7656 -405 8125 END
START 1580 4720 -13792 2863 9 7934 END
START 3808 4868 -13920 -666 -228 6346 END
START 4888 4640 -13412 -3868 -251 4406 END
START 5348 3852 -14120 -7064 -619 2630 END
START 5388 3464 -14508 -10531 -996 1270 END
START 5144 2432 -14548 -14809 -205 121 END
START 5132 1136 -15064 -19477 958 -449 END
START 4928 -464 -13560 -24654 3206 -1386 END
START 2980 -2700 -11804 -29414 5723 -2090 END
START 764 -4860 -10556 -32768 6300 -2606 END
START -1696 -7584 -9020 -32768 5363 -2627 END
START -3236 -10792 -7824 -32768 5423 -1776 END
START -5464 -12076 -7580 -32768 7938 163 END
START -8752 -12784 -7872 -32768 7957 3278 END
START -7588 -14664 -7524 -32768 7661 8492 END
START -1416 -19844 2436 -32768 11324 13034 END
START 11004 -28920 32767 -32768 20077 10451 END
START 16488 -29968 32767 -32768 26460 -3035 END
START 468 -28352 32767 -28875 13312 -23566 END