START -4852 6068 8800 16098 2165 939 END
START -2728 -164 -2240 17124 2087 1147 END
START -6000 6428 9948 15376 1610 1381 END
START -5860 3832 7828 16249 2049 1541 END
START -5356 3948 6880 15688 1430 1824 END
START -6252 3920 7864 15774 1410 2293 END
START -7136 3936 8712 15521 1144 2817 END
START -6776 4000 8064 15420 1066 3361 END
START -6152 3616 6752 15295 1429 3955 END
START -6052 3292 6960 15206 1878 4461 END
START -6452 2924 7244 15125 2226 5010 END
START -6612 2752 7436 15029 2419 5519 END
START -6420 2564 6944 14941 2628 5983 END
START -6600 2484 7132 14877 2856 6459 END
START -6536 2516 6684 14785 3070 6927 END
START -6784 2188 6544 14756 3184 7437 END
START -6840 2152 6560 14705 3379 7907 END
START -7080 2156 6124 14629 3459 8366 END
START -7248 2296 5584 14563 3534 8805 END
START -7672 2340 5452 14499 3520 9237 END
START -7800 2300 5400 14351 3322 9683 END
START -8048 2196 5308 14194 3020 10167 END
START -8028 1872 4792 14058 2744 10670 END
START -8148 1600 4488 13916 2404 11194 END
START -8452 1492 4204 13755 2091 11718 END
START -8524 1280 3728 13649 1670 12268 END
START -8860 1160 3216 13539 1260 12973 END
START -9016 1228 2416 13422 839 13770 END
START -9104 1252 1644 13271 425 14564 END
START -9336 1260 832 13033 -20 15406 END
START -9612 1240 128 12793 -521 16287 END
START -9408 1340 -816 12451 -1055 17169 END
START -9356 1396 -1720 11991 -1558 18081 END
START -9228 1432 -2512 11405 -2054 19015 END
START -8988 1596 -3556 10679 -2502 19893 END
START -8716 1720 -4464 9802 -2912 20735 END
START -8344 1972 -5292 8836 -3194 21598 END
START -7908 2312 -6000 7715 -3335 22311 END
START -7592 2452 -6664 6519 -3405 23017 END
START -7072 2536 -7376 5234 -3308 23709 END
START -6652 2608 -7944 3916 -3191 24331 END
START -6208 2552 -8280 2491 -2975 24954 END
START -5988 2536 -8460 1051 -2677 25591 END
START -5660 2252 -8508 -396 -2392 26245 END
START -5312 1972 -8700 -1782 -1944 26895 END
START -4880 1712 -8952 -3173 -1389 27620 END
START -4212 1868 -8796 -4520 -617 28327 END
START -3536 1816 -8772 -5849 285 29028 END
START -3044 1824 -8668 -7128 1282 29653 END
START -2088 1808 -8208 -8478 2369 30284 END
START -1088 1964 -7920 -9845 3497 30773 END
START 200 2072 -7544 -11174 4548 31136 END
START 1688 2196 -7308 -12505 5682 31279 END
START 3156 2200 -6916 -13839 6752 31270 END
START 4520 2296 -6328 -15131 7753 31017 END
START 5848 2400 -5704 -16168 8630 30633 END
START 7160 2436 -5040 -17248 9354 30089 END
START 8224 2396 -4308 -18103 9912 29439 END
START 9388 2432 -4012 -18976 10339 28672 END
START 10440 2584 -3448 -19659 10685 27781 END
START 11796 3084 -2384 -20360 10934 26778 END
START 12736 3432 -1896 -20945 11080 25672 END
START 13352 3844 -1244 -21435 11113 24526 END
START 13940 4368 -248 -21929 10813 23318 END
START 14452 4584 680 -22269 10176 22083 END
START 15088 4536 1128 -22554 9723 20783 END
START 15356 4808 1460 -22680 9043 19428 END
START 15548 4788 1712 -22753 8427 18056 END
START 15296 5072 1972 -22813 7720 16743 END
START 15004 5460 2476 -22887 6924 15398 END
START 14900 5884 2716 -22985 6009 14201 END
START 14676 6008 3228 -23108 5026 13050 END
START 14128 5984 3568 -23326 3990 12071 END
START 13708 5932 3752 -23584 2944 11233 END
START 13344 5888 4164 -23896 1982 10510 END
START 12892 5800 4612 -24208 1069 9932 END
START 12508 5872 5364 -24514 180 9516 END
START 12400 6004 6088 -24792 -543 9181 END
START 12380 5948 6764 -24971 -1181 8947 END
START 12612 6080 7804 -25113 -1674 8802 END
START 13024 6184 8616 -25130 -1973 8700 END
START 13812 6132 9692 -25076 -2074 8540 END
START 14540 6136 10432 -24943 -1915 8266 END
START 15420 6156 11308 -24726 -1492 7908 END
START 16244 6112 12456 -24475 -974 7405 END
START 17276 6004 13240 -24095 -244 6773 END
START 18496 6112 13868 -23740 723 5998 END
START 19536 6184 14772 -23354 1822 5080 END
START 20336 6144 15520 -22942 2928 4047 END
START 21112 6444 16292 -22550 4110 2800 END
START 21940 6676 16784 -22144 5084 1489 END
START 22104 6640 17360 -21761 6028 77 END
START 21912 6512 18052 -21339 6619 -1457 END
START 21600 6320 17648 -20927 7201 -2949 END
START 21192 6404 17956 -20681 7562 -4439 END
START 20364 6540 17764 -20556 7657 -5872 END
START 19396 6740 17760 -20665 7453 -7094 END
START 18512 6992 17828 -20928 7249 -8243 END
START 17744 7072 18132 -21316 6840 -9259 END
START 16724 7132 19052 -21801 6285 -10198 END
START 16008 6888 19980 -22205 5686 -11055 END
START 15652 6632 20672 -22504 5096 -11868 END
START 15136 6596 21856 -22628 4525 -12651 END
START 14744 6348 22904 -22632 3928 -13380 END
START 14284 6304 24192 -22430 3187 -14163 END
START 14144 6300 25168 -22147 2425 -14907 END
START 13452 6376 26220 -21821 1520 -15595 END
START 12940 6380 27580 -21315 538 -16261 END
START 12528 6416 28568 -20733 -402 -16941 END
START 12348 6360 29504 -20112 -1214 -17595 END
START 12312 6252 30244 -19340 -1846 -18218 END
START 12236 6224 31192 -18551 -2302 -18817 END
START 12224 5868 32068 -17645 -2664 -19400 END
START 12140 5584 32767 -16643 -2954 -19991 END
START 11932 5492 32767 -15592 -3107 -20574 END
START 11536 5328 32767 -14380 -3188 -21142 END
START 11064 5136 32767 -13314 -3216 -21657 END
START 10788 5192 32767 -12096 -3163 -22107 END
START 10296 5180 32767 -10966 -2996 -22526 END
START 10128 5416 32767 -9791 -2673 -22915 END
START 9624 5464 32767 -8731 -2167 -23202 END
START 9352 5460 32767 -7796 -1612 -23377 END
START 9184 5496 32767 -6902 -1022 -23475 END
START 9112 5616 32767 -6113 -260 -23572 END
START 9092 5748 32767 -5454 553 -23666 END
START 8972 5920 32624 -4813 1342 -23728 END
START 8908 5964 32360 -4292 2027 -23844 END
START 8804 5940 31960 -3776 2648 -23945 END
START 8292 5756 31908 -3321 3152 -24100 END
START 7772 5788 32052 -2902 3467 -24233 END
START 7284 5816 32268 -2579 3561 -24364 END
START 6684 5860 32767 -2192 3531 -24492 END
START 6356 5960 32767 -1755 3400 -24581 END
START 6048 5868 32767 -1243 3172 -24722 END
START 5712 5612 32767 -559 2879 -24877 END
START 5436 5380 32767 242 2500 -25020 END
START 4852 4864 32767 1200 2030 -25155 END
START 4428 4492 32767 2166 1397 -25234 END
START 3632 4324 32767 3305 621 -25324 END
START 2944 4084 32767 4439 -232 -25336 END
START 2280 4040 32767 5664 -1160 -25296 END
START 1844 3968 32767 6896 -2052 -25154 END
START 1436 3884 32767 8163 -2783 -24990 END
START 896 3840 32767 9422 -3473 -24744 END
START 608 3688 32767 10676 -4053 -24470 END
START 236 3632 32767 11884 -4493 -24141 END
START -284 3608 32767 13060 -4944 -23781 END
START -672 3608 32767 14222 -5392 -23441 END
START -1112 3532 32767 15392 -5663 -23027 END
START -1344 3492 32767 16587 -5828 -22578 END
START -1496 3520 32767 17742 -5837 -22068 END
START -1724 3448 32767 18863 -5785 -21532 END
START -2028 3352 32767 19981 -5583 -20965 END
START -2228 3260 32072 21071 -5338 -20366 END
START -2516 3180 31468 22149 -5060 -19775 END
START -2756 3144 30704 23155 -4868 -19186 END
START -3168 3180 29948 24151 -4720 -18581 END
START -3544 3224 29212 25028 -4627 -18003 END
START -3768 3288 28528 25930 -4645 -17382 END
START -4076 3268 27472 26735 -4668 -16776 END
START -4164 3352 26312 27489 -4634 -16202 END
START -4272 3368 25312 28177 -4539 -15515 END
START -4420 3416 24088 28758 -4391 -14870 END
START -4444 3412 23136 29246 -4276 -14196 END
START -4352 3328 21812 29633 -4116 -13576 END
START -4340 3308 20844 29898 -3986 -12862 END
START -4208 3368 19712 30103 -3844 -12239 END
START -4180 3432 18728 30264 -3593 -11595 END
START -4004 3532 17616 30362 -3311 -10985 END
START -4024 4148 16708 30379 -3045 -10434 END
START -3832 4264 15096 30262 -2705 -9879 END
START -3660 4152 14156 30106 -2395 -9354 END
START -3308 4036 13264 29867 -2039 -8898 END
START -3292 4068 12312 29559 -1656 -8477 END
START -2972 4040 11444 29263 -1233 -8118 END
START -2744 4260 10792 28867 -739 -7768 END
START -2604 4308 9896 28456 -230 -7415 END
START -2392 4444 9016 28016 413 -7063 END
START -2204 4504 8352 27606 969 -6757 END
START -2132 4452 7812 27185 1502 -6468 END
START -2084 4484 7304 26706 2085 -6196 END
START -1964 4600 6496 26189 2578 -5944 END
START -1788 4708 5872 25664 2978 -5759 END
START -1824 4736 5252 25132 3346 -5568 END
START -1816 4824 4528 24557 3623 -5393 END
START -1856 4828 4060 23972 3913 -5243 END
START -1820 4776 3492 23407 4113 -5070 END
START -2072 4676 3188 22829 4356 -4880 END
START -2196 4640 2776 22260 4525 -4671 END
START -2240 4680 2224 21680 4737 -4486 END
START -2580 4728 1948 21138 5001 -4219 END
START -2760 4780 1436 20592 5218 -3985 END
START -2920 4920 1144 20028 5411 -3652 END
START -3116 4904 972 19502 5590 -3358 END
START -3148 5000 568 18943 5697 -2999 END
START -3368 5012 192 18464 5815 -2630 END
START -3408 5100 -40 17943 5875 -2296 END
START -3368 5080 -412 17435 5863 -1975 END
START -3452 4988 -680 16950 5758 -1642 END
START -3324 5024 -916 16436 5651 -1360 END
START -3380 5000 -1184 15897 5382 -1029 END
START -3412 4944 -1328 15397 5055 -738 END
START -3384 4992 -1528 14907 4688 -442 END
START -3124 4864 -1856 14416 4406 -202 END
START -3004 4664 -2116 13964 4013 59 END
START -2932 4476 -2172 13582 3622 297 END
START -2896 4476 -2524 13159 3197 515 END
START -2604 4376 -2580 12757 2705 718 END
START -2360 4372 -3176 12342 2295 897 END
START -2352 4308 -3432 11884 1829 1067 END
START -2188 4244 -4064 11448 1426 1179 END
START -1928 4264 -4376 10924 968 1281 END
START -1792 4252 -4820 10393 532 1353 END
START -1708 4124 -5056 9813 93 1378 END
START -1536 4124 -5412 9230 -305 1424 END
START -1516 4248 -5712 8521 -734 1425 END
START -1380 4152 -5840 7840 -1153 1453 END
START -1484 4252 -6212 7159 -1552 1482 END
START -1520 4328 -6312 6379 -1880 1494 END
START -1380 4432 -6872 5637 -2122 1570 END
START -1380 4256 -6924 4929 -2232 1651 END
START -1672 3948 -6120 4122 -2782 1676 END
START -1744 3856 -6200 3315 -3193 1720 END
START -1824 3648 -6356 2452 -3587 1790 END
START -1824 3576 -6380 1663 -3778 1852 END
START -1824 3420 -6216 863 -3897 1954 END
START -2068 3508 -6000 117 -4019 2128 END
START -2284 3596 -5756 -598 -4088 2343 END
START -2324 3708 -5644 -1155 -4143 2559 END
START -2380 3620 -5284 -1711 -4208 2800 END
START -2208 3568 -5008 -2189 -4199 3056 END
START -2032 3388 -4776 -2612 -4085 3278 END
START -2168 3284 -4596 -3036 -4034 3479 END
START -2168 3172 -4280 -3344 -3964 3679 END
START -2204 3192 -4340 -3690 -3795 3876 END
START -2116 3064 -4260 -4012 -3581 4055 END
START -2072 3060 -4404 -4324 -3300 4249 END
START -2108 3260 -4420 -4709 -3011 4432 END
START -2112 3344 -4524 -5076 -2651 4662 END
START -2168 3380 -4760 -5462 -2323 4873 END
START -2004 3372 -4824 -5889 -2032 5104 END
START -1868 3460 -4988 -6409 -1601 5333 END
START -1600 3564 -5388 -6928 -1154 5523 END
START -1612 3552 -5416 -7540 -770 5725 END
START -1332 3548 -5716 -8182 -296 5895 END
START -1120 3724 -5776 -8804 256 6076 END
START -1292 3740 -5204 -9461 528 6358 END
START -1316 3524 -5164 -10223 594 6575 END
START -1264 3504 -5416 -10936 562 6842 END
START -1312 3572 -5864 -11675 495 7168 END
START -1180 3688 -6320 -12421 399 7474 END
START -1004 3872 -6788 -13296 292 7819 END
START -780 4144 -6548 -14225 215 8104 END
START -632 4352 -6852 -15199 80 8364 END
START -384 4540 -6868 -16138 -98 8620 END
START 72 4436 -7932 -17030 86 8830 END
START -396 4712 -6584 -17858 -375 9045 END
START -176 4476 -6756 -18857 -739 9197 END
START 452 4560 -7512 -19820 -932 9346 END
START 536 4744 -6540 -21004 -1554 9542 END
START 1216 4992 -6988 -22420 -1951 9678 END
START 2184 5136 -7784 -23963 -1972 9743 END
START 3104 5304 -8356 -25575 -1369 9752 END
START 3804 5420 -8128 -27357 -844 9665 END
START 3976 5520 -6132 -29147 -513 9573 END
START 4632 5576 -5820 -31237 -349 9482 END
START 5164 5696 -5576 -32768 83 9320 END
START 5820 5556 -5208 -32768 744 9128 END
START 6408 5288 -4492 -32768 1679 8851 END
START 6896 5124 -3884 -32768 2773 8489 END
START 7152 4956 -3284 -32768 4180 8067 END
START 7088 4820 -2616 -32768 5655 7619 END
START 6848 4800 -1280 -32768 7170 7149 END
START 6472 3880 -588 -32768 8662 6668 END
START 6316 2564 -492 -32768 9769 5941 END
START 5356 4408 3232 -32768 10883 5668 END
START 4984 3928 2920 -32768 11613 5408 END
START 4720 3436 3000 -32768 12829 5350 END
START 3972 2812 4672 -32768 13741 5174 END
START 4016 1552 5440 -32768 14936 4912 END
START 3884 452 6372 -32768 16297 4615 END
START 3228 24 8944 -32768 17501 4370 END
START 2324 -260 12096 -32768 18267 4213 END
START 1872 -140 14236 -32768 18967 4247 END
START 1452 -296 16324 -32768 19787 4390 END
START 1220 -948 17572 -32768 21033 4503 END
START 1048 -1408 20036 -32768 22320 4622 END
START 1080 -2444 22120 -32768 24036 4690 END
START 1160 -3844 24208 -32768 25932 4617 END
START 496 -4516 27100 -32768 27730 4512 END
START 44 -5608 29812 -32768 29574 4382 END
START -820 -6616 32767 -32768 31320 4155 END
START -1324 -7044 32767 -32768 32767 3989 END
START -1856 -7348 32767 -32768 32767 3813 END
START -2904 -7496 32767 -32768 32767 3700 END
START -3936 -7808 32767 -32768 32767 3603 END
START -5272 -7972 32767 -32768 32767 3552 END
START -6680 -8012 32767 -32768 32767 3567 END
START -7820 -8092 32767 -32768 32767 3669 END
START -8872 -8168 32767 -32768 32767 3840 END
START -9948 -8220 32767 -32768 32767 4025 END
START -11140 -8492 32767 -32768 32767 4265 END
START -12436 -8644 32767 -32768 32767 4559 END
START -13080 -8680 32767 -32768 32767 4827 END
START -13484 -8848 32767 -32768 32767 5062 END
START -14004 -8836 32767 -32768 30147 5270 END
START -14220 -8324 32767 -31962 25766 5413 END
START -14504 -8100 32767 -29066 20756 5506 END
START -13980 -7892 32767 -26061 15506 5413 END
START -13292 -7628 32767 -23014 10267 5151 END
START -12108 -7344 32767 -19738 5179 4769 END
START -10808 -7108 32767 -16409 820 4240 END
START -9528 -6888 32767 -12995 -2990 3695 END
START -8404 -6780 32767 -9434 -6212 3104 END
START -7348 -6652 32767 -5826 -8913 2478 END
START -6452 -6712 32767 -2292 -11150 1862 END
START -5920 -6656 32767 1262 -12821 1238 END
START -5544 -6388 32767 4450 -14123 772 END
START -5340 -6024 32767 7225 -15285 381 END
START -5248 -5296 32767 9681 -16315 100 END
START -4996 -4604 32767 11649 -17256 -153 END
START -4548 -4132 32767 13200 -18138 -406 END
START -4140 -3816 32767 14464 -18779 -705 END
START -3676 -3544 32767 15382 -19173 -1040 END
START -3292 -3080 32767 16020 -19329 -1297 END