START 1096 108 -404 12917 5135 -1712 END
START -16104 1400 9120 12343 -1212 1950 END
START -18648 -940 10624 12628 -3436 7488 END
START -14792 -1456 8556 13385 -3687 13585 END
START -12480 -1828 6912 12534 -1104 17345 END
START -11920 -1876 3584 10743 -392 20170 END
START -11000 -1152 196 8120 -2722 22357 END
START -10644 -1468 -1800 5042 -5217 25169 END
START -7684 -1644 -3072 1258 -7512 28570 END
START -5296 -2260 -4392 -2714 -7142 32024 END
START 1264 -2452 -6296 -7685 -6823 32767 END
START 6052 -2112 -7116 -13008 -5046 32265 END
START 9560 -1972 -5608 -17517 -2897 30266 END
START 12708 -1780 -4308 -20602 -2555 27592 END
START 16472 -1000 -5112 -23896 -3130 24168 END
START 20196 -816 -2884 -28349 -3927 19320 END
START 24368 -704 3816 -30532 -4455 14397 END
START 29280 212 7328 -31390 -3531 8341 END
START 32767 440 12004 -32768 -1985 1542 END
START 32767 -28 22540 -31292 -254 -5606 END
START 31800 744 29276 -29515 2184 -11838 END
START 28012 808 32767 -25903 5302 -17506 END
START 23904 1284 32767 -22099 9634 -22397 END
START 18908 700 32767 -17621 13415 -26835 END
START 12696 -872 32767 -11778 13669 -32052 END
START 4004 -3880 32767 -3927 9896 -32768 END
START -5832 -6444 32767 5701 5168 -32768 END
START -9560 -6704 32767 13065 1983 -30911 END
START -11804 -7164 32767 18021 4072 -25749 END
START -13108 -7376 32767 21071 7010 -19588 END
START -12628 -7068 32596 25137 8695 -13674 END
START -11820 -6940 27884 29149 9425 -8513 END
START -9228 -5696 21988 32767 7764 -4409 END
START -7732 -4708 15996 32767 3999 -2308 END
START -5896 -3808 11064 32767 102 -670 END
START -4052 -3308 7444 32767 -3024 244 END
START -4444 -2660 4552 32767 -6268 1468 END
START -4516 -2020 1396 32708 -9819 2896 END
START -3552 -1340 -1832 30180 -11561 5219 END
START -2424 -624 -5316 26112 -11701 7195 END
START -2516 -476 -9232 19640 -10093 9991 END
START 1196 1376 -11624 12517 -7955 11093 END
START 3852 1800 -12984 5229 -4119 9763 END
START 3448 2028 -11876 -337 -855 7940 END
START 1892 1540 -11492 -3638 684 7157 END
START 1888 1632 -14516 -7649 1520 6561 END
START 1940 996 -15836 -13821 2522 6012 END
START 1464 -12 -16308 -19695 2362 5500 END
START 2348 -1992 -15760 -25973 1435 4893 END
START 5020 -3696 -13212 -31821 1375 3547 END
START 4132 -6736 -10252 -32768 4327 1930 END
START 2312 -9684 -9188 -32768 8234 2026 END
START -624 -13844 -6572 -32768 10733 2910 END
START -2536 -17156 -732 -32768 12724 3684 END
START -7404 -20520 7140 -32768 13529 6526 END
START -6560 -19876 15304 -32768 13175 9525 END
START -2408 -19548 32440 -32768 16262 10549 END
START 2808 -17780 32767 -32768 24401 8764 END
START 784 -17028 32767 -32768 24384 3972 END