START -2504 2588 10336 22582 2393 -11132 END
START -588 -1116 -1828 23916 2310 -10915 END
START -1456 4196 6836 22197 3020 -10333 END
START -4248 2876 10116 23526 4326 -9930 END
START -3292 2096 6660 23111 4515 -9408 END
START -3932 2188 7736 23176 4542 -8890 END
START -4916 1952 7400 22900 4457 -8319 END
START -5712 1980 7452 22672 4469 -7767 END
START -5644 2152 6660 22341 4559 -7143 END
START -5764 2308 6608 21995 4528 -6405 END
START -6280 2188 7128 21748 4435 -5612 END
START -6700 2056 7020 21532 4330 -4833 END
START -6692 1708 6640 21350 4358 -4038 END
START -6736 1420 6612 21146 4339 -3248 END
START -6884 1440 6708 20969 4227 -2450 END
START -7200 1360 6880 20804 4050 -1663 END
START -7124 1412 6780 20559 3874 -852 END
START -7072 1432 6932 20323 3728 -97 END
START -6988 1096 6932 20109 3551 643 END
START -7028 948 6832 19965 3360 1331 END
START -7348 696 7148 19901 3016 1942 END
START -8220 1572 7512 19805 2468 2581 END
START -8288 1708 7176 19578 2069 3238 END
START -8056 1776 6936 19461 1864 3876 END
START -7940 1732 6120 19302 1996 4478 END
START -8092 1848 5920 19090 2268 5149 END
START -8560 1660 5812 18810 2516 5870 END
START -8624 1628 5564 18564 2793 6638 END
START -9104 1348 5460 18250 3106 7582 END
START -9660 1096 5372 17977 3417 8569 END
START -10296 1012 5308 17668 3599 9644 END
START -10800 1208 5244 17429 3729 10822 END
START -11224 1340 5260 17147 3707 11964 END
START -11380 1440 4956 16862 3651 13201 END
START -11128 1580 4848 16600 3639 14249 END
START -10876 1632 4260 16283 3658 15330 END
START -10480 1464 4208 15914 3634 16286 END
START -10108 1176 4032 15533 3484 17245 END
START -9820 1192 3832 15209 3378 18116 END
START -9352 1144 3488 14823 3250 18926 END
START -9016 1084 3204 14547 3115 19753 END
START -8596 1184 2672 14289 2935 20512 END
START -8208 1328 2384 14021 2742 21248 END
START -7788 1296 1752 13727 2479 21963 END
START -7132 1560 984 13363 2194 22599 END
START -6480 1652 -56 12897 1812 23209 END
START -5740 1676 -780 12380 1407 23724 END
START -5112 1688 -1808 11752 893 24247 END
START -4724 1772 -2604 11060 310 24684 END
START -4164 2076 -3524 10262 -344 25157 END
START -3380 2284 -4440 9354 -909 25590 END
START -3036 2600 -5196 8360 -1247 25991 END
START -2156 2856 -5944 7286 -1416 26334 END
START -1128 3144 -6832 6081 -1343 26579 END
START -188 3356 -7684 4836 -1044 26801 END
START 868 3456 -8188 3527 -631 26893 END
START 1832 3560 -8480 2149 -67 26963 END
START 2572 3868 -8588 784 472 26933 END
START 3152 3936 -8856 -535 1003 26895 END
START 3684 4028 -8848 -1771 1542 26818 END
START 4176 4244 -8884 -2964 2066 26798 END
START 4776 4484 -9024 -4150 2476 26758 END
START 5076 4712 -8972 -5384 2951 26689 END
START 5748 4888 -8768 -6649 3371 26601 END
START 6244 5020 -8584 -7965 3767 26464 END
START 6836 5120 -8088 -9164 4137 26267 END
START 7588 5144 -7392 -10345 4513 26055 END
START 8124 5128 -7148 -11433 4842 25788 END
START 8744 5152 -6288 -12417 5174 25462 END
START 9280 5108 -5488 -13298 5395 25141 END
START 9648 5176 -4644 -14063 5539 24756 END
START 9884 5324 -4000 -14524 5626 24360 END
START 10300 5292 -3736 -15189 5665 23993 END
START 10636 5396 -3540 -15614 5704 23627 END
START 10940 5384 -3408 -16064 5729 23297 END
START 11252 5496 -3320 -16532 5738 22934 END
START 11724 5556 -3284 -17097 5766 22553 END
START 12364 5576 -3468 -17673 5852 22183 END
START 12656 5468 -3636 -18311 5905 21788 END
START 12808 5732 -3500 -19053 5909 21322 END
START 12904 5904 -3344 -19859 5804 20923 END
START 12944 5936 -2900 -20723 5712 20501 END
START 13248 5864 -2672 -21594 5532 20089 END
START 13448 5596 -1836 -22462 5461 19726 END
START 13848 5404 -1316 -23196 5329 19427 END
START 14552 5204 -620 -23840 5400 19110 END
START 15680 5020 -524 -24370 5729 18788 END
START 16768 5176 316 -24846 6105 18318 END
START 17896 5376 1052 -25296 6649 17734 END
START 18984 5560 1936 -25627 7095 16999 END
START 19932 5680 3144 -25918 7449 16068 END
START 20696 5644 4088 -26098 7690 15028 END
START 21496 5788 4672 -26167 7789 13801 END
START 21904 5500 5404 -26190 7874 12628 END
START 22164 5712 6024 -26194 7763 11288 END
START 22192 5756 6516 -26220 7568 10054 END
START 21848 5876 6960 -26241 7296 8903 END
START 21652 5776 7656 -26326 6932 7842 END
START 21244 5576 8160 -26408 6568 6884 END
START 20952 5652 8664 -26510 6307 6038 END
START 20948 5852 8956 -26646 6163 5209 END
START 21336 5912 9500 -26755 6115 4412 END
START 21436 5944 10016 -26846 6104 3527 END
START 21692 5860 10664 -26914 6079 2658 END
START 21784 5928 11216 -26926 6052 1801 END
START 21908 5768 11940 -26952 6025 842 END
START 21924 5676 12440 -27005 5983 -84 END
START 21940 5648 12632 -27066 6035 -961 END
START 21800 5648 13332 -27136 6019 -1930 END
START 21504 5868 13916 -27237 5936 -2838 END
START 21048 5804 14728 -27425 5733 -3719 END
START 20800 5628 15612 -27592 5451 -4487 END
START 20588 5652 16504 -27758 5231 -5244 END
START 20636 5576 17192 -27883 5008 -5982 END
START 20508 5620 18284 -27933 4882 -6717 END
START 20724 5560 19432 -27904 4810 -7431 END
START 20632 5504 20548 -27753 4836 -8149 END
START 20960 5680 21536 -27459 4999 -8874 END
START 21056 5640 22576 -27022 5339 -9680 END
START 21108 5628 23452 -26579 5686 -10512 END
START 21292 5552 24256 -26043 6177 -11462 END
START 21300 5564 24992 -25477 6689 -12342 END
START 21264 5744 25748 -24895 7240 -13326 END
START 21116 5792 26616 -24244 7735 -14319 END
START 20908 5900 27236 -23541 8128 -15305 END
START 20232 5848 27876 -22833 8516 -16361 END
START 19800 5764 28608 -22103 8680 -17426 END
START 18304 7168 28840 -21206 8482 -18440 END
START 17716 7148 29088 -20755 7996 -19485 END
START 17324 6484 29996 -20100 7211 -20544 END
START 17148 5884 29856 -19524 6383 -21601 END
START 16904 5472 29864 -18906 5578 -22784 END
START 16268 5336 30204 -18282 4687 -23924 END
START 15360 5300 30492 -17727 3662 -25001 END
START 14676 5340 30916 -17153 2564 -26061 END
START 13864 5276 31220 -16540 1476 -26982 END
START 13048 5032 31780 -15912 520 -27778 END
START 12068 4624 32580 -15194 -441 -28503 END
START 11104 4236 32767 -14348 -1443 -29076 END
START 10236 3904 32767 -13744 -2422 -29582 END
START 9328 3792 32767 -12902 -3405 -30022 END
START 8644 3668 32767 -12036 -4320 -30321 END
START 8220 3556 32767 -11195 -5156 -30557 END
START 7932 3036 32767 -10282 -5855 -30747 END
START 7704 2368 32767 -9317 -6288 -30895 END
START 7632 1708 32767 -8257 -6417 -31036 END
START 7288 1296 32767 -7172 -6351 -31121 END
START 6984 876 32767 -6016 -6109 -31171 END
START 6744 512 32767 -4833 -5729 -31167 END
START 6356 276 32767 -3650 -5060 -31129 END
START 6148 -40 32767 -2448 -4263 -31017 END
START 6120 -692 32767 -1302 -3249 -30847 END
START 5716 -1296 32767 -203 -2142 -30696 END
START 5140 -1852 32767 786 -1077 -30460 END
START 4292 -2132 32767 1700 -135 -30240 END
START 3396 -2368 32767 2521 679 -29949 END
START 2540 -2600 32767 3344 1435 -29571 END
START 1668 -2852 32767 4127 2048 -29124 END
START 1016 -2856 32767 4932 2593 -28589 END
START 424 -3044 32767 5799 3092 -27965 END
START 84 -3276 32767 6712 3528 -27325 END
START -392 -3468 32767 7636 3799 -26668 END
START -888 -3636 32767 8671 3890 -26017 END
START -1328 -3772 32767 9822 3861 -25369 END
START -1724 -4004 32767 11014 3745 -24738 END
START -2380 -4160 32767 12446 3554 -24108 END
START -3164 -4188 32767 13864 3200 -23475 END
START -3764 -4128 32767 15404 2736 -22757 END
START -4440 -4116 32767 16990 2193 -22050 END
START -5100 -4056 32767 18594 1609 -21266 END
START -5552 -3728 32767 20296 880 -20359 END
START -6072 -3788 32767 21946 251 -19445 END
START -6208 -3832 32767 23612 -394 -18503 END
START -6268 -4024 32767 25265 -952 -17562 END
START -6284 -4056 32664 27008 -1528 -16610 END
START -6184 -4200 31852 28677 -1979 -15681 END
START -5812 -4316 30768 30402 -2327 -14779 END
START -5540 -4260 29524 32027 -2568 -13955 END
START -5008 -4136 27992 32767 -2701 -13101 END
START -4792 -4248 26364 32767 -2722 -12332 END
START -4496 -4304 25060 32767 -2770 -11606 END
START -4140 -4216 23628 32767 -2726 -10913 END
START -3832 -4064 22028 32767 -2615 -10213 END
START -3584 -3856 20388 32767 -2440 -9581 END
START -3288 -3508 18856 32767 -2201 -8953 END
START -3724 -2256 17060 32767 -2183 -8368 END
START -3008 -2068 15192 32767 -2069 -7864 END
START -2540 -1860 13676 32767 -2045 -7413 END
START -2020 -1688 11844 32767 -1913 -6988 END
START -1556 -1516 10268 32767 -1683 -6700 END
START -1204 -1536 8660 32767 -1480 -6433 END
START -1056 -1432 7132 32767 -1293 -6214 END
START -744 -1160 5928 32767 -1123 -6048 END
START -544 -920 4712 32767 -985 -5885 END
START -276 -216 3544 32767 -802 -5720 END
START -152 456 2476 32767 -554 -5566 END
START 148 844 1264 32767 -161 -5420 END
START 404 1192 8 32767 281 -5314 END
START 572 1340 -572 32767 786 -5224 END
START 904 1808 -1648 32665 1520 -5142 END
START 1348 2156 -2928 31548 2480 -5100 END
START 1468 2344 -3572 30319 3360 -5050 END
START 1832 2532 -4900 28911 4237 -5035 END
START 2092 3072 -5876 27428 5059 -5046 END
START 2332 3296 -6932 25846 5802 -5105 END
START 2596 3380 -7836 24082 6450 -5222 END
START 2376 3596 -8596 22212 6894 -5361 END
START 2116 3984 -9316 20270 7277 -5521 END
START 2068 4316 -9860 18340 7533 -5611 END
START 1508 4708 -10364 16302 7779 -5668 END
START 1020 4972 -10832 14294 7914 -5605 END
START 564 5148 -11192 12352 8136 -5486 END
START 88 5272 -11148 10475 8234 -5305 END
START -476 5476 -11104 8721 8277 -5057 END
START -1252 5676 -10672 7035 8171 -4764 END
START -1704 5756 -10684 5456 7959 -4390 END
START -2332 6008 -10536 3946 7610 -4007 END
START -2744 5956 -10244 2622 7145 -3593 END
START -2808 6028 -10232 1304 6570 -3245 END
START -2948 6280 -10016 9 6002 -2898 END
START -3036 6288 -10012 -1293 5393 -2606 END
START -3028 6172 -9720 -2638 4743 -2331 END
START -3132 6172 -9024 -3924 4166 -2081 END
START -3244 6256 -8544 -5196 3612 -1762 END
START -3272 6108 -7640 -6457 3124 -1428 END
START -3040 5900 -7152 -7441 2890 -1087 END
START -3152 5604 -6384 -8384 2727 -711 END
START -3096 5396 -6164 -9074 2756 -359 END
START -3124 5140 -5732 -9726 2940 -25 END
START -3380 5124 -5568 -10204 3138 348 END
START -3488 5116 -5124 -10664 3355 721 END
START -3424 5044 -4832 -11133 3579 1067 END
START -3504 4956 -4576 -11642 3791 1459 END
START -3400 4760 -4172 -12153 3948 1828 END
START -3452 4604 -4252 -12659 4036 2180 END
START -3284 4436 -4040 -13225 4117 2570 END
START -3348 4328 -3860 -13792 4156 2938 END
START -3384 4268 -3608 -14375 4123 3350 END
START -3448 4292 -3196 -14951 3991 3732 END
START -3324 4364 -2752 -15413 3772 4144 END
START -3260 4148 -2528 -15938 3462 4514 END
START -2860 4096 -2176 -16426 3132 4889 END
START -2332 3868 -1964 -16874 2834 5275 END
START -1796 3632 -1808 -17291 2574 5600 END
START -1408 3428 -1556 -17654 2292 5896 END
START -1240 3244 -1344 -17928 2042 6137 END
START -932 3004 -960 -18247 1667 6366 END
START -660 2684 -704 -18532 1257 6613 END
START -432 2420 -360 -18740 855 6861 END
START -372 2168 -456 -18915 485 7078 END
START -296 2156 -512 -19056 158 7317 END
START 4 2128 -960 -19245 -179 7568 END
START 168 2148 -1184 -19419 -489 7790 END
START 600 2108 -1864 -19761 -806 7974 END
START 880 2016 -2044 -20182 -980 8113 END
START 1096 1968 -2372 -20774 -1177 8149 END
START 1124 1748 -2532 -21501 -1392 8167 END
START 1088 1660 -2724 -22295 -1745 8219 END
START 1016 1756 -2860 -23258 -2068 8290 END
START 968 1700 -3004 -24288 -2245 8385 END
START 776 1696 -3128 -25339 -2357 8480 END
START 740 1640 -2812 -26378 -2312 8605 END
START 1156 1496 -2684 -27418 -2058 8765 END
START 1168 1352 -2816 -28426 -1688 8876 END
START 1248 1240 -2704 -29484 -1141 9022 END
START 1352 956 -2576 -30618 -473 9171 END
START 1548 620 -2260 -31694 154 9319 END
START 1572 340 -2056 -32768 867 9507 END
START 1744 28 -2004 -32768 1530 9739 END
START 1532 -336 -1404 -32768 2070 10009 END
START 1532 -552 -788 -32768 2594 10338 END
START 1600 -680 -440 -32768 2985 10690 END
START 1628 -640 -76 -32768 3278 10930 END
START 1868 -868 904 -32768 3562 11160 END
START 2464 -1096 1700 -32768 3918 11237 END
START 3048 -1608 2980 -32768 4249 11239 END
START 3452 -2196 4400 -32768 4617 11093 END
START 4060 -2600 5548 -32768 4978 10948 END
START 4200 -3080 6880 -32768 5501 10727 END
START 4588 -3368 7772 -32768 6227 10508 END
START 4628 -3776 8552 -32768 6946 10227 END
START 4636 -3904 9448 -32768 7658 9950 END
START 4308 -4144 10424 -32768 8341 9711 END
START 4132 -4060 11252 -32768 8870 9501 END
START 3592 -4216 12388 -32768 9265 9339 END
START 3068 -4344 13352 -32768 9462 9251 END
START 2668 -4676 14452 -32768 9541 9200 END
START 2024 -4684 15944 -32768 9502 9184 END
START 1768 -4932 17464 -32768 9384 9168 END
START 1780 -5108 18572 -32768 9422 9120 END
START 1788 -5344 19712 -32768 9649 9018 END
START 1764 -5576 20880 -32768 10182 8893 END
START 1380 -5912 22488 -32768 10664 8760 END
START 796 -6316 24480 -32768 10977 8728 END
START -48 -6868 27056 -32768 11019 8728 END
START -912 -7272 29728 -32768 10559 8830 END
START -1248 -7720 31864 -32768 10208 8963 END
START -1412 -7972 32767 -32768 9789 9134 END
START -1376 -8264 32767 -32768 9367 9255 END
START -1980 -8108 32767 -32768 8375 9365 END
START -1212 -8488 32767 -32768 7347 9360 END
START 64 -9108 32767 -32768 6105 9305 END
START 772 -9384 32767 -32768 5044 9127 END
START 2108 -9648 32767 -32768 4205 8813 END
START 2988 -9476 32767 -30992 3369 8436 END