START -11336 -2296 8060 22158 11577 1052 END
START -5128 -8488 5952 23604 6241 4011 END
START -7088 -9328 8180 25739 4547 8066 END
START -10244 -9412 8156 26775 4266 12556 END
START -10608 -9316 5788 26273 2967 16069 END
START -10836 -8848 3252 24606 1658 19405 END
START -9452 -7804 -616 21751 756 22835 END
START -8484 -6580 -3580 17849 265 24797 END
START -7168 -4872 -7616 12053 1873 26080 END
START -7868 -4632 -9444 5936 3378 28386 END
START -8268 -4672 -10340 746 2645 31854 END
START -6740 -4644 -12440 -4510 1064 32767 END
START 388 -3752 -13128 -10543 -1450 32767 END
START 8684 -2672 -10492 -16110 -1277 32767 END
START 16348 -776 -6716 -20010 121 32767 END
START 18328 -136 -5388 -23154 443 29099 END
START 20812 216 -3376 -26575 -1024 26373 END
START 25716 1292 -144 -30018 -1656 21619 END
START 29924 1972 4844 -32768 -292 16567 END
START 32767 3436 10948 -32768 2314 10110 END
START 32767 4824 15984 -32768 7727 1648 END
START 32767 4904 22392 -32768 9897 -7289 END
START 32652 4140 30160 -32768 10477 -15571 END
START 29800 2540 32767 -29737 11228 -24575 END
START 23232 -680 32767 -25241 12816 -32768 END
START 12652 -4724 32767 -18723 10598 -32768 END
START 7364 -8852 32767 -9779 5704 -32768 END
START 220 -12820 32767 -1246 3056 -32768 END
START -9284 -15972 32767 5573 3977 -32768 END
START -16708 -16184 32767 11748 5855 -32768 END
START -17456 -15240 32767 16875 8196 -26528 END
START -16924 -14236 32767 22471 8411 -20072 END
START -16024 -12568 31696 28673 5999 -15553 END
START -14528 -11128 23728 32767 3054 -12429 END
START -13516 -9532 15844 32767 1042 -9497 END
START -12832 -7868 9796 32767 760 -6001 END
START -12024 -6588 5840 32767 753 -1924 END
START -9372 -4868 1512 31826 579 1312 END
START -6848 -3652 -1804 29204 339 3413 END
START -4336 -2428 -5316 25777 114 4753 END
START -2256 -1588 -7940 21891 -1030 5447 END
START -1136 -688 -10376 17767 -2954 6180 END
START 400 148 -12924 13038 -4478 6805 END
START 1816 648 -15800 7443 -6218 6914 END
START 3684 1324 -17020 892 -6059 6429 END
START 4428 720 -15888 -5567 -4689 5665 END
START 3944 -268 -15580 -11021 -3727 5353 END
START 3620 -1416 -16108 -16409 -5019 5274 END
START 3844 -2744 -15296 -21850 -6947 4981 END
START 4680 -4332 -14244 -26886 -8024 4358 END
START 4128 -6464 -15844 -32768 -8488 4509 END
START 4764 -8968 -15556 -32768 -8121 5130 END
START 5712 -11544 -13764 -32768 -5615 5709 END
START 6080 -15136 -12380 -32768 -4197 6429 END
START 6236 -19476 -6872 -32768 -3688 7704 END
START 9768 -25544 4556 -32768 -2954 7021 END
START 12536 -31644 21032 -32768 -3401 5137 END