START 6756 15556 3484 6438 7076 -8587 END
START -2200 2628 5056 6611 4413 -7414 END
START -20600 -372 18432 7258 1859 -4223 END
START -20332 -2128 18152 8058 1705 576 END
START -19592 -3348 18000 9773 925 4819 END
START -17012 -4852 16300 12044 -438 9000 END
START -13632 -4612 13124 13850 -113 12809 END
START -12980 -4940 10132 14909 613 15626 END
START -11524 -3612 5288 14710 10 18627 END
START -10000 -2304 680 12397 -1067 21315 END
START -8332 -1616 -2460 8535 -4317 24222 END
START -6940 -1372 -4212 3902 -6634 27512 END
START -2684 -1028 -6000 -1662 -7766 30670 END
START 2636 -1288 -6484 -7549 -6392 31700 END
START 6180 -916 -6368 -13633 -5361 31092 END
START 8512 -812 -4108 -18318 -5652 28971 END
START 11940 -692 -788 -21224 -5449 26604 END
START 14180 -104 1828 -22862 -4732 23266 END
START 16080 608 4624 -24838 -4183 20232 END
START 20268 1792 7788 -26755 -2724 17402 END
START 24144 2468 10672 -28913 -99 12358 END
START 26796 2948 15880 -29956 2962 6168 END
START 27744 4000 21476 -29030 5337 -1151 END
START 25812 3796 26388 -26228 5944 -8194 END
START 23788 3972 29320 -23506 6029 -13883 END
START 21008 3248 32767 -21140 8534 -19959 END
START 15204 1692 32767 -18169 11439 -24840 END
START 8844 -788 32767 -14661 13272 -28629 END
START 2608 -4256 32767 -10001 13166 -31061 END
START -5336 -8044 32767 -3889 12249 -31862 END
START -15320 -10184 32767 3873 8560 -28390 END
START -19412 -10768 32767 11707 3556 -21992 END
START -19176 -10868 32767 17833 1452 -15257 END
START -18220 -9864 32767 22196 1276 -8739 END
START -15484 -8184 29164 25324 1059 -3204 END
START -10660 -6312 25256 27458 2667 -158 END
START -7940 -5356 21312 29745 4112 1017 END
START -6784 -4572 16620 31850 3173 2155 END
START -5080 -3652 11916 32511 1988 2942 END
START -4212 -2608 7108 31486 1780 3774 END
START -2972 -1476 2948 28752 2948 4886 END
START -1884 -424 -572 24810 3908 5820 END
START -260 1148 -4356 19951 2597 5886 END
START 1192 2156 -5312 14726 1413 4776 END
START 1436 2656 -5344 10236 1424 3707 END
START 1380 2536 -4876 7027 2081 3241 END
START 1236 2540 -5308 4776 1849 2947 END
START 2776 3176 -6520 2144 1655 2322 END
START 2876 3168 -7920 -1357 1560 1675 END
START 3652 3396 -9108 -5377 -596 924 END
START 5336 3604 -9180 -9976 -1098 -184 END
START 5680 2644 -8760 -15157 -196 -1026 END
START 5700 1288 -7780 -20166 1400 -2537 END
START 5456 -508 -6516 -24603 3847 -4170 END
START 3812 -2784 -6392 -28643 5240 -5497 END
START 720 -5488 -6884 -32465 1435 -6120 END
START 664 -6356 -6816 -32768 -3381 -6467 END
START 696 -6868 -3908 -32768 -2776 -5980 END
START -756 -8040 184 -32768 485 -4384 END
START 620 -10536 10072 -32768 5435 -3301 END
START -2716 -14832 29864 -32768 11503 -3973 END
START -5496 -18832 32767 -32768 11764 -5892 END