START 10912 -6224 30544 5617 -14747 -495 END
START 11048 -14116 27972 7789 -13113 -560 END
START 7424 -14768 29736 7091 -5125 54 END
START 5584 -14004 30236 6063 -1528 1441 END
START 6076 -14440 32767 7393 -1823 2527 END
START 10024 -14512 32767 11452 -2480 1320 END
START 12532 -14024 32767 16961 -2591 -1766 END
START 12632 -13368 32767 20705 -880 -4092 END
START 13572 -13240 32767 21863 2811 -6439 END
START 13872 -14164 32767 22820 6114 -9297 END
START 11788 -16036 32767 24737 8093 -12771 END
START 6992 -18616 32767 28437 6547 -15619 END
START 2728 -21652 32767 32767 4054 -17228 END
START -764 -23492 30040 32767 2037 -17001 END
START -2348 -24172 25764 32767 1066 -15680 END
START -4720 -24524 20760 32767 462 -13765 END
START -6636 -23668 15404 32767 -864 -10706 END
START -7464 -22192 9780 32767 -2680 -7688 END
START -9316 -20532 5464 32767 -5753 -5540 END
START -10468 -18948 1120 32767 -9286 -3416 END
START -11316 -16344 -4040 32767 -12809 -1118 END
START -10412 -13076 -9292 32767 -14757 784 END
START -10048 -10268 -12756 32767 -13245 2970 END
START -9872 -8196 -14204 30349 -7975 6782 END
START -9660 -6376 -14732 22062 -965 11897 END
START -8932 -6120 -12580 14618 4073 17416 END
START -7720 -5556 -10824 9738 6777 22851 END
START -5968 -5432 -10212 6193 8503 27455 END
START -3548 -5576 -9456 2966 9883 31632 END
START 592 -4988 -10048 -525 10431 32767 END
START 4240 -4116 -10768 -4939 10836 32767 END
START 8692 -3296 -8504 -10113 10511 32767 END
START 11772 -2748 -4740 -12632 10658 32767 END
START 22312 -204 -6020 -15606 11888 31973 END
START 31168 2092 -4676 -21266 14690 25131 END
START 32767 3188 2304 -23775 16185 15747 END
START 32767 5052 5356 -23510 15837 4882 END
START 32767 6276 8668 -25059 17923 -7488 END
START 32767 4556 13724 -26460 24349 -20699 END
START 32767 -268 19020 -27525 32670 -32768 END
START 28828 -5232 25912 -26432 32767 -32768 END
START 16688 -12092 31432 -21221 32767 -32768 END
START 2000 -16088 32232 -11742 27827 -32768 END