START 3744 -12236 32767 -18162 18763 2585 END
START -3956 -17192 32767 -7752 15760 -74 END
START -2160 -16220 32767 269 10510 -4200 END
START -5072 -15980 32767 7178 4667 -5191 END
START -7492 -15088 32767 13191 -277 -2351 END
START -8068 -14528 32767 17237 -1543 1628 END
START -4596 -14372 32767 19294 187 4827 END
START -1976 -14688 32767 21403 2373 6732 END
START 2108 -14204 32767 24680 3359 5823 END
START 2648 -15192 32767 27690 2847 2038 END
START -988 -17244 32767 31173 251 -1088 END
START -3156 -19168 32767 32767 -759 -1085 END
START -4164 -20472 29960 32767 -76 260 END
START -3880 -21036 25584 32767 1016 1862 END
START -4628 -21108 21296 32767 1041 2598 END
START -5264 -21544 17076 32767 -2075 2988 END
START -4096 -20600 13196 32767 -5051 2729 END
START -5148 -19980 9152 32767 -6635 2363 END
START -5836 -18668 5280 32767 -6588 3358 END
START -6468 -17216 2116 32767 -5332 5496 END
START -2656 -18552 -1124 32767 -3133 7885 END
START -7892 -13892 -4832 32767 -4529 11012 END
START -8384 -11436 -9304 32767 -3898 13648 END
START -8200 -8320 -11740 28584 -4636 17334 END
START -6016 -6624 -15084 23016 -4245 20207 END
START -6364 -5536 -15048 17284 -3887 25274 END
START -5652 -4388 -15980 10914 -919 31470 END
START -2060 -4740 -16064 3520 4476 32767 END
START -108 -4560 -14384 -3544 9141 32767 END
START 6932 -4040 -11080 -8996 11293 32767 END
START 17408 -1676 -7728 -13177 16145 32767 END
START 23660 -1612 -6048 -16867 23712 32767 END
START 27212 -276 -7436 -24520 26171 29111 END
START 29876 1920 -580 -30023 20125 18494 END
START 31936 1256 11500 -31069 12089 4197 END
START 31040 1528 20716 -27099 7455 -6612 END
START 32767 3820 23792 -24103 11879 -16244 END
START 24732 2188 27696 -20787 19142 -24448 END
START 16068 1276 30116 -16007 19104 -29428 END
START 11308 -1100 32767 -11041 18252 -32768 END
START 812 -5928 32767 -4366 15018 -32768 END