START -8936 372 12744 32767 -3827 -4404 END
START -8436 -3612 4152 32767 -4349 -3979 END
START -6836 568 6380 32767 -4951 -3198 END
START -10188 216 12312 32767 -4875 -2556 END
START -9248 -488 9116 32767 -6122 -1876 END
START -8688 -492 8156 32767 -6344 -1301 END
START -9416 -660 8184 32767 -7059 -751 END
START -8844 -868 6492 32767 -7676 -210 END
START -9056 -764 5904 32767 -7969 368 END
START -9300 -732 5164 32767 -8076 985 END
START -9324 -492 3728 32767 -8212 1653 END
START -9112 -460 2268 32767 -8161 2311 END
START -8908 -428 1428 32767 -7965 3079 END
START -8888 -316 136 32767 -7519 3781 END
START -8792 -48 -1208 32767 -7007 4454 END
START -8576 264 -2160 31955 -6248 5220 END
START -8436 796 -3136 30651 -5391 5926 END
START -8456 1140 -3640 29220 -4412 6678 END
START -8288 1312 -4448 27688 -3288 7425 END
START -8208 1608 -5088 26078 -2131 8193 END
START -8012 1772 -5736 24499 -856 8953 END
START -8000 1940 -6068 22932 348 9708 END
START -7968 2076 -6252 21376 1453 10462 END
START -8304 2244 -6324 19701 2568 11305 END
START -8404 2376 -6428 18074 3540 12064 END
START -8392 2616 -6396 16447 4472 12990 END
START -8400 2732 -6372 14850 5268 13788 END
START -8412 2728 -6256 13302 5967 14662 END
START -8372 2760 -6084 11790 6627 15574 END
START -8320 2488 -5664 10395 7178 16470 END
START -8328 2384 -5472 9103 7696 17410 END
START -8224 2268 -5284 7884 8028 18347 END
START -8100 2284 -5112 6783 8171 19289 END
START -8164 2348 -5148 5756 8221 20265 END
START -8012 2456 -5076 4797 8083 21196 END
START -7848 2344 -5232 3875 7779 22043 END
START -7524 2532 -5728 2882 7406 22920 END
START -7040 2588 -5984 1830 6939 23749 END
START -6556 2368 -6160 717 6405 24509 END
START -5948 2252 -6256 -390 5821 25175 END
START -5452 2300 -5948 -1543 5054 25810 END
START -4488 2312 -5904 -2668 4378 26374 END
START -3192 2360 -5996 -3770 3659 26900 END
START -1684 2360 -6144 -4892 3107 27318 END
START 252 2464 -6072 -6015 2725 27562 END
START 1868 2644 -5760 -7082 2485 27632 END
START 3592 2772 -5208 -8141 2251 27469 END
START 4956 2856 -5092 -9168 2144 27074 END
START 6132 2980 -4668 -10108 2053 26526 END
START 6940 3120 -4156 -10958 2004 25828 END
START 7512 3340 -3952 -11720 1991 25032 END
START 7956 3580 -3904 -12376 2132 24230 END
START 8116 3980 -4000 -13080 2470 23461 END
START 7992 4404 -4096 -13789 2955 22690 END
START 7640 4816 -4260 -14514 3569 22047 END
START 6944 5104 -4436 -15232 4129 21564 END
START 6396 5412 -4624 -16144 4789 21167 END
START 5568 5684 -4716 -17066 5314 20988 END
START 4920 5800 -4808 -17999 5812 20990 END
START 4572 5880 -4808 -19047 6256 21144 END
START 4536 5920 -4920 -20156 6686 21412 END
START 5280 5972 -4676 -21281 7182 21739 END
START 6592 6032 -4348 -22457 7720 21994 END
START 7944 6096 -3768 -23594 8384 22158 END
START 9320 6104 -3128 -24701 9046 22099 END
START 10736 6148 -1976 -25706 9625 21809 END
START 11896 6248 -1016 -26622 10112 21315 END
START 12768 6248 -304 -27352 10579 20635 END
START 13276 6332 612 -27877 10797 19857 END
START 13672 6280 1108 -28269 11096 19015 END
START 14120 6504 1856 -28627 11275 18155 END
START 14304 6732 2496 -28962 11363 17253 END
START 14536 6968 2764 -29237 11451 16413 END
START 14404 7184 3560 -29612 11414 15674 END
START 14168 7236 4232 -30003 11401 14965 END
START 13816 7124 4768 -30422 11300 14352 END
START 13564 7216 5608 -30789 11175 13757 END
START 13416 7332 6200 -31231 11093 13281 END
START 13292 7576 7092 -31599 11084 12779 END
START 13580 7444 7844 -31885 11246 12435 END
START 14176 7248 8832 -32088 11455 12244 END
START 14756 7052 9792 -32175 11776 11780 END
START 15624 7104 10976 -32167 12128 11387 END
START 16548 7148 12144 -32025 12483 10837 END
START 17096 7208 13432 -31700 12634 10149 END
START 17944 7320 14100 -31265 13098 9330 END
START 18576 7368 15020 -30737 12956 8409 END
START 19108 7424 15508 -30207 13260 7334 END
START 19648 7488 16336 -29656 13214 6091 END
START 19528 7528 16892 -29124 13181 4807 END
START 19500 7652 17348 -28626 13127 3560 END
START 19284 7736 17496 -28210 13142 2272 END
START 19104 7792 17328 -27884 13157 1045 END
START 19052 7952 17300 -27652 13145 -107 END
START 18924 8080 17204 -27548 13234 -1289 END
START 18744 7864 17556 -27514 13269 -2438 END
START 18448 7748 17604 -27466 13236 -3487 END
START 18272 7536 17944 -27538 13191 -4621 END
START 18056 7348 18392 -27604 13161 -5655 END
START 17584 7076 19336 -27676 13093 -6679 END
START 17148 6848 20332 -27687 12740 -7724 END
START 16672 6800 21264 -27627 12580 -8743 END
START 16196 6636 22380 -27463 12302 -9737 END
START 15584 6412 23288 -27175 12038 -10668 END
START 14952 6152 24256 -26736 11774 -11593 END
START 14544 6000 25204 -26206 11544 -12433 END
START 13792 5792 26168 -25525 11346 -13228 END
START 13152 5684 26748 -24744 11155 -13913 END
START 12560 5664 27484 -23896 10994 -14574 END
START 11768 5560 28332 -23003 10787 -15189 END
START 11164 5504 29052 -22060 10551 -15773 END
START 10760 5300 29304 -21058 10289 -16360 END
START 10256 5072 29612 -20035 9949 -16896 END
START 9728 4972 30152 -18986 9534 -17402 END
START 9068 4888 30368 -18008 8936 -17918 END
START 8700 4832 30720 -17056 8172 -18409 END
START 8116 4624 30988 -16073 7218 -18947 END
START 7896 4440 31696 -15125 6120 -19481 END
START 7400 4208 32068 -14272 4742 -20094 END
START 7040 4068 32767 -13266 3304 -20663 END
START 6600 3768 32767 -12187 1727 -21280 END
START 6312 3652 32767 -11024 73 -21927 END
START 6208 3400 32767 -9830 -1452 -22532 END
START 5860 2808 32767 -8482 -2992 -23162 END
START 5456 2356 32767 -7055 -4510 -23787 END
START 4960 1904 32767 -5519 -6095 -24406 END
START 4640 1448 32767 -3993 -7494 -24986 END
START 4084 1428 32767 -2502 -8847 -25520 END
START 3300 1380 32767 -962 -10314 -25977 END
START 2604 1184 32767 593 -11660 -26360 END
START 2168 1116 32767 2118 -12863 -26719 END
START 1680 948 32767 3595 -13874 -26997 END
START 1244 644 32767 5012 -14644 -27248 END
START 540 328 32767 6341 -15330 -27394 END
START -4 192 32767 7611 -15755 -27428 END
START -632 108 32767 8806 -16012 -27354 END
START -1144 -52 32767 9947 -16039 -27181 END
START -1444 -48 32767 11071 -15925 -26916 END
START -1800 -368 32767 12147 -15611 -26570 END
START -2164 -460 32767 13104 -15140 -26116 END
START -2248 -680 32767 13963 -14508 -25643 END
START -2532 -888 32176 14720 -13705 -25078 END
START -2756 -1196 31444 15344 -12766 -24481 END
START -2880 -1156 30652 15810 -11686 -23860 END
START -3148 -1188 30052 16166 -10623 -23216 END
START -3148 -1328 29512 16391 -9447 -22557 END
START -3236 -1196 28836 16575 -8223 -21882 END
START -3332 -1128 28392 16700 -6933 -21155 END
START -3156 -1160 28132 16765 -5710 -20524 END
START -3220 -1236 28060 16881 -4457 -19853 END
START -3116 -1320 27928 16992 -3243 -19228 END
START -3288 -1252 27856 17184 -2188 -18682 END
START -3296 -1300 27756 17404 -1142 -18195 END
START -3740 -1180 27740 17749 -126 -17676 END
START -4184 -1052 27628 18142 734 -17201 END
START -4680 -900 27720 18648 1327 -16667 END
START -5092 -944 27720 19165 1725 -16141 END
START -5308 -868 27508 19730 1938 -15585 END
START -5508 -864 27280 20327 2088 -14994 END
START -5520 -888 27028 20954 2125 -14391 END
START -5816 -772 26484 21663 2073 -13773 END
START -5964 -660 26208 22338 1982 -13150 END
START -6048 -572 25480 23049 1877 -12586 END
START -6348 -416 24936 23729 1606 -12006 END
START -6576 -236 24320 24463 1252 -11413 END
START -6716 -132 23588 25111 829 -10827 END
START -6744 -76 22776 25726 389 -10245 END
START -6992 16 22164 26331 -70 -9659 END
START -7140 356 21248 26870 -638 -9063 END
START -7280 392 20344 27367 -1195 -8491 END
START -7348 472 19580 27848 -1844 -7832 END
START -7360 656 18724 28284 -2511 -7184 END
START -7152 800 18084 28648 -3134 -6542 END
START -7104 696 17672 29045 -3708 -5952 END
START -6960 708 16648 29417 -4244 -5319 END
START -6608 796 15868 29763 -4699 -4733 END
START -6344 880 14924 30073 -4993 -4166 END
START -6000 964 13944 30361 -5220 -3576 END
START -5680 1088 12828 30608 -5298 -3064 END
START -5052 1300 11568 30787 -5242 -2584 END
START -4700 1480 10140 30877 -5093 -2130 END
START -4332 1600 9292 30795 -4824 -1773 END
START -4032 1840 7844 30584 -4484 -1463 END
START -3656 2060 6512 30256 -4059 -1162 END
START -3272 2396 5396 29779 -3521 -939 END
START -2964 2632 4296 29255 -2942 -732 END
START -2512 2976 3016 28610 -2308 -597 END
START -2216 3076 2156 27840 -1629 -501 END
START -1996 3232 1192 27039 -1030 -409 END
START -1920 3468 248 26110 -426 -331 END
START -1772 3608 -472 25138 83 -279 END
START -1680 3796 -1296 24206 597 -258 END
START -1556 3796 -1964 23154 1127 -210 END
START -1496 3908 -2456 22137 1615 -198 END
START -1468 4316 -2964 21052 2085 -93 END
START -1692 4400 -3680 20020 2435 -17 END
START -1680 4528 -4040 18965 2636 82 END
START -1664 4632 -4892 17927 2723 215 END
START -1824 4800 -5376 16813 2730 374 END
START -1760 4980 -6348 15693 2653 514 END
START -1828 5176 -6932 14532 2545 647 END
START -1804 5448 -7784 13209 2418 782 END
START -1932 5696 -8244 11898 2224 892 END
START -2028 5884 -8976 10450 1994 1018 END
START -2276 5944 -9368 9070 1716 1127 END
START -2612 6124 -9680 7593 1364 1285 END
START -2672 6236 -10148 6126 1051 1458 END
START -2636 6060 -10336 4603 700 1682 END
START -2696 6168 -10408 3137 433 1909 END
START -2412 6120 -10780 1670 347 2083 END
START -2220 6152 -10656 139 420 2258 END
START -2104 6084 -10736 -1355 563 2438 END
START -1892 5968 -10520 -2863 885 2537 END
START -1984 5804 -10460 -4247 1244 2668 END
START -2136 5736 -10004 -5658 1711 2851 END
START -2312 5644 -9520 -6984 2146 3067 END
START -2352 5752 -9240 -8216 2624 3290 END
START -2204 5576 -9192 -9438 3218 3533 END
START -2316 5344 -8952 -10591 3924 3765 END
START -2220 5136 -8564 -11750 4596 3980 END
START -2228 4976 -8164 -12875 5252 4202 END
START -2548 4760 -7776 -13950 5708 4434 END
START -2720 4444 -7296 -14976 6047 4669 END
START -2972 4228 -6660 -15767 6167 4974 END
START -3112 3932 -6328 -16541 6203 5285 END
START -2860 3748 -5868 -17238 6131 5592 END
START -2784 3512 -5548 -17920 6050 5895 END
START -2488 3260 -5080 -18550 5911 6127 END
START -2456 2860 -4732 -19093 5641 6318 END
START -2416 2648 -4172 -19567 5282 6571 END
START -2232 2192 -4024 -19933 4855 6792 END
START -2088 2136 -3932 -20280 4334 7017 END
START -1924 1948 -3736 -20663 3709 7220 END
START -1716 1884 -3572 -21027 3035 7350 END
START -1392 1632 -3388 -21428 2326 7486 END
START -1136 1480 -3152 -21782 1559 7537 END
START -904 1232 -2992 -22172 885 7570 END
START -852 1068 -2680 -22457 252 7608 END
START -1064 964 -2448 -22752 -503 7685 END
START -1088 1052 -2428 -22963 -1172 7796 END
START -872 1072 -2652 -23262 -1775 7959 END
START -592 952 -2576 -23621 -2260 8124 END
START -424 884 -2732 -24061 -2684 8294 END
START 36 796 -2628 -24610 -3066 8434 END
START 300 684 -2740 -25176 -3280 8575 END
START 336 732 -2564 -25857 -3496 8713 END
START 444 608 -2120 -26459 -3688 8913 END
START 560 684 -1916 -27048 -3879 9130 END
START 616 688 -1740 -27582 -4031 9391 END
START 764 632 -1452 -28099 -4080 9672 END
START 948 644 -1196 -28705 -4096 9941 END
START 1288 480 -1012 -29250 -4025 10243 END
START 1716 592 -572 -29877 -3862 10531 END
START 1936 636 -348 -30592 -3617 10780 END
START 2668 804 436 -31366 -3301 11025 END
START 2948 1024 992 -32167 -2947 11220 END
START 3504 1260 2116 -32768 -2499 11380 END
START 3748 1464 3184 -32768 -2079 11403 END
START 4028 1604 4264 -32768 -1714 11449 END
START 4236 1692 5608 -32768 -1407 11388 END
START 4536 1672 7280 -32768 -1290 11295 END
START 4572 1532 9228 -32768 -1616 11128 END
START 4548 1492 11228 -32768 -2071 10956 END
START 4480 1616 13556 -32768 -2888 10739 END
START 4300 1700 15636 -32768 -3912 10550 END
START 4152 1840 17656 -32768 -5150 10372 END
START 4368 1928 19624 -32768 -6120 10189 END
START 4280 2104 21908 -32768 -7298 10023 END
START 4724 2040 23744 -32768 -8072 9900 END
START 5188 2084 25384 -32768 -8681 9880 END
START 5792 1980 27336 -32569 -9013 9813 END
START 6652 1956 28972 -31624 -9158 9737 END
START 7464 2028 30560 -30697 -9178 9583 END
START 7612 2872 31996 -29770 -9424 9350 END
START 9196 2812 32767 -29146 -9084 9056 END
START 10728 1980 32767 -28310 -8483 8677 END
START 11680 1540 32767 -27448 -7437 8128 END
START 12224 1228 32767 -26675 -6518 7538 END
START 12392 796 32767 -25779 -5519 7033 END
START 12308 796 32767 -24874 -4584 6453 END
START 11864 1012 32767 -24035 -3725 5993 END
START 11724 1268 32767 -23222 -2812 5529 END