START 12172 -3712 32767 -6626 1724 -7691 END
START -1168 -15832 32767 324 -4188 -8389 END
START -2360 -15808 32767 7390 -7220 -5213 END
START 480 -14752 32767 11577 -3969 -1982 END
START -412 -13208 32767 11117 3570 -1320 END
START -988 -12188 32767 9754 8435 1081 END
START 2180 -10720 32767 9463 10199 2534 END
START 4572 -10316 32767 12843 8119 566 END
START 3448 -12008 32767 18622 3234 -3045 END
START 608 -14084 32767 25102 -2359 -4899 END
START -152 -16488 32767 30387 -4258 -4857 END
START -1144 -17872 32767 32767 -1222 -3633 END
START -1480 -19060 31220 32767 2885 -1218 END
START -428 -19216 28176 32767 6552 218 END
START 452 -18992 24752 32767 7508 287 END
START 600 -18424 19844 32767 7354 -545 END
START 92 -17572 15368 32767 6234 -1227 END
START -464 -16476 11296 32767 5368 -1623 END
START -2740 -15600 7848 32767 4814 -1061 END
START -4868 -14492 3952 32767 3779 926 END
START -5872 -13520 596 32767 3560 2887 END
START -7556 -12284 -3468 32767 4323 4936 END
START -10296 -11704 -6384 32565 5258 8778 END
START -11560 -9916 -9000 27535 4320 13258 END
START -11224 -8732 -11240 22483 3421 17858 END
START -12000 -8528 -11812 17181 1019 23303 END
START -9792 -8012 -13576 12870 -2137 28988 END
START -4336 -7144 -16648 6813 -3765 32767 END
START 708 -6732 -17600 -59 -3331 32767 END
START 6028 -5620 -16556 -6876 -1910 32767 END
START 13592 -3664 -15452 -13721 1244 32767 END
START 15360 -2524 -12052 -19629 2830 28634 END
START 17544 -1704 -7104 -22581 -431 25101 END
START 26116 688 -3336 -24426 -3720 20440 END
START 32767 3812 3220 -26551 -3231 11648 END
START 32767 6836 10712 -26107 1824 -423 END
START 32767 8780 14048 -25932 9593 -13356 END
START 32767 7688 19360 -26380 17615 -26659 END
START 32767 2908 26100 -25538 22804 -32768 END
START 25424 -5456 32767 -22788 23597 -32768 END
START 6248 -14412 32767 -13936 17377 -32768 END
START -11620 -18480 32767 390 5005 -32768 END