START 3244 -1668 5400 30953 2431 -854 END
START -5340 -5756 -12 30857 -6651 2084 END
START -11020 -7336 4008 30927 -7904 5535 END
START -6812 -5652 8 29634 -6356 9980 END
START -6412 -4812 -1688 26776 -2762 12576 END
START -5456 -4036 -5196 23143 -2132 15193 END
START -4148 -2680 -10800 16950 -1873 17895 END
START -3580 -1276 -14308 8371 -3625 20702 END
START -1796 -812 -14156 -503 -3502 24076 END
START 480 -1168 -11364 -7413 -2366 27267 END
START 2452 -1476 -9060 -12448 -2039 29717 END
START 7672 -1040 -7540 -16386 -3485 31711 END
START 15732 340 -5000 -20059 -3483 29957 END
START 21504 1568 -1664 -22426 -2888 26367 END
START 26748 3516 -192 -24724 -3010 20711 END
START 28648 4476 2508 -27671 -3492 14921 END
START 31500 5160 10344 -29274 -3261 10142 END
START 32767 7548 15308 -29677 822 3451 END
START 32767 7880 21344 -31413 8680 -4832 END
START 32592 5660 30908 -29673 13261 -13828 END
START 25572 2424 32767 -24536 11700 -21178 END
START 20568 -1360 32767 -17781 7865 -28272 END
START 10708 -5260 32767 -8849 2320 -32768 END
START 4336 -7264 32767 864 -1115 -32768 END
START 560 -7848 32767 7779 1210 -31638 END
START -1992 -7432 32767 12592 4581 -28200 END
START -4356 -7404 32767 17616 8271 -24178 END
START -5140 -6748 31888 22826 8616 -20448 END
START -6268 -6476 24648 27426 6217 -17663 END
START -6728 -5668 16784 30071 3024 -14974 END
START -6728 -4440 9832 30328 1243 -12612 END
START -6976 -3540 5132 28838 916 -10152 END
START -7292 -2644 1120 26615 1247 -7332 END
START -6812 -2112 -2228 23901 2124 -4431 END
START -6436 -1732 -6060 20244 3177 -1316 END
START -5232 -656 -10464 15527 1680 830 END
START -4196 -56 -13200 10091 -1420 2244 END
START -2040 348 -14192 4413 -5372 3158 END
START 192 296 -13524 -724 -6760 3624 END
START 1480 -264 -13224 -5290 -5403 4040 END
START 2556 -1396 -13328 -10152 -3909 4734 END
START 4016 -2940 -12748 -15142 -2996 4743 END
START 5448 -4600 -12084 -19740 -2439 4258 END
START 5404 -6244 -11380 -23821 -2885 3207 END
START 3440 -8176 -10972 -27475 -5235 2962 END
START 1812 -10112 -10556 -32024 -8044 4067 END
START 1856 -11016 -12160 -32768 -6318 6439 END
START 4188 -12500 -11664 -32768 -327 8869 END
START 5136 -16060 -1808 -32768 7331 9787 END
START 3032 -19748 17092 -32768 8004 9826 END
START 5856 -22244 32767 -32768 1199 8558 END