START -2848 3648 6408 16381 4164 -3932 END
START -1308 -2388 -7772 17909 5051 -3913 END
START -3500 6624 3912 15519 5256 -3520 END
START -6028 4032 7736 16752 6555 -3312 END
START -4800 3444 4432 15954 6080 -2958 END
START -4652 3384 4032 15975 6862 -2648 END
START -5888 3144 4324 15507 7153 -2351 END
START -6764 3176 5360 15242 7349 -2014 END
START -6640 3240 4736 14981 7549 -1582 END
START -6980 3248 4680 14816 7606 -1084 END
START -7916 3032 5212 14681 7561 -537 END
START -8076 2996 5152 14590 7291 65 END
START -8968 2956 5484 14579 6977 743 END
START -9328 2932 5536 14623 6509 1404 END
START -9512 3044 5176 14647 6035 2133 END
START -9376 3068 4868 14653 5575 2908 END
START -9664 2788 4572 14638 5189 3679 END
START -9716 2660 4356 14623 4779 4463 END
START -9680 2572 4096 14525 4359 5299 END
START -9612 2460 3672 14405 3954 6144 END
START -9676 2388 3316 14255 3601 6923 END
START -9684 2496 2644 14040 3309 7783 END
START -9660 2744 1948 13756 3086 8596 END
START -9568 2952 1676 13355 2948 9434 END
START -9480 3144 992 12897 2793 10245 END
START -9292 3308 600 12354 2728 10996 END
START -9292 3380 236 11742 2718 11745 END
START -9024 3324 -52 11126 2698 12537 END
START -8960 3456 -244 10511 2690 13211 END
START -8760 3348 -708 9894 2753 13947 END
START -8436 3504 -1140 9237 2904 14748 END
START -8164 3512 -1564 8530 3100 15549 END
START -7892 3540 -2064 7777 3339 16292 END
START -7484 3768 -2528 6932 3671 17044 END
START -6952 3852 -2848 5994 4087 17762 END
START -6616 4044 -3048 5022 4450 18467 END
START -6132 3960 -3088 4079 4785 19076 END
START -5648 3912 -2756 3141 5037 19689 END
START -5120 3832 -2920 2266 5154 20310 END
START -4608 3724 -3212 1520 5230 20868 END
START -4160 3892 -3544 760 5282 21426 END
START -3460 4084 -3840 29 5354 21926 END
START -3116 4316 -4264 -790 5312 22406 END
START -2576 4608 -4712 -1601 5277 22746 END
START -2000 4752 -5136 -2472 5112 23039 END
START -1308 4800 -5576 -3421 4917 23273 END
START -632 5072 -6012 -4433 4617 23473 END
START 324 5260 -6628 -5443 4390 23616 END
START 1324 5624 -7380 -6636 4188 23723 END
START 2384 6316 -8120 -7929 4078 23709 END
START 3576 7144 -8612 -9489 4221 23554 END
START 4136 7328 -8992 -11181 4385 23206 END
START 4904 7580 -8848 -13050 4445 22703 END
START 5560 7944 -8576 -14986 4454 22026 END
START 5948 8124 -8092 -16833 4373 21249 END
START 6368 8408 -7236 -18752 4274 20459 END
START 6584 8144 -6708 -20426 4298 19651 END
START 6484 7896 -5880 -21931 4414 18980 END
START 6528 7684 -4736 -23220 4648 18337 END
START 6264 7532 -3696 -24266 4969 17829 END
START 5840 7544 -2636 -25213 5234 17417 END
START 5464 7540 -1524 -25976 5485 17068 END
START 5080 7728 -504 -26623 5610 16887 END
START 4796 7760 172 -27133 5734 16771 END
START 4608 7856 956 -27561 5809 16720 END
START 4440 7808 1512 -27958 5889 16711 END
START 4580 7732 2136 -28258 6039 16736 END
START 4712 7672 2408 -28568 6272 16791 END
START 5288 7612 2892 -28836 6613 16844 END
START 6076 7408 3252 -29132 7013 16887 END
START 6724 7248 3736 -29407 7377 16899 END
START 7196 7104 4028 -29725 7708 16874 END
START 7784 7156 4348 -30068 7933 16759 END
START 8376 7516 4816 -30449 8095 16559 END
START 8880 7708 5420 -30784 8185 16239 END
START 9504 7884 6176 -31194 8141 15840 END
START 10280 8004 6752 -31586 8012 15325 END
START 11060 7956 7400 -31959 7792 14745 END
START 11892 7880 8332 -32257 7623 14142 END
START 12836 7744 8968 -32476 7475 13444 END
START 13688 7776 9864 -32667 7403 12727 END
START 14580 7804 10668 -32762 7384 11825 END
START 15708 7872 12132 -32768 7386 10828 END
START 16324 8008 13104 -32682 7397 9739 END
START 17024 8172 14076 -32516 7394 8630 END
START 17876 8372 15024 -32311 7404 7380 END
START 18764 8348 16056 -32074 7438 6068 END
START 19448 8516 17044 -31797 7509 4546 END
START 20020 8756 18172 -31467 7532 2993 END
START 20368 8904 19180 -31111 7516 1371 END
START 20364 8968 20400 -30698 7394 -334 END
START 20204 8824 21492 -30162 7185 -2063 END
START 19860 8764 22340 -29513 6819 -3824 END
START 19224 8692 23192 -28874 6435 -5432 END
START 18808 8752 23724 -28192 6103 -6982 END
START 18220 8748 24312 -27523 5778 -8479 END
START 17624 8744 24804 -26959 5425 -9830 END
START 17224 8704 25164 -26435 5326 -11083 END
START 16740 8644 25796 -25929 5191 -12366 END
START 16380 8424 25708 -25517 5343 -13489 END
START 15696 8252 26140 -25113 5356 -14541 END
START 15008 8012 26436 -24802 5426 -15577 END
START 14432 7968 26884 -24518 5488 -16489 END
START 13532 7532 27708 -24249 5505 -17439 END
START 12776 7212 28380 -23905 5507 -18285 END
START 12044 6912 29240 -23526 5471 -19064 END
START 11412 6488 29964 -23093 5507 -19798 END
START 10760 6212 30632 -22519 5570 -20527 END
START 10252 5984 31592 -21901 5690 -21209 END
START 9808 5604 32268 -21207 5913 -21834 END
START 9068 5332 32767 -20347 6081 -22498 END
START 8476 4936 32767 -19449 6237 -23078 END
START 7836 4580 32767 -18435 6362 -23696 END
START 7004 4220 32767 -17393 6326 -24287 END
START 6372 3836 32767 -16296 6234 -24894 END
START 5636 3204 32767 -15138 6042 -25478 END
START 4932 2532 32767 -13929 5726 -26009 END
START 3916 1980 32767 -12617 5237 -26500 END
START 3012 1460 32767 -11292 4632 -26903 END
START 1616 1088 32767 -9908 3900 -27270 END
START 672 944 32767 -8459 3173 -27513 END
START 156 780 32767 -7073 2524 -27703 END
START -716 500 32767 -5574 1846 -27844 END
START -1556 176 32767 -4133 1160 -27916 END
START -2376 -220 32767 -2629 441 -27951 END
START -3152 -608 32767 -1108 -233 -27925 END
START -3628 -1072 32767 429 -831 -27860 END
START -4372 -1280 32767 1900 -1297 -27773 END
START -5068 -1548 32767 3437 -1741 -27578 END
START -5692 -1764 32767 4938 -2122 -27340 END
START -6472 -1912 32767 6335 -2456 -26998 END
START -7344 -2064 32767 7825 -2822 -26569 END
START -7940 -2256 32767 9189 -3141 -26044 END
START -8628 -2228 32767 10526 -3362 -25462 END
START -9316 -2348 32767 11759 -3544 -24812 END
START -9852 -2456 32767 13058 -3679 -24066 END
START -10340 -2648 32767 14293 -3797 -23269 END
START -10640 -2672 32767 15517 -3821 -22420 END
START -10896 -2768 32767 16730 -3885 -21544 END
START -11284 -2764 32767 17881 -3906 -20584 END
START -11524 -2844 32767 19002 -3919 -19609 END
START -11740 -2752 32767 20112 -3920 -18642 END
START -11712 -2720 32724 21209 -3970 -17661 END
START -11728 -2576 32040 22260 -3933 -16737 END
START -11436 -2444 31356 23343 -3889 -15793 END
START -11276 -2292 30768 24392 -3790 -14861 END
START -11228 -2236 30204 25371 -3635 -13993 END
START -11140 -2196 29520 26402 -3504 -13140 END
START -11084 -2112 28952 27355 -3317 -12328 END
START -10920 -1868 27952 28289 -3174 -11542 END
START -11108 -1616 26996 29160 -3048 -10785 END
START -10988 -1564 26292 29960 -3005 -10048 END
START -11184 -1248 25464 30701 -3077 -9332 END
START -10724 -1116 24424 31366 -3200 -8603 END
START -10608 -1116 23672 32005 -3332 -7873 END
START -10288 -996 22864 32546 -3535 -7220 END
START -10052 -908 21948 32767 -3774 -6544 END
START -9688 -436 21096 32767 -4009 -5950 END
START -9804 -212 20272 32767 -4287 -5380 END
START -9516 284 19388 32767 -4721 -4841 END
START -9088 -108 18452 32767 -5173 -4353 END
START -8572 -240 17720 32767 -5671 -3893 END
START -8264 -244 16700 32767 -6086 -3476 END
START -7984 -60 15724 32767 -6456 -3152 END
START -7696 72 14996 32767 -6785 -2842 END
START -7580 268 13952 32767 -7123 -2503 END
START -7320 408 13020 32767 -7503 -2199 END
START -7036 388 12192 32767 -7799 -1919 END
START -6756 668 11180 32767 -8146 -1634 END
START -6480 836 10144 32767 -8366 -1414 END
START -6092 936 9060 32767 -8500 -1173 END
START -5764 1004 8352 32767 -8492 -1004 END
START -5140 1124 7100 32767 -8317 -857 END
START -4496 1420 5892 32767 -7903 -752 END
START -3960 1784 4436 32767 -7307 -715 END
START -3316 2268 2756 32767 -6429 -701 END
START -2840 2780 1380 32767 -5496 -759 END
START -2352 3200 -20 32736 -4317 -826 END
START -2096 3296 -1024 31690 -3204 -847 END
START -1896 3584 -2300 30557 -2024 -916 END
START -1968 3972 -3204 29214 -883 -900 END
START -1972 4220 -4124 27775 175 -870 END
START -2140 4528 -5028 26252 1118 -779 END
START -2284 4876 -5864 24675 1951 -652 END
START -2288 5084 -6508 23008 2724 -456 END
START -2560 5136 -7044 21443 3323 -246 END
START -2628 5196 -7172 19829 3828 -12 END
START -2516 5232 -7720 18217 4193 251 END
START -2588 5448 -7860 16671 4427 490 END
START -2540 5624 -8352 15042 4521 707 END
START -2272 5820 -8372 13569 4557 852 END
START -2096 6044 -8508 12152 4385 983 END
START -1960 6052 -8620 10820 4156 1052 END
START -1776 6116 -8692 9540 3743 1037 END
START -1576 6220 -8588 8348 3299 970 END
START -1460 6192 -8584 7232 2743 889 END
START -1424 6208 -8640 6146 2133 756 END
START -1276 6332 -8684 5055 1494 613 END
START -1272 6272 -8764 4060 938 440 END
START -1004 6356 -8932 3010 368 242 END
START -904 6340 -8828 1919 -120 37 END
START -780 6300 -8668 912 -487 -133 END
START -756 6160 -8660 -107 -704 -343 END
START -508 6164 -8636 -1024 -718 -496 END
START -532 6076 -8556 -1953 -571 -634 END
START -644 6000 -8880 -2837 -256 -762 END
START -672 5880 -9152 -3712 270 -831 END
START -820 5928 -9284 -4597 830 -903 END
START -916 6012 -9392 -5548 1363 -979 END
START -1192 6096 -9528 -6605 1945 -1015 END
START -1352 6128 -9760 -7750 2623 -1050 END
START -1548 6028 -10116 -8960 3318 -1050 END
START -1584 5940 -10312 -10189 4261 -1026 END
START -1864 5612 -10384 -11441 5119 -920 END
START -2012 5344 -10376 -12634 6023 -756 END
START -2304 5244 -10536 -13875 6802 -559 END
START -2580 5212 -10288 -15105 7457 -345 END
START -2836 5120 -10208 -16323 8004 -60 END
START -3080 4972 -10104 -17505 8336 197 END
START -3144 4748 -9756 -18715 8539 461 END
START -3380 4604 -9488 -19805 8629 723 END
START -3280 4384 -8820 -20917 8630 1021 END
START -3032 4148 -8436 -21967 8530 1289 END
START -2620 3916 -7896 -22937 8447 1547 END
START -2372 3752 -7428 -23819 8322 1764 END
START -1988 3428 -6932 -24692 8286 1911 END
START -1468 2996 -6324 -25392 8197 1976 END
START -1300 2644 -5636 -26092 8074 1999 END
START -1304 2216 -5112 -26669 7923 2020 END
START -932 1920 -4796 -27193 7692 2002 END
START -932 1920 -4208 -27652 7421 1954 END
START -772 1772 -3704 -28144 7039 1956 END
START -708 1644 -3080 -28575 6558 1910 END
START -792 1536 -2828 -28976 6074 1872 END
START -696 1400 -2780 -29318 5706 1797 END
START -552 1156 -2788 -29668 5364 1787 END
START -276 1024 -3068 -30107 5155 1743 END
START -36 972 -3336 -30597 5066 1745 END
START 292 1068 -3616 -31267 4964 1688 END
START 280 1004 -3480 -32084 4841 1660 END
START 336 1068 -3344 -32768 4654 1632 END
START 360 952 -3068 -32768 4443 1578 END
START 568 660 -2760 -32768 4271 1529 END
START 540 532 -2120 -32768 4034 1477 END
START 440 356 -1224 -32768 3792 1416 END
START 132 28 -244 -32768 3446 1367 END
START -204 -252 720 -32768 3004 1320 END
START -444 -508 1720 -32768 2487 1335 END
START -400 -756 2600 -32768 1969 1322 END
START -388 -868 3184 -32768 1539 1319 END
START -272 -1148 3784 -32768 1175 1286 END
START -112 -1216 4576 -32768 850 1220 END
START -48 -1592 5616 -32768 568 1201 END
START 8 -1992 6316 -32768 376 1140 END
START 236 -2252 7356 -32768 342 1107 END
START 124 -2320 8060 -32768 466 1102 END
START 260 -2564 8792 -32768 790 1085 END
START 284 -2624 9252 -32768 1287 1074 END
START 224 -2828 9960 -32768 1870 1055 END
START 132 -3060 10660 -32768 2550 1017 END
START 172 -3220 11324 -32768 3228 976 END
START 180 -3460 12120 -32768 3949 897 END
START 0 -3820 12880 -32768 4688 807 END
START -40 -4324 13824 -32768 5321 701 END
START -384 -4904 15108 -32768 5671 562 END
START -752 -5564 16500 -32768 5886 374 END
START -816 -6288 18316 -32768 5844 139 END
START -884 -6856 19644 -32768 5708 -59 END
START -968 -7188 21336 -32768 5426 -335 END
START -860 -7580 22660 -32768 5212 -650 END
START -916 -8160 24708 -32768 4977 -1122 END
START -708 -8376 26264 -32768 4787 -1688 END
START -772 -8768 28056 -32768 4629 -2268 END
START -1048 -8828 29740 -32768 4603 -2924 END
START -1480 -8976 31684 -32768 4516 -3533 END
START -2348 -9280 32767 -32768 4363 -4104 END
START -2844 -9628 32767 -32768 4206 -4547 END
START -3616 -9972 32767 -32768 4059 -4974 END
START -4456 -9968 32767 -32768 3858 -5317 END
START -5148 -10216 32767 -32768 3532 -5599 END
START -6472 -9836 32767 -32768 2987 -5735 END
START -7308 -9600 32767 -32768 2237 -5778 END
START -7768 -9668 32767 -31917 1508 -5711 END
START -8044 -9928 32767 -29535 564 -5562 END