START 15300 2952 32767 -9074 -4415 -3976 END
START 8580 -9056 32767 -2948 -2622 -4868 END
START 12684 -9900 32767 1428 480 -7091 END
START 12872 -8776 32767 3866 5814 -9320 END
START 7180 -9084 32767 6410 9158 -10914 END
START 1800 -8908 32767 10660 9968 -10476 END
START -1388 -8192 32767 14222 9495 -8123 END
START -1736 -7504 29992 16492 8623 -5513 END
START -1368 -7996 27148 17772 6567 -3559 END
START -136 -9040 25676 18639 3873 -2441 END
START 1164 -10840 27112 19708 936 -3014 END
START 1676 -12164 28548 21822 169 -4122 END
START -112 -13320 28732 24573 1198 -4596 END
START -2244 -14108 26656 27089 2657 -3512 END
START -2864 -14144 24004 28348 3945 -1938 END
START -1772 -13976 21952 28907 5907 -756 END
START -1924 -13864 20584 29542 7345 -173 END
START -2948 -14024 18728 30912 7298 212 END
START -3888 -14260 16212 32767 5609 867 END
START -4416 -13972 12872 32767 4544 2000 END
START -4608 -13340 8664 32767 5766 3658 END
START -5116 -12452 4400 32767 8272 5823 END
START -6068 -11720 1244 31858 10779 8870 END
START -6672 -10212 -2060 29181 12881 12758 END
START -7308 -8868 -4012 26397 13282 16920 END
START -6528 -8076 -8444 23069 13130 20499 END
START -5064 -6744 -12964 17257 12013 24055 END
START -2628 -4704 -17548 8268 13475 27145 END
START -1116 -2788 -20296 -3090 17178 29574 END
START -456 -2168 -21456 -15013 18383 31739 END
START 1916 -2516 -15980 -23361 16476 32142 END
START 6956 -2060 -8256 -26306 12897 30621 END
START 13336 64 -4316 -25411 8205 26450 END
START 17764 2116 -3248 -25857 3863 20571 END
START 19116 2300 1264 -27587 683 15078 END
START 22352 2820 7356 -28421 -1333 11115 END
START 26392 3520 14312 -28301 -1203 5832 END
START 32767 4340 22080 -27496 3433 -1903 END
START 32767 4556 28136 -26170 13499 -15877 END
START 32767 64 31708 -24401 21239 -31953 END
START 23148 -4608 32767 -23209 24633 -32768 END
START 12988 -10132 32767 -18977 25869 -32768 END
START -824 -15736 32767 -9032 24250 -32768 END
START -15816 -18844 32767 3463 15890 -32768 END
START -22176 -19220 32767 14520 4324 -32768 END