START -3160 -14800 32767 -17677 -8288 463 END
START 15652 -11008 32767 -13211 -3154 -1435 END
START 16348 -11492 32767 -7253 5485 -1680 END
START 13116 -11536 32767 -1511 9685 -2780 END
START 8648 -11968 32767 4362 9580 -3846 END
START 5740 -12476 32767 11474 5484 -4005 END
START 5592 -12164 32767 18490 1443 -4281 END
START 6524 -11984 32767 23749 304 -4979 END
START 5992 -12472 32767 26383 2021 -5922 END
START 7488 -13564 32767 28536 5004 -6524 END
START 7796 -14516 32767 31284 8005 -8187 END
START 4384 -15552 31464 32767 7928 -9215 END
START 3252 -16332 29432 32767 5283 -9524 END
START 3936 -16444 27096 32767 2515 -9541 END
START 4848 -16408 24436 32767 2411 -9674 END
START 5796 -16400 20988 32767 4166 -9971 END
START 4088 -16168 16268 32767 7571 -9752 END
START 2112 -15432 11872 32767 8705 -9396 END
START 60 -15444 8660 32767 7215 -9445 END
START -1880 -14720 4836 32767 4832 -9429 END
START -4412 -14528 1496 32767 4582 -9185 END
START -7788 -13344 -1396 32767 9072 -6764 END
START -13108 -12580 -2524 28486 12821 -1620 END
START -16608 -11644 -2256 25700 12392 6185 END
START -15612 -10792 -2872 24370 8298 14126 END
START -12144 -9320 -4848 23119 5311 19571 END
START -9352 -8064 -6664 21065 3466 23476 END
START -7616 -7540 -8588 18300 2116 26757 END
START -7404 -7364 -9320 15042 1456 31452 END
START -4620 -6752 -10628 11822 1122 32767 END
START -1492 -5144 -13196 6594 1871 32767 END
START 1280 -4504 -14984 132 2947 32767 END
START 4700 -3680 -15180 -6893 5170 32767 END
START 10568 -2892 -14788 -14084 6051 32767 END
START 16016 -3080 -11948 -19955 4187 32767 END
START 27040 -1032 -6832 -23384 -1889 29516 END
START 32767 2620 -3748 -23708 -626 20108 END
START 32767 5448 -1368 -25014 2483 9171 END
START 32767 4936 660 -26427 3114 183 END
START 32767 5336 2856 -27899 3462 -6256 END
START 32767 6476 5144 -30122 5444 -13468 END
START 32767 6476 9532 -32768 11518 -21199 END
START 32767 2232 20028 -32768 17347 -29682 END
START 22952 -3780 32364 -32768 17473 -32768 END
START 12700 -9292 32767 -22691 12694 -32768 END