START 6996 -12588 32767 -7783 6129 -6299 END
START 6300 -20268 32767 -241 828 -5000 END
START 624 -19812 32767 4850 -2692 -3428 END
START -2544 -20240 32767 10390 -3621 -1635 END
START -2980 -20408 32767 15890 -4610 512 END
START -1244 -20456 32767 20320 -6012 1585 END
START -152 -20288 32767 24089 -4210 1428 END
START -980 -20216 32767 27258 -2561 1744 END
START 48 -20156 32767 30604 -2100 2689 END
START 820 -20616 32688 32767 -1788 2317 END
START 3948 -20312 31572 32767 -1062 998 END
START 2368 -20444 28872 32767 69 -1733 END
START 388 -20944 26672 32767 -1652 -3265 END
START -844 -20992 22544 32767 -3720 -4382 END
START -1428 -20732 18588 32767 -4732 -5138 END
START -3244 -19544 13876 32767 -4022 -4736 END
START -3976 -18704 9896 32767 -2559 -3000 END
START -4044 -17080 6244 32767 -353 -1313 END
START -3096 -15124 3444 32767 2421 -514 END
START -4500 -14004 16 32767 5324 134 END
START -8044 -12664 -3760 32767 5690 1499 END
START -12128 -11264 -6740 32767 2342 4424 END
START -13008 -8760 -9252 32767 -3032 8741 END
START -10960 -7156 -10476 28833 -5474 12018 END
START -9036 -5360 -11468 23630 -3669 15643 END
START -6556 -4252 -11588 18146 154 18403 END
START -5028 -3588 -13444 12544 3561 21082 END
START -4568 -3416 -14024 6406 4773 24300 END
START -4084 -3456 -14208 898 4312 28000 END
START -776 -3000 -13796 -4592 3021 31088 END
START 2192 -2824 -12128 -9478 2820 32767 END
START 6292 -3044 -10916 -13817 1655 32767 END
START 11816 -2752 -8904 -17806 933 32767 END
START 22052 -1000 -6340 -21226 1410 31020 END
START 27040 888 -2012 -23984 4820 23874 END
START 31040 2152 2256 -25666 4300 17599 END
START 32767 4416 6752 -25652 4420 10286 END
START 32767 6196 11512 -26435 7405 862 END
START 32767 7628 17488 -27050 12137 -9121 END
START 32767 7068 24784 -26394 19275 -21827 END
START 32767 3648 31480 -24000 26353 -32768 END
START 23676 -2792 32767 -21250 30551 -32768 END
START 12436 -6708 32767 -14000 29279 -32768 END
START 860 -11136 32767 -4778 23497 -32768 END
START -10724 -12816 32767 5028 12948 -32768 END