START -5668 3464 6056 20169 1203 -7017 END
START -5992 -1568 -2872 21700 1327 -6717 END
START -4104 4704 648 19739 559 -6083 END
START -5364 2404 776 20861 1056 -5715 END
START -7524 3276 5796 20262 -480 -5100 END
START -8744 2532 5704 20350 -528 -4492 END
START -8640 2784 5096 20058 -1148 -3894 END
START -8256 2656 3900 19985 -1381 -3265 END
START -8988 2460 4172 19889 -1396 -2508 END
START -10028 2556 4880 19790 -1479 -1665 END
START -10292 2568 4804 19755 -1712 -677 END
START -10148 2648 4064 19722 -1872 274 END
START -10484 2564 3736 19706 -1834 1299 END
START -10756 2288 3740 19647 -1747 2330 END
START -10752 2312 3148 19561 -1700 3352 END
START -10712 2116 2608 19403 -1688 4409 END
START -10848 2152 2040 19147 -1677 5419 END
START -11216 2092 2008 18803 -1763 6467 END
START -11500 2212 1880 18390 -1975 7554 END
START -11304 2316 1468 17981 -2136 8658 END
START -11260 2420 772 17516 -2284 9759 END
START -11232 2588 260 17058 -2259 10891 END
START -11200 2644 -204 16523 -2206 12057 END
START -10924 2772 -620 16001 -2034 13151 END
START -10808 2608 -1368 15374 -1869 14332 END
START -10604 2476 -1824 14700 -1669 15502 END
START -10812 2344 -2604 13997 -1525 16817 END
START -10884 2476 -3060 13283 -1520 18141 END
START -10836 2536 -3888 12549 -1535 19505 END
START -10452 2868 -5032 11659 -1627 20880 END
START -9796 3112 -5744 10679 -1687 22206 END
START -9112 3072 -6304 9575 -1757 23371 END
START -8204 3084 -6792 8379 -1776 24430 END
START -7224 2916 -7344 7146 -1763 25344 END
START -6224 2916 -7340 5836 -1704 26185 END
START -5316 2856 -7840 4477 -1519 26928 END
START -4672 2828 -7956 3154 -1343 27599 END
START -4072 3048 -8268 1814 -1042 28181 END
START -3104 3172 -8412 479 -720 28757 END
START -1976 3408 -8568 -912 -332 29190 END
START -656 3492 -8688 -2325 135 29531 END
START 428 3488 -8788 -3697 466 29759 END
START 1452 3384 -8672 -5141 882 29933 END
START 2232 3408 -9020 -6468 1158 30030 END
START 2784 3592 -8872 -7889 1420 30094 END
START 3568 3816 -9248 -9287 1711 30096 END
START 4324 4096 -9192 -10793 2017 29987 END
START 5088 4524 -9252 -12378 2471 29751 END
START 5608 4764 -9092 -14024 2913 29427 END
START 6348 5152 -8672 -15630 3433 29105 END
START 6864 5496 -8136 -17282 3976 28722 END
START 7356 5532 -7280 -18857 4571 28324 END
START 7532 5416 -6232 -20351 5062 27886 END
START 7720 5340 -5460 -21636 5419 27523 END
START 8092 5276 -4528 -22774 5799 27230 END
START 8952 5364 -3740 -23730 6087 26943 END
START 10192 5496 -3428 -24608 6687 26632 END
START 11492 5664 -2512 -25423 7427 26144 END
START 12620 5748 -1752 -26169 8267 25540 END
START 13716 5776 -616 -26831 9033 24828 END
START 14408 5704 456 -27375 9604 23996 END
START 14936 5824 1616 -27790 9969 23123 END
START 15368 6032 2936 -28063 10170 22231 END
START 15760 6108 4092 -28175 10224 21331 END
START 16292 6460 5160 -28142 10048 20433 END
START 16560 6828 6340 -28013 9810 19603 END
START 17064 7224 6908 -27816 9431 18780 END
START 18004 7380 7484 -27524 9201 17847 END
START 18672 7544 8068 -27266 8910 16866 END
START 19308 7668 8520 -26987 8699 15814 END
START 19948 7932 8964 -26751 8445 14702 END
START 20508 8160 9272 -26561 8168 13562 END
START 20980 8544 9492 -26402 7814 12245 END
START 21192 8864 10196 -26288 7379 11060 END
START 21288 9068 10684 -26151 6863 9752 END
START 21312 9136 11160 -26077 6343 8559 END
START 21660 9340 11680 -25955 5913 7336 END
START 21876 9404 11684 -25861 5689 6135 END
START 21652 9564 12000 -25755 5603 4970 END
START 21616 9592 12512 -25745 5721 3824 END
START 21296 9744 12968 -25757 5977 2800 END
START 21016 9768 13588 -25877 6322 1789 END
START 20932 9756 14308 -25967 6772 822 END
START 20604 9772 15172 -26031 7190 -68 END
START 20244 9564 15884 -26027 7654 -923 END
START 20004 9364 16688 -25978 8235 -1740 END
START 19900 9020 17236 -25847 8825 -2581 END
START 19668 8984 18252 -25722 9411 -3340 END
START 19488 8784 19416 -25574 9855 -4096 END
START 19688 8636 19716 -25356 10377 -4887 END
START 19988 8688 20684 -25105 11050 -5714 END
START 19952 8820 21776 -24857 11742 -6603 END
START 20044 8668 22856 -24558 12421 -7555 END
START 20080 8568 23784 -24169 13037 -8606 END
START 19992 8344 25012 -23708 13387 -9722 END
START 19968 8324 26240 -23175 13622 -10874 END
START 19548 8152 27880 -22424 13786 -12074 END
START 19080 7976 28784 -21589 13874 -13338 END
START 18420 7820 29836 -20587 13653 -14526 END
START 17856 7596 30472 -19436 13035 -15696 END
START 17484 7392 30408 -18214 12870 -16846 END
START 16968 7012 30400 -17003 12158 -17961 END
START 16596 6872 30368 -15907 11521 -19157 END
START 16064 6576 30348 -14902 10656 -20356 END
START 15036 6076 30760 -13927 9637 -21532 END
START 14228 5796 31316 -13049 8408 -22738 END
START 13244 5268 31664 -12161 7034 -23854 END
START 12332 4812 31844 -11230 5482 -24982 END
START 11296 4432 32580 -10243 3843 -26043 END
START 10552 4008 32767 -9230 2221 -26991 END
START 9852 3348 32767 -8134 611 -27836 END
START 9204 2916 32767 -7021 -723 -28560 END
START 8536 2416 32767 -5835 -1971 -29257 END
START 7876 1840 32767 -4562 -3012 -29825 END
START 7412 1484 32767 -3283 -3773 -30289 END
START 6428 1084 32767 -1936 -4373 -30732 END
START 5480 952 32767 -696 -4768 -31021 END
START 4556 472 32767 434 -5001 -31222 END
START 3648 236 32767 1497 -5100 -31364 END
START 2732 52 32620 2420 -5097 -31346 END
START 1932 52 32584 3298 -4977 -31260 END
START 1144 280 32204 4040 -4678 -31133 END
START 540 224 31748 4771 -4136 -30939 END
START 0 244 31252 5430 -3467 -30717 END
START -496 160 30968 6038 -2769 -30418 END
START -1408 72 30864 6581 -2029 -30028 END
START -1976 -232 30604 7100 -1355 -29542 END
START -2532 -304 30672 7622 -755 -28947 END
START -3272 -416 30308 8151 -124 -28271 END
START -3308 -160 29820 8656 619 -27547 END
START -3448 -116 29740 9189 1451 -26803 END
START -3560 116 29496 9698 2299 -26059 END
START -3588 240 29308 10229 3117 -25361 END
START -3820 316 29332 10727 3865 -24671 END
START -3972 436 29212 11340 4463 -24068 END
START -4088 552 28916 11924 4937 -23492 END
START -4644 644 28932 12564 5261 -22912 END
START -4988 696 29076 13322 5379 -22398 END
START -5444 824 28976 14142 5303 -21772 END
START -5820 892 28740 15068 5157 -21134 END
START -6128 1052 28332 16092 4909 -20488 END
START -6372 1060 27988 17134 4601 -19814 END
START -6652 1012 27552 18242 4125 -19108 END
START -6948 1148 27396 19301 3573 -18413 END
START -7352 1204 26836 20374 2928 -17657 END
START -7524 1248 26232 21405 2309 -16907 END
START -7680 1392 25792 22438 1702 -16125 END
START -7836 1492 25108 23449 1093 -15364 END
START -7844 1644 24212 24544 579 -14540 END
START -7704 1768 23476 25550 39 -13727 END
START -7816 1720 22896 26546 -452 -12982 END
START -7736 1688 22568 27474 -1085 -12279 END
START -7956 1624 21504 28387 -1796 -11594 END
START -8068 1684 20640 29241 -2504 -10902 END
START -8024 1680 19740 30117 -3257 -10231 END
START -8212 1700 18652 30912 -3950 -9582 END
START -8144 1808 17608 31605 -4629 -8952 END
START -8252 1940 16580 32233 -5311 -8320 END
START -8164 2032 15376 32744 -6097 -7670 END
START -8144 2144 14244 32767 -6877 -7088 END
START -7944 2508 13072 32767 -7633 -6511 END
START -7588 2368 12028 32767 -8356 -5940 END
START -6968 2348 10740 32767 -8932 -5432 END
START -6324 2280 9344 32767 -9206 -5022 END
START -5932 2320 8148 32767 -9317 -4589 END
START -5536 2520 7132 32767 -9363 -4173 END
START -5032 2612 5800 32680 -9261 -3827 END
START -4580 2908 4516 32147 -8987 -3503 END
START -3940 3300 3160 31498 -8520 -3259 END
START -3636 3656 2072 30706 -7846 -3058 END
START -3220 4104 1008 29780 -6923 -2805 END
START -2872 4456 -300 28812 -5831 -2583 END
START -2612 4696 -1196 27709 -4571 -2380 END
START -2184 5136 -2504 26492 -3098 -2145 END
START -2112 5164 -3276 25162 -1576 -1902 END
START -1924 5300 -4444 23739 -61 -1676 END
START -2032 5280 -5064 22288 1324 -1442 END
START -2212 5472 -5908 20670 2612 -1157 END
START -2508 5668 -6488 19043 3837 -868 END
START -2768 6008 -7236 17430 4909 -488 END
START -2872 6312 -7776 15789 5843 -96 END
START -2960 6296 -7984 14114 6613 363 END
START -3204 6240 -8268 12499 7131 790 END
START -3416 6124 -8632 10776 7501 1298 END
START -3472 5912 -9432 9121 7838 1793 END
START -3372 5828 -10048 7484 8030 2322 END
START -3668 6048 -10164 5850 8076 2840 END
START -3676 6184 -10500 4218 7796 3410 END
START -3848 6308 -10472 2699 7318 3967 END
START -3676 6264 -10792 1105 6617 4549 END
START -3356 6188 -11144 -439 5823 5109 END
START -2800 6184 -11572 -1938 5144 5564 END
START -2104 6044 -11988 -3554 4522 5912 END
START -1420 6036 -12428 -5306 4103 6153 END
START -760 5924 -12632 -7139 3739 6306 END
START -436 6032 -12604 -8980 3259 6421 END
START -384 5940 -12192 -10825 2689 6545 END
START -132 5792 -12128 -12591 1996 6707 END
START 368 5324 -12060 -14368 1406 6802 END
START 720 4868 -12104 -15898 841 6923 END
START 1268 4512 -11708 -17535 325 6999 END
START 1728 3876 -11584 -18972 -203 6988 END
START 2284 3504 -11428 -20392 -764 6941 END
START 2732 3044 -11084 -21773 -1215 6910 END
START 2928 2624 -10396 -23052 -1617 6863 END
START 3188 2360 -9752 -24299 -1859 6834 END
START 3468 2428 -9356 -25430 -1930 6800 END
START 3460 2288 -8780 -26574 -1626 6800 END
START 3500 2016 -8604 -27528 -1226 6799 END
START 3516 1772 -8412 -28367 -697 6804 END
START 3512 1548 -8092 -29159 -12 6859 END
START 3360 1312 -7632 -29859 679 6959 END
START 3176 1340 -7284 -30647 1429 7125 END
START 3064 1416 -6724 -31407 2237 7323 END
START 2928 1512 -6308 -32216 3061 7546 END
START 2768 1596 -6056 -32768 3998 7802 END
START 2472 1628 -5048 -32768 4820 8092 END
START 2192 1416 -4492 -32768 5621 8408 END
START 1660 1308 -3636 -32768 6335 8702 END
START 1368 1308 -2896 -32768 6966 9031 END
START 748 1180 -2092 -32768 7433 9433 END
START 32 1096 -1148 -32768 7552 9818 END
START -356 840 -396 -32768 7576 10275 END
START -780 832 512 -32768 7449 10745 END
START -1140 1080 1188 -32768 7263 11167 END
START -1308 1184 1780 -32768 7099 11609 END
START -1352 1252 2596 -32768 6948 11996 END
START -1608 1048 3024 -32768 6853 12484 END
START -1720 800 3616 -32768 6801 12808 END
START -2032 624 4268 -32768 6729 13207 END
START -2224 556 5092 -32768 6813 13664 END
START -3008 592 6680 -32768 6659 14187 END
START -3368 620 7440 -32768 6370 14749 END
START -3532 648 8652 -32768 6143 15354 END
START -3312 656 9656 -32768 6190 15970 END
START -2984 428 11016 -32768 6503 16493 END
START -2584 -84 12144 -32768 7033 16998 END
START -2616 -272 13692 -32768 7587 17413 END
START -1760 -764 14668 -32768 8264 17790 END
START -1556 -1040 16240 -32768 8785 18073 END
START -828 -1372 17212 -32768 9531 18290 END
START 76 -2272 17968 -32768 10380 18401 END
START 1340 -2856 18804 -32768 11346 18390 END
START 2476 -3496 19996 -32768 12358 18220 END
START 3532 -3844 21420 -32768 13604 17867 END
START 3904 -4016 22528 -32768 14448 17324 END
START 4492 -4292 23796 -32768 15221 16648 END
START 4744 -4412 25760 -32768 15857 15820 END
START 4620 -4720 27840 -32768 16071 14833 END
START 4636 -4848 29528 -32768 15888 13823 END
START 4620 -5080 31304 -32768 15584 12721 END
START 4064 -5328 32767 -32768 14710 11626 END
START 3516 -5588 32767 -32768 13525 10414 END