START -6604 2628 12796 20939 2557 -10343 END
START -4644 -1240 1984 21971 2226 -9770 END
START -5396 3912 9896 20248 2667 -8852 END
START -7392 2712 12584 20978 3418 -8258 END
START -6044 2388 9116 20427 3408 -7729 END
START -6740 2760 10360 20258 3332 -7138 END
START -7604 2708 10776 19913 3239 -6548 END
START -7884 2516 11052 19644 3175 -5879 END
START -7848 2356 10480 19495 3150 -5199 END
START -7660 2028 9872 19411 3308 -4380 END
START -9284 1464 11116 19378 3109 -3525 END
START -9092 1684 11172 19462 3140 -2540 END
START -8808 1664 10556 19644 3269 -1478 END
START -7868 1772 9816 19865 3900 -494 END
START -7572 1496 9664 20178 4480 425 END
START -7592 1328 9800 20459 4983 1313 END
START -7524 1304 9452 20665 5273 2140 END
START -7488 1184 9452 20855 5347 2969 END
START -7356 1096 9112 21024 5355 3712 END
START -7028 976 8276 21173 5408 4451 END
START -6864 892 7444 21209 5526 5118 END
START -6796 992 7024 21177 5623 5799 END
START -6956 892 6292 21110 5592 6548 END
START -7112 932 5692 20946 5490 7350 END
START -7360 1132 5040 20801 5182 8193 END
START -7508 948 3960 20600 4872 9076 END
START -7548 1120 3168 20399 4387 9992 END
START -7544 1120 2124 20112 3898 10923 END
START -7580 1056 1104 19736 3205 11852 END
START -7512 1080 -12 19242 2484 12834 END
START -7296 1152 -908 18654 1849 13723 END
START -7044 1448 -2200 17899 1253 14685 END
START -6612 1640 -3240 16994 772 15606 END
START -5940 2012 -4608 15941 383 16518 END
START -5300 2232 -5580 14723 123 17339 END
START -4616 2180 -6460 13456 16 18099 END
START -3912 1980 -6964 12095 -166 18836 END
START -3084 1740 -7748 10684 -245 19491 END
START -2240 1664 -8072 9307 -222 20106 END
START -1460 1604 -8552 7829 -33 20666 END
START -760 1748 -8776 6411 224 21142 END
START -288 1844 -8652 4914 539 21548 END
START 584 1836 -8816 3467 987 21795 END
START 1200 1920 -8704 2033 1475 22024 END
START 1852 2044 -8812 607 2131 22134 END
START 2544 2024 -8924 -694 2723 22146 END
START 3252 1868 -8828 -2001 3383 22128 END
START 4044 1836 -8672 -3270 4121 22079 END
START 4788 1628 -8664 -4538 4909 22026 END
START 5356 1668 -8924 -5818 5776 21916 END
START 5808 1908 -8812 -7079 6581 21788 END
START 6104 2344 -8656 -8311 7155 21606 END
START 6164 2628 -8336 -9577 7627 21447 END
START 6192 2840 -8088 -10905 7856 21239 END
START 6392 2844 -7908 -12140 8042 21014 END
START 6728 2728 -7544 -13304 8194 20788 END
START 7124 2776 -7180 -14458 8292 20532 END
START 7556 2856 -6904 -15433 8401 20237 END
START 7936 2948 -6224 -16475 8430 19914 END
START 8112 3020 -5472 -17406 8317 19603 END
START 8208 3072 -4656 -18193 8034 19276 END
START 8132 3000 -3988 -18848 7587 18991 END
START 8176 3036 -2928 -19332 6958 18714 END
START 8016 2984 -2276 -19688 6295 18525 END
START 8068 3260 -1996 -19942 5556 18327 END
START 7920 3472 -1416 -20089 4733 18154 END
START 7892 3824 -1120 -20221 3942 18031 END
START 8196 3972 -704 -20284 3235 17880 END
START 8276 4076 -724 -20398 2589 17809 END
START 8524 4316 -552 -20512 2014 17740 END
START 8756 4244 -456 -20690 1575 17684 END
START 9132 4512 -484 -20963 1184 17708 END
START 9624 4748 -548 -21361 931 17726 END
START 10344 5048 -308 -21768 864 17770 END
START 11516 5344 -116 -22286 958 17749 END
START 12444 5500 272 -22789 1224 17700 END
START 14060 5584 524 -23312 1734 17506 END
START 15620 5688 1108 -23774 2409 17184 END
START 17228 5824 1648 -24141 3158 16667 END
START 18928 6140 2548 -24499 3949 15859 END
START 19824 6520 3460 -24753 4662 14933 END
START 20412 7148 4112 -25080 5176 13846 END
START 20884 7540 4716 -25320 5600 12583 END
START 21172 8056 5300 -25535 5860 11468 END
START 21192 8332 6084 -25816 5838 10177 END
START 21036 8780 6668 -26097 5590 8937 END
START 21256 8924 7200 -26323 5165 7812 END
START 21216 9220 7544 -26579 4724 6705 END
START 21384 9496 7696 -26852 4245 5619 END
START 21516 9728 8348 -27153 3837 4582 END
START 21732 9900 8804 -27507 3392 3522 END
START 21848 9968 9568 -27930 2972 2469 END
START 21812 10124 10416 -28386 2541 1438 END
START 21960 10324 11452 -28875 2292 401 END
START 21884 10608 12692 -29338 2109 -658 END
START 22196 10624 13984 -29715 2089 -1664 END
START 22328 10548 15448 -29935 2303 -2740 END
START 22300 10596 17016 -30073 2581 -3797 END
START 22264 10388 18364 -30027 3031 -4905 END
START 22116 10216 19836 -29840 3533 -5988 END
START 21968 10088 21044 -29533 4156 -7123 END
START 21500 10056 22336 -29152 4793 -8160 END
START 21040 9880 23476 -28717 5441 -9185 END
START 20564 9860 24324 -28250 6105 -10142 END
START 19924 9392 25348 -27793 6752 -11069 END
START 19908 9000 26036 -27352 7510 -12025 END
START 19664 8516 26852 -26963 8292 -12937 END
START 19628 7924 27504 -26612 9047 -13943 END
START 19380 7580 28588 -26250 9753 -14997 END
START 19112 6788 29464 -25843 10338 -16104 END
START 18776 6196 30416 -25410 10750 -17242 END
START 18168 5628 31848 -24851 10962 -18454 END
START 17400 4964 32767 -24222 10924 -19743 END
START 16448 4356 32767 -23459 10645 -21057 END
START 15016 3392 32767 -22623 10189 -22353 END
START 13936 2932 32767 -21714 9567 -23594 END
START 12648 2320 32767 -20724 8879 -24786 END
START 11432 1568 32767 -19700 8098 -25874 END
START 10044 1164 32767 -18523 7186 -26885 END
START 8700 672 32767 -17377 6242 -27716 END
START 7360 24 32767 -16091 5344 -28448 END
START 6120 -688 32767 -14826 4428 -29061 END
START 4908 -1244 32767 -13354 3585 -29554 END
START 3672 -1868 32767 -11820 2756 -29909 END
START 2556 -2520 32767 -10250 2000 -30146 END
START 1368 -2908 32767 -8544 1334 -30238 END
START 104 -3496 32767 -6840 725 -30226 END
START -1096 -4064 32767 -5057 87 -30091 END
START -2356 -4592 32767 -3312 -551 -29812 END
START -3608 -4960 32767 -1386 -1133 -29402 END
START -4660 -5136 32767 568 -1748 -28872 END
START -5784 -5236 32767 2468 -2131 -28166 END
START -6772 -5128 32767 4382 -2491 -27372 END
START -7516 -5120 32767 6345 -2748 -26453 END
START -8208 -5300 32767 8246 -2972 -25499 END
START -8928 -5408 32767 10162 -3156 -24356 END
START -9172 -5532 32767 11979 -3421 -23260 END
START -9596 -5536 32767 13728 -3646 -22146 END
START -9732 -5636 32767 15481 -3911 -20948 END
START -9816 -5524 32767 17154 -4227 -19819 END
START -9796 -5484 32767 18762 -4495 -18662 END
START -9624 -5528 32767 20216 -4762 -17639 END
START -9496 -5536 32767 21648 -5036 -16581 END
START -9060 -5372 32767 22928 -5228 -15664 END
START -8828 -5280 32767 24206 -5439 -14719 END
START -8632 -5208 32116 25363 -5642 -13921 END
START -8308 -5100 30848 26499 -5774 -13103 END
START -7796 -4872 30028 27556 -5960 -12347 END
START -7584 -4812 28828 28493 -6122 -11676 END
START -7200 -4796 27548 29390 -6209 -11064 END
START -7100 -4416 26640 30187 -6369 -10486 END
START -6756 -4088 25264 30966 -6483 -9871 END
START -6832 -4028 24356 31718 -6612 -9362 END
START -6712 -3804 23228 32393 -6743 -8824 END
START -6848 -3508 22408 32767 -6955 -8278 END
START -6932 -3320 21316 32767 -7147 -7721 END
START -7104 -2784 20604 32767 -7513 -7212 END
START -7076 -2688 19532 32767 -7851 -6680 END
START -6908 -2456 18784 32767 -8212 -6129 END
START -6692 -2392 17740 32767 -8549 -5611 END
START -6820 -2204 16760 32767 -8877 -5112 END
START -6800 -1808 16012 32767 -9193 -4683 END
START -6680 -1448 15052 32767 -9529 -4203 END
START -6608 -1252 14308 32767 -9800 -3787 END
START -6360 -1060 12900 32767 -9859 -3402 END
START -5904 -516 11704 32767 -9801 -3023 END
START -5736 -240 10516 32767 -9566 -2654 END
START -5316 76 9344 32767 -9139 -2268 END
START -5208 352 8260 32767 -8608 -1875 END
START -4908 616 7124 32767 -7924 -1459 END
START -4464 856 6140 32767 -7150 -1006 END
START -3956 1136 5012 32767 -6271 -616 END
START -3284 1428 3876 32767 -5274 -193 END
START -3020 1644 2828 32767 -4273 140 END
START -2576 1932 2236 32274 -3262 487 END
START -2108 2152 1064 31356 -2179 780 END
START -1644 2388 244 30413 -1229 1041 END
START -1536 2592 -968 29296 -300 1295 END
START -1172 2812 -1836 28170 551 1510 END
START -1148 3028 -2564 26954 1257 1667 END
START -1004 3196 -3320 25655 1855 1868 END
START -900 3356 -3944 24308 2380 2024 END
START -1032 3656 -4332 23005 2723 2161 END
START -1124 4012 -4704 21655 2975 2296 END
START -1076 4308 -5044 20338 2982 2438 END
START -1308 4640 -5324 18979 2815 2597 END
START -1516 4820 -6024 17713 2472 2756 END
START -1820 4968 -6136 16461 1943 2968 END
START -2096 4952 -6652 15343 1200 3241 END
START -2184 5180 -6864 14145 316 3511 END
START -2384 5200 -7360 13027 -621 3861 END
START -2304 5356 -7720 12028 -1573 4164 END
START -2400 5728 -7776 10872 -2708 4397 END
START -2164 6076 -7752 9605 -3832 4578 END
START -2100 6136 -7592 8353 -5044 4724 END
START -1808 6264 -7652 6989 -6106 4828 END
START -1708 6024 -7736 5706 -7045 4852 END
START -1476 5856 -7288 4338 -7940 4875 END
START -1220 5512 -7180 3096 -8643 4803 END
START -940 5188 -6804 1948 -9020 4701 END
START -956 5044 -6804 890 -9116 4601 END
START -736 5000 -6652 -115 -8991 4453 END
START -852 5032 -6616 -1082 -8561 4296 END
START -744 4872 -6828 -2147 -7818 4189 END
START -800 4636 -7188 -3107 -6844 4098 END
START -1140 4096 -6996 -4121 -5707 4057 END
START -1496 3708 -7648 -5181 -4344 4075 END
START -1920 3432 -7744 -6242 -2887 4207 END
START -2360 3392 -8384 -7503 -1292 4476 END
START -3104 3432 -8900 -8826 330 4920 END
START -3912 3524 -9264 -10189 1874 5427 END
START -4884 3412 -9600 -11718 3298 6060 END
START -5676 3216 -9560 -13365 4462 6853 END
START -6476 3124 -9344 -15067 5344 7746 END
START -7168 2956 -9072 -16562 5896 8750 END
START -7248 2708 -8788 -18175 6282 9871 END
START -7380 2516 -8420 -19726 6410 10996 END
START -7332 2312 -7732 -21170 6349 12188 END
START -6984 2188 -7284 -22414 6162 13358 END
START -7020 2396 -6420 -23646 5714 14592 END
START -6192 2428 -6160 -24660 5272 15734 END
START -5420 2316 -5324 -25581 4727 16793 END
START -4412 2188 -4776 -26325 4279 17712 END
START -3432 1988 -4180 -26978 3909 18512 END
START -2020 1556 -3728 -27516 3785 19141 END
START -1100 1244 -2928 -27979 3611 19622 END
START -36 936 -2364 -28341 3588 19989 END
START 1020 820 -1848 -28632 3688 20310 END
START 1828 808 -1768 -28894 3945 20484 END
START 2900 912 -1844 -29239 4280 20595 END
START 3384 1180 -1456 -29692 4700 20675 END
START 3932 1324 -1572 -30290 5155 20713 END
START 4320 1608 -1436 -31003 5612 20667 END
START 4716 1820 -1588 -31840 6192 20603 END
START 5484 1652 -1508 -32768 6923 20484 END
START 6000 1480 -1212 -32768 7683 20288 END
START 6360 1344 -940 -32768 8406 20009 END
START 6424 1072 -20 -32768 9062 19758 END
START 6772 1036 460 -32768 9786 19517 END
START 7008 740 1152 -32768 10432 19296 END
START 7272 636 2064 -32768 11064 19110 END
START 7440 388 3160 -32768 11699 18923 END
START 7672 36 4972 -32768 12108 18747 END
START 8024 -372 6296 -32768 12324 18507 END
START 8712 -840 7232 -32768 12642 18190 END
START 9112 -1352 8340 -32768 12901 17743 END
START 9528 -1620 8988 -32768 13237 17196 END
START 9752 -1848 9388 -32768 13485 16615 END
START 10072 -1892 10140 -32768 13639 15909 END
START 10056 -2064 10716 -32768 13892 15164 END
START 9956 -2268 11392 -32768 13888 14383 END
START 9780 -2284 12368 -32768 13780 13745 END
START 9792 -2428 13512 -32768 13683 13113 END
START 9788 -2664 15084 -32768 13773 12456 END
START 9856 -2992 16496 -32768 13941 11787 END
START 9920 -3300 18316 -32768 13904 11148 END
START 9460 -3880 20468 -32768 13936 10428 END
START 9076 -4380 22596 -32768 13794 9817 END
START 8484 -4740 25064 -32768 13519 9160 END
START 8044 -4860 27320 -32768 13119 8587 END
START 7632 -4976 29456 -32768 12685 8040 END
START 7184 -5168 31472 -32768 12277 7538 END
START 6644 -5400 32767 -32768 11810 7019 END
START 6056 -5788 32767 -32768 11242 6530 END
START 5444 -5900 32767 -32768 10552 6118 END