START -4096 9792 14916 7467 -4699 -1767 END
START -1480 4556 4836 9203 -4684 -1574 END
START -5752 12568 17272 8180 -4859 -1101 END
START -4912 9620 14572 9456 -3813 -853 END
START -5124 8944 14292 9596 -4669 -604 END
START -6348 9276 15356 10025 -5103 -296 END
START -7540 9092 15788 10304 -5538 123 END
START -7872 8752 15212 10797 -5870 631 END
START -7932 8580 15156 11282 -6086 1193 END
START -8304 8260 15388 11966 -6285 1924 END
START -9144 7872 16084 12678 -6568 2720 END
START -9340 7532 16104 13445 -6786 3574 END
START -9372 7116 15804 14235 -6814 4468 END
START -9364 6836 15696 15040 -6687 5387 END
START -9632 6608 15348 15885 -6519 6315 END
START -9840 6652 15028 16685 -6273 7192 END
START -9728 6508 14268 17426 -6016 8124 END
START -9716 6328 13868 18105 -5754 8970 END
START -9748 6072 13528 18658 -5533 9773 END
START -9628 6028 12960 19165 -5341 10592 END
START -9504 5812 12468 19544 -5230 11397 END
START -9484 5580 11960 19855 -5171 12154 END
START -9528 5500 11240 20116 -5163 13060 END
START -9340 5464 10696 20299 -5110 13852 END
START -9324 5388 10228 20447 -5047 14684 END
START -8908 5484 9104 20570 -4748 15505 END
START -8612 5336 8404 20644 -4403 16340 END
START -8316 5280 7596 20592 -3935 17186 END
START -8100 5192 6768 20495 -3390 18056 END
START -7864 5140 5948 20316 -2715 18917 END
START -7352 5152 5056 20029 -1980 19753 END
START -7096 5312 4180 19686 -1126 20624 END
START -6656 5164 3020 19281 -82 21522 END
START -6132 5068 1912 18817 1033 22331 END
START -5696 4784 668 18186 2291 23178 END
START -5488 4672 -648 17438 3585 24059 END
START -5120 4780 -1752 16498 4863 24961 END
START -4836 4888 -3116 15318 6153 25846 END
START -4420 5116 -4020 13945 7456 26693 END
START -3908 5100 -4660 12421 8589 27534 END
START -3488 5016 -5252 10788 9570 28336 END
START -3116 4740 -5616 9208 10310 29069 END
START -2600 4492 -6264 7625 10829 29759 END
START -1780 4424 -6924 6027 11301 30356 END
START -1120 4708 -7784 4435 11565 30846 END
START -376 4996 -8504 2717 11686 31238 END
START 260 4932 -9284 1116 11600 31437 END
START 912 4852 -10264 -604 11312 31619 END
START 1392 4856 -10864 -2399 10795 31726 END
START 2324 4928 -11568 -4327 10242 31786 END
START 3364 5156 -11924 -6476 9612 31715 END
START 4536 5200 -12120 -8707 9117 31557 END
START 5544 5300 -12004 -11050 8748 31311 END
START 6556 5124 -11548 -13410 8426 31024 END
START 7484 5168 -10880 -15609 8280 30719 END
START 8128 5032 -9828 -17558 8271 30387 END
START 8572 5392 -8736 -19282 8435 29981 END
START 9040 5640 -7628 -20804 8797 29489 END
START 9780 5540 -6900 -22033 9367 29024 END
START 10204 5168 -5860 -22985 10116 28525 END
START 10680 4920 -5000 -23849 10902 28052 END
START 10888 5004 -3812 -24628 11578 27571 END
START 11200 4948 -2712 -25304 12222 27194 END
START 12240 5124 -2196 -25881 12786 26883 END
START 13720 5164 -1340 -26374 13445 26623 END
START 14796 5316 -588 -26777 14098 26269 END
START 15988 5556 424 -27154 14517 25720 END
START 16832 5984 1584 -27326 14642 25006 END
START 17696 6080 2568 -27473 14575 24102 END
START 18400 6164 3380 -27463 14326 23115 END
START 19024 6032 4128 -27302 13941 22009 END
START 19668 6104 4772 -27142 13420 20938 END
START 20296 6460 5332 -27007 13251 19836 END
START 20940 7028 5908 -26873 12470 18755 END
START 21568 7340 6556 -26770 11853 17713 END
START 22176 7616 6952 -26617 11214 16635 END
START 22936 7824 8104 -26472 10470 15439 END
START 23580 8008 8940 -26214 9568 14212 END
START 24244 8088 9368 -25938 8673 12974 END
START 25136 8336 9704 -25685 7843 11680 END
START 25996 8592 10108 -25424 7103 10215 END
START 26704 8872 10616 -25311 6495 8688 END
START 27440 8984 11264 -25192 6022 7115 END
START 27696 8972 12328 -25029 5573 5368 END
START 27944 8748 12836 -24852 5267 3718 END
START 27576 8532 13624 -24539 5028 2178 END
START 26952 8304 14016 -24163 4733 751 END
START 26424 8456 14428 -23788 4414 -500 END
START 25812 8696 14960 -23540 4125 -1631 END
START 25604 9164 15100 -23340 3905 -2671 END
START 25308 9364 15808 -23302 3699 -3628 END
START 25164 9268 16544 -23299 3466 -4545 END
START 25284 9316 17400 -23349 3245 -5557 END
START 25456 9324 18504 -23365 3113 -6546 END
START 25728 9360 19308 -23329 3105 -7630 END
START 26076 9448 20260 -23266 3251 -8846 END
START 26248 9308 21452 -23055 3397 -10029 END
START 26348 9220 22392 -22734 3767 -11267 END
START 26240 9168 23536 -22337 4110 -12410 END
START 26120 9092 24452 -21848 4505 -13597 END
START 25956 9116 25444 -21350 5026 -14744 END
START 25668 9068 26504 -20825 5541 -15919 END
START 25192 8952 27388 -20316 5943 -17051 END
START 24732 9044 28452 -19713 6096 -18244 END
START 24056 8856 29768 -19094 6148 -19486 END
START 23548 8840 30636 -18354 6044 -20752 END
START 22896 8572 31428 -17519 5841 -21996 END
START 21864 8324 32392 -16599 5496 -23235 END
START 21012 8080 32767 -15493 4966 -24404 END
START 20096 8080 32767 -14521 4372 -25473 END
START 18784 7808 32767 -13259 3739 -26536 END
START 17708 7672 32767 -12150 3088 -27474 END
START 16244 7572 32767 -11056 2255 -28296 END
START 14948 7452 32767 -9996 1262 -28928 END
START 13680 7292 32767 -8755 140 -29503 END
START 12380 6980 32767 -7512 -993 -29970 END
START 10768 6628 32767 -6142 -2316 -30359 END
START 9072 6364 32767 -4732 -4029 -30638 END
START 7676 6220 32767 -3175 -6088 -30779 END
START 6384 6064 32767 -1536 -8269 -30862 END
START 5144 5872 32767 252 -10583 -30909 END
START 4316 5916 32767 2115 -12746 -30907 END
START 3592 5832 32767 4131 -14842 -30917 END
START 3180 5604 32767 6235 -16863 -30907 END
START 2740 5248 32767 8645 -18793 -30916 END
START 2404 5024 32767 11063 -20453 -30984 END
START 2052 4684 32767 13687 -21990 -31025 END
START 1612 4300 32767 16323 -23270 -31074 END
START 1288 4020 32767 18850 -24277 -31062 END
START 864 3572 32767 21353 -25123 -30986 END
START 336 3308 32767 23619 -25773 -30841 END
START -56 2924 32767 25754 -26380 -30626 END
START -572 2716 32767 27634 -26766 -30381 END
START -1064 2560 32767 29269 -27156 -30071 END
START -1540 2352 32767 30823 -27465 -29760 END
START -1968 2076 31976 32155 -27827 -29436 END
START -2624 1680 30448 32767 -28196 -29086 END
START -3064 1532 28932 32767 -28528 -28646 END
START -3608 1292 27424 32767 -28869 -28208 END
START -4064 1068 26096 32767 -29081 -27721 END
START -4448 992 24400 32767 -29173 -27214 END
START -4808 908 22520 32767 -29128 -26686 END
START -5132 964 21024 32767 -28895 -26166 END
START -5620 972 18872 32767 -28574 -25566 END
START -5980 932 17088 32767 -28156 -24964 END
START -6252 812 15796 32767 -27697 -24323 END
START -6536 940 14176 32767 -27129 -23690 END
START -6684 916 12460 32767 -26314 -23022 END
START -6844 976 10748 32767 -25400 -22338 END
START -7144 1216 9056 32767 -24282 -21611 END
START -7264 1464 7180 32767 -22984 -20911 END
START -7328 1744 5572 32767 -21389 -20089 END
START -7416 1836 3824 32767 -19661 -19293 END
START -7540 2116 2436 32767 -17723 -18350 END
START -7732 2856 972 32767 -15732 -17401 END
START -7416 2652 -728 32738 -13584 -16358 END
START -7108 2640 -2004 31216 -11190 -15270 END
START -6660 2484 -3656 29634 -8679 -14272 END
START -6348 2436 -4984 27986 -6089 -13312 END
START -6176 2612 -6160 26111 -3449 -12223 END
START -6196 2772 -7444 24233 -973 -11151 END
START -6264 3000 -8720 22197 1352 -10040 END
START -6328 3040 -9688 20060 3530 -8900 END
START -6236 3308 -10916 17770 5532 -7748 END
START -6284 3372 -11936 15387 7345 -6625 END
START -6288 3292 -12728 12930 8906 -5512 END
START -6472 3256 -13168 10342 10079 -4454 END
START -6668 3272 -13568 7777 10974 -3367 END
START -6892 3184 -13736 5083 11594 -2256 END
START -7124 3060 -13624 2603 11914 -1226 END
START -7220 2864 -13664 232 12081 -176 END
START -7316 2696 -13352 -1890 12049 790 END
START -7064 2600 -13032 -3972 11845 1711 END
START -6680 2424 -12396 -5900 11536 2592 END
START -6144 2376 -11860 -7695 11194 3300 END
START -5432 2236 -10720 -9432 10805 3877 END
START -4824 1980 -9852 -10896 10442 4303 END
START -4340 1928 -8628 -12231 10122 4551 END
START -4088 1540 -7568 -13426 9692 4814 END
START -3732 1380 -6824 -14381 9306 4866 END
START -3056 1068 -6084 -15118 8994 4902 END
START -2508 736 -5432 -15689 8808 4886 END
START -2424 316 -4784 -16082 8790 4833 END
START -1916 56 -4088 -16422 8771 4753 END
START -1832 -172 -3420 -16643 8822 4701 END
START -1884 -368 -2936 -16813 8930 4640 END
START -2144 -416 -2468 -16921 9053 4607 END
START -2140 -368 -2064 -16989 9224 4616 END
START -2456 -636 -1832 -17033 9380 4733 END
START -2908 -768 -1828 -17078 9498 4843 END
START -3444 -920 -1864 -17073 9592 5133 END
START -4144 -912 -2024 -17114 9591 5508 END
START -4596 -920 -2248 -17205 9503 5990 END
START -4956 -864 -2508 -17454 9356 6527 END
START -5204 -820 -3156 -17760 9274 7166 END
START -5184 -844 -3636 -18208 9251 7804 END
START -5348 -1068 -3732 -18683 9251 8419 END
START -5408 -1316 -3808 -19203 9157 9108 END
START -5484 -1816 -4248 -19661 8950 9826 END
START -5472 -2080 -4688 -20129 8753 10603 END
START -5056 -2084 -5688 -20711 8621 11339 END
START -4392 -2076 -6484 -21458 8708 12038 END
START -3996 -2068 -7148 -22303 8935 12699 END
START -3800 -2236 -7744 -23279 9094 13071 END
START -3696 -2540 -8276 -24326 9162 13710 END
START -3708 -2620 -8756 -25445 9179 14188 END
START -3664 -2620 -9340 -26715 9117 14718 END
START -3512 -2488 -9568 -28126 9111 15138 END
START -3344 -2300 -9416 -29730 9126 15558 END
START -3160 -2272 -9296 -31396 9174 15974 END
START -2864 -2200 -8288 -32768 9180 16299 END
START -2892 -2408 -7124 -32768 9134 16625 END
START -3052 -2596 -5760 -32768 9011 16982 END
START -3244 -2644 -4256 -32768 8802 17371 END
START -2940 -2688 -2684 -32768 8631 17784 END
START -2692 -2652 -1008 -32768 8474 18192 END
START -2304 -2388 436 -32768 8417 18595 END
START -2184 -2120 1896 -32768 8419 18868 END
START -1968 -1948 3616 -32768 8376 19134 END
START -1808 -1600 5208 -32768 8186 19409 END
START -1776 -1560 6512 -32768 7883 19727 END
START -1612 -1464 7584 -32768 7402 20095 END
START -1412 -1148 8432 -32768 6818 20520 END
START -1136 -788 9324 -32768 6244 20982 END
START -904 -408 9984 -32768 5626 21491 END
START -440 -72 10284 -32768 5147 22093 END
START -56 372 10932 -32768 4709 22732 END
START 744 932 11228 -32768 4374 23417 END
START 1136 1500 12116 -32768 4010 24152 END
START 2136 1992 12804 -32710 3644 24929 END
START 3356 2436 13952 -32338 3337 25675 END
START 4952 2740 14544 -31994 3180 26241 END
START 6560 2700 15916 -31690 3204 26671 END
START 8620 2732 17084 -31389 3368 26910 END
START 10568 2576 18432 -31070 3781 26944 END
START 12336 2516 20048 -30723 4216 26811 END
START 14088 2376 21744 -30427 4669 26493 END
START 16372 2124 23988 -30161 5174 25962 END
START 18136 2260 25420 -29946 5812 25243 END
START 19424 1696 27624 -29853 6478 24392 END
START 20520 1384 29232 -29753 7289 23302 END
START 21264 924 31472 -29695 7870 22025 END
START 22032 628 32767 -29570 8259 20735 END
START 22572 588 32767 -29376 8763 19368 END
START 22628 476 32767 -29139 8979 17932 END
START 22780 436 32767 -28716 9166 16337 END
START 23076 296 32767 -28171 9170 14727 END
START 22908 -168 32767 -27391 8974 12908 END
START 22600 -576 32767 -26344 8536 11167 END
START 21636 -932 32767 -24953 7650 9230 END
START 20776 -1092 32767 -23417 6517 7397 END
START 19780 -1088 32767 -21665 5242 5585 END
START 18804 -1188 32767 -19693 3939 3896 END
START 17580 -1240 32767 -17445 2525 2277 END
START 16448 -1120 32767 -15154 1121 868 END
START 15196 -1216 32767 -12850 -299 -401 END
START 13912 -1408 32767 -10438 -1614 -1497 END