START 8020 2968 -14864 32767 -29580 -3106 END
START 2928 -1748 -20064 24190 -31588 -5461 END
START -1528 -2792 -19168 12550 -19918 -4489 END
START -4984 -4048 -18292 -483 -9248 -345 END
START -8344 -6228 -16612 -9442 -3671 4735 END
START -6960 -6900 -15716 -16315 -1677 10452 END
START -4596 -7704 -14004 -21833 -1848 14690 END
START 996 -7888 -11768 -25461 -3363 15825 END
START 5988 -7140 -10932 -29961 -2438 13649 END
START 5604 -8204 -9324 -32768 1407 10759 END
START 1708 -10308 -6084 -32768 3194 10451 END
START 304 -12116 -2304 -32768 2239 12381 END
START 2632 -13372 3424 -32768 1865 15003 END
START 10224 -13432 10748 -32768 3267 14465 END
START 15208 -12236 17936 -32768 6051 9047 END
START 16976 -11472 26016 -32768 3914 2095 END
START 13392 -12272 32767 -32768 -1421 -3790 END
START 5296 -17632 32767 -32768 -9193 -4946 END
START 7712 -13204 32767 -32354 -7907 1263 END
START 10720 -8252 32767 -24443 -2257 7214 END
START 10572 -1640 32767 -18541 2990 9599 END
START 13412 2880 32767 -14774 4223 7651 END
START 14008 4624 32767 -11183 4428 4287 END
START 10964 4732 32767 -5636 4477 2807 END
START 9904 3688 32767 2120 2296 2891 END
START 10380 2472 32767 9719 -250 3050 END
START 10728 1032 32767 16199 -1451 3220 END
START 10980 -892 32767 21672 -904 4040 END
START 11940 -2484 32767 25407 2305 4460 END
START 12752 -3856 32767 28364 5645 3776 END
START 12840 -5220 29856 31169 6945 2024 END
START 13512 -6336 26564 32767 6788 731 END
START 16212 -6424 22160 32767 4894 -2889 END
START 21300 -7560 19300 32767 1420 -8601 END
START 26532 -7280 15628 32767 -947 -17951 END
START 30520 -7864 11916 32767 -3217 -29734 END
START 29884 -8448 4792 32767 -3267 -32768 END
START 26316 -9772 -3776 32767 922 -32768 END
START 17716 -12704 -9988 27076 8722 -32768 END
START 6576 -13876 -11804 17506 10209 -32768 END
START -4416 -14348 -11932 11113 1647 -32768 END
START -13220 -13732 -10156 6396 -12236 -32768 END
START -19076 -14660 -2988 2592 -24122 -32768 END
START -18464 -8932 -284 -884 -22747 -26475 END