START 20748 7852 -584 9009 -2956 -3781 END
START 6680 3140 -900 6460 -5825 -4061 END
START -6776 1672 4092 606 -3878 -3207 END
START -6916 52 2004 -4965 -184 -1309 END
START -1344 -848 -1184 -8463 1913 548 END
START -1356 -1636 -1428 -10715 1629 1659 END
START -1612 -2228 -3048 -13351 726 2933 END
START -728 -1896 -4952 -17249 -459 3642 END
START -280 -2300 -4256 -21225 -1007 4515 END
START 1832 -1560 -2248 -24440 -1114 5961 END
START 6468 96 260 -27867 2 5673 END
START 7636 996 2660 -30212 2157 3900 END
START 5968 264 5332 -32286 2050 2231 END
START 4688 196 10196 -32768 -436 1234 END
START 3324 -836 15220 -32329 -4134 702 END
START 2304 -1108 19032 -31322 -8220 1822 END
START 3420 -2152 24028 -31943 -7471 2883 END
START 6424 -2636 30204 -31668 485 3427 END
START 3136 -3324 32356 -30884 5439 3510 END
START 384 -3800 32767 -27676 4114 4339 END
START 364 -2484 32767 -23076 -157 4889 END
START 4312 -1444 32767 -18820 -2432 5275 END
START 4716 -180 32767 -14717 -1979 4312 END
START 5548 588 32767 -9982 -2373 4444 END
START 7412 1084 32767 -5840 -2191 4109 END
START 9392 1228 32767 -915 -1482 3542 END
START 9776 976 32767 4583 -2090 2381 END
START 10936 360 32767 9997 -3470 1266 END
START 11580 -304 32767 15038 -4385 -455 END
START 11668 -1216 32767 20131 -4522 -2509 END
START 10260 -2140 32767 24647 -3472 -4182 END
START 10064 -3540 31620 27696 -1399 -5023 END
START 9076 -5092 28712 30508 -96 -5536 END
START 11668 -6056 26504 32767 -273 -6045 END
START 15936 -5592 22540 32767 1680 -10493 END
START 15036 -6956 18700 32767 4275 -14257 END
START 16124 -7760 14852 32767 4908 -17348 END
START 19308 -7852 10632 32767 7399 -21746 END
START 18932 -8260 7104 32767 10704 -26988 END
START 16344 -8272 896 32767 13125 -31585 END
START 13864 -7160 -5968 32174 14637 -32768 END
START 9896 -5380 -9804 24016 16069 -32768 END
START 5484 -4072 -8916 16690 16401 -32768 END
START -7136 -4520 -6084 11625 16330 -32768 END