START 3444 10536 -2560 -1371 -8137 108 END
START 6780 5320 -14900 -794 -7898 4 END
START 3156 11572 -1448 -3447 -7723 196 END
START 2800 9060 -5160 -3097 -7331 68 END
START 3524 9448 -6148 -4892 -8006 -46 END
START 2996 9608 -5464 -5852 -8245 -34 END
START 3016 9644 -5664 -7157 -9002 -23 END
START 2916 9332 -5988 -8418 -9357 -34 END
START 2920 9176 -5904 -9732 -9239 -30 END
START 3948 8352 -6572 -10885 -8743 -83 END
START 4324 8168 -6264 -12082 -8577 -197 END
START 3912 7880 -5836 -13293 -8336 -356 END
START 3404 7680 -4476 -14404 -8253 -494 END
START 3288 7396 -3984 -15563 -8150 -602 END
START 3816 7068 -3736 -16433 -7854 -713 END
START 3860 6656 -3104 -17195 -7409 -834 END
START 3660 6228 -2396 -17792 -6867 -918 END
START 3504 5856 -1708 -18269 -6387 -1030 END
START 3344 5576 -1160 -18702 -5952 -1124 END
START 3172 5612 -460 -19072 -5722 -1207 END
START 2992 5432 156 -19306 -5690 -1289 END
START 3104 5368 432 -19541 -5775 -1400 END
START 3224 5320 988 -19782 -5846 -1513 END
START 3376 5316 1304 -20064 -5944 -1713 END
START 3504 5240 1840 -20304 -5988 -1915 END
START 3724 4968 2580 -20533 -5996 -2163 END
START 3752 4680 2976 -20583 -5917 -2405 END
START 3492 4556 3904 -20578 -5875 -2623 END
START 3292 4724 4408 -20463 -5732 -2819 END
START 3072 4804 4684 -20232 -5587 -2976 END
START 2880 4796 4800 -20000 -5351 -3050 END
START 2736 4700 5012 -19718 -5135 -3133 END
START 2720 4720 4864 -19470 -4848 -3231 END
START 2588 4620 4860 -19306 -4594 -3285 END
START 2348 4580 4600 -19302 -4349 -3328 END
START 1924 4636 4580 -19355 -4121 -3347 END
START 1464 4540 4452 -19425 -3994 -3299 END
START 848 4620 4112 -19587 -3933 -3200 END
START 192 4656 4152 -19815 -3933 -3055 END
START -424 4664 3824 -19982 -4044 -2846 END
START -1000 4644 3456 -20181 -4292 -2551 END
START -1432 4552 3284 -20354 -4639 -2229 END
START -1768 4704 3048 -20606 -5043 -1864 END
START -2064 4808 2856 -20968 -5489 -1468 END
START -2232 5044 2676 -21408 -5926 -1106 END
START -2444 5124 2120 -21945 -6226 -768 END
START -2432 5160 2216 -22559 -6472 -409 END
START -2488 5068 2276 -23217 -6508 -12 END
START -2488 4840 2128 -23852 -6521 343 END
START -2496 4704 2076 -24522 -6435 692 END
START -2512 4660 2464 -25221 -6317 1085 END
START -2548 4536 2760 -25943 -6105 1428 END
START -2584 4556 3300 -26661 -5833 1823 END
START -2732 4628 3972 -27304 -5472 2195 END
START -2384 4644 4576 -27946 -5049 2644 END
START -2088 4784 5376 -28496 -4454 3084 END
START -1244 4756 5884 -28968 -3653 3450 END
START -528 4692 6848 -29291 -2741 3712 END
START -112 4448 7624 -29567 -1909 3819 END
START 92 4196 8456 -29721 -1232 3929 END
START 296 3872 9280 -29730 -789 3897 END
START 212 3764 9820 -29648 -654 3862 END
START 372 3844 10132 -29555 -628 3772 END
START 208 4152 10832 -29542 -676 3670 END
START 172 4472 11220 -29585 -767 3539 END
START 276 4664 11500 -29716 -786 3410 END
START 76 4800 12240 -29909 -761 3258 END
START -28 4708 12868 -30083 -661 3169 END
START -284 4644 13732 -30189 -554 3150 END
START -372 4496 14568 -30192 -420 3140 END
START -1052 4656 15232 -30137 -376 3161 END
START -1820 5516 16156 -30005 -685 3223 END
START -1312 4636 16416 -30028 -694 3371 END
START -1304 4192 17324 -29737 -889 3415 END
START -1236 3788 17596 -29494 -1010 3431 END
START -1960 2964 19360 -29008 -1457 3459 END
START -2492 2656 20160 -28587 -2133 3645 END
START -3320 2576 21328 -28096 -2903 3926 END
START -3840 2880 21976 -27506 -3818 4321 END
START -4100 3040 22896 -26747 -4667 4780 END
START -4356 3152 23408 -25903 -5512 5318 END
START -4576 3548 24360 -25091 -6317 5925 END
START -4908 3964 25172 -24278 -7151 6586 END
START -4900 4308 25820 -23482 -7957 7290 END
START -5008 4748 26440 -22637 -8643 8059 END
START -4664 4900 26904 -21861 -9173 8895 END
START -4284 5384 27540 -20991 -9508 9792 END
START -3672 5456 28324 -20214 -9544 10648 END
START -2864 5680 29084 -19368 -9438 11495 END
START -1952 5636 29856 -18438 -9194 12291 END
START -652 5852 30620 -17448 -8899 12967 END
START 852 6020 30960 -16456 -8366 13644 END
START 2088 6148 31780 -15336 -7812 14033 END
START 3612 6476 32164 -14144 -7214 14254 END
START 5080 6656 32692 -13152 -6628 14208 END
START 6384 6744 32767 -12148 -6211 13929 END
START 7404 6704 32767 -11175 -5926 13424 END
START 8464 6832 32767 -10243 -5823 12663 END
START 9336 7104 32767 -9486 -5891 11918 END
START 10172 7428 32767 -8733 -5812 10864 END
START 10812 7996 32767 -8110 -5739 9691 END
START 11268 8432 32767 -7648 -5540 8437 END
START 11660 8516 32767 -7206 -5359 7118 END
START 11536 8468 32767 -6876 -5144 5786 END
START 11300 8260 32767 -6609 -4964 4468 END
START 10188 8020 32767 -6394 -4932 3292 END
START 9224 7952 32767 -6161 -5114 2247 END
START 7772 7772 32767 -5984 -5466 1376 END
START 6404 7488 32767 -5775 -5922 740 END
START 5128 7400 32767 -5588 -6348 256 END
START 4164 7268 32767 -5412 -6777 -78 END
START 3224 7392 32767 -5179 -7106 -248 END
START 2296 7132 32767 -4941 -7313 -365 END
START 1596 6880 32767 -4616 -7459 -373 END
START 1144 6608 32767 -4199 -7476 -291 END
START 572 6124 32767 -3675 -7322 -175 END
START -196 5756 32767 -3022 -7196 9 END
START -628 5504 32767 -2290 -7116 297 END
START -1216 4996 32767 -1254 -7037 734 END
START -1540 4528 32767 -170 -6864 1195 END
START -1888 4360 32767 1122 -6556 1770 END
START -2288 4300 32767 2409 -6199 2374 END
START -2240 4088 32767 3624 -5785 2985 END
START -1928 3868 32767 4866 -5237 3645 END
START -1764 3560 32767 6107 -4770 4263 END
START -1500 3216 32767 7179 -4388 4811 END
START -1256 3112 32767 8149 -4219 5292 END
START -940 3180 32767 9090 -4117 5737 END
START -744 3148 32767 9913 -4120 6089 END
START -272 3096 32767 10700 -4184 6377 END
START 232 2932 32767 11504 -4248 6616 END
START 1100 2836 32767 12190 -4354 6772 END
START 2088 2796 32767 12949 -4487 6844 END
START 3060 2852 32767 13720 -4629 6839 END
START 4156 2824 32528 14511 -4666 6641 END
START 5004 2888 32112 15314 -4735 6313 END
START 5708 2960 31612 16109 -4898 5866 END
START 6312 3032 30904 16893 -5057 5295 END
START 6692 3084 30412 17642 -5250 4695 END
START 6888 3196 29856 18326 -5490 4040 END
START 6800 3416 29164 18980 -5832 3376 END
START 6784 3448 28628 19546 -6276 2737 END
START 6696 3480 27972 20111 -6674 2131 END
START 6588 3552 27556 20618 -7037 1609 END
START 6368 3444 26964 21136 -7359 1120 END
START 6132 3340 26752 21692 -7632 720 END
START 5952 3140 26416 22246 -7774 408 END
START 5644 3080 26348 22873 -7839 131 END
START 5452 3024 26020 23551 -7927 -78 END
START 5352 2868 25880 24271 -7940 -245 END
START 4948 2784 25448 25078 -7811 -343 END
START 4600 2660 25252 25947 -7644 -355 END
START 4380 2612 24664 26792 -7376 -283 END
START 4172 2432 24304 27624 -7010 -129 END
START 4048 2356 23600 28370 -6601 98 END
START 4372 2164 23448 29130 -6115 347 END
START 4516 2104 22784 29772 -5564 535 END
START 5068 2104 22096 30501 -4951 691 END
START 5732 2004 21696 31203 -4299 785 END
START 6400 1864 21252 31881 -3679 801 END
START 7152 1888 20360 32617 -3055 690 END
START 7968 1960 19964 32767 -2461 499 END
START 8792 2012 18856 32767 -1953 185 END
START 9556 2052 17892 32767 -1412 -207 END
START 10400 2016 16976 32767 -902 -765 END
START 11192 2044 16080 32767 -516 -1376 END
START 11836 2304 15116 32767 -90 -2132 END
START 12436 2424 13924 32767 329 -2960 END
START 12900 2896 12852 32767 717 -3857 END
START 13412 2972 11796 32767 1022 -4858 END
START 13768 3052 11088 32767 1259 -5879 END
START 14136 3192 10288 32767 1299 -7047 END
START 14384 3232 9608 32767 1208 -8138 END
START 14720 3260 8788 32767 1075 -9335 END
START 14960 3416 8144 32767 892 -10643 END
START 15116 3564 7740 32767 497 -12072 END
START 15212 3572 7148 32767 45 -13596 END
START 15280 3948 6684 32767 -571 -15162 END
START 15216 3984 6016 32767 -1275 -16843 END
START 15144 4048 5176 32767 -2037 -18635 END
START 15072 4268 4652 32767 -2770 -20408 END
START 15004 4468 4016 32767 -3507 -22251 END
START 14900 4404 3440 32767 -4184 -24017 END
START 14860 4096 2684 32767 -4695 -25779 END
START 14760 3320 1856 32747 -4991 -27564 END
START 14600 2656 1084 31874 -4872 -29254 END
START 14156 2564 776 31039 -4443 -30846 END
START 13868 2572 208 30175 -3441 -32204 END
START 13564 2524 -708 29356 -1882 -32768 END
START 13832 1188 -1016 28619 129 -32768 END
START 13160 836 -540 28191 2233 -32768 END
START 12480 1000 -1300 27680 4526 -32768 END
START 11508 1028 -1512 27141 6700 -32768 END
START 10660 1220 -1816 26677 8971 -32768 END
START 9804 1060 -2740 26243 10833 -32768 END
START 8824 880 -3184 25766 12505 -32768 END
START 8080 1012 -3980 25220 13537 -32768 END
START 7636 756 -5100 24462 14728 -32768 END
START 6524 344 -5324 23784 15232 -32768 END
START 5424 168 -6576 22999 15379 -32768 END
START 4268 436 -7240 22262 15137 -32768 END
START 2980 564 -8004 21501 14728 -32768 END
START 1516 984 -8656 20708 14083 -32768 END
START -84 1376 -9636 19856 13052 -32768 END
START -1692 1816 -10616 18956 12420 -32768 END
START -3640 2168 -11448 17879 11242 -32768 END
START -5592 2640 -11972 16750 9910 -32768 END
START -6944 3120 -12680 15498 8433 -32768 END
START -8372 3400 -12972 14084 6787 -32768 END
START -8924 3824 -13388 12619 5324 -32066 END
START -9156 4284 -13844 11018 4092 -30368 END
START -9448 4652 -13836 9379 3102 -28720 END
START -9600 4896 -13864 7668 2360 -26967 END
START -9400 5408 -13640 5974 1944 -25400 END
START -9036 5780 -13336 4420 1825 -23815 END
START -8320 5684 -12992 2917 1984 -22391 END
START -7472 5764 -12372 1404 2608 -21096 END
START -6564 5748 -11668 5 3372 -19927 END
START -5700 5656 -11444 -1274 4562 -18929 END
START -5772 5696 -9704 -2499 5279 -18153 END
START -5844 5616 -8996 -3595 6056 -17592 END
START -6080 5792 -8164 -4574 6664 -17294 END
START -6216 5992 -7020 -5299 7060 -17205 END
START -6480 6296 -6196 -5866 7385 -17305 END
START -6840 6788 -5004 -6284 7618 -17454 END
START -6748 7080 -3816 -6511 8140 -17651 END
START -5624 6872 -3556 -6763 9235 -18067 END