START 4804 8728 -8044 2614 3445 11780 END
START 3100 4240 -7944 -336 -1260 11232 END
START 28 2884 -5284 -2581 -4649 11725 END
START -204 1920 -4544 -4876 -4454 11697 END
START -472 1224 -7288 -7680 -4746 11646 END
START -428 588 -10304 -12398 -4444 12473 END
START -460 -940 -11092 -18333 -4542 13510 END
START -2624 -3420 -9420 -24780 -3474 14775 END
START -2748 -6296 -7868 -30139 -3954 17175 END
START 396 -8992 -5768 -32768 -1717 18188 END
START -1136 -10988 -1824 -32768 2669 19612 END
START -2444 -12868 2440 -32768 4648 21418 END
START -1584 -13340 7064 -32768 1750 24733 END
START 6284 -11656 14072 -32768 -1351 25403 END
START 16500 -8800 26584 -32768 1069 23631 END
START 20004 -5932 32767 -32768 8898 19901 END
START 18976 -4764 32767 -32768 13333 14878 END
START 14196 -5424 32767 -30316 9410 10278 END
START 10276 -5820 32767 -16615 2393 7853 END
START 10400 -4528 32767 -5271 -885 7806 END
START 11496 -3840 32767 2533 850 8243 END
START 14732 -2300 32767 9381 3769 7284 END
START 15956 -1584 32767 15545 5439 5160 END
START 15848 -1732 32767 22151 4569 2559 END
START 17164 -2480 32767 28274 2653 -281 END
START 18900 -3052 32767 32767 1134 -3577 END
START 22408 -3656 31900 32767 1000 -8662 END
START 24616 -4304 27148 32767 3349 -14663 END
START 26904 -5340 21840 32767 7152 -21874 END
START 25908 -7108 15600 32767 11240 -29107 END
START 23700 -9200 10340 32767 13269 -32768 END
START 25240 -10548 7156 32767 13998 -32768 END
START 24992 -12832 3236 32767 14811 -32768 END
START 23200 -14312 -1472 32767 13086 -32768 END
START 17192 -16848 -4632 32767 14208 -32768 END
START 9864 -18556 -6288 29596 13834 -32768 END
START 5184 -18180 -7636 26368 12592 -32768 END
START 1668 -18024 -8612 23282 10044 -32768 END
START -4560 -18624 -10240 19728 8033 -32768 END
START -12248 -17956 -10940 14502 7821 -32768 END
START -21868 -16744 -10636 8617 7450 -32768 END