START 4468 7956 -5156 267 -3627 6114 END
START 7544 1948 -19288 956 -3729 5827 END
START 4188 11180 -5384 -1699 -4703 5850 END
START 3608 7824 -7712 -1865 -4176 5498 END
START 4612 7736 -9268 -3340 -5120 5208 END
START 4460 7792 -9700 -4580 -5267 5010 END
START 3516 7300 -9380 -5932 -5526 4852 END
START 3072 7148 -9440 -7223 -5555 4708 END
START 3376 6964 -10652 -8495 -5136 4657 END
START 3368 7040 -10828 -9751 -4509 4686 END
START 2704 7040 -10272 -11064 -4058 4704 END
START 2344 6808 -9936 -12337 -3735 4713 END
START 2140 6612 -10056 -13559 -3377 4780 END
START 2180 6476 -10104 -14673 -2985 4850 END
START 1820 6344 -10348 -16019 -2534 4912 END
START 1588 6044 -10200 -17257 -2039 5050 END
START 1208 5804 -10088 -18491 -1581 5274 END
START 1004 5524 -9952 -19696 -1177 5544 END
START 876 5400 -9780 -20902 -797 5907 END
START 684 5172 -9292 -22071 -529 6256 END
START 792 5120 -9184 -23274 -243 6649 END
START 1160 4832 -8848 -24436 195 6991 END
START 1500 4600 -8196 -25508 690 7293 END
START 1964 4264 -7484 -26546 1268 7551 END
START 2616 3960 -6952 -27422 1953 7764 END
START 2928 3548 -6036 -28170 2583 7946 END
START 3440 3312 -5172 -28721 3172 8022 END
START 3908 3188 -4264 -29145 3620 8015 END
START 4428 2992 -3504 -29500 4029 7945 END
START 4720 3088 -2712 -29718 4252 7702 END
START 5304 2912 -1952 -29835 4376 7403 END
START 5616 2840 -1208 -29884 4286 7196 END
START 5588 2760 -1040 -29890 4200 7028 END
START 5768 2684 -1028 -29844 3945 6889 END
START 6008 2768 -1004 -29796 3825 6729 END
START 6028 2804 -872 -29802 3631 6584 END
START 5868 2824 -844 -29860 3349 6461 END
START 5784 2948 -1132 -29993 2950 6408 END
START 5444 2972 -680 -30166 2400 6373 END
START 4992 3164 -628 -30358 1625 6355 END
START 4684 3188 -664 -30621 884 6422 END
START 4344 3336 -544 -30892 72 6460 END
START 3824 3400 -284 -31191 -787 6561 END
START 3248 3652 244 -31441 -1691 6680 END
START 2804 3920 860 -31705 -2637 6855 END
START 2300 3992 1156 -31880 -3528 7096 END
START 1792 4140 1656 -32015 -4407 7421 END
START 1340 4288 2260 -32071 -5175 7716 END
START 852 4452 2532 -32075 -5819 8135 END
START 476 4584 2908 -32074 -6288 8528 END
START 144 4724 3384 -32085 -6558 8944 END
START -376 4868 3652 -32158 -6755 9453 END
START -732 5108 4052 -32260 -6974 10018 END
START -1276 5256 4220 -32367 -7029 10698 END
START -1468 5636 4212 -32530 -6795 11427 END
START -1488 5736 3912 -32768 -6188 12236 END
START -1384 5648 3996 -32768 -5286 12921 END
START -1204 5432 4064 -32768 -4306 13774 END
START -796 5088 4164 -32768 -3318 14393 END
START -388 4696 4588 -32768 -2290 14981 END
START 152 4060 5164 -32768 -1267 15465 END
START 840 3588 6364 -32768 -302 15839 END
START 1688 2972 7524 -32768 746 16061 END
START 2684 2344 9192 -32768 1885 16093 END
START 3724 1796 11256 -32768 3267 15986 END
START 4568 1004 13860 -32768 4525 15604 END
START 5284 208 16696 -32768 5782 15023 END
START 6124 -536 19692 -32768 6666 14215 END
START 6672 -1172 22992 -32768 7691 13237 END
START 6968 -1516 26524 -32768 8561 12117 END
START 6920 -1728 29848 -32768 9185 10671 END
START 6176 -1936 32767 -32768 9308 9216 END
START 6188 -1752 32767 -32768 9195 7676 END
START 5972 -1808 32767 -32768 8897 6118 END
START 5512 -1996 32767 -32768 8490 4543 END
START 4668 -2244 32767 -32768 7816 2969 END
START 4152 -2400 32767 -32768 7087 1391 END
START 3200 -2644 32767 -32516 6082 -47 END
START 1592 -2764 32767 -29671 4912 -1379 END
START 228 -2964 32767 -26734 3592 -2482 END
START -1432 -2984 32767 -23750 2131 -3354 END
START -3172 -2952 32767 -20847 672 -4074 END
START -4620 -2588 32767 -18170 -709 -4421 END
START -5944 -2192 32767 -15670 -1866 -4558 END
START -6976 -1996 32767 -13482 -2902 -4429 END
START -8008 -1588 32767 -11681 -3648 -4071 END
START -9256 -1352 32767 -10039 -4371 -3481 END
START -10064 -952 32767 -8646 -4998 -2656 END
START -10832 -404 32767 -7498 -5413 -1675 END
START -11236 204 32767 -6506 -5740 -600 END
START -11504 880 32767 -5729 -5965 558 END
START -11408 1424 32767 -5051 -6091 1770 END
START -10960 1964 32767 -4529 -6153 3045 END
START -10224 2264 32767 -4023 -6011 4268 END
START -9028 2440 32767 -3589 -5709 5486 END
START -7744 2600 32767 -3164 -5201 6518 END
START -6224 2604 32767 -2779 -4562 7367 END
START -4760 2792 32767 -2355 -3850 8088 END
START -3216 2832 32767 -1897 -2927 8674 END
START -1736 2964 32767 -1422 -2068 9055 END
START -392 3076 32767 -909 -1237 9254 END
START 956 3268 32767 -381 -553 9275 END
START 2156 3500 32767 154 -48 9156 END
START 2980 3656 32767 689 284 8927 END
START 3984 3960 32767 1316 581 8537 END
START 4776 3868 32767 1973 666 8041 END
START 5676 4052 32767 2669 692 7444 END
START 6368 3996 32767 3420 586 6712 END
START 6820 3984 32767 4266 375 5930 END
START 7088 3900 32767 5302 105 5066 END
START 6968 3944 32767 6292 -250 4212 END
START 6904 3872 32767 7324 -594 3431 END
START 6664 3792 32767 8371 -1030 2701 END
START 6400 3816 32767 9351 -1438 2035 END
START 6032 4028 32767 10263 -1949 1476 END
START 5740 3856 32767 11150 -2535 996 END
START 5260 3864 32767 12001 -3227 573 END
START 4960 3756 32767 12786 -3925 198 END
START 4804 3716 32767 13573 -4598 -102 END
START 4728 3628 32676 14324 -5146 -359 END
START 4560 3576 32284 15041 -5459 -597 END
START 4600 3472 31608 15829 -5601 -816 END
START 4628 3448 30976 16534 -5514 -965 END
START 4576 3436 30472 17261 -5253 -1074 END
START 4492 3436 29944 17991 -4883 -1122 END
START 4420 3172 29492 18680 -4379 -1144 END
START 4488 3076 28928 19382 -3813 -1104 END
START 4372 2944 28272 20032 -3138 -1058 END
START 4416 2740 27452 20701 -2393 -961 END
START 4420 2488 27032 21357 -1607 -832 END
START 4144 2296 26248 21997 -859 -706 END
START 4096 2380 25372 22562 -91 -520 END
START 3680 2264 24228 23126 634 -268 END
START 3376 2108 23332 23677 1319 6 END
START 3240 1924 22288 24120 1872 301 END
START 2984 1804 20912 24524 2416 719 END
START 2928 1620 19800 24867 2945 1180 END
START 2816 1580 18292 25110 3403 1700 END
START 2668 1584 17156 25251 3756 2260 END
START 3132 1992 15816 25257 4087 2803 END
START 3588 2256 14612 25178 4403 3259 END
START 3868 2560 13604 24831 4750 3641 END
START 4608 3020 12732 24373 5124 3924 END
START 5288 3400 12056 23704 5450 4043 END
START 5864 3780 11484 22959 5753 3998 END
START 6656 4172 10932 22174 6024 3813 END
START 7092 4556 10864 21365 6154 3523 END
START 7916 4816 10804 20598 6335 3112 END
START 8660 5180 10944 19908 6487 2628 END
START 9384 5316 10860 19287 6709 2007 END
START 9992 5580 10984 18796 6846 1311 END
START 10648 5728 11396 18402 6987 489 END
START 11332 5760 11516 18148 7108 -364 END
START 11904 5664 11732 17972 7318 -1304 END
START 12612 5560 11680 17922 7603 -2273 END
START 12972 5340 11560 17952 8088 -3324 END
START 13544 5264 11396 18035 8641 -4374 END
START 13688 5220 11140 18116 9217 -5423 END
START 13844 5248 11072 18198 9870 -6405 END
START 13724 5432 10884 18237 10529 -7375 END
START 13688 5584 10760 18241 11293 -8373 END
START 13532 5792 10476 18175 12123 -9305 END
START 13468 5652 10348 18115 13131 -10265 END
START 12940 5384 10656 18222 13725 -11141 END
START 12496 5292 10508 18303 14593 -11906 END
START 12412 4856 10464 18517 15443 -12569 END
START 12248 4284 11028 18825 16251 -13058 END
START 12228 3920 10972 19341 17179 -13508 END
START 11736 4240 11332 19897 18008 -13810 END
START 11292 4176 11756 20571 18756 -14175 END
START 10604 4168 12332 21404 19098 -14402 END
START 10464 4108 12152 22380 19344 -14659 END
START 10544 3748 11692 23431 19739 -14899 END
START 10652 3464 10964 24447 20197 -15173 END
START 10620 3212 10212 25464 20695 -15435 END
START 10764 2948 9476 26363 21014 -15731 END
START 10888 3184 8516 27138 21239 -16082 END
START 11280 3140 7556 27699 21402 -16536 END
START 11648 2976 6660 28145 21457 -17117 END
START 12104 2864 5980 28421 21465 -17759 END
START 12764 2856 5192 28607 21438 -18597 END
START 13520 2656 4500 28724 21460 -19488 END
START 14584 2544 3164 28833 21471 -20600 END
START 15308 2372 2428 28846 21512 -21793 END
START 15916 2296 1588 28849 21618 -23161 END
START 16280 1712 444 28742 21691 -24673 END
START 16196 1560 -632 28527 21795 -26171 END
START 16172 1148 -1696 28165 21992 -27754 END
START 15616 1072 -3016 27629 22367 -29485 END
START 14804 860 -4216 26909 22775 -31168 END
START 13824 656 -5204 26050 23203 -32746 END
START 12916 504 -6368 25155 23634 -32768 END
START 11508 284 -7296 24139 24166 -32768 END
START 10032 -12 -8516 23050 24744 -32768 END
START 8324 -56 -9452 21857 25265 -32768 END
START 5916 36 -10016 20648 25529 -32768 END
START 3444 276 -10212 19277 25417 -32768 END
START 844 400 -10076 18001 24974 -32768 END
START -1792 596 -9676 16655 24234 -32768 END
START -4224 416 -9224 15501 23046 -32768 END
START -6568 152 -9428 14307 21992 -32768 END
START -9356 372 -8308 12958 21035 -32768 END
START -11192 1700 -7468 12007 20373 -32768 END
START -13488 1688 -7268 10994 20013 -32768 END