START 8392 9752 -8424 5536 -3038 11254 END
START 6572 2780 -9120 5617 -10597 13363 END
START 12336 2528 -11556 5133 -17298 12458 END
START 14564 3828 -12984 248 -18255 7949 END
START 11312 2528 -9808 -4408 -13190 5289 END
START 7912 1640 -7728 -9066 -5767 4659 END
START 4184 512 -6976 -13337 3636 6070 END
START 1168 -616 -7812 -18169 11606 8173 END
START -1848 -1876 -7456 -22905 16414 10457 END
START -2592 -3476 -8236 -27849 18141 12088 END
START -3316 -5480 -8024 -32768 18721 12806 END
START -5036 -7792 -5248 -32768 18940 13750 END
START -5908 -10392 -712 -32768 17155 15131 END
START -4676 -12264 7212 -32768 15392 16929 END
START -3996 -12028 18296 -32768 11169 18171 END
START 2028 -8952 32420 -32768 3782 17743 END
START 7860 -4648 32767 -32768 -1169 15510 END
START 12232 -212 32767 -29672 -7109 14601 END
START 19924 3388 32767 -20297 -18046 11860 END
START 24440 4248 32767 -12224 -23836 8712 END
START 27952 4068 32767 -7019 -21089 8081 END
START 32767 4212 32767 -4820 -7453 6089 END
START 29592 2152 32767 -590 2003 3487 END
START 24552 1136 32767 6354 408 448 END
START 20228 416 32767 12429 -6747 -1529 END
START 18352 -316 32767 17446 -12924 -2122 END
START 19032 -608 32767 21936 -13693 -2772 END
START 20536 -1776 30388 25630 -9801 -4111 END
START 24052 -1540 22240 27617 -4639 -7956 END
START 24884 -2572 16684 27772 -2256 -13142 END
START 25700 -2200 11144 27203 -2192 -19829 END
START 28712 -3160 7084 24146 -900 -27799 END
START 30852 -4188 2328 19183 5534 -32768 END
START 27932 -6728 360 13849 13568 -32768 END
START 25744 -8456 -2024 10340 16737 -32768 END
START 22372 -12148 -3792 7812 18364 -32768 END
START 16044 -13044 -5568 5881 15645 -32768 END
START 9040 -13212 -7216 3053 13770 -32768 END
START 5196 -11808 -7500 -71 10597 -32768 END
START 436 -11316 -6124 -2662 9232 -32768 END
START -5064 -11100 -5012 -4317 5635 -32768 END
START -15968 -10488 -2912 -5363 1067 -32768 END
START -31588 -8928 3460 -4277 -10133 -32768 END