START 16540 17336 -6240 -16291 4141 6818 END
START -1428 6204 1660 -17505 3455 5292 END
START 5452 4144 164 -18478 -907 3719 END
START -1768 1476 7040 -17533 -5558 3236 END
START 1984 -792 7796 -17411 -5631 417 END
START -1020 -2540 5516 -17312 -4446 -922 END
START -532 -4124 1140 -17649 -7790 -1353 END
START 1212 -4156 -4256 -21528 -8220 -706 END
START 924 -5828 -4536 -27239 -5190 46 END
START 128 -7212 -4500 -32768 109 890 END
START -1996 -8584 -3240 -32768 3198 2145 END
START -3268 -9440 -816 -32768 3820 2882 END
START -5964 -9968 3344 -32768 1498 3513 END
START -4676 -9632 8636 -32768 -592 4788 END
START -1888 -10040 17864 -32768 1410 3882 END
START -2080 -13556 32767 -32768 5975 791 END
START -7108 -17116 32767 -32768 4169 -2298 END
START -14676 -16724 32767 -27745 -4455 -2532 END
START -15088 -12504 32767 -15767 -6901 2945 END
START -12160 -7484 32767 -9065 286 11723 END
START -3460 -760 32767 -3700 5287 17414 END
START 6372 3208 32767 3037 5516 17541 END
START 16420 6036 32767 11651 3922 12072 END
START 17324 5676 32767 19267 1887 4501 END
START 16784 4076 32767 25986 -2556 -736 END
START 18308 1680 32767 31491 -2274 -5154 END
START 19520 -940 32767 32767 3091 -9784 END
START 17712 -3356 27052 32767 9241 -14157 END
START 16468 -5764 23424 32767 12010 -17815 END
START 15316 -7040 18124 32767 14356 -22697 END
START 12336 -8688 13468 32767 14910 -28064 END
START 6928 -11492 11324 32767 14414 -31818 END
START 440 -14128 10116 32767 11393 -32308 END
START -6548 -15632 6696 32767 6251 -29780 END
START -7548 -13972 -1104 32767 5391 -23642 END
START -4696 -9384 -8732 32767 11078 -18277 END
START -5532 -5208 -12448 23700 16537 -17578 END