START 16460 2236 -14036 9791 -4660 -1960 END
START 5868 -1184 -14784 5124 -7839 -1377 END
START 2312 -3392 -8620 1015 -9247 -754 END
START 2080 -2512 -8228 -2340 -9267 -131 END
START 1680 -2224 -7148 -5134 -7253 -9 END
START -632 -1796 -6568 -8077 -3490 10 END
START -248 -1388 -8832 -11918 550 136 END
START 256 -1304 -12476 -16275 3249 -153 END
START -1132 -1448 -13736 -21963 3526 -391 END
START -3124 -2604 -12452 -27519 2885 -286 END
START -3704 -3640 -11900 -32524 734 -278 END
START -3872 -5084 -10616 -32768 -646 -204 END
START -4312 -7188 -8964 -32768 142 -345 END
START -4924 -10508 -4516 -32768 6676 -152 END
START -10708 -16908 8472 -32768 14911 472 END
START -17592 -21180 32767 -32768 13228 4349 END
START -15740 -19012 32767 -32768 6039 9009 END
START -5420 -12128 32767 -32768 8607 8334 END
START -8756 -9288 32767 -30810 10821 6757 END
START -10768 -6628 32767 -25857 3925 9866 END
START -5420 -3964 32767 -16321 -621 13026 END
START 1732 -848 32767 -5018 383 15518 END
START 7620 1472 32767 3874 2019 15847 END
START 10744 1676 32767 13069 -1625 14070 END
START 15068 1728 32767 21677 -6648 10178 END
START 16272 668 32767 27996 -9668 5405 END
START 15688 -592 32767 31412 -10335 785 END
START 14524 -2472 29944 32767 -8559 -3645 END
START 13064 -4348 26340 32767 -4984 -7374 END
START 12196 -6060 23344 32767 -1802 -10542 END
START 12924 -7420 20524 32767 1299 -14035 END
START 13084 -8944 17072 32767 3949 -18187 END
START 14240 -9988 13692 32767 5881 -22746 END
START 15072 -10268 8980 32767 6616 -28247 END
START 13832 -10684 5212 32767 5408 -32768 END
START 11380 -11508 996 32767 3085 -32768 END
START 10700 -11032 -4272 32767 451 -32768 END
START 9772 -9984 -8888 28752 -838 -32768 END
START 7156 -10672 -9060 22148 -2402 -32768 END
START 3100 -12156 -8324 17718 -5183 -32768 END
START -204 -15464 -3944 15709 -16276 -32768 END
START -6988 -15668 1888 16967 -26924 -32768 END