START 2212 5948 -9700 -6216 -2916 9085 END
START 4780 312 -17536 -6500 -1989 8638 END
START 852 10596 -3760 -10168 -2148 8620 END
START 3148 5440 -13292 -10701 -1194 8225 END
START 3464 6324 -9904 -13071 -1525 7803 END
START 2364 6136 -8656 -14702 -1320 7435 END
START 2428 5588 -9040 -16426 -955 7070 END
START 3104 5400 -9160 -18141 -633 6713 END
START 3600 4900 -9452 -19488 -265 6390 END
START 3508 4888 -8200 -21034 265 6167 END
START 3260 4440 -7416 -22270 797 5926 END
START 3168 4232 -6336 -23629 1241 5702 END
START 3264 4084 -5684 -24736 1723 5513 END
START 3288 3572 -4564 -25723 2252 5337 END
START 3048 3216 -2844 -26535 2751 5212 END
START 2864 3148 -2048 -27118 3385 5118 END
START 2596 3136 -840 -27472 3933 5142 END
START 2448 3172 -172 -27696 4573 5202 END
START 2304 3076 784 -27754 5187 5292 END
START 1980 3028 1676 -27724 5750 5453 END
START 2340 2832 1976 -27721 6244 5619 END
START 2116 2832 2324 -27758 6754 5850 END
START 2080 2892 2936 -27817 7125 6061 END
START 2152 2804 3532 -27919 7427 6277 END
START 2120 3008 4316 -28010 7592 6438 END
START 2440 3196 5088 -27990 7682 6592 END
START 3560 2916 5332 -28005 7961 6718 END
START 4004 2308 5928 -27691 8160 6764 END
START 4104 2304 6448 -27417 8113 6784 END
START 4040 2668 7228 -27176 7765 6786 END
START 4256 3016 7428 -26950 7318 6715 END
START 4860 3400 7368 -26860 6793 6609 END
START 5308 3608 7596 -26803 6273 6399 END
START 5836 3700 7804 -26863 5721 6164 END
START 6144 3660 8208 -26959 5099 5818 END
START 6736 3748 8432 -27119 4580 5413 END
START 6880 3696 8708 -27203 4082 5016 END
START 6968 3744 8976 -27284 3610 4635 END
START 6788 3724 9080 -27291 3099 4291 END
START 6484 3852 9188 -27287 2630 4007 END
START 6156 4172 9328 -27318 2068 3707 END
START 5972 4408 9588 -27439 1562 3422 END
START 5828 4556 9624 -27672 1174 3175 END
START 5868 4672 9536 -28036 993 2885 END
START 5740 4708 9900 -28420 962 2622 END
START 5552 4540 10320 -28822 1133 2375 END
START 5044 4548 10992 -29188 1421 2181 END
START 4484 4208 11504 -29560 1718 2075 END
START 3536 4040 11860 -29763 1969 2113 END
START 2640 3928 12296 -29857 2148 2288 END
START 1672 3992 12424 -29926 2220 2652 END
START 844 4076 12840 -30032 2217 3050 END
START -68 4212 13132 -30296 2227 3522 END
START -716 4204 13600 -30610 2294 4056 END
START -884 4184 13748 -31054 2575 4654 END
START -1156 4140 14080 -31538 3107 5320 END
START -1248 3696 14920 -31944 3932 6044 END
START -1256 3648 15920 -32251 4821 6844 END
START -1208 3688 17112 -32427 5745 7746 END
START -216 3352 17984 -32514 6809 8656 END
START 792 2716 19188 -32433 7851 9458 END
START 2104 2120 19800 -32192 8867 10000 END
START 3088 1880 21168 -31881 9696 10293 END
START 4036 1812 22112 -31470 10343 10378 END
START 5536 1768 22860 -31064 10860 10129 END
START 6808 1744 23444 -30600 11309 9656 END
START 8000 1816 24184 -30203 11655 8866 END
START 8880 1672 25176 -29689 11872 7963 END
START 9048 1428 25860 -29074 11748 6863 END
START 8672 1168 26944 -28306 11199 5785 END
START 8080 1200 27480 -27480 10251 4724 END
START 7660 1124 28116 -26594 9100 3675 END
START 7332 1200 28540 -25674 7808 2736 END
START 6928 1376 28892 -24880 6559 1818 END
START 6520 1468 29272 -24141 5217 1020 END
START 5932 1384 29812 -23430 3826 307 END
START 5544 1140 30316 -22661 2750 -328 END
START 5164 1052 31092 -21837 1944 -842 END
START 4888 1016 31472 -20876 1486 -1279 END
START 4632 960 31532 -19793 1222 -1679 END
START 4148 832 31904 -18673 1102 -1996 END
START 3384 820 32040 -17513 1033 -2264 END
START 2624 956 32028 -16401 900 -2427 END
START 2036 848 31760 -15242 672 -2449 END
START 1348 660 31256 -14352 350 -2441 END
START 992 512 30704 -13307 -42 -2296 END
START 176 436 30468 -12491 -598 -2096 END
START -248 504 29928 -11787 -1266 -1815 END
START -704 748 29424 -11232 -2008 -1444 END
START -720 892 28936 -10702 -2691 -989 END
START -356 1372 28536 -10315 -3134 -494 END
START 552 1560 28116 -9982 -3288 -35 END
START 1196 1628 27976 -9742 -3115 325 END
START 2056 1700 28044 -9537 -2781 546 END
START 2612 1584 28392 -9318 -2363 683 END
START 3336 1668 28984 -9071 -1899 754 END
START 3776 1692 29376 -8727 -1335 735 END
START 4380 1740 29928 -8296 -762 688 END
START 4820 1688 30364 -7845 -224 623 END
START 5120 1524 30784 -7290 282 517 END
START 5380 1588 30984 -6722 758 406 END
START 5072 1508 31548 -6141 1094 274 END
START 4956 1564 31764 -5523 1309 157 END
START 4708 1668 32348 -4881 1375 41 END
START 4656 1680 32767 -4190 1417 -112 END
START 4516 1668 32767 -3449 1477 -255 END
START 4368 1544 32767 -2646 1535 -362 END
START 4212 1476 32767 -1824 1595 -415 END
START 3996 1328 32767 -918 1679 -428 END
START 3760 1244 32767 -55 1656 -374 END
START 3460 1164 32767 858 1646 -254 END
START 3160 1132 32767 1771 1571 -108 END
START 3056 1212 32767 2700 1526 87 END
START 2896 1256 32767 3636 1516 327 END
START 3080 1340 32767 4525 1540 575 END
START 3188 1240 32767 5364 1602 801 END
START 3280 1396 32767 6145 1611 985 END
START 3380 1468 32767 6994 1458 1210 END
START 3828 1416 32767 7889 1448 1354 END
START 4324 1132 32767 8916 1602 1520 END
START 4872 1064 32767 9936 1962 1609 END
START 5132 1032 32767 11064 2337 1658 END
START 5404 1056 32767 12119 2658 1635 END
START 5428 1032 32767 13215 2880 1600 END
START 5580 852 32767 14235 3037 1528 END
START 5668 804 32767 15296 3069 1426 END
START 5684 664 32716 16253 3020 1294 END
START 5924 668 32160 17156 2954 1152 END
START 5968 712 31448 17988 2802 968 END
START 6260 668 30796 18713 2607 816 END
START 6292 512 30060 19514 2298 680 END
START 6408 384 29572 20200 1948 531 END
START 6424 400 29120 20858 1478 407 END
START 6484 452 28548 21471 989 219 END
START 6536 664 28056 22002 430 74 END
START 6472 812 27664 22515 -197 -125 END
START 6704 968 27256 23004 -756 -288 END
START 6724 1000 26872 23527 -1331 -508 END
START 6656 812 26680 24068 -2058 -730 END
START 6580 652 26460 24625 -2760 -989 END
START 6484 556 26228 25214 -3571 -1247 END
START 6404 536 26032 25815 -4380 -1482 END
START 6192 616 25852 26452 -5254 -1723 END
START 6324 628 25936 27107 -6144 -1989 END
START 6088 616 25744 27742 -6964 -2162 END
START 6024 284 25736 28485 -7792 -2281 END
START 5860 208 25796 29361 -8519 -2423 END
START 5740 360 25280 30230 -9119 -2441 END
START 5616 452 25288 31115 -9720 -2469 END
START 5512 640 24840 31943 -10340 -2504 END
START 5588 624 24384 32686 -10938 -2516 END
START 6040 484 24032 32767 -11501 -2536 END
START 6472 264 23544 32767 -11939 -2592 END
START 6968 308 23040 32767 -12262 -2701 END
START 7488 368 22456 32767 -12465 -2809 END
START 8144 344 21756 32767 -12597 -3065 END
START 8460 316 21284 32767 -12776 -3419 END
START 8728 380 20876 32767 -13062 -3866 END
START 9228 452 20232 32767 -13360 -4379 END
START 9672 528 19344 32767 -13650 -4965 END
START 9996 412 18628 32767 -13852 -5533 END
START 10620 304 17680 32767 -13887 -6148 END
START 11128 392 16516 32767 -13757 -6806 END
START 11556 880 15484 32767 -13414 -7493 END
START 12044 1160 14272 32767 -13012 -8192 END
START 12404 1432 13196 32767 -12534 -8991 END
START 13196 1900 12280 32767 -12054 -9945 END
START 13992 2084 10760 32767 -11480 -10928 END
START 14980 2264 9288 32767 -10874 -12080 END
START 15796 2344 7876 32767 -10225 -13331 END
START 16532 2512 6384 32767 -9462 -14750 END
START 17016 2384 4792 32767 -8535 -16247 END
START 17256 2784 3628 32767 -7391 -17899 END
START 17564 3136 2196 32767 -6174 -19590 END
START 17628 3396 864 32767 -4764 -21294 END
START 17396 3580 -608 32767 -3217 -22900 END
START 17564 3752 -2476 32767 -1307 -24495 END
START 16492 3512 -4060 31500 246 -26047 END
START 15176 3448 -4908 29742 1639 -27521 END
START 13660 3520 -5952 27776 2966 -28887 END
START 12116 3524 -6820 25831 4143 -29984 END
START 10548 3732 -7960 23743 5220 -30999 END
START 8912 4124 -8412 21666 6117 -31890 END
START 7496 4208 -8684 19599 6818 -32633 END
START 6056 4036 -8604 17535 7318 -32768 END
START 4552 3864 -8500 15549 7535 -32768 END
START 2820 3716 -8056 13616 7532 -32768 END
START 988 3380 -7440 11805 7303 -32768 END
START -896 3108 -6388 10090 6770 -32768 END
START -3068 2936 -5644 8566 6119 -32768 END
START -4976 3048 -4372 7197 5244 -32768 END
START -7268 3012 -3076 6089 4123 -32768 END
START -9024 2972 -1848 5227 2854 -32521 END
START -10316 2844 -756 4631 1468 -31556 END
START -11228 2604 188 4305 55 -30502 END
START -12088 2980 652 4218 -1199 -29315 END
START -12624 3288 1352 4185 -2428 -28192 END
START -13132 3708 2072 4149 -3664 -26978 END
START -13268 3940 1988 3955 -4633 -25747 END
START -13156 4128 2500 3608 -5160 -24567 END
START -13020 4108 2504 3236 -5271 -23447 END
START -12956 4064 2836 2919 -4921 -22287 END
START -13548 4192 2144 2573 -3720 -21096 END
START -14364 4280 1268 2473 -1499 -19588 END
START -13444 5196 3408 2309 -483 -17741 END
START -12924 5080 4120 1844 34 -16216 END
START -12064 5000 4492 1527 652 -14956 END
START -10836 4580 3768 1277 1657 -14069 END
START -10276 4816 2876 1159 3216 -13232 END