START 2936 9500 -968 -3040 -976 4217 END
START 3020 6284 -6320 -2339 -1065 4061 END
START 2404 13912 -876 -4726 -769 3987 END
START 4412 9552 -10992 -4666 -4 3664 END
START 3236 10936 -7436 -6490 -409 3533 END
START 1552 10508 -8132 -7922 -508 3377 END
START 988 10616 -8788 -9813 -1020 3300 END
START 1348 9900 -10496 -11659 -1588 3286 END
START 1072 9476 -11064 -13617 -1972 3455 END
START 724 9080 -11008 -15527 -2228 3690 END
START 640 8608 -11188 -17415 -2593 3920 END
START 764 8712 -11292 -19254 -2917 4110 END
START 1204 8572 -11432 -21190 -3153 4224 END
START 1988 8420 -11032 -23056 -3103 4221 END
START 2724 7704 -10384 -24993 -2697 4091 END
START 3432 6628 -9548 -26739 -2100 3798 END
START 4016 5544 -8268 -28301 -1300 3396 END
START 4112 4388 -6740 -29560 -433 2962 END
START 3960 3676 -5384 -30299 381 2524 END
START 3368 3324 -4092 -30805 1259 2113 END
START 2968 3068 -3024 -30976 2024 1768 END
START 2372 2864 -1816 -30965 2657 1496 END
START 1692 2444 -900 -30680 3153 1294 END
START 820 2148 -188 -30221 3274 1144 END
START 0 2048 400 -29725 2987 1107 END
START -384 1972 712 -29249 2388 1069 END
START -868 1640 768 -28773 1532 1095 END
START -1012 1504 1032 -28358 504 1178 END
START -904 1308 856 -28016 -567 1250 END
START -624 1124 756 -27809 -1647 1305 END
START -356 844 768 -27627 -2791 1322 END
START -304 564 836 -27466 -3965 1280 END
START -104 400 1432 -27294 -5212 1248 END
START -68 248 1328 -27136 -6515 1235 END
START 192 84 1540 -26961 -7948 1151 END
START 516 -128 1584 -26816 -9203 1117 END
START 1108 -156 1444 -26706 -10359 974 END
START 1668 -200 1208 -26748 -11163 854 END
START 2116 -352 1372 -26884 -11764 703 END
START 2096 -312 1540 -27078 -12248 593 END
START 2192 -408 1632 -27254 -12635 516 END
START 2004 -512 1904 -27444 -12881 540 END
START 1632 -616 2056 -27622 -13122 676 END
START 1696 -572 2076 -27805 -13299 910 END
START 1808 -636 2160 -28013 -13339 1210 END
START 2072 -588 2052 -28349 -13253 1516 END
START 2252 -624 1756 -28794 -13061 1773 END
START 2640 -428 1456 -29441 -12741 2008 END
START 2932 -380 1444 -30104 -12335 2197 END
START 3252 -380 1612 -30949 -11910 2327 END
START 3516 -492 1756 -31882 -11439 2426 END
START 3748 -452 2440 -32768 -11002 2456 END
START 3808 -616 2884 -32768 -10588 2477 END
START 3536 -664 3688 -32768 -10188 2495 END
START 3468 -708 4424 -32768 -9916 2526 END
START 3324 -780 5192 -32768 -9619 2574 END
START 3064 -604 6236 -32768 -9312 2679 END
START 3092 -568 7100 -32768 -9002 2739 END
START 3192 -240 8184 -32768 -8542 2844 END
START 3556 -260 9420 -32768 -7992 2859 END
START 3916 -176 11004 -32768 -7329 2873 END
START 4036 -296 13048 -32768 -6813 2908 END
START 4448 -412 14832 -32768 -6130 2864 END
START 4932 -500 16856 -32768 -5429 2777 END
START 5044 -556 19008 -32768 -4884 2643 END
START 5264 -404 21068 -32768 -4107 2423 END
START 5280 -236 23340 -32768 -3834 2089 END
START 5320 124 25240 -32768 -3452 1690 END
START 5596 456 26784 -32768 -2982 1241 END
START 5628 60 28524 -32768 -2603 692 END
START 5472 -108 29972 -32768 -2378 87 END
START 5152 -204 31536 -32768 -2354 -509 END
START 4308 -204 32767 -32768 -2648 -1127 END
START 3480 -80 32767 -32369 -3273 -1676 END
START 2860 64 32767 -31050 -3928 -2106 END
START 2264 124 32767 -29801 -4593 -2522 END
START 1548 -48 32767 -28479 -5340 -2846 END
START 936 44 32767 -27333 -5916 -3134 END
START 480 -128 32767 -26172 -6533 -3407 END
START 36 -408 32767 -24997 -7178 -3657 END
START -860 -616 32767 -23900 -7800 -3818 END
START -1792 -680 32767 -22704 -8459 -3909 END
START -2632 -772 32767 -21455 -9031 -3881 END
START -3708 -660 32767 -20151 -9602 -3721 END
START -4680 -512 32767 -18773 -10042 -3383 END
START -5456 -692 32767 -17289 -10399 -2885 END
START -6244 -676 32767 -15889 -10624 -2224 END
START -6916 -788 32767 -14427 -10637 -1478 END
START -7508 -504 32767 -13096 -10317 -561 END
START -7872 -452 32767 -11793 -9747 409 END
START -8184 -316 32767 -10585 -8982 1404 END
START -8464 -256 32767 -9372 -8140 2494 END
START -8724 -380 32767 -8210 -7320 3685 END
START -8880 -296 32767 -7058 -6507 4907 END
START -8884 -408 32767 -5981 -5780 6137 END
START -8924 -460 32767 -5000 -5187 7289 END
START -8696 -596 32767 -3998 -4777 8424 END
START -8188 -716 32767 -3004 -4427 9520 END
START -7244 -1000 32767 -2084 -4100 10469 END
START -6176 -1244 32767 -1062 -3737 11357 END
START -5124 -1232 32767 -70 -3426 12093 END
START -3972 -1352 32767 935 -3225 12626 END
START -2852 -1380 32767 1982 -3096 12878 END
START -1632 -1540 32767 3169 -3012 13083 END
START -396 -1600 32767 4356 -3019 12944 END
START 792 -1356 32767 5607 -3085 12951 END
START 1908 -1312 32767 6854 -3286 12509 END
START 2800 -1284 32767 8147 -3603 11986 END
START 3684 -1308 32767 9498 -3934 11460 END
START 4324 -1188 32767 10833 -4343 10807 END
START 4616 -1100 32767 12244 -4803 10154 END
START 4688 -1140 32767 13659 -5339 9463 END
START 4616 -976 32767 14995 -5973 8839 END
START 4324 -852 32767 16296 -6638 8285 END
START 4300 -572 32767 17623 -7314 7729 END
START 4288 -436 32767 18942 -7943 7257 END
START 4140 -296 32767 20224 -8462 6821 END
START 4244 -252 32767 21409 -8935 6447 END
START 4288 -468 32767 22613 -9387 6073 END
START 4380 -440 32767 23765 -9745 5723 END
START 4616 -412 32767 24851 -10055 5448 END
START 4640 -256 32767 25887 -10283 5190 END
START 4724 -264 32767 26821 -10439 4952 END
START 4692 -396 32767 27740 -10588 4780 END
START 4836 -444 32388 28660 -10632 4623 END
START 4728 -540 31664 29494 -10615 4552 END
START 4756 -636 30900 30326 -10528 4498 END
START 5016 -700 29996 31141 -10243 4503 END
START 5356 -368 29272 31905 -9731 4499 END
START 5980 -240 28324 32658 -8927 4505 END
START 6720 -208 27584 32767 -7923 4478 END
START 7600 -144 26924 32767 -6745 4419 END
START 8300 -428 26200 32767 -5494 4294 END
START 9020 -456 25520 32767 -4183 4111 END
START 10056 -708 24760 32767 -2863 3888 END
START 10984 -668 23976 32767 -1589 3543 END
START 12012 -668 23144 32767 -433 3095 END
START 12980 -528 22128 32767 609 2518 END
START 14096 -756 20952 32767 1532 1760 END
START 15356 -780 19688 32767 2420 789 END
START 16204 -776 18380 32767 3219 -341 END
START 16680 -612 17024 32767 3785 -1557 END
START 17068 -248 15984 32767 4198 -2936 END
START 17332 140 14924 32767 4321 -4400 END
START 17180 352 13948 32767 4226 -5854 END
START 17056 456 12948 32767 4036 -7336 END
START 17032 512 11772 32767 3756 -8772 END
START 16904 524 11076 32767 3581 -10140 END
START 16772 772 9968 32767 3434 -11424 END
START 16760 856 9096 32767 3315 -12656 END
START 16848 916 8144 32767 3266 -13784 END
START 17048 952 7436 32767 3333 -14891 END
START 17184 764 6644 32767 3590 -15984 END
START 17104 952 5680 32767 3968 -17052 END
START 17020 1092 5204 32767 4454 -18086 END
START 16692 1276 4576 32767 4905 -19151 END
START 16580 1580 3652 32767 5387 -20363 END
START 16588 1584 2944 32767 5955 -21529 END
START 16844 1516 2172 32767 6539 -22748 END
START 17392 1204 1248 32767 7303 -24029 END
START 17868 1080 -68 32321 8360 -25268 END
START 16736 584 -532 31611 9153 -26531 END
START 16784 764 -1800 30910 10043 -27617 END
START 17024 972 -2952 29987 11311 -28736 END
START 16912 816 -4016 28941 12665 -29746 END
START 16848 884 -4452 27811 13854 -30875 END
START 17228 952 -5724 26800 14984 -31997 END
START 17228 704 -6052 25418 16420 -32768 END
START 16596 388 -5188 24276 17421 -32768 END
START 16860 356 -5840 23326 18380 -32768 END
START 16412 168 -5532 22196 19385 -32768 END
START 16232 -220 -6212 21556 20257 -32768 END
START 16300 -108 -6312 20841 21265 -32768 END
START 15404 -904 -6368 20246 22085 -32768 END
START 14488 -1584 -6576 19747 22336 -32768 END
START 12880 -1572 -6704 19239 22344 -32768 END
START 10980 -1612 -6716 18600 21833 -32768 END
START 9100 -1732 -7116 17946 20843 -32768 END
START 7048 -1476 -7528 17189 19376 -32768 END
START 5004 -1216 -7412 16230 17777 -32768 END
START 2772 -1208 -7780 15260 15697 -32768 END
START 388 -992 -7872 14208 13563 -32768 END
START -2116 -648 -7940 13102 11536 -32768 END
START -4344 -108 -7840 12048 9345 -32768 END
START -6500 232 -7784 11011 7306 -32768 END
START -8368 432 -7568 10039 5583 -32768 END
START -10108 748 -7580 9140 4143 -32768 END
START -11784 1020 -7520 8296 3121 -32768 END
START -13008 1544 -7132 7474 2472 -32768 END
START -13536 1740 -6668 6672 2212 -32768 END
START -13904 1328 -5704 5918 2324 -32768 END
START -13920 1432 -4940 5394 2793 -32768 END
START -14196 2852 -4504 4871 3586 -32768 END
START -14728 2052 -2568 4183 4004 -31513 END