START 4744 13560 -7168 873 1567 241 END
START -3244 3964 3088 -2053 -3271 -1748 END
START -5744 2624 2556 -4690 -3341 -898 END
START -4420 1852 2236 -7783 -3302 1116 END
START -2464 1524 -620 -10080 -3565 1946 END
START 1660 1052 -3292 -13530 -4016 1560 END
START 2920 -124 -3980 -17107 -2125 -253 END
START 2816 -1128 -6764 -21562 -1916 -1436 END
START 628 -2948 -5220 -26427 -2326 -2522 END
START -268 -3904 -3160 -29757 -2967 -1822 END
START -116 -5308 384 -31979 -4149 -583 END
START 512 -5688 3272 -32768 -5092 469 END
START 3804 -5404 7844 -32768 -4549 988 END
START 7364 -4436 16204 -32768 -1942 -899 END
START 6744 -4864 25200 -32768 340 -3544 END
START 4020 -5820 32072 -32768 2408 -6015 END
START -1924 -7940 32767 -30754 3564 -6858 END
START -6244 -9292 32767 -25368 2479 -5967 END
START -7784 -9660 32767 -19411 2031 -3633 END
START -7216 -9056 32767 -14241 995 -1391 END
START -6068 -8036 32767 -9954 913 332 END
START -6176 -7600 32767 -5992 -172 1225 END
START -5764 -7028 32767 -1648 -1649 2754 END
START -4376 -6752 32767 2580 -1983 4694 END
START -1540 -6096 32767 6930 -1681 5872 END
START 124 -5904 32767 11338 -2662 5846 END
START 1404 -6064 32767 15688 -4637 5446 END
START 2000 -6556 32767 20297 -5555 5114 END
START 2892 -6808 32420 24693 -4952 4984 END
START 4420 -7044 29492 28220 -1431 5258 END
START 8284 -6564 25604 30929 2217 4176 END
START 11312 -5776 20708 32574 4750 686 END
START 14936 -4720 16772 32767 7177 -3966 END
START 20052 -3456 13284 32042 10841 -11221 END
START 22400 -2508 7712 29878 15570 -20838 END
START 17116 -3104 3784 26552 17816 -28125 END
START 13360 -2448 2164 24349 17995 -32649 END
START 9712 -2316 -700 22683 17520 -32768 END