START 10988 5004 -14280 -406 -781 6546 END
START 5124 700 -11640 -6271 -5976 6676 END
START 4696 -1284 -11536 -10445 -8589 7467 END
START 9176 -1180 -12664 -16009 -7391 6812 END
START 8840 -1724 -10308 -20634 -3511 4928 END
START 6608 -2612 -9296 -23700 -1367 3630 END
START 4244 -3628 -8816 -26456 -3077 3049 END
START 3440 -4448 -8952 -29782 -4405 3657 END
START 3268 -5624 -8240 -32768 -3695 3952 END
START 1168 -7164 -4696 -32768 -3134 4234 END
START -1724 -8592 -360 -32768 -3920 5988 END
START -1720 -9228 3856 -32768 -4134 8360 END
START 1460 -9976 11484 -32768 -2970 9503 END
START 2208 -11336 23636 -32768 614 8023 END
START 4840 -10596 32767 -32768 4035 6257 END
START 1808 -9476 32767 -32768 6366 2961 END
START -2508 -9048 32767 -32768 2147 2147 END
START -6120 -7740 32767 -30153 -5127 4969 END
START -1112 -5792 32767 -23479 -7573 8755 END
START 7396 -1680 32767 -17422 -1201 9136 END
START 4456 -544 32767 -10665 3468 7365 END
START 3656 596 32767 -2463 682 7395 END
START 5328 1432 32767 4339 -3231 7060 END
START 8184 1716 32767 11410 -6831 7508 END
START 13504 1000 32767 20208 -10518 5343 END
START 12596 -604 32767 30058 -15601 1000 END
START 12152 -1956 32767 32767 -14596 -2034 END
START 10164 -4204 32767 32767 -8295 -3471 END
START 9148 -5952 32767 32767 -2108 -2650 END
START 9292 -6468 26592 32767 1843 -2002 END
START 10592 -6276 18192 32767 2885 -2524 END
START 12044 -5952 13988 32767 1911 -4675 END
START 16644 -5020 9508 32767 1672 -9082 END
START 18728 -4832 4692 32767 3572 -15259 END
START 19540 -4364 -428 32767 6477 -21769 END
START 20680 -4364 -452 32325 8757 -28180 END
START 24144 -4848 -948 29990 13166 -32768 END
START 20416 -7900 -1140 27839 16222 -32768 END
START 14236 -9760 -2656 26601 18085 -32768 END
START 13612 -11516 -4368 24588 17895 -32768 END
START 5972 -12604 -6392 21248 19230 -32768 END
START -4248 -12588 -7356 19336 14784 -32768 END
START -8980 -10424 -8700 16369 6175 -32768 END
START -17148 -10012 -7964 13466 -1361 -32768 END
START -24144 -9572 -7236 10632 -4812 -32527 END
START -22184 -8620 -10968 7166 -3037 -24843 END