START 10540 10644 -9888 -262 9316 3502 END
START 11140 4228 -12156 -2776 6902 1646 END
START 4664 2204 -10232 -6031 3629 664 END
START 516 1016 -8944 -8842 51 714 END
START 2056 -588 -10704 -11053 -609 2328 END
START 1092 -1660 -10888 -13917 -2339 5702 END
START -320 -2424 -10284 -18161 -2722 9290 END
START 2488 -3476 -11560 -24016 -1063 11484 END
START 2700 -5080 -10456 -31523 1848 11964 END
START 4496 -7716 -8956 -32768 3462 10707 END
START 4024 -10784 -3800 -32768 4406 7986 END
START 448 -13624 1876 -32768 4119 6803 END
START -3872 -15400 8156 -32768 2022 8438 END
START -6728 -17364 14892 -32768 -2161 13318 END
START -108 -16784 29016 -32768 -2880 19029 END
START 9064 -11060 32767 -32768 6273 18997 END
START 12152 -7168 32767 -32768 14971 13668 END
START 8096 -6340 32767 -32768 14071 7491 END
START 3820 -7016 32767 -26676 6266 4825 END
START 3520 -7616 32767 -17039 -94 5044 END
START 6896 -7148 32767 -5050 -3405 6316 END
START 11728 -5824 32767 4917 -3757 5667 END
START 13284 -4600 32767 12506 -5138 4686 END
START 15364 -3744 32767 19723 -5970 3549 END
START 16976 -3692 32767 25404 -7155 1318 END
START 17820 -3944 32767 29344 -7218 -1889 END
START 16336 -5088 31424 31701 -6505 -5606 END
START 15572 -6412 28268 32767 -5866 -8879 END
START 15924 -8072 25528 32767 -2176 -12237 END
START 15320 -9960 21452 32767 1933 -15341 END
START 16588 -10532 15968 32767 4056 -18085 END
START 16796 -10828 10324 32767 5820 -22194 END
START 19096 -10000 5568 32767 6506 -26366 END
START 21440 -10172 2128 32767 8196 -32029 END
START 20528 -10584 -364 29535 9562 -32768 END
START 21300 -10484 -3384 26256 11302 -32768 END
START 20688 -11276 -6868 21221 13710 -32768 END
START 13164 -13316 -9008 16232 17383 -32768 END
START 5364 -13300 -10432 12250 15496 -32768 END
START -1532 -13404 -9884 9004 10987 -32768 END
START -6544 -12440 -9764 6285 7463 -32768 END
START -15112 -12964 -7308 4216 4939 -32768 END
START -24132 -12172 -4980 3602 2347 -32768 END
START -31008 -10676 -2236 1241 1321 -32768 END