START -2860 10436 -5828 -5055 -7638 1495 END
START -2552 7332 -13172 -5064 -8146 2156 END
START -776 12020 -9988 -7663 -9096 3199 END
START -1716 10824 -7820 -8235 -8104 3887 END
START -2120 10072 -7992 -9847 -9073 4606 END
START -1512 10588 -8040 -11271 -9249 5195 END
START -764 10232 -8548 -12731 -9364 5692 END
START -412 9580 -8108 -14233 -9470 6061 END
START 168 9064 -8284 -15361 -9389 6319 END
START 276 8668 -7536 -16645 -9017 6565 END
START 260 8292 -7044 -17797 -8535 6746 END
START 132 8056 -6376 -18780 -8075 7016 END
START -60 7948 -6212 -19618 -7787 7339 END
START -188 7772 -5728 -20277 -7595 7746 END
START -676 7480 -5716 -20929 -7376 8194 END
START -1056 7140 -5344 -21477 -7329 8698 END
START -1136 6644 -5524 -22067 -7365 9225 END
START -792 6516 -5380 -22715 -7496 9733 END
START -768 6292 -5428 -23478 -7503 10296 END
START -588 5808 -5352 -24349 -7446 10815 END
START -448 5564 -4820 -25171 -7426 11279 END
START -304 4876 -4596 -26002 -7449 11769 END
START -256 4020 -4696 -26693 -7228 12214 END
START -284 3540 -4964 -27372 -6878 12712 END
START -384 3288 -4852 -28199 -6627 13137 END
START 116 3040 -5484 -29088 -6214 13765 END
START 584 2836 -5428 -30154 -5628 14282 END
START 1012 2520 -5312 -31297 -5138 14722 END
START 1604 2188 -4816 -32372 -4469 14976 END
START 2404 1408 -4352 -32768 -3609 15103 END
START 2812 716 -3896 -32768 -2644 15036 END
START 3160 -116 -3600 -32768 -1760 14903 END
START 3104 -684 -2704 -32768 -970 14672 END
START 3148 -1020 -2104 -32768 -337 14487 END
START 3224 -1100 -2124 -32768 215 14298 END
START 3328 -888 -1504 -32768 573 14136 END
START 3396 -860 -1376 -32768 983 13889 END
START 3624 -900 -784 -32768 1442 13616 END
START 3600 -1012 -8 -32768 1833 13318 END
START 3436 -1328 1328 -32768 2279 13031 END
START 2820 -1816 2904 -32768 2468 12947 END
START 2184 -2076 4384 -32768 2625 12795 END
START 1664 -2392 5484 -32768 2737 12867 END
START 940 -2484 6892 -32768 2832 13294 END
START 212 -2552 8592 -32768 2823 13758 END
START -264 -2728 9900 -32768 2801 14357 END
START -676 -2696 11112 -32768 2832 15114 END
START 16 -3960 12128 -32768 3089 16032 END
START -676 -4024 14548 -32768 3205 17000 END
START -520 -3332 16240 -32768 3074 18028 END
START -76 -2768 17796 -32768 2853 19035 END
START 964 -2516 19240 -32768 2635 20023 END
START 2536 -2260 20424 -32768 2572 20869 END
START 4312 -1928 21380 -32768 2703 21472 END
START 5940 -1608 22744 -32768 2920 21714 END
START 7116 -1620 23632 -31777 3073 21747 END
START 8280 -1048 24304 -30445 3375 21539 END
START 9320 -684 24716 -29021 3471 21203 END
START 10140 -280 24964 -27665 3631 20786 END
START 10640 112 24832 -26408 3651 20361 END
START 11092 536 24808 -25259 3668 19866 END
START 11620 1176 24452 -24341 3617 19360 END
START 11716 1780 24692 -23620 3491 18793 END
START 12104 2372 24700 -23018 3453 18178 END
START 12196 2660 24300 -22490 3370 17600 END
START 12500 2788 24336 -22001 3324 17057 END
START 12148 2892 24592 -21505 3133 16501 END
START 11688 2760 25012 -21031 2734 16056 END
START 11136 2748 25328 -20558 2177 15712 END
START 10356 2792 25492 -20051 1464 15444 END
START 9740 2864 26004 -19631 732 15336 END
START 9440 3044 26392 -19227 -42 15322 END
START 9300 3060 27144 -18859 -772 15309 END
START 9512 3032 28048 -18459 -1438 15403 END
START 9964 2892 29044 -17931 -1886 15414 END
START 10728 2864 29844 -17289 -2108 15442 END
START 11444 2884 30688 -16454 -2084 15391 END
START 12472 2732 31636 -15530 -1963 15213 END
START 13396 3104 32348 -14393 -1675 14952 END
START 14488 3144 32767 -13521 -1260 14524 END
START 15596 3396 32767 -12389 -693 13963 END
START 16288 3580 32767 -11328 -101 13301 END
START 16796 3800 32767 -10246 533 12551 END
START 17140 3840 32767 -9174 1042 11741 END
START 17192 3944 32767 -8113 1429 10900 END
START 17152 3864 32572 -7179 1736 10094 END
START 16612 3904 31732 -6332 1971 9380 END
START 16104 4016 30724 -5616 1953 8732 END
START 15580 4408 30032 -5088 1846 8144 END
START 15244 4708 29328 -4720 1613 7644 END
START 14992 4920 28780 -4491 1264 7199 END
START 15052 5196 28528 -4331 894 6656 END
START 15220 5252 28344 -4209 558 6127 END
START 15516 5328 28172 -4040 310 5491 END
START 15552 5204 28156 -3806 -2 4815 END
START 15440 5000 28080 -3468 -277 4221 END
START 15316 4720 27992 -3046 -600 3605 END
START 14916 4552 27920 -2568 -960 3122 END
START 14340 4612 27916 -2060 -1384 2734 END
START 13896 4656 27696 -1534 -1952 2475 END
START 13304 4708 27696 -1053 -2535 2271 END
START 13212 4744 27228 -592 -3066 2113 END
START 13092 4924 27208 -173 -3527 1938 END
START 13184 4764 26964 272 -3850 1760 END
START 13472 4612 26648 696 -3971 1578 END
START 13644 4540 26412 1108 -3907 1377 END
START 13760 4404 26188 1585 -3682 1158 END
START 13908 4248 26312 2068 -3452 957 END
START 13852 4092 26468 2542 -3188 781 END
START 13892 3964 26220 3081 -2957 619 END
START 14024 3948 25908 3616 -2715 493 END
START 14064 3772 25752 4141 -2505 363 END
START 14168 3852 25596 4650 -2306 216 END
START 14352 3740 25284 5139 -2190 -6 END
START 14644 3812 25264 5616 -2062 -260 END
START 14808 3916 25184 6036 -2070 -576 END
START 14896 3864 25392 6527 -2212 -1012 END
START 15120 3920 25460 7067 -2515 -1475 END
START 15116 3736 25460 7686 -2802 -2027 END
START 15140 3660 25632 8344 -3173 -2597 END
START 14904 3480 25716 9048 -3622 -3167 END
START 14616 3312 25776 9850 -4125 -3641 END
START 14236 3096 25840 10640 -4699 -4123 END
START 13888 2992 25832 11489 -5350 -4485 END
START 13648 2988 25748 12355 -6003 -4767 END
START 13352 2912 25860 13229 -6720 -5079 END
START 13204 2812 25964 14104 -7508 -5393 END
START 13124 2620 26008 15018 -8366 -5739 END
START 13060 2460 26120 16044 -9302 -6113 END
START 12892 2236 26372 17083 -10302 -6501 END
START 12728 2048 26284 18204 -11290 -6943 END
START 12704 1808 26124 19383 -12227 -7329 END
START 12352 1496 25960 20517 -13115 -7670 END
START 12296 1412 25784 21704 -13929 -7971 END
START 12404 1260 25068 22807 -14535 -8197 END
START 12604 1032 24680 23872 -14940 -8399 END
START 12968 936 23704 24980 -15120 -8588 END
START 13384 784 23140 26010 -14971 -8752 END
START 13940 704 22328 26914 -14641 -8907 END
START 14700 640 21496 27717 -14071 -9107 END
START 15560 800 20684 28373 -13304 -9361 END
START 16468 916 19820 28940 -12405 -9677 END
START 17400 1284 18900 29446 -11431 -10091 END
START 18736 1328 17128 29827 -10077 -10735 END
START 19496 1208 16228 30100 -8765 -11463 END
START 20436 1048 15160 30255 -7276 -12307 END
START 21020 1220 14180 30357 -5813 -13199 END
START 21516 1564 13160 30316 -4272 -14205 END
START 22244 2016 12324 30178 -2947 -15322 END
START 22776 2548 11836 29871 -1654 -16666 END
START 22980 2828 11196 29490 -651 -18133 END
START 23404 2888 10664 29090 212 -19697 END
START 23480 2752 10088 28690 963 -21325 END
START 23724 2404 9572 28205 1746 -23062 END
START 23744 2120 8936 27808 2452 -24758 END
START 24192 1932 8396 27338 3187 -26434 END
START 24856 1728 7688 26891 3997 -28117 END
START 25344 1396 7220 26472 4744 -29911 END
START 25612 1308 7168 26094 5370 -31816 END
START 25852 1232 7184 25735 5666 -32768 END
START 26040 1180 7476 25401 5703 -32768 END
START 26212 608 7392 25122 5416 -32768 END
START 26068 -124 7444 24958 5065 -32768 END
START 26088 -988 6936 24878 4735 -32768 END
START 25616 -1948 6160 24762 4471 -32768 END
START 24668 -2880 5368 24657 4296 -32768 END
START 23228 -3632 4488 24568 4253 -32768 END
START 21512 -4080 3440 24356 4282 -32768 END
START 19840 -4492 2608 24018 4516 -32768 END
START 18064 -4768 1512 23581 4851 -32768 END
START 16932 -5044 416 22996 5354 -32768 END
START 16068 -5272 -724 22355 6057 -32768 END
START 15448 -5492 -2064 21585 6791 -32768 END
START 14752 -5824 -2828 20708 7617 -32768 END
START 13852 -5984 -3804 19785 8429 -32768 END
START 12528 -6248 -4532 18851 9155 -32768 END
START 11152 -6320 -5516 17818 9892 -32768 END
START 9628 -6444 -6312 16733 10621 -32768 END
START 8568 -6376 -7300 15563 11454 -32768 END
START 7024 -6408 -8300 14370 12138 -32768 END
START 5224 -6308 -8908 13075 12642 -32768 END
START 3432 -5968 -9728 11773 12792 -32768 END
START 1288 -5520 -10536 10349 12498 -32768 END
START -1468 -4692 -11456 8783 11823 -32768 END
START -3796 -4060 -12028 7185 10883 -32768 END
START -6244 -3568 -12484 5459 9617 -32768 END
START -8584 -3072 -12696 3722 8123 -32768 END
START -10836 -2496 -12680 1937 6484 -32768 END
START -12820 -1872 -12572 -20 4571 -32768 END
START -14716 -956 -12268 -1859 2884 -32768 END
START -16232 248 -11948 -3644 1370 -32768 END
START -17700 684 -11240 -5468 113 -32768 END
START -18348 1028 -10608 -7240 -296 -32768 END
START -19224 1284 -10240 -8903 3 -32768 END
START -20136 1932 -8656 -10480 700 -32768 END
START -21016 2616 -7500 -11936 1822 -32768 END
START -21428 2848 -6476 -13170 3731 -32768 END
START -22368 3420 -4168 -14130 5814 -32768 END
START -22684 3992 -2988 -14471 8016 -32037 END
START -23472 4224 -1464 -14671 10166 -29570 END
START -24200 4544 412 -14535 11879 -27333 END
START -24944 4544 2092 -14104 13277 -25093 END