START 13256 5388 -8416 1767 9963 6907 END
START 3060 -920 -11260 2204 3921 7235 END
START -6184 -3628 -9524 -2580 -827 9204 END
START -4544 -3704 -9984 -7109 -3154 12351 END
START -1032 -4916 -10536 -13026 -2679 11334 END
START 828 -7304 -11232 -17531 -634 11562 END
START -504 -9452 -10616 -21433 -172 13794 END
START 3940 -9676 -13072 -27342 1883 14458 END
START -744 -11824 -10756 -31966 2827 18034 END
START 912 -14000 -10544 -32768 3938 18877 END
START -280 -16856 -6992 -32768 4553 21006 END
START -528 -18884 -1216 -32768 6141 23072 END
START -2524 -19384 6216 -32768 4845 26075 END
START 460 -17800 15360 -32768 2197 30441 END
START 9644 -15416 31296 -32768 2827 32354 END
START 17892 -10688 32767 -32768 2781 30288 END
START 24976 -6072 32767 -32768 6323 22460 END
START 22908 -4944 32767 -32241 5255 16806 END
START 19464 -2912 32767 -24959 2183 14735 END
START 22728 -2336 32767 -15081 946 14694 END
START 26984 -280 32767 -5058 -2903 14182 END
START 32767 1808 32767 4239 -4728 9760 END
START 32767 1468 32767 12711 -6492 3952 END
START 32124 1156 32767 19706 -8841 -1393 END
START 29452 -728 32767 24236 -9597 -5529 END
START 25248 -2460 32767 26985 -8716 -8687 END
START 21000 -4996 32440 30203 -8511 -10819 END
START 19116 -7628 29892 32767 -7367 -13157 END
START 16044 -10784 27408 32767 -7062 -14523 END
START 15912 -11728 21712 32767 -7043 -15609 END
START 18228 -11776 16200 32767 -6964 -18348 END
START 22736 -11424 11100 32767 -5046 -23336 END
START 28452 -11248 1948 32767 -294 -29844 END
START 32767 -9824 -7580 29356 4396 -32768 END
START 32767 -11576 -10080 20059 8877 -32768 END
START 28080 -15024 -11504 14038 10192 -32768 END
START 21740 -18120 -11800 8367 9691 -32768 END
START 14016 -18024 -13640 3989 11376 -32768 END
START 7056 -19624 -16360 -1999 11167 -32768 END
START -16488 -23452 -8500 -2850 280 -32768 END
START -32768 -23440 -528 1532 -15372 -32768 END
START -32768 -19992 -1840 494 -17018 -32768 END