START 2524 7992 -5864 4509 4646 -2747 END
START 4300 4688 -7124 1108 7074 -4103 END
START 3068 1360 -6260 -1240 1687 -4108 END
START 164 -452 -4244 -2724 -3891 -3325 END
START -432 -3124 -3696 -4079 -6702 -2172 END
START -520 -4456 -3956 -6155 -6210 -1 END
START -364 -4908 -5196 -9521 -3749 1457 END
START -2184 -5828 -6408 -13370 -2928 3277 END
START -3108 -6912 -5896 -16793 -4189 5364 END
START -3116 -7068 -6020 -19971 -6079 7218 END
START -3100 -7272 -6000 -23066 -6662 9078 END
START -2496 -7272 -6652 -26887 -5643 10487 END
START -1436 -7104 -7692 -31741 -2721 11441 END
START -1932 -6308 -8172 -32768 -621 11239 END
START -3308 -7240 -3052 -32768 -1951 10969 END
START -2844 -6696 2268 -32768 -4453 11833 END
START 1532 -4708 9012 -32768 -4045 12653 END
START 6328 -5528 22328 -32768 -1108 11146 END
START 9252 -6236 32767 -32768 4224 7295 END
START 5172 -6412 32767 -32768 4107 3181 END
START 2116 -4656 32767 -31660 245 164 END
START -400 -3956 32767 -24403 -2956 1610 END
START 748 -3300 32767 -17004 -5443 5056 END
START 6368 -1768 32767 -9616 -4317 7600 END
START 11792 -316 32767 -2886 1600 6834 END
START 12780 712 32767 3002 4597 4535 END
START 13868 716 32767 9769 5338 1703 END
START 13224 720 32767 16534 3793 -914 END
START 13088 852 32767 23024 2790 -3390 END
START 13444 -256 32767 28299 1249 -5883 END
START 20692 92 29360 32767 2642 -10263 END
START 24536 -968 21864 32767 10119 -18691 END
START 23016 -2820 12164 32767 15909 -26255 END
START 22120 -3604 4216 32767 18962 -32298 END
START 23668 -4232 -784 28882 20448 -32768 END
START 20044 -5644 -4860 23711 21763 -32768 END
START 15248 -7072 -6992 18535 21565 -32768 END
START 10916 -8740 -7412 13323 18238 -32768 END
START 2212 -11908 -5832 9460 15008 -32768 END