START 7452 10396 -12192 4595 8853 3093 END
START 3248 4224 -19252 1170 849 4067 END
START -6612 2452 -8404 -3530 -4044 4021 END
START -6284 1776 -6584 -8268 -2789 4201 END
START -5632 772 -4704 -12553 -463 4173 END
START -5316 -636 -4196 -15460 1440 4624 END
START -4472 -1608 -4576 -18043 1035 4976 END
START -3292 -2852 -5240 -20421 -444 5796 END
START -2364 -3232 -5156 -22870 -2727 6584 END
START -1092 -3904 -4712 -25607 -3911 6715 END
START -804 -4776 -4412 -29094 -4225 6467 END
START -1796 -5900 -3384 -32020 -4886 6967 END
START -1536 -6936 -3064 -32768 -6008 7737 END
START -812 -7328 -2108 -32768 -6651 8800 END
START 920 -7952 1292 -32768 -6231 9613 END
START 1592 -8592 6300 -32768 -4650 9913 END
START -484 -9088 15644 -32768 -4500 11013 END
START 4676 -8248 29760 -32768 -4605 11297 END
START 6556 -6040 32767 -32768 -2608 7854 END
START 2472 -3844 32767 -32768 -5441 5013 END
START -2092 -5688 32767 -27198 -14286 5070 END
START -664 -4260 32767 -18742 -17973 10843 END
START 8768 -1460 32767 -14062 -11127 15572 END
START 16660 176 32767 -7937 -2301 15148 END
START 15040 1896 32767 760 -1850 10932 END
START 13108 3180 32767 8974 -5843 7489 END
START 13660 3768 32767 15820 -9425 6340 END
START 15672 3840 32767 20845 -9884 5434 END
START 16360 3468 32767 24394 -8938 3834 END
START 16872 2828 30084 26848 -7291 1245 END
START 17712 2400 25820 28738 -4554 -2422 END
START 17216 2168 21136 29723 -2144 -7055 END
START 16928 1972 16228 29911 -447 -11929 END
START 18012 1368 13036 29380 1339 -17278 END
START 18160 1040 10016 28595 4210 -23236 END
START 19564 448 6036 27082 10102 -29415 END
START 19120 -248 32 23216 18965 -32768 END
START 17144 -1936 -4132 18039 27183 -32768 END
START 12916 -4248 -6900 13403 31953 -32768 END
START 9016 -7080 -8856 10714 31074 -32768 END
START 3552 -8328 -11300 8131 25205 -32768 END
START -208 -9248 -11036 5624 14601 -32768 END
START -4920 -9684 -9012 2371 5210 -32768 END
START -9428 -10152 -5324 -289 -212 -32768 END