START 14560 2708 -10436 -3605 3755 9806 END
START 6344 -1020 -11276 -5095 -4140 11315 END
START 7796 -904 -11364 -7659 -6231 12793 END
START 8400 24 -12640 -13171 -4715 12685 END
START 8924 -388 -13172 -18754 -1940 11576 END
START 6208 -1776 -11736 -24464 -402 10215 END
START 4136 -3740 -8764 -28643 -695 9512 END
START 2852 -5184 -6608 -31734 -1237 9058 END
START 2000 -6200 -5724 -32768 -435 8987 END
START 196 -7648 -4276 -32768 -408 9691 END
START -772 -9356 -480 -32768 -1483 11616 END
START 2084 -10020 4988 -32768 -1480 13472 END
START 6340 -9248 11656 -32768 1762 12856 END
START 6516 -10500 21316 -32768 4406 9607 END
START 4688 -11260 32767 -32768 3759 7918 END
START 2992 -10344 32767 -32768 2642 7257 END
START 4444 -8936 32767 -32768 4199 6879 END
START 3468 -7344 32767 -32602 6771 7522 END
START 4200 -5508 32767 -26554 8530 7294 END
START 3776 -4012 32767 -19671 7766 5935 END
START 2832 -4300 32767 -12585 2867 5840 END
START 4008 -4220 32767 -3219 -5525 7076 END
START 8676 -3668 32767 5096 -9010 7855 END
START 13208 -3340 32767 13511 -9913 8743 END
START 19224 -3080 32767 21629 -8515 7782 END
START 23160 -2392 32767 28513 -6432 4351 END
START 23636 -3184 32767 32725 -3038 -1662 END
START 19612 -5556 29572 32767 -2292 -6344 END
START 17488 -6844 23560 32767 -3963 -9545 END
START 17840 -7196 18148 32767 -6032 -12884 END
START 19096 -7636 14360 32767 -5654 -17606 END
START 20260 -8172 10356 32767 -919 -23067 END
START 18820 -8508 6436 32767 3547 -28545 END
START 17348 -9708 4720 32767 6534 -32763 END
START 18008 -10120 2344 32767 8895 -32768 END
START 16904 -10752 -396 32767 10741 -32768 END
START 15624 -10852 -5816 28224 12434 -32768 END
START 13024 -11192 -9472 20880 16384 -32768 END
START 7404 -13208 -9948 13480 19595 -32768 END
START -5356 -14900 -8416 9235 19281 -32768 END
START -15328 -15252 -6224 6719 12719 -32768 END
START -17604 -12704 -7692 4040 5484 -32768 END