START 13276 5636 -12884 -8949 17816 6626 END
START -3432 -548 -4408 -6944 2269 9090 END
START 8440 1212 -10124 -6652 -4868 11954 END
START 14476 1892 -11288 -9190 -3084 9946 END
START 13820 2000 -11048 -12660 -1780 6152 END
START 7148 820 -8996 -15144 -2447 2680 END
START 5932 -384 -10716 -18088 -4500 1080 END
START 1712 -1892 -10388 -21732 -6107 529 END
START -984 -4200 -10684 -25930 -9116 1199 END
START -372 -5376 -10336 -31321 -7995 2520 END
START -380 -7256 -9884 -32768 -4891 3189 END
START -512 -9616 -8840 -32768 -4121 3015 END
START -980 -11444 -5024 -32768 -5642 1975 END
START -1376 -13740 2760 -32768 -8210 1767 END
START 1896 -15896 13328 -32768 -7283 1085 END
START 740 -17176 27508 -32768 -2601 51 END
START -1792 -17048 32767 -32768 -2001 -1680 END
START -3664 -16244 32767 -32768 -2392 -2934 END
START -7568 -15900 32767 -32768 -2800 -2658 END
START -9948 -14904 32767 -26799 -3070 932 END
START -7928 -14092 32767 -19289 -2385 4580 END
START -4852 -11776 32767 -11323 867 5805 END
START -5944 -11500 32767 -3229 3052 7067 END
START -4932 -10644 32767 5264 2223 8893 END
START -2024 -9160 32767 12839 1845 10373 END
START 1880 -8504 32767 19549 3115 11031 END
START 5196 -8388 32767 26283 4291 9939 END
START 7180 -8392 32767 31820 5060 7870 END
START 10680 -7680 30448 32767 6400 4135 END
START 14292 -7572 25248 32767 9526 -1406 END
START 14388 -7532 20044 32767 12764 -7420 END
START 14160 -8060 14300 32767 15741 -12669 END
START 16036 -7672 8012 32767 17832 -17633 END
START 17256 -6284 576 32767 17858 -25236 END
START 17196 -6536 -4944 28848 16468 -32768 END
START 9748 -7652 -7828 22107 15173 -32768 END
START 5300 -6160 -10260 15676 13083 -32768 END
START 3004 -5476 -11156 9042 9979 -32768 END
START -3288 -5124 -10572 3237 6614 -32768 END
START -8548 -6976 -6876 2070 3582 -30590 END
START -14540 -3880 -6884 877 859 -25831 END