START 892 8420 -8252 -8757 245 3093 END
START 964 3148 -14112 -8726 543 3465 END
START -1604 11176 -4996 -11541 872 3903 END
START -84 6272 -14628 -11880 1817 4298 END
START -1240 7316 -11044 -13557 1376 4690 END
START -2996 6968 -10180 -14947 1235 5311 END
START -3620 6740 -10476 -16645 672 6034 END
START -3140 6668 -11040 -18244 17 6724 END
START -2852 6284 -11356 -19909 -534 7365 END
START -2988 6080 -10864 -21535 -833 8032 END
START -2644 5608 -10408 -23150 -1015 8624 END
START -1652 5064 -10752 -24768 -870 9117 END
START -1404 4632 -10204 -26278 -684 9496 END
START -1420 4280 -9088 -27729 -606 9839 END
START -1672 4120 -8256 -29109 -640 10124 END
START -1604 3700 -7344 -30401 -646 10444 END
START -1628 3240 -6172 -31441 -715 10753 END
START -1716 2684 -5244 -32301 -913 11119 END
START -1804 2316 -4404 -32768 -1088 11503 END
START -1924 1872 -3572 -32768 -1248 11973 END
START -2140 1724 -2996 -32768 -1410 12487 END
START -2244 1412 -2640 -32768 -1459 13015 END
START -2192 1264 -2292 -32768 -1399 13526 END
START -2496 1096 -1876 -32768 -1210 14098 END
START -2620 816 -1844 -32768 -920 14750 END
START -2692 620 -1520 -32768 -527 15460 END
START -2552 332 -1528 -32768 14 16198 END
START -2668 44 -1108 -32768 614 16954 END
START -2772 -324 -608 -32768 1226 17656 END
START -2848 -576 76 -32768 1898 18430 END
START -2816 -932 748 -32768 2525 19127 END
START -2816 -1168 1532 -32768 3188 19824 END
START -2700 -1420 2368 -32768 3762 20509 END
START -2256 -1704 3288 -32768 4331 21215 END
START -1640 -2180 4360 -32768 4788 21852 END
START -836 -2444 5392 -32768 5243 22471 END
START -220 -2912 6216 -32768 5640 23017 END
START 360 -3224 7272 -32768 5995 23410 END
START 724 -3304 8140 -32768 6093 23744 END
START 968 -3272 9092 -32768 6116 24008 END
START 1740 -3108 9508 -32768 6109 24231 END
START 2188 -3088 10296 -32768 5940 24347 END
START 2928 -2820 10772 -32768 5951 24409 END
START 3636 -2660 11456 -32768 5983 24357 END
START 4404 -2468 12176 -32768 6193 24194 END
START 5220 -2524 13064 -32768 6452 23966 END
START 6428 -2628 14292 -32768 6605 23709 END
START 8224 -2504 15300 -32768 7019 23330 END
START 9952 -2516 16596 -32768 7618 22812 END
START 11616 -2184 17588 -32768 8313 21995 END
START 12760 -1844 19064 -32768 9010 20888 END
START 13472 -1452 20280 -32768 9514 19605 END
START 14004 -920 21328 -32768 9863 18159 END
START 14000 -348 22148 -32768 9933 16634 END
START 13528 252 23140 -32768 9763 15053 END
START 13036 564 23496 -32768 9444 13585 END
START 11900 988 23676 -32049 8940 12278 END
START 10712 1324 23716 -31212 8328 11165 END
START 9364 1680 23772 -30509 7626 10357 END
START 8136 1612 23412 -29864 6847 9837 END
START 7120 1732 23208 -29368 6162 9621 END
START 6156 1948 23140 -28945 5429 9497 END
START 5428 2276 23352 -28687 4734 9517 END
START 4896 2576 23872 -28557 4036 9596 END
START 4616 2984 24848 -28472 3446 9737 END
START 4692 2976 26048 -28367 2967 9904 END
START 4916 2888 27440 -28102 2617 10102 END
START 5164 2668 28876 -27608 2399 10258 END
START 5448 2480 30060 -26903 2257 10439 END
START 5424 2380 31500 -25981 2140 10554 END
START 5552 2496 32592 -24909 2065 10687 END
START 5752 2780 32767 -23732 1921 10842 END
START 6200 3052 32767 -22612 1947 10918 END
START 6672 3312 32767 -21578 2055 10999 END
START 7380 3384 32767 -20604 2248 10934 END
START 7724 3320 32767 -19727 2440 10784 END
START 8068 3392 32767 -18757 2522 10607 END
START 8364 3424 32767 -17774 2632 10336 END
START 8772 3452 32767 -16770 2657 10033 END
START 9156 3476 32767 -15662 2540 9729 END
START 9404 3408 32767 -14485 2260 9355 END
START 9704 3480 32767 -13507 1925 8967 END
START 9784 3524 32767 -12485 1500 8548 END
START 9836 3640 32767 -11505 979 8152 END
START 9488 3816 32767 -10542 344 7757 END
START 9524 3764 32767 -9571 -303 7406 END
START 9596 3812 32767 -8584 -1013 7106 END
START 9700 3688 32767 -7540 -1659 6867 END
START 10000 3620 32767 -6478 -2288 6604 END
START 10168 3564 32767 -5371 -2790 6371 END
START 10324 3536 32767 -4262 -3229 6108 END
START 10340 3612 32767 -3179 -3561 5874 END
START 10248 3668 32767 -2038 -3962 5629 END
START 9936 3640 32767 -935 -4227 5433 END
START 10184 3732 32767 137 -4476 5273 END
START 10076 3644 32767 1226 -4587 5160 END
START 9984 3852 32767 2255 -4724 5046 END
START 9756 3880 32767 3234 -4861 4971 END
START 9844 3804 32767 4246 -4974 4931 END
START 9852 3620 32767 5251 -4948 4951 END
START 9912 3636 32767 6180 -4864 4955 END
START 10140 3640 32767 7064 -4651 4995 END
START 10500 3756 32767 7940 -4323 5025 END
START 10964 3856 32767 8684 -3924 4990 END
START 11340 3696 32767 9346 -3531 4920 END
START 11712 3572 32600 9992 -3128 4788 END
START 11768 3636 32412 10539 -2736 4646 END
START 11960 3512 31624 11172 -2394 4390 END
START 12080 3384 31076 11713 -2159 4167 END
START 12208 3376 30780 12299 -1968 3946 END
START 12268 3284 30188 12926 -1886 3713 END
START 12256 3160 29932 13503 -1812 3487 END
START 12676 3252 29700 14071 -1906 3279 END
START 12764 3028 29516 14693 -1996 3021 END
START 13140 2880 29348 15318 -2203 2685 END
START 13508 2972 29344 15999 -2479 2283 END
START 13820 2876 29332 16693 -2665 1818 END
START 14212 2644 29412 17532 -2872 1279 END
START 14404 2352 29500 18397 -3089 653 END
START 14476 2184 29368 19361 -3276 18 END
START 14556 2032 29248 20302 -3419 -613 END
START 14612 1924 28892 21334 -3535 -1278 END
START 14784 1624 28424 22475 -3610 -1929 END
START 14864 1300 27836 23554 -3598 -2517 END
START 15152 1096 27020 24628 -3520 -3084 END
START 15220 932 26084 25659 -3349 -3717 END
START 15268 772 24876 26594 -3139 -4295 END
START 15308 512 23632 27382 -2991 -4878 END
START 15204 472 22100 28109 -2771 -5426 END
START 14968 472 20364 28740 -2588 -5932 END
START 15172 420 18044 29180 -2386 -6404 END
START 15204 448 15872 29422 -2178 -6904 END
START 15504 736 13820 29409 -2044 -7436 END
START 15836 1260 11848 29058 -1912 -8064 END
START 16376 1792 9980 28403 -1780 -8820 END
START 16844 2112 8360 27449 -1585 -9664 END
START 17260 2352 6936 26377 -1372 -10622 END
START 17728 2608 5932 25233 -1244 -11713 END
START 18368 2704 4912 24045 -940 -12833 END
START 19096 2988 3888 22857 -500 -14025 END
START 19724 3256 3260 21638 9 -15308 END
START 20284 3292 2840 20452 585 -16635 END
START 20908 3488 2776 19252 1226 -18124 END
START 21304 3452 2644 18030 1952 -19760 END
START 21640 3396 2888 16927 2708 -21460 END
START 21952 3340 3236 15969 3456 -23171 END
START 21964 3192 3780 15149 4227 -24994 END
START 21708 2724 4176 14515 4930 -26854 END
START 21272 2300 4656 14062 5540 -28764 END
START 21092 1580 4900 13783 6095 -30591 END
START 20800 1144 4956 13598 6684 -32349 END
START 20852 636 4764 13488 7456 -32768 END
START 21032 352 4536 13389 8230 -32768 END
START 21052 148 4192 13265 9119 -32768 END
START 21252 -124 3844 13072 10098 -32768 END
START 21120 -392 3708 12933 11020 -32768 END
START 20616 -1180 3684 12839 11719 -32768 END
START 19572 -2156 3312 12785 12203 -32768 END
START 17856 -3200 3216 12735 12550 -32768 END
START 16556 -3620 3200 12725 12718 -32768 END
START 15316 -3632 2792 12687 12814 -32768 END
START 14292 -3680 2280 12583 12850 -32768 END
START 13568 -4256 1164 12521 12883 -32768 END
START 12712 -4328 1404 12031 13307 -32768 END
START 11376 -4696 1740 11877 13794 -32768 END
START 10272 -4856 1432 11584 14009 -32768 END
START 8908 -4964 -72 11443 14111 -32768 END
START 6968 -4956 812 10961 14229 -32768 END
START 4532 -5496 1236 10978 14175 -32768 END
START 3936 -5324 204 10811 14221 -32768 END
START 3320 -5368 -36 10656 14424 -32768 END
START 2612 -5000 -428 10415 14647 -32768 END
START 1944 -4500 -728 10077 15094 -32768 END
START 1344 -4220 -1068 9692 15485 -32768 END
START 592 -4300 -1340 9405 15730 -32768 END
START -564 -4192 -1588 9059 15912 -32768 END
START -2100 -4176 -1672 8574 15860 -32768 END
START -3908 -3792 -1964 8073 15626 -32768 END
START -5860 -3932 -2120 7531 15250 -32768 END
START -7596 -3768 -2212 6998 14776 -32768 END
START -9460 -3352 -2528 6432 14266 -32768 END
START -11492 -2688 -2668 5811 13734 -32768 END
START -14236 -2044 -2368 5139 12754 -32768 END
START -17884 -1664 -1772 4379 11546 -32768 END
START -20720 -1240 -1588 3683 9965 -32768 END
START -23172 -896 -1120 3046 8394 -32768 END
START -25496 -504 -1228 2524 6914 -32768 END
START -27676 512 -912 1971 5605 -32768 END
START -29204 1228 -1136 1409 4578 -32768 END
START -30252 2060 -720 802 3743 -32768 END
START -30872 2512 -716 270 3348 -32017 END
START -31032 2708 -420 -406 3254 -29080 END
START -31100 3292 -864 -952 3538 -26011 END
START -30388 4168 -468 -2017 4213 -22988 END