START 10904 8692 -6768 -157 770 2519 END
START -7520 7800 2808 -3011 -8823 1683 END
START -3348 4796 3804 -4290 -10029 733 END
START 640 3888 3108 -5181 -8841 150 END
START 5788 3460 -2204 -6268 -5962 -811 END
START 3584 2028 -4204 -8891 -5038 -1184 END
START 2668 468 -5140 -12705 -4010 -1277 END
START 1888 -1000 -4820 -17443 -2087 -1313 END
START 600 -1764 -3732 -21152 -2021 -1815 END
START 1220 -3392 -1448 -24319 -2822 -2479 END
START 1864 -4296 236 -26973 -2103 -2337 END
START 2192 -5332 2888 -29574 -527 -2737 END
START 1144 -6372 6116 -31683 219 -3023 END
START 868 -6764 10176 -32768 -61 -3277 END
START -372 -7684 15076 -32768 -124 -3252 END
START -1776 -8280 22124 -32768 -588 -2662 END
START -2208 -7656 28228 -32413 355 -1959 END
START -2312 -6848 32092 -30146 2062 -1552 END
START -3068 -5788 32767 -28069 3184 -1032 END
START -3896 -4760 32767 -24920 2894 -599 END
START -3656 -3640 32767 -20463 1704 -428 END
START -3328 -2780 32767 -15900 754 -503 END
START -4224 -2584 32767 -11379 478 382 END
START -4680 -2676 32767 -6955 -1480 1932 END
START -2864 -2672 32767 -1672 -4037 3621 END
START -200 -2464 32767 3064 -5209 4426 END
START 2252 -2356 32767 7556 -6102 4335 END
START 3748 -2404 32767 11867 -7148 4349 END
START 6724 -2352 32767 16051 -7177 3399 END
START 8096 -2960 32767 19705 -6017 1823 END
START 6784 -3572 32767 23507 -4127 386 END
START 5632 -4576 31340 26941 -3311 68 END
START 6916 -5436 28380 29124 -2499 -117 END
START 8808 -5864 26284 31132 -810 -1649 END
START 10148 -6460 24348 32767 -214 -3957 END
START 9736 -7304 21872 32767 274 -6964 END
START 10204 -7324 18788 32767 158 -9469 END
START 12272 -7600 16664 32767 968 -12904 END
START 14580 -7312 13828 32767 2867 -17773 END
START 14588 -7572 7468 32767 5001 -23912 END
START 13488 -7224 -52 32767 8055 -28759 END
START 11044 -5996 -8264 29023 9635 -31185 END
START 7748 -4324 -10476 20044 7771 -32768 END
START 6916 -4416 -11648 11228 3398 -32768 END
START 2016 -4880 -9648 3312 -902 -32768 END
START -7776 -5696 -5792 751 -2705 -32768 END