START 23060 11456 -9868 6046 3483 2749 END
START 11868 4108 -10744 3488 -5500 2382 END
START 14740 2224 -8548 40 -7357 1964 END
START 6160 2952 -1628 -5029 -4671 -347 END
START 4884 1820 588 -9388 -680 -1340 END
START 6720 1592 -2200 -12008 3023 -780 END
START 5180 924 -2984 -14124 2045 311 END
START 916 280 -2020 -16430 -609 791 END
START -1476 -556 -4088 -18465 -3834 1666 END
START -5716 -2136 -4544 -20898 -9635 3673 END
START -7744 -3096 -5080 -24420 -13145 8033 END
START -5356 -3024 -6096 -31062 -11180 12142 END
START -5240 -4356 -2800 -32768 -4572 16100 END
START -3568 -5224 2368 -32768 -249 19648 END
START 772 -6004 9424 -32768 1849 20141 END
START 5832 -7048 19344 -32768 2254 17105 END
START 6184 -8064 31684 -32768 2874 12704 END
START 6756 -7372 32767 -32768 3340 9009 END
START 3532 -6316 32767 -32768 288 7201 END
START 3356 -4824 32767 -27206 -4244 7675 END
START 7860 -2832 32767 -22525 -3550 8711 END
START 10428 -1264 32767 -16379 779 8294 END
START 12052 -72 32767 -10069 2325 6662 END
START 12212 432 32767 -3261 622 3989 END
START 10388 -44 32767 4297 -3545 2056 END
START 11088 -144 32767 11493 -7346 1247 END
START 12392 -800 32767 17791 -8924 328 END
START 15200 -1560 32767 22744 -7676 -1464 END
START 15648 -2816 32767 27435 -4402 -4724 END
START 14596 -4748 32767 31003 -1926 -8321 END
START 12836 -6728 31808 32767 -1533 -10888 END
START 15620 -7612 29756 32767 -1011 -13913 END
START 18684 -8460 25312 32767 2003 -18226 END
START 23540 -8552 20160 32767 7451 -24567 END
START 27512 -9144 12132 32767 14534 -32768 END
START 27416 -10188 4284 32767 20480 -32768 END
START 26804 -11500 -332 32767 22387 -32768 END
START 25588 -12016 -6932 30120 24538 -32768 END
START 18924 -13976 -10168 24431 23523 -32768 END
START 12916 -14984 -10880 20945 21762 -32768 END
START 5732 -15880 -14164 17343 22112 -32768 END
START -10696 -17076 -14048 15442 15844 -32768 END
START -29260 -17048 -9956 16237 915 -32768 END
START -32768 -11968 -8992 13565 -7247 -31391 END