START 11316 8272 -8556 -2291 2755 7974 END
START 9612 3104 -12144 -5932 729 6997 END
START 2784 800 -7068 -9119 -1895 6771 END
START -20 -56 -6320 -12770 -3115 6919 END
START 2656 -736 -6952 -17227 -4514 5745 END
START 3560 -1908 -6736 -21144 -3553 4630 END
START 2996 -3440 -6532 -24831 -1742 4368 END
START 2040 -4644 -7612 -28699 -864 4484 END
START 1644 -6164 -7192 -32768 -1486 4716 END
START 2160 -8204 -6212 -32768 -1690 4230 END
START 156 -10644 -3484 -32768 -2594 4395 END
START 240 -12056 372 -32768 -4611 5690 END
START 2940 -13024 5272 -32768 -3320 6934 END
START 5992 -13844 10416 -32768 2532 6892 END
START 7196 -15524 21488 -32768 7293 5099 END
START 4716 -15876 32767 -32768 7252 2127 END
START 3180 -14588 32767 -32768 2808 -1452 END
START -568 -13620 32767 -31851 -802 -1670 END
START -1728 -10308 32767 -25173 775 698 END
START -1924 -7348 32767 -18974 6229 3500 END
START -2364 -3952 32767 -12025 9078 5393 END
START -3588 -2316 32767 -4025 7037 5285 END
START -5292 -2176 32767 6566 -220 6567 END
START -2384 -2308 32767 17025 -7786 9128 END
START 4392 -2412 32767 24660 -9610 9937 END
START 9728 -3940 32767 30127 -8010 9388 END
START 12844 -4720 32767 32767 -5960 6623 END
START 14576 -5272 31864 32767 -5873 2563 END
START 16992 -6040 26224 32767 -5907 -2472 END
START 20980 -5676 20176 32767 -3807 -9869 END
START 20144 -6864 15420 32767 -1247 -17384 END
START 20948 -7316 10440 32767 1627 -23708 END
START 22660 -7488 7384 32767 4390 -30673 END
START 20296 -8144 2452 32767 6150 -32768 END
START 18744 -8024 -1732 29207 5552 -32768 END
START 16076 -8952 -3520 23582 6542 -32768 END
START 12204 -9520 -4548 18028 7654 -32768 END
START 5984 -11352 -4480 13614 8862 -32768 END
START -232 -11308 -4304 11028 7175 -32768 END
START -9104 -11196 -2072 9101 2755 -32768 END
START -18772 -11928 2144 10145 -4612 -32768 END