START 4312 9888 -13176 -1128 11469 826 END
START -1272 2988 -9204 -6341 1840 1711 END
START -3040 640 -5948 -7466 -4467 4021 END
START -1752 416 -4664 -8365 -7793 5375 END
START 1468 616 -5732 -10132 -8171 4896 END
START 4844 116 -7740 -13596 -4190 4005 END
START 5096 -336 -9104 -18516 579 3159 END
START 3780 -1588 -8424 -22973 2246 2355 END
START 2344 -2700 -7200 -26522 1193 1532 END
START 1772 -4152 -6316 -30050 -691 789 END
START 1472 -5944 -4352 -32768 -2300 423 END
START 1320 -7660 -1816 -32768 -1763 712 END
START 1024 -8920 888 -32768 -688 1605 END
START 1904 -10016 5712 -32768 813 2418 END
START 1984 -10728 12172 -32768 3159 2455 END
START -372 -10972 21064 -32768 1758 1293 END
START -1968 -9824 29516 -32768 -2600 950 END
START -1812 -8888 32767 -32768 -5061 231 END
START -1568 -8648 32767 -32768 -2629 -126 END
START -2508 -8928 32767 -32768 387 1886 END
START -164 -7228 32767 -26610 5371 3592 END
START 2140 -5684 32767 -19335 7860 4531 END
START 2344 -4204 32767 -12264 6222 4161 END
START 3776 -2004 32767 -5000 1261 3942 END
START 6484 -540 32767 2353 -2578 3598 END
START 10304 888 32767 8363 -3489 2640 END
START 12376 1092 32767 12954 -2961 1423 END
START 15064 304 32767 16685 -1610 -60 END
START 15088 -12 32767 19515 -728 -3026 END
START 12556 -1312 32767 21304 -410 -5847 END
START 10200 -3008 32767 23155 -546 -7545 END
START 7044 -5476 32767 25654 -77 -7950 END
START 3532 -7300 32767 29142 -1689 -7485 END
START 4692 -8876 32596 32328 -2425 -6431 END
START 7160 -9544 31068 32767 1057 -6419 END
START 8164 -10784 29304 32767 6144 -7379 END
START 10036 -11588 24564 32767 13441 -8367 END
START 14848 -11344 15412 32767 23997 -10956 END
START 14296 -12092 6660 32767 30933 -15904 END
START 11224 -12708 -2060 32767 32767 -20610 END
START 12740 -8080 -9084 32143 28566 -23101 END