START -720 6408 -1804 22007 7734 -11228 END
START -14956 -2272 1708 16819 3321 -8556 END
START -14792 -3660 2016 12621 4545 -4219 END
START -18916 -4528 4988 10171 5701 2354 END
START -20260 -5364 6108 8961 7627 9830 END
START -19356 -6164 6060 8039 7279 15239 END
START -18080 -6928 5240 8249 6174 20324 END
START -17552 -7160 3888 8478 3966 25769 END
START -17912 -7220 1828 8221 683 32532 END
START -17676 -7476 -384 6958 -2798 32767 END
START -14644 -8248 -2284 4094 -3782 32767 END
START -9760 -9248 -4172 -1027 -4018 32767 END
START 420 -10684 -5528 -7166 -3652 32767 END
START 11552 -9332 -2184 -11326 -5102 32767 END
START 23160 -5072 2908 -13372 -4719 32767 END
START 25572 -1572 5232 -11465 -3282 32767 END
START 25944 1096 4184 -12606 -3331 32767 END
START 28268 2012 6188 -14383 -5448 32767 END
START 32767 3604 9192 -14045 -5381 29211 END
START 32767 7664 10788 -13699 -414 19371 END
START 32767 9952 10676 -13467 5649 6103 END
START 32767 10864 9616 -13263 7448 -7124 END
START 32767 8992 7604 -13973 8287 -19577 END
START 32767 6420 7848 -14727 10130 -28823 END
START 27848 3616 7552 -15755 13184 -32768 END
START 21752 376 6032 -17807 15952 -32768 END
START 13844 -3628 6632 -19842 18008 -32768 END
START 5704 -9916 9184 -21593 20146 -32768 END
START -4636 -11992 11108 -21612 20117 -32768 END
START -9660 -13284 10712 -22182 19801 -32768 END
START -15696 -14124 11352 -22715 19123 -32768 END
START -22008 -15472 13172 -20812 16205 -32768 END
START -29056 -14308 14088 -16756 12014 -32768 END
START -30944 -12428 12512 -14526 8200 -24950 END
START -30188 -10784 9656 -15158 6848 -17425 END
START -30180 -9920 8724 -18168 5902 -10682 END
START -29692 -10080 9068 -21356 4455 -4395 END
START -28692 -10528 11564 -23344 1613 1485 END
START -26412 -12136 12684 -24044 344 6294 END
START -27044 -14532 11848 -24275 -2017 12627 END
START -25976 -17176 10956 -26673 -5405 19820 END
START -26008 -19908 12028 -29688 -6904 29653 END
START -23680 -24036 13784 -32579 -7421 32767 END
START -19924 -28708 17020 -32768 -7965 32767 END
START -12472 -30768 22396 -32768 -5069 32767 END
START -5400 -32120 31632 -32768 -3444 32767 END