START -8656 3356 2756 18162 1069 7315 END
START -5204 -460 -9016 18744 1691 7873 END
START -9480 4872 3964 16876 1855 8612 END
START -10116 3800 2496 17315 3130 9263 END
START -8724 3932 -392 16330 3148 9856 END
START -9452 4096 512 15797 3957 10682 END
START -10732 3876 1344 15084 4317 11437 END
START -10936 3888 556 14407 4914 12367 END
START -10760 3832 -380 13721 5500 13307 END
START -11308 4032 -336 13074 6097 14285 END
START -12140 3824 248 12416 6535 15458 END
START -12588 3720 120 11830 6797 16628 END
START -12620 3536 -200 11207 7056 17860 END
START -12880 3428 -132 10681 7321 19090 END
START -13512 3268 96 10119 7252 20438 END
START -14112 3100 -72 9691 7018 21917 END
START -14260 3036 -424 9256 6692 23320 END
START -14328 2988 -1096 8854 6263 24864 END
START -13944 2952 -1856 8410 5970 26420 END
START -14156 2452 -2196 7863 5417 27909 END
START -14304 1932 -2448 7215 4693 29418 END
START -14384 1660 -2924 6518 3838 30963 END
START -14056 1584 -3680 5724 3104 32516 END
START -13800 1652 -4184 4843 2533 32767 END
START -13388 1636 -5000 3915 2182 32767 END
START -12704 1544 -5792 2874 1935 32767 END
START -12000 1420 -6164 1788 1709 32767 END
START -11216 1052 -6408 589 1425 32767 END
START -10020 452 -7092 -607 1105 32767 END
START -8976 -72 -7088 -1794 744 32767 END
START -7620 -408 -7244 -3164 545 32767 END
START -6840 -628 -7220 -4406 362 32767 END
START -5388 -472 -6992 -5769 194 32767 END
START -3940 -524 -7028 -7106 352 32767 END
START -2052 -428 -6992 -8366 774 32767 END
START -228 -520 -6764 -9598 1459 32767 END
START 1224 -344 -6260 -10913 2340 32767 END
START 2476 -488 -5564 -12123 3203 32767 END
START 3876 -360 -4812 -13386 4253 32767 END
START 5048 -396 -3868 -14431 5333 32767 END
START 6408 -400 -2688 -15515 6430 32767 END
START 7920 24 -1572 -16447 7600 32767 END
START 9908 396 224 -17260 8651 32767 END
START 12220 1016 1780 -17968 9724 32767 END
START 15068 1536 3448 -18583 10724 32767 END
START 17976 1892 4764 -18968 11653 32767 END
START 20712 2576 6408 -19084 12469 32767 END
START 22908 3452 8368 -18947 12803 32767 END
START 25492 4232 9960 -18583 13127 32767 END
START 27056 4988 11444 -17931 12701 32321 END
START 27984 5848 12516 -17110 12043 29363 END
START 28820 6528 12952 -16017 11220 26257 END
START 28296 7712 13652 -14816 10109 23142 END
START 27576 8224 13592 -13743 8905 20144 END
START 26444 8804 13444 -12594 7541 17421 END
START 25112 9288 12980 -11634 6218 15083 END
START 23480 9752 12420 -10803 4831 13069 END
START 21904 10016 11904 -10239 3446 11442 END
START 20648 10164 10964 -9880 2162 10132 END
START 19188 10084 10448 -9691 957 9163 END
START 18060 9964 9772 -9629 -98 8413 END
START 16676 10116 9056 -9658 -1101 7934 END
START 15876 10076 8876 -9798 -2077 7585 END
START 15436 10364 8440 -9989 -2844 7374 END
START 15084 10364 8272 -10205 -3433 7258 END
START 14848 10648 8416 -10484 -3887 7158 END
START 14860 10940 8584 -10753 -4194 7046 END
START 15124 11064 9084 -11019 -4384 6923 END
START 15444 11096 9448 -11179 -4318 6730 END
START 16104 11032 9904 -11276 -4013 6529 END
START 16536 10796 10076 -11303 -3407 6225 END
START 17272 10740 10456 -11245 -2602 5917 END
START 18136 10712 10776 -11174 -1589 5544 END
START 19084 10988 11040 -11096 -504 5089 END
START 20548 11080 11660 -10995 817 4484 END
START 21700 11260 11800 -10929 2187 3718 END
START 22652 11328 12396 -10796 3464 2732 END
START 23476 11492 12968 -10654 4500 1556 END
START 24404 11664 13512 -10431 5387 130 END
START 25216 11692 13680 -10147 6060 -1432 END
START 25832 11680 13752 -9774 6828 -3261 END
START 25908 11660 13464 -9411 7399 -5090 END
START 25940 11636 13312 -9041 7927 -7068 END
START 25652 11612 12844 -8751 8249 -8937 END
START 25228 11644 12164 -8537 8447 -10877 END
START 24940 11424 11732 -8444 8559 -12684 END
START 24296 11284 10748 -8480 8553 -14580 END
START 23500 11140 10404 -8649 8401 -16478 END
START 22908 10880 9704 -8918 8245 -18181 END
START 22032 10784 9324 -9310 7956 -19891 END
START 20860 10560 9172 -9720 7556 -21566 END
START 19968 10440 9236 -10150 7157 -23121 END
START 19016 10188 9332 -10595 6701 -24626 END
START 18232 9952 9416 -10981 6351 -26060 END
START 17396 9612 9568 -11274 6064 -27354 END
START 16544 9120 9480 -11506 5838 -28556 END
START 15868 8536 9696 -11663 5640 -29766 END
START 15404 7864 9400 -11808 5460 -30838 END
START 15036 7292 9052 -11953 5388 -31915 END
START 14504 6624 8884 -12125 5428 -32768 END
START 13580 6264 8624 -12375 5529 -32768 END
START 12676 5932 8532 -12631 5625 -32768 END
START 11528 5676 8540 -12987 5731 -32768 END
START 10540 5480 8508 -13333 5850 -32768 END
START 9704 5192 8444 -13724 5984 -32768 END
START 9168 4908 8376 -14108 6235 -32768 END
START 8508 4548 8400 -14452 6640 -32768 END
START 8044 4032 8272 -14760 7076 -32768 END
START 7300 3484 8236 -14862 7519 -32768 END
START 6496 2972 8256 -15257 7872 -32768 END
START 5496 2376 8076 -15437 8144 -32768 END
START 4560 1864 8232 -15700 8334 -32768 END
START 3488 1188 8328 -15921 8424 -32768 END
START 2428 864 8060 -16142 8455 -32768 END
START 1336 284 8044 -16370 8382 -32768 END
START 352 -216 8296 -16599 8124 -32768 END
START -576 -480 8404 -16838 7784 -32768 END
START -1520 -984 8328 -17099 7385 -32768 END
START -2184 -1468 8392 -17315 7056 -32768 END
START -2888 -1832 8532 -17535 6701 -32768 END
START -3820 -2264 8704 -17761 6294 -32768 END
START -4844 -2640 9112 -17941 5834 -32768 END
START -5940 -3068 9268 -18082 5321 -32768 END
START -7036 -3380 9732 -18226 4806 -32768 END
START -8296 -3796 10036 -18287 4205 -32768 END
START -9500 -4052 10404 -18337 3618 -32768 END
START -10564 -4260 10784 -18383 3129 -32768 END
START -12116 -4356 11140 -18377 2665 -32768 END
START -13256 -4308 11328 -18342 2396 -32768 END
START -14340 -4284 11472 -18314 2314 -32768 END
START -15204 -4080 11460 -18279 2386 -32768 END
START -16168 -4056 11580 -18246 2615 -32768 END
START -17176 -4036 11540 -18225 2875 -32768 END
START -18000 -4032 11876 -18233 3190 -32768 END
START -19136 -4100 11928 -18274 3411 -32768 END
START -20564 -4300 12224 -18328 3605 -32768 END
START -21540 -4268 11844 -18394 3713 -32768 END
START -22644 -4116 11864 -18499 3762 -31612 END
START -23996 -3936 11916 -18615 3818 -29550 END
START -24648 -3548 11604 -18721 3916 -27455 END
START -25200 -3192 11156 -18979 4116 -25325 END
START -25668 -2724 11232 -19216 4315 -23170 END
START -25976 -2660 11524 -19569 4399 -21114 END
START -26320 -2836 11612 -19923 4507 -19257 END
START -26624 -3208 11808 -20324 4719 -17348 END
START -27420 -3364 12976 -20701 4799 -15422 END
START -28132 -3348 13836 -21047 4488 -13410 END
START -28460 -3376 14700 -21340 4057 -11294 END
START -28976 -3376 15476 -21509 3669 -9179 END
START -29388 -3432 16068 -21512 3375 -6999 END
START -29712 -3468 16360 -21450 3220 -4877 END
START -29868 -3608 17076 -21311 3122 -2635 END
START -29968 -3692 17596 -21073 3087 -479 END
START -30104 -4040 18292 -20827 3096 1806 END
START -30216 -4192 18948 -20528 3026 4009 END
START -30296 -4456 19676 -20149 2990 6193 END
START -30044 -4692 20236 -19708 3056 8521 END
START -29904 -4796 20712 -19183 3156 10804 END
START -29696 -5000 21208 -18654 3263 12977 END
START -29476 -5172 21768 -18055 3327 15301 END
START -29228 -5368 22032 -17442 3379 17432 END
START -29096 -5408 22340 -16831 3392 19657 END
START -28804 -5684 22676 -16203 3347 21823 END
START -28916 -5804 22736 -15594 3244 24025 END
START -28536 -5960 23312 -15015 3032 26053 END
START -27964 -5956 23468 -14342 2768 28133 END
START -27004 -5972 23912 -13570 2344 30153 END
START -26124 -6184 24240 -12836 1949 32102 END
START -24980 -6352 24040 -12073 1715 32767 END
START -23820 -6736 24236 -11291 1570 32767 END
START -22808 -6884 24368 -10597 1441 32767 END
START -21788 -6908 24368 -10007 1378 32767 END
START -20660 -6796 24216 -9422 1370 32767 END
START -19584 -6704 24456 -8918 1425 32767 END
START -18276 -6668 24132 -8486 1581 32767 END
START -16972 -6692 24332 -8013 1747 32767 END
START -15636 -6752 23944 -7562 1998 32767 END
START -14156 -6732 23988 -7156 2227 32767 END
START -12248 -6676 23924 -6751 2532 32767 END
START -10632 -6472 23764 -6424 2917 32767 END
START -9108 -6320 23660 -6115 3388 32767 END
START -7752 -5864 23232 -5928 4005 32767 END
START -6068 -5520 23032 -5838 4676 32767 END
START -4420 -5012 22816 -5812 5446 32767 END
START -2504 -4604 22540 -5921 6256 32767 END
START -436 -3936 22152 -6101 7158 32767 END
START 1648 -3488 21636 -6387 8175 32767 END
START 3660 -2772 21388 -6812 9399 32767 END
START 5296 -2204 21196 -7348 10692 32767 END
START 6908 -1320 20916 -8022 12134 32767 END
START 8352 -524 21108 -8771 13518 32767 END
START 9768 176 21496 -9591 14537 32767 END
START 11228 668 21704 -10405 15901 32767 END
START 12520 1432 22096 -11238 17302 32767 END
START 13804 1936 22276 -12048 18792 32767 END
START 14708 2276 22576 -12934 20325 32322 END
START 15396 3208 23832 -13793 21351 30283 END