START 2496 1168 -5292 10667 6795 2020 END
START -9776 -4196 -3044 3531 7402 4374 END
START -19208 -6500 2360 -857 8773 9435 END
START -24068 -7932 6864 -943 4439 16849 END
START -22340 -9372 8740 2268 -916 25445 END
START -18320 -10328 7708 6030 -2883 32767 END
START -15332 -10624 3916 7834 -4374 32767 END
START -11108 -10504 -1100 7306 -4737 32767 END
START -5116 -10764 -6460 2727 -4092 32767 END
START 1584 -10248 -9428 -6167 -302 32767 END
START 10052 -11400 -3992 -14430 2950 32767 END
START 23360 -6960 4272 -17347 3685 32767 END
START 28164 -4096 9824 -15867 3033 32767 END
START 26984 -1792 10468 -13240 -829 32767 END
START 32584 504 9204 -12155 -5823 32613 END
START 32767 2948 11788 -11955 -8679 25378 END
START 32767 3412 12192 -11536 -5798 18105 END
START 32767 5604 14760 -11215 1460 9266 END
START 32767 6776 14984 -11515 12249 -2815 END
START 32767 6128 13556 -11925 20228 -14616 END
START 32767 3632 12996 -12100 24510 -25200 END
START 26776 992 11976 -11432 25930 -32768 END
START 21760 -944 10828 -10653 25806 -32768 END
START 16880 -4460 9252 -10451 27835 -32768 END
START 7200 -8604 7032 -9647 28177 -32768 END
START -1572 -11964 4580 -8960 23688 -32768 END
START -5584 -13644 2588 -9321 19537 -32768 END
START -8584 -17288 2168 -10276 16856 -32768 END
START -14812 -22124 2628 -10733 13423 -32768 END
START -21408 -24144 4236 -10988 8863 -32768 END
START -25732 -25220 4820 -11613 7129 -32768 END
START -31932 -25168 5904 -14141 8003 -32768 END
START -32768 -24460 5332 -16212 5923 -32768 END
START -32768 -24696 6596 -17435 1199 -22512 END
START -32768 -23720 7368 -18704 -2396 -10548 END
START -28516 -24660 8124 -20313 -3994 -1894 END
START -23908 -24108 9352 -20973 -6194 4336 END
START -20980 -23948 10228 -20955 -8667 8399 END
START -20712 -22984 10452 -21756 -10279 14355 END
START -21628 -23860 10876 -24382 -10336 23431 END
START -24912 -26584 11772 -26974 -11782 32767 END
START -22580 -28660 11792 -29599 -13994 32767 END
START -17584 -31940 12912 -32768 -12663 32767 END
START -13192 -32768 16728 -32768 -10440 32767 END