START -13348 2216 -4280 10144 14205 4833 END
START -11296 -2472 -3140 9633 9611 5981 END
START -12964 -3124 -2232 8975 6938 9426 END
START -14636 -3480 -1584 8229 4953 13482 END
START -16708 -3120 -1004 6972 3651 17648 END
START -16928 -3476 -220 5184 2889 22030 END
START -14812 -3600 -380 3384 2401 26466 END
START -12992 -4132 -364 1557 1942 30270 END
START -11264 -4496 -364 20 924 32767 END
START -10500 -5716 -64 -1204 39 32767 END
START -9848 -7288 -1352 -2555 -760 32767 END
START -7192 -9132 -3092 -5204 -1500 32767 END
START -4020 -10772 -4588 -9203 -1114 32767 END
START 3004 -11632 -4000 -14483 1306 32767 END
START 10396 -10552 -2120 -19834 6131 32767 END
START 15476 -9500 1072 -24043 11483 32767 END
START 17468 -8424 4112 -25566 11330 32767 END
START 20112 -7716 5084 -26227 6219 32767 END
START 23184 -7740 7480 -26173 -2413 32767 END
START 29612 -8116 14568 -24481 -13359 31848 END
START 32767 -2948 23068 -16694 -23097 24004 END
START 32767 1360 22276 -9454 -25984 8949 END
START 32767 4648 19272 -9464 -16626 -4849 END
START 32767 5296 14548 -14370 1376 -14272 END
START 32767 4876 13696 -19936 16589 -20959 END
START 32767 3420 14444 -21924 21726 -29451 END
START 32767 268 15052 -21827 19794 -32768 END
START 32216 -3760 14812 -20351 15253 -32768 END
START 25184 -9192 13064 -18001 9845 -32768 END
START 16808 -13136 11408 -15915 4688 -32768 END
START 13020 -16240 9560 -15397 952 -32768 END
START 9204 -19584 8316 -16391 -329 -32768 END
START 6068 -21816 6972 -19258 166 -32768 END
START 1580 -24196 6732 -23153 3008 -32768 END
START -6796 -25936 8108 -24987 4101 -32768 END
START -14160 -25152 9072 -24786 2377 -32768 END
START -19896 -23584 9512 -23694 74 -32768 END
START -21768 -24632 10208 -21892 -2025 -32768 END
START -24200 -25980 11268 -20116 -3850 -32768 END
START -26340 -28312 11504 -18938 -5123 -32515 END
START -32264 -29972 11680 -21409 -3684 -23276 END
START -32768 -31056 13292 -24287 -5463 -9249 END
START -32768 -31928 14440 -27051 -6332 3667 END
START -29188 -32768 13536 -31347 -2742 13376 END
START -27172 -32768 13788 -32768 -1400 21763 END
START -25120 -32768 15900 -32768 -2491 29177 END
START -23828 -32768 19016 -32768 -3943 32767 END
START -25472 -32768 20576 -31214 -5266 32767 END
START -19612 -32768 18820 -28231 -6857 32767 END
START -11476 -32768 16540 -28581 -6983 32767 END
START 3784 -32768 15496 -32070 -4551 32767 END
START 18804 -30252 16504 -32768 -585 32767 END