START 2340 7404 -3188 17374 17657 -3465 END
START -1756 1248 -6104 16001 13505 -2968 END
START -11688 -1984 -196 13632 11929 -1668 END
START -13152 -2844 -648 10254 11808 2518 END
START -19160 -5536 4368 7658 12877 6315 END
START -20248 -7216 3820 6204 11897 11195 END
START -22300 -8436 3184 6184 10931 16824 END
START -20832 -9296 1780 5462 8622 22859 END
START -19728 -10004 68 4209 6824 29667 END
START -17068 -10776 -1168 2016 5369 32767 END
START -13736 -12452 -2660 -922 3545 32767 END
START -10604 -14272 -4008 -4264 688 32767 END
START -6780 -16928 -5084 -7762 -1954 32767 END
START -268 -19244 -4372 -10895 -2823 32767 END
START 9640 -17944 -2896 -14128 916 32767 END
START 13500 -16568 -2980 -17818 7524 32767 END
START 12880 -15820 -1720 -21564 8368 32767 END
START 15452 -15636 796 -23428 3330 32767 END
START 20756 -16072 6040 -24468 -2738 32767 END
START 29352 -15168 13100 -22236 -9188 32767 END
START 32767 -8172 15120 -16106 -10188 32767 END
START 32767 -2720 20740 -14234 -2430 29347 END
START 32767 3896 19760 -17089 7653 9983 END
START 32767 5072 23364 -16303 10077 -2934 END
START 32767 6892 22080 -15766 13816 -18282 END
START 32767 3768 19936 -16849 19305 -32768 END
START 32767 -1488 19720 -16679 22199 -32768 END
START 32767 -5792 18340 -14501 21649 -32768 END
START 25720 -10872 15156 -12292 18761 -32768 END
START 16080 -15152 12868 -10778 12387 -32768 END
START 8160 -19196 12404 -9470 3067 -32768 END
START 5460 -20920 12168 -8617 -6194 -32768 END
START 4180 -22976 11316 -10138 -11887 -32768 END
START 1636 -24688 10472 -13069 -12008 -32768 END
START -3996 -27808 10568 -16798 -8486 -32768 END
START -15864 -28652 12100 -16985 -6946 -32768 END
START -26060 -29776 13532 -13670 -8812 -32768 END
START -30672 -26468 8884 -13415 -11677 -32768 END
START -32276 -26208 8132 -17672 -12050 -29401 END
START -31460 -26484 10812 -20988 -15219 -16014 END
START -26008 -26940 13820 -22824 -17781 -5801 END
START -21332 -27032 15892 -24747 -16937 -46 END
START -18556 -27072 17440 -27881 -11071 4045 END
START -21836 -28576 20932 -30003 -6195 8719 END
START -26896 -30416 25284 -27940 -6587 16759 END
START -28980 -31200 27232 -22747 -8758 27766 END
START -26956 -32164 25328 -17345 -10679 32767 END
START -22896 -32768 21268 -14636 -10942 32767 END
START -23552 -32768 20248 -11841 -14070 32767 END
START -23496 -32768 17572 -6909 -18267 32767 END
START -19556 -32768 12640 -6933 -16404 32767 END
START -4488 -32768 11084 -13220 -13660 32767 END
START 30500 -32768 12752 -22900 -6673 32767 END
START 32767 -32232 30348 -25369 1513 32767 END
START 32767 -20760 32767 -8628 -2262 32767 END
START 31360 -16920 26460 4226 -17126 28567 END