START -14968 2760 3216 19112 -139 2745 END
START -10804 -2416 -12284 19946 754 3336 END
START -15804 5412 5132 17316 -579 4180 END
START -15644 1900 3664 18128 479 4813 END
START -13488 1728 1840 16994 -309 5620 END
START -13500 1732 2308 16765 40 6450 END
START -13956 1636 2800 16257 554 7271 END
START -13476 1912 2380 15897 1440 8129 END
START -12616 2384 1496 15571 2661 9097 END
START -12880 2816 1612 15199 3927 10046 END
START -13268 2972 1800 14852 4901 10990 END
START -13188 3048 2172 14601 5744 11908 END
START -12480 2864 1660 14209 6462 12673 END
START -12228 2896 1532 13780 7091 13578 END
START -12108 2900 1532 13310 7517 14291 END
START -11932 2856 1036 12726 7931 14911 END
START -12052 2896 1384 12125 7935 15494 END
START -11928 2948 1192 11506 7875 16093 END
START -11844 2892 1428 10939 7625 16713 END
START -11612 2728 1344 10448 7352 17337 END
START -11328 2516 1116 9982 7119 17980 END
START -11200 2404 1052 9583 6871 18657 END
START -11028 2352 1036 9216 6571 19329 END
START -11128 2568 868 8867 6232 20000 END
START -11128 2608 700 8562 5816 20700 END
START -11124 2616 376 8225 5381 21420 END
START -11080 2592 192 7885 4828 22171 END
START -11092 2680 -364 7543 4278 22885 END
START -11368 2744 -748 7093 3594 23629 END
START -11348 2932 -1176 6608 2867 24373 END
START -11216 3148 -1628 6011 2287 25128 END
START -11076 3248 -2092 5357 1684 25900 END
START -10836 3372 -2404 4691 1173 26709 END
START -10660 3252 -2768 4033 739 27563 END
START -10092 3324 -2832 3349 412 28447 END
START -9532 3276 -3200 2718 179 29305 END
START -8796 3204 -3480 2039 105 30131 END
START -7836 3440 -3748 1347 137 30946 END
START -6928 3488 -3940 623 240 31677 END
START -6156 3396 -4184 -117 446 32313 END
START -5004 3444 -4392 -902 804 32767 END
START -3712 3744 -4384 -1776 1255 32767 END
START -2712 3968 -4604 -2659 1810 32767 END
START -1616 3960 -4400 -3590 2568 32767 END
START -540 3928 -4324 -4491 3391 32767 END
START -152 4104 -3980 -5316 4151 32767 END
START 464 4348 -3476 -6189 4920 32767 END
START 1016 4636 -3348 -6964 5759 32767 END
START 1656 5092 -2836 -7762 6515 32767 END
START 2548 5324 -2776 -8566 7445 32767 END
START 3524 5508 -2504 -9387 8340 32767 END
START 4356 5656 -2300 -10228 9380 32767 END
START 5188 5976 -1896 -11097 10333 32767 END
START 5992 6272 -1444 -11903 11152 32767 END
START 6612 6476 -552 -12648 11811 32494 END
START 7008 6840 292 -13330 12107 31902 END
START 7512 7220 940 -13967 12321 31332 END
START 8020 7452 1772 -14491 12189 30713 END
START 8692 7672 2432 -14974 11864 30052 END
START 10068 8116 2468 -15305 11562 29385 END
START 10484 8172 3080 -15594 11161 28620 END
START 10856 8420 4052 -15800 10471 27746 END
START 11012 8800 5140 -15926 9506 26868 END
START 11604 9072 5648 -15979 8438 25894 END
START 12160 9484 5688 -15945 7495 24931 END
START 12504 9636 5660 -15882 6759 23971 END
START 12888 9924 5944 -15828 6179 23038 END
START 13132 9992 6264 -15807 5735 22134 END
START 13528 10200 6264 -15809 5472 21241 END
START 14036 10588 6640 -15890 5290 20427 END
START 14404 11096 7580 -16068 5068 19617 END
START 15004 11404 8004 -16266 4824 18757 END
START 15808 11636 8576 -16431 4762 17974 END
START 16564 11728 9424 -16542 4725 17074 END
START 17216 11708 10152 -16505 4819 16217 END
START 18084 11984 11084 -16353 4885 15292 END
START 18992 12100 11864 -16002 4984 14316 END
START 19956 12452 12648 -15516 4990 13194 END
START 20752 12736 13244 -14868 5060 11994 END
START 21552 12872 13988 -14204 4971 10547 END
START 21968 12960 14292 -13503 4820 8991 END
START 22240 12980 14396 -12765 4581 7361 END
START 21916 13008 14752 -12095 4244 5741 END
START 21548 13200 14672 -11476 3828 4115 END
START 21240 13556 14452 -10951 3501 2648 END
START 20988 13640 14328 -10551 3222 1223 END
START 20584 13792 14424 -10236 3036 -37 END
START 20216 13800 14340 -9949 2910 -1173 END
START 20044 13808 14308 -9672 2876 -2293 END
START 19744 13740 14240 -9464 2841 -3356 END
START 19520 13620 14488 -9215 2803 -4434 END
START 19064 13716 14460 -8973 2697 -5509 END
START 18580 13600 14328 -8719 2573 -6514 END
START 18168 13552 14640 -8456 2282 -7541 END
START 17716 13500 14600 -8148 1944 -8509 END
START 17432 13536 14672 -7883 1562 -9436 END
START 17332 13320 14808 -7590 1175 -10330 END
START 17412 13272 14840 -7332 793 -11308 END
START 17584 13124 14868 -7039 456 -12277 END
START 17668 13116 15252 -6758 83 -13357 END
START 17744 12956 15160 -6418 -247 -14560 END
START 18076 12964 15264 -6132 -558 -15812 END
START 18328 12892 15292 -5804 -862 -17172 END
START 18528 12800 15240 -5521 -1142 -18567 END
START 18844 12648 15016 -5227 -1344 -20058 END
START 18820 12508 14808 -4969 -1470 -21596 END
START 18612 12380 14588 -4761 -1572 -23153 END
START 18552 12164 14356 -4603 -1641 -24676 END
START 18300 11904 13944 -4497 -1700 -26197 END
START 18468 11712 13436 -4463 -1676 -27683 END
START 18264 11228 13160 -4441 -1628 -29273 END
START 17628 10712 12800 -4466 -1612 -30843 END
START 16948 10268 12644 -4518 -1729 -32422 END
START 16020 9752 12344 -4613 -1913 -32768 END
START 14828 9352 12196 -4713 -2164 -32768 END
START 13704 8780 11984 -4856 -2459 -32768 END
START 12568 8388 11776 -5003 -2728 -32768 END
START 11372 7904 11704 -5157 -2938 -32768 END
START 10020 7544 11468 -5376 -3088 -32768 END
START 8836 7036 11072 -5608 -3201 -32768 END
START 7632 6760 10744 -5814 -3196 -32768 END
START 6616 6324 10172 -6147 -3131 -32768 END
START 5284 5888 9948 -6436 -3004 -32768 END
START 4296 5332 9576 -6849 -2840 -32768 END
START 3160 5104 9392 -7370 -2546 -32768 END
START 2148 4644 8896 -7924 -2268 -32768 END
START 824 4140 8900 -8450 -2105 -32768 END
START -364 3728 8740 -8927 -1975 -32768 END
START -1488 3160 8956 -9351 -1916 -32768 END
START -2736 2560 9216 -9728 -1952 -32768 END
START -3928 2172 9524 -10111 -1992 -32768 END
START -4928 2164 9684 -10466 -2048 -32768 END
START -5876 1912 9664 -10832 -1983 -32768 END
START -6576 1908 9760 -11154 -1812 -32768 END
START -7132 1608 9824 -11398 -1581 -32768 END
START -7480 1244 10072 -11660 -1319 -32768 END
START -7764 804 10144 -11847 -1006 -32768 END
START -7972 616 10488 -11978 -684 -32768 END
START -8176 252 10452 -12080 -314 -32768 END
START -8548 -128 10656 -12147 61 -32768 END
START -8880 -368 10896 -12188 394 -32768 END
START -9348 -576 10776 -12208 705 -32768 END
START -9964 -712 10836 -12192 929 -32768 END
START -10524 -948 10764 -12210 1026 -32768 END
START -11224 -1204 10924 -12169 1111 -32768 END
START -11540 -1344 10800 -12149 1143 -32768 END
START -11808 -1556 10692 -12124 1132 -32768 END
START -12468 -1796 10456 -12101 1082 -32636 END
START -13192 -2080 10452 -12076 1078 -32087 END
START -13740 -2328 10676 -12033 975 -31473 END
START -14652 -2664 10692 -12062 810 -30796 END
START -15292 -2764 10744 -12051 578 -30009 END
START -15972 -2768 10580 -12044 372 -29094 END
START -16504 -2788 10264 -12024 241 -28185 END
START -17004 -2828 10356 -12020 119 -27146 END
START -17192 -2736 9952 -12086 69 -26107 END
START -17368 -2680 9816 -12113 112 -25089 END
START -17512 -2704 9364 -12221 290 -24016 END
START -17608 -2684 9168 -12363 534 -23019 END
START -17980 -2512 8852 -12534 747 -21999 END
START -18324 -2584 8752 -12801 930 -20985 END
START -18896 -2532 8736 -13110 1029 -19861 END
START -19396 -2332 8528 -13446 1029 -18774 END
START -19996 -2220 8508 -13853 925 -17632 END
START -20384 -2168 8468 -14218 821 -16504 END
START -20676 -2124 8468 -14660 702 -15379 END
START -21008 -2252 8572 -14835 525 -14179 END
START -21224 -2252 8816 -15302 352 -12978 END
START -21416 -2344 9120 -15518 38 -11760 END
START -21728 -2360 9240 -15712 -246 -10578 END
START -21900 -2452 9416 -15868 -521 -9267 END
START -22068 -2420 9484 -15953 -792 -7984 END
START -22188 -2512 9748 -16069 -1078 -6722 END
START -22260 -2436 9796 -16129 -1385 -5461 END
START -22088 -2572 9688 -16214 -1626 -4143 END
START -22016 -2668 9848 -16330 -1827 -2950 END
START -21956 -2836 9768 -16461 -1989 -1738 END
START -22020 -2832 10024 -16602 -2189 -491 END
START -22036 -2876 10136 -16831 -2397 708 END
START -22012 -3032 10236 -17035 -2596 1920 END
START -21936 -3172 10468 -17256 -2730 3182 END
START -21972 -3288 10552 -17428 -2808 4414 END
START -22040 -3380 10900 -17645 -2924 5649 END
START -21928 -3612 11252 -17795 -2954 6927 END
START -21904 -3664 11284 -17936 -2959 8132 END
START -21924 -3992 11872 -18072 -3000 9346 END
START -21956 -4100 12492 -18171 -3096 10627 END
START -21816 -4260 12604 -18286 -3231 11911 END
START -21804 -4564 13080 -18378 -3347 13286 END
START -21964 -4824 13452 -18486 -3572 14656 END
START -21832 -5080 13936 -18607 -3805 16144 END
START -21808 -5224 14188 -18752 -4079 17652 END
START -21668 -5408 14424 -18932 -4253 19188 END
START -21348 -5504 14940 -19110 -4366 20689 END
START -21216 -5604 15396 -19319 -4419 22223 END
START -20804 -5516 16036 -19514 -4457 23776 END
START -20516 -5780 16668 -19662 -4401 25285 END
START -20368 -6120 17228 -19811 -4200 26860 END
START -20508 -6388 18084 -19928 -3999 28466 END
START -20568 -6404 18900 -20003 -3692 30097 END
START -20576 -6628 19584 -19975 -3369 31738 END
START -20636 -6472 20328 -19889 -3025 32767 END
START -20652 -6336 20992 -19805 -2738 32767 END
START -20336 -6536 21888 -19575 -2451 32767 END
START -19124 -6864 22468 -19304 -2009 32767 END
START -18208 -7172 23112 -18963 -1487 32767 END
START -17252 -7552 23724 -18532 -991 32767 END
START -16412 -7876 24364 -18071 -538 32767 END
START -15304 -8100 24988 -17634 -82 32767 END
START -14360 -8236 25632 -17193 333 32767 END
START -12880 -8364 25988 -16751 871 32767 END
START -11552 -8308 26552 -16260 1468 32767 END
START -10148 -8260 26788 -15818 2116 32767 END
START -8584 -8144 27352 -15239 2965 32767 END
START -6848 -8176 27796 -14797 3801 32767 END
START -4808 -8060 28000 -14249 4766 32767 END
START -3032 -8024 28600 -13603 5705 32767 END
START -128 -7812 29016 -13005 6745 32767 END
START 2000 -7616 29436 -12372 7720 32767 END
START 4024 -7120 29992 -11682 8666 32767 END
START 5840 -6624 30480 -10984 9439 32767 END