START -16532 6800 -2132 13552 12851 -8877 END
START -13264 -1844 -3068 10614 6202 -5565 END
START -21792 -3248 2540 9329 2081 640 END
START -20780 -3456 788 8482 505 5781 END
START -24208 -4140 1720 6737 -312 11762 END
START -24624 -4880 1192 4923 -376 19994 END
START -22268 -4480 -568 2456 -1057 28675 END
START -18388 -4448 -2224 -1798 -40 32767 END
START -12540 -3836 -5144 -8163 -226 32767 END
START -6744 -4496 -6620 -15663 -5059 32767 END
START 1612 -4400 -4652 -24742 -6155 32767 END
START 10172 -3956 1476 -31831 -2542 32767 END
START 18856 -2180 8840 -32768 1733 32767 END
START 25356 692 16888 -32768 6509 31376 END
START 19268 2760 20208 -30317 6497 22083 END
START 20356 3768 22180 -25842 625 17379 END
START 23920 5536 24156 -22714 -1898 11460 END
START 28464 7004 27488 -19649 -2109 4054 END
START 32136 7484 29280 -16649 1216 -7367 END
START 26372 5252 28464 -13257 2381 -17324 END
START 21668 3844 25920 -10610 2798 -24351 END
START 22484 2936 23924 -8821 4778 -32463 END
START 19588 488 20604 -7472 8295 -32768 END
START 7808 -3704 17796 -6051 8514 -32768 END
START 2068 -5036 15424 -4934 5391 -32768 END
START 1616 -6220 12916 -5385 5092 -32768 END
START -3652 -9116 10292 -7532 6946 -32768 END
START -11432 -12188 9692 -9577 9056 -32768 END
START -18128 -13056 9176 -10529 8328 -32768 END
START -22576 -14544 8428 -11637 6695 -32768 END
START -26908 -15484 8724 -12836 5682 -25975 END
START -31736 -15900 10108 -14066 5176 -17704 END
START -32768 -15648 11120 -13779 1477 -8514 END
START -32768 -15596 12676 -12656 -2284 98 END
START -30048 -14532 10660 -12959 -1415 8122 END
START -30152 -14340 9152 -14726 -1544 16885 END
START -26244 -15528 7896 -18489 -3076 24781 END
START -24132 -16740 8200 -21049 -5791 32767 END
START -18272 -17080 7500 -23463 -11085 32767 END
START -8536 -17596 8800 -27153 -11101 32767 END
START -3780 -18512 12504 -30015 -9529 32767 END
START 1392 -18336 20156 -30129 -7684 32767 END
START 5184 -18100 28148 -25801 -2992 32767 END
START 7872 -15584 32560 -17465 -979 32767 END
START 7232 -14264 30104 -7665 -2633 32767 END