START -864 6260 -7812 23212 23032 -2141 END
START -7428 -5380 -11344 15532 24690 658 END
START -14248 -7388 -5836 11108 22312 5010 END
START -15620 -7792 -4104 9098 16554 10925 END
START -18196 -8556 -548 9346 10747 16687 END
START -16884 -8676 -1272 9796 7084 22198 END
START -17496 -8824 -2272 10063 3364 27968 END
START -14704 -9240 -5104 8865 -88 32767 END
START -11824 -8756 -9000 6017 -3033 32767 END
START -8732 -8208 -12364 -79 -5591 32767 END
START -6372 -8708 -13572 -8164 -4769 32767 END
START -5572 -10028 -11572 -16118 -3923 32767 END
START -2632 -12008 -8216 -23168 -2525 32767 END
START 7972 -11184 -3508 -26803 -2075 32767 END
START 17460 -7992 3652 -27806 -91 32767 END
START 23408 -3504 6324 -26005 1007 32767 END
START 23460 -1236 7032 -26286 36 31747 END
START 22856 -816 9596 -26818 -4609 27422 END
START 27972 676 15528 -27297 -7150 23998 END
START 32767 1416 21976 -26250 -4821 19032 END
START 32767 3632 28956 -23063 1610 10927 END
START 32767 6588 30868 -18832 8538 -2243 END
START 32767 6384 29924 -15483 13507 -17897 END
START 32767 1884 28060 -11960 17221 -31516 END
START 25008 -1528 26364 -7774 16863 -32768 END
START 20088 -3972 24492 -3389 16354 -32768 END
START 15516 -5640 20764 1087 14499 -32768 END
START 10408 -8012 15560 4259 10469 -32768 END
START 6952 -9984 10668 5390 5255 -32768 END
START 4076 -12216 7112 4189 1715 -32768 END
START 852 -14572 5116 2470 -153 -32768 END
START -2128 -15392 3232 13 -617 -32768 END
START -4932 -17184 1920 -3738 -491 -32768 END
START -7548 -18140 1148 -7957 -217 -32768 END
START -9988 -21248 1032 -12112 141 -32768 END
START -15024 -22848 1500 -15577 -796 -32768 END
START -19856 -26080 3260 -17590 -4548 -32768 END
START -27656 -27908 4672 -18887 -7938 -32768 END
START -32768 -27220 6340 -21920 -10607 -30802 END
START -32768 -28084 7984 -24767 -12688 -15391 END
START -31592 -29560 9808 -27079 -12301 -1211 END
START -25724 -30768 9752 -30401 -10624 8250 END
START -23532 -32768 11588 -32712 -11287 14124 END
START -22992 -32768 15176 -32566 -15930 19927 END
START -23644 -32768 18804 -31132 -17768 27114 END
START -24400 -32768 22180 -27642 -15586 32767 END
START -23616 -32768 21468 -23052 -13868 32767 END
START -22184 -32768 18352 -19639 -16476 32767 END
START -11924 -32768 12656 -20128 -16907 32767 END
START -3480 -32768 14656 -24382 -8709 32767 END
START 3824 -31880 22520 -28656 -773 32767 END
START 11448 -28376 29368 -26521 1483 32767 END