START -16040 -156 -596 20346 10055 1420 END
START -15180 -508 -1240 15413 6413 4237 END
START -14504 -1272 596 10939 7586 7973 END
START -16228 -2388 4160 5879 10830 12982 END
START -15876 -4172 7580 3981 14126 16244 END
START -17960 -7176 9820 5083 15040 19279 END
START -20400 -9544 9624 9811 11110 22585 END
START -20232 -10548 4856 14846 3694 25873 END
START -18644 -10072 -1652 16427 -694 29855 END
START -16928 -8840 -9784 11904 242 32767 END
START -14444 -9836 -14508 2434 3433 32767 END
START -9832 -11564 -15156 -8289 6202 32767 END
START -2824 -13916 -11184 -16952 8352 32767 END
START 4852 -14368 -5940 -21312 8267 32767 END
START 13548 -12876 -3476 -23312 7973 32767 END
START 16256 -11244 -1356 -24277 6129 32767 END
START 20388 -10532 -212 -24597 -627 32767 END
START 26088 -9120 1320 -26668 -4301 32767 END
START 27772 -9432 6580 -28607 -4838 32767 END
START 32767 -8692 14932 -28361 -5686 30850 END
START 32767 -3004 20172 -25433 116 21887 END
START 32767 -8 23376 -23401 8208 9011 END
START 32767 2128 24860 -20412 11678 -2748 END
START 32767 2056 24128 -17933 13580 -16513 END
START 32767 132 22508 -15239 16002 -29462 END
START 32767 -2568 21100 -13351 17420 -32768 END
START 27140 -5412 19548 -11807 18491 -32768 END
START 22072 -10136 17508 -10147 18726 -32768 END
START 13720 -15524 15772 -7321 13878 -32768 END
START 4520 -19252 13736 -5779 6392 -32768 END
START 988 -19476 12104 -5789 1067 -32768 END
START 428 -19092 9800 -7536 722 -32768 END
START -664 -18476 6932 -11123 5118 -32768 END
START -3540 -20292 4004 -14944 10953 -32768 END
START -12292 -23252 3688 -15781 12254 -32768 END
START -22184 -24128 4632 -14690 4752 -32768 END
START -30072 -24276 4936 -14731 -4646 -32768 END
START -32768 -23528 5780 -17166 -9829 -32768 END
START -32768 -23164 5992 -22259 -10320 -20521 END
START -32768 -25352 9180 -26753 -9949 -5191 END
START -28856 -26740 10860 -28083 -10563 4643 END
START -21612 -28180 11436 -29691 -10091 9172 END
START -18172 -29780 12468 -32360 -6534 11467 END
START -21416 -32232 14596 -32768 -4394 13254 END
START -28320 -32768 17652 -29786 -10364 19527 END
START -29220 -32768 17424 -24733 -17822 30419 END
START -25808 -32768 15756 -21209 -22045 32767 END
START -18536 -32768 12408 -21240 -20687 32767 END
START -14320 -32768 13212 -22919 -18109 32767 END
START -10440 -32768 16716 -23167 -16037 32767 END
START -5680 -32768 22484 -22270 -10992 32767 END
START 3836 -32768 28264 -18935 -1837 32767 END