START 40 4232 3572 2016 13102 11337 END
START -19636 -4968 13424 6214 3352 14901 END
START -13120 -5840 7824 10158 -689 19803 END
START -14120 -5516 6260 12169 -3440 25422 END
START -12108 -5036 4540 11940 -4211 30178 END
START -7420 -5224 1628 10779 -2354 32767 END
START -4564 -4852 -368 8439 -1428 32767 END
START -1524 -3328 -2860 4662 -724 32767 END
START 2288 -2060 -3900 -621 816 32767 END
START 3364 -756 -2116 -5613 3701 32767 END
START 6144 -804 480 -9044 4160 32767 END
START 9920 -760 3364 -10232 2082 32767 END
START 16264 376 4988 -9473 -2160 32767 END
START 25268 3264 4628 -8907 -5311 32767 END
START 32180 5168 5316 -8998 -5955 30292 END
START 32767 8776 5400 -9949 -4687 23399 END
START 32767 10356 6072 -12194 256 16502 END
START 32767 11092 8148 -14855 6927 9126 END
START 32767 11300 8756 -16498 12486 277 END
START 32767 10880 8652 -17943 15118 -8807 END
START 29408 9528 8952 -19123 15224 -17525 END
START 24732 7832 9564 -19434 14431 -24913 END
START 21960 6816 11016 -19476 13809 -31632 END
START 20520 4904 12088 -19406 14312 -32768 END
START 16880 720 12116 -19635 14047 -32768 END
START 12384 -4572 13240 -20227 13800 -32768 END
START 5768 -8396 15380 -19327 13034 -32768 END
START 1260 -10160 15372 -17375 11948 -32768 END
START -2160 -11892 13624 -15233 11616 -32768 END
START -5600 -14528 10648 -14800 9876 -32768 END
START -10260 -17836 9412 -14770 8322 -32768 END
START -15528 -22148 9552 -15179 6772 -32768 END
START -22824 -23660 10392 -14496 5764 -32768 END
START -28992 -23084 10372 -14444 5473 -32768 END
START -32768 -23444 9620 -14304 3962 -25248 END
START -32768 -24084 7688 -13467 -197 -11472 END
START -31248 -24660 5132 -13314 -5885 1016 END
START -27532 -24976 1644 -15007 -9581 10450 END
START -25864 -25264 -2688 -21278 -11766 20436 END
START -22376 -28220 -3444 -31853 -12417 32693 END
START -18300 -32364 -772 -32768 -12065 32767 END
START -13596 -32768 4452 -32768 -12433 32767 END
START -7344 -32768 14232 -32768 -14749 32767 END
START -4824 -32768 25624 -32768 -19849 32767 END
START 1880 -32768 32767 -32768 -23648 32767 END
START 8992 -32768 32767 -20900 -25302 32767 END