START 1560 10060 5924 6770 5602 4042 END
START -10332 3112 5844 6981 3912 5449 END
START -14844 1768 7804 6019 1704 6566 END
START -16560 1376 9276 5505 1394 7972 END
START -13644 612 7680 5044 1954 9301 END
START -11012 248 5632 4568 3281 10224 END
START -13476 -492 5404 3686 4503 10668 END
START -15696 -1340 3828 2437 4974 12213 END
START -17564 -1476 2432 1087 3165 15551 END
START -18108 -1676 1160 -837 751 20682 END
START -17788 -1900 1552 -2652 -1281 27209 END
START -13332 -2244 1836 -3904 -3983 32767 END
START -6912 -2836 1908 -5160 -4946 32767 END
START -1436 -2500 436 -6874 -4140 32767 END
START 2476 -2432 -180 -9259 -4257 32767 END
START 6316 -2576 160 -11617 -5000 32767 END
START 9620 -1872 532 -14296 -7041 32767 END
START 13548 -1792 2696 -16368 -9330 32767 END
START 20132 -992 6416 -17584 -9995 32767 END
START 27440 916 10020 -17957 -8149 32767 END
START 30588 3112 12240 -18218 -5121 29840 END
START 32767 5352 14800 -18018 -3001 22522 END
START 32767 7748 17500 -17396 584 12894 END
START 32767 8616 18684 -16891 1301 4818 END
START 32767 9408 20684 -15478 1788 -4777 END
START 32700 8104 20416 -13916 2157 -13315 END
START 29344 6600 20352 -13060 4167 -20247 END
START 25636 4700 20676 -11870 6478 -26875 END
START 22692 3136 20888 -10618 8762 -32768 END
START 19048 492 19424 -9699 11738 -32768 END
START 13984 -3196 17736 -8908 13213 -32768 END
START 8224 -6332 16504 -7094 13043 -32768 END
START 1960 -7892 15400 -5088 11349 -32768 END
START -464 -9024 13468 -3897 10113 -32768 END
START -1512 -10228 10396 -4069 11569 -32768 END
START -3756 -11236 6956 -5715 13799 -32768 END
START -6620 -12680 4964 -7569 16611 -32768 END
START -10132 -14032 3316 -8968 17203 -32768 END
START -14028 -16108 2812 -8866 13592 -32768 END
START -18304 -17132 3172 -7786 7459 -32768 END
START -21388 -16892 2388 -8020 2081 -32768 END
START -23532 -17048 1800 -10681 370 -32768 END
START -25860 -17872 1788 -15098 56 -30345 END
START -28504 -19456 3304 -18353 -1864 -21606 END
START -28436 -20812 4496 -22288 -4849 -11957 END
START -27688 -22652 7496 -26148 -6628 -2718 END
START -25696 -24320 10428 -28335 -7214 5548 END
START -27208 -26324 12084 -28659 -7227 13867 END
START -23244 -26628 14840 -27935 -7859 21401 END
START -20728 -27100 14356 -27253 -9574 29365 END
START -20652 -28488 14560 -26345 -12801 32767 END
START -18760 -28684 13304 -26028 -15281 32767 END
START -18252 -30656 13860 -25630 -19010 32767 END
START -10456 -30956 13888 -25991 -19524 32767 END
START -4124 -29908 15984 -28666 -13005 32767 END