START -6476 9484 -7556 11526 7231 -10472 END
START -9792 4048 -4408 5800 151 -10212 END
START -13512 2700 2252 1892 2562 -9005 END
START -16380 600 5044 -113 4889 -5830 END
START -19368 -1976 7836 -80 4700 -1262 END
START -21600 -3356 9124 1434 4076 5122 END
START -22796 -4472 9376 2863 4105 11878 END
START -22664 -5412 8076 5073 670 19705 END
START -20604 -4816 4716 5499 -1759 27549 END
START -18492 -3820 1136 2826 -2022 32767 END
START -15360 -5540 -2116 -1843 -1829 32767 END
START -10556 -6836 -3844 -7597 -2795 32767 END
START -1868 -7860 -3000 -13089 -4493 32767 END
START 8912 -8132 440 -15427 -3657 32767 END
START 17612 -4732 1668 -17400 -2759 32767 END
START 21928 -1544 3756 -17767 -2037 32767 END
START 25064 864 5488 -17823 -4858 32767 END
START 32767 3724 10328 -15480 -7085 31459 END
START 32767 8196 13052 -12443 -7771 19461 END
START 32767 11452 13716 -9741 -4149 2533 END
START 32767 11812 9064 -10448 -2186 -11361 END
START 32767 11092 9596 -14092 -1003 -20752 END
START 32767 9728 10512 -16464 5692 -31261 END
START 32756 5840 9364 -19281 11967 -32768 END
START 20560 -380 9388 -20356 12474 -32768 END
START 9964 -6508 9812 -20079 10392 -32768 END
START 4148 -9300 11252 -19571 8706 -32768 END
START -3732 -14984 13572 -20335 8506 -32768 END
START -21316 -19392 17380 -18976 4973 -32768 END
START -29548 -20008 19376 -16914 1366 -32768 END
START -32556 -17636 18576 -16920 1705 -32642 END
START -32768 -15736 17552 -17733 1705 -21881 END
START -31384 -13772 16948 -18002 621 -13069 END
START -29124 -11996 16184 -18356 -1413 -5771 END
START -23320 -9296 14412 -19532 -2931 -355 END
START -19304 -7608 12468 -22466 -1006 2262 END
START -19992 -7072 10580 -26106 712 4422 END
START -22344 -8060 10572 -29864 1043 8899 END
START -23816 -10268 11476 -32768 2116 15588 END
START -23688 -12956 12616 -32768 2156 23769 END
START -25416 -16124 12392 -32768 493 32767 END
START -25416 -20512 12856 -32768 -3426 32767 END
START -21404 -28024 15528 -32768 -5388 32767 END
START -12428 -32188 19776 -32768 -2387 32767 END
START -5224 -32768 28220 -32768 4817 32767 END
START 7176 -30536 32767 -32768 8699 32767 END