START -2556 3784 -6604 8779 5271 19006 END
START -11212 -3972 -7828 3845 3380 25747 END
START -16364 -5756 -3348 -200 2782 32767 END
START -13540 -6856 -432 -2652 740 32767 END
START -3156 -7244 596 -3894 -1072 32767 END
START 4200 -6456 2236 -4906 -30 32767 END
START 3976 -5612 6024 -4208 472 32767 END
START 2968 -6080 7680 -1504 -759 32767 END
START -2076 -6460 6316 1343 -3682 32767 END
START -1012 -7008 2088 2523 -8252 32767 END
START 3792 -7996 -372 503 -9926 32767 END
START 17968 -7884 -936 -3115 -9195 32767 END
START 32767 -3060 156 -7327 -4721 32767 END
START 32767 1156 3260 -11303 -342 32767 END
START 32767 2796 6172 -12447 1944 31567 END
START 32767 4104 7216 -11934 -609 25421 END
START 32767 6048 7432 -12572 -546 18127 END
START 32767 8020 8868 -13324 2188 8801 END
START 32767 9120 9144 -13341 6112 -1902 END
START 32767 10208 7104 -14075 10412 -14520 END
START 32767 7268 6208 -16526 15620 -28302 END
START 32767 3216 6780 -17596 17732 -32768 END
START 31520 448 7004 -18529 19264 -32768 END
START 27472 -4516 7364 -19262 22483 -32768 END
START 19740 -11048 6804 -19262 23505 -32768 END
START 10724 -16980 7760 -18864 19960 -32768 END
START 3124 -20928 9568 -17207 12146 -32768 END
START 376 -24700 8980 -16298 6187 -32768 END
START -3880 -29372 7436 -17024 6155 -32768 END
START -12444 -32768 6832 -18600 10014 -32768 END
START -27340 -32768 7872 -18031 12211 -32768 END
START -32768 -32768 8892 -16155 7431 -32768 END
START -32768 -30068 7244 -14633 572 -32768 END
START -32768 -26816 3784 -17942 -3075 -15752 END
START -32768 -27360 3172 -23974 -4979 -1420 END
START -32512 -28656 6068 -28800 -8881 8575 END
START -26596 -28960 9800 -31799 -10923 15721 END
START -24604 -29376 13172 -32768 -7740 22047 END
START -26080 -31116 16272 -32768 -7338 30126 END
START -27304 -32768 17736 -32768 -11501 32767 END
START -25872 -32768 19968 -32704 -12521 32767 END
START -21728 -32768 23424 -32160 -11911 32767 END
START -16560 -32768 26068 -32768 -7190 32767 END
START -10136 -32768 32767 -32768 -931 32767 END