START -13204 -5380 2212 19906 10344 -4846 END
START -23336 -13168 2204 16272 8188 765 END
START -19288 -12572 1796 14230 7792 5143 END
START -17852 -11268 2372 12821 6800 8784 END
START -16532 -10536 3060 11910 7146 11013 END
START -16528 -10028 3484 11535 7543 12986 END
START -16848 -9216 2912 10429 7482 15075 END
START -17128 -8648 1944 9462 6775 18003 END
START -16844 -7688 1180 8223 5708 22107 END
START -15932 -6576 164 6609 5370 26017 END
START -14876 -6560 -180 4729 5048 29962 END
START -14272 -6408 -1028 2732 4938 32767 END
START -13656 -6840 -912 529 4033 32767 END
START -11552 -7788 -940 -1061 2659 32767 END
START -9324 -10056 -928 -2306 1143 32767 END
START -3664 -10784 -620 -3501 1759 32767 END
START 3592 -10948 -1232 -6036 4613 32767 END
START 7820 -10084 -1236 -9204 6584 32767 END
START 10976 -8460 -1500 -11658 5491 32767 END
START 12720 -8668 308 -13789 299 32767 END
START 17332 -7608 3532 -14673 -3361 32767 END
START 23648 -6368 7336 -15004 -5251 32767 END
START 32767 -4064 11148 -12693 -6165 32767 END
START 32767 660 12132 -12606 -4169 32767 END
START 32767 4724 11752 -14052 3245 22683 END
START 32767 4684 13664 -14236 5306 12449 END
START 32767 5492 14864 -12652 3886 4849 END
START 32767 6288 14448 -12282 5486 -3872 END
START 32767 6432 13860 -12663 10186 -13198 END
START 32767 4948 13108 -12955 14318 -23746 END
START 32767 2040 12904 -12170 13579 -32768 END
START 28556 -128 13368 -10764 10510 -32768 END
START 24564 -2740 13376 -9277 9504 -32768 END
START 18444 -6212 11880 -8237 8443 -32768 END
START 12988 -8568 10820 -7717 5644 -32768 END
START 9784 -11236 9200 -8346 4637 -32768 END
START 4844 -14304 7396 -9283 6327 -32768 END
START -940 -16972 5460 -10901 7047 -32768 END
START -8212 -19720 5688 -12110 5799 -32768 END
START -15348 -20856 5964 -13633 2649 -32768 END
START -19452 -22836 7592 -14301 -399 -32768 END
START -22744 -21436 8384 -13897 -1945 -32768 END
START -23048 -21316 7876 -14692 -1476 -32768 END
START -23528 -22044 6824 -15440 -997 -32768 END
START -25708 -23504 7452 -16453 -2047 -32768 END
START -30084 -24032 8776 -16830 -4624 -32207 END
START -32768 -24056 10432 -17924 -7607 -23038 END
START -32768 -23912 10608 -20172 -9018 -11087 END
START -32768 -24452 12696 -23025 -8655 51 END
START -31064 -25432 15568 -24684 -9233 8778 END
START -28108 -26596 18716 -23906 -10909 17156 END
START -26756 -27340 19812 -22360 -11806 24659 END
START -28456 -29044 20200 -21277 -12370 32767 END
START -27156 -30916 19732 -20944 -12641 32767 END
START -22644 -32768 19372 -21473 -13391 32767 END
START -15468 -32768 20240 -21861 -12340 32767 END
START -8148 -32768 21932 -21811 -9074 32767 END
START -1080 -32768 25244 -22068 -5756 32767 END
START 5972 -32768 29012 -19048 -4867 32767 END
START 8384 -32444 28608 -14465 -5998 32767 END
START 15400 -28824 27392 -12495 -9683 32767 END