START -12552 7092 32 16617 2693 1452 END
START -11888 2960 -8860 17326 3960 2276 END
START -10148 6468 -7292 14906 4250 3373 END
START -13984 6900 -8 15062 5953 4203 END
START -13104 5852 -3408 13961 5786 5035 END
START -14848 6128 -1596 13137 6079 6000 END
START -14876 6020 -2740 12100 6269 7096 END
START -14428 5996 -4172 11094 6473 8214 END
START -14604 5972 -4392 10082 6976 9429 END
START -15056 5840 -4024 8991 7556 10735 END
START -15068 5716 -3740 7939 7964 12026 END
START -14552 5464 -4044 6878 8313 13236 END
START -14360 5212 -4148 5833 8657 14597 END
START -13936 4764 -3940 4767 9083 15915 END
START -13808 4504 -3952 3735 9512 17138 END
START -13500 4216 -3528 2767 9917 18369 END
START -13368 3988 -3244 1894 10340 19585 END
START -13388 3716 -3024 1069 10621 20763 END
START -13116 3496 -2608 380 10737 21908 END
START -12868 3344 -2268 -174 10735 23092 END
START -12572 3208 -2232 -768 10678 24303 END
START -12352 3044 -2164 -1171 10549 25414 END
START -11804 2780 -2544 -1579 10442 26633 END
START -11732 3028 -3376 -2039 10421 27715 END
START -11868 3272 -3480 -2623 9942 28768 END
START -11524 3168 -3656 -3312 9466 29683 END
START -11236 3124 -3732 -4167 8801 30505 END
START -10792 2924 -4136 -5049 8102 31279 END
START -10544 2676 -3860 -6069 7487 32065 END
START -10276 2428 -3556 -6950 6748 32767 END
START -10116 2284 -2992 -7687 6059 32767 END
START -9836 1984 -2848 -8315 5439 32767 END
START -9460 1856 -2468 -8794 4951 32767 END
START -8820 1832 -2260 -9170 4599 32767 END
START -7884 1728 -1896 -9507 4485 32767 END
START -6776 1692 -1872 -9896 4563 32767 END
START -5272 1576 -1716 -10249 4783 32767 END
START -3976 1424 -1184 -10583 5032 32767 END
START -2584 1364 -400 -10907 5180 32767 END
START -1404 1380 424 -11159 5155 32767 END
START -192 1732 1136 -11370 5053 32767 END
START 1244 1852 2016 -11437 4877 32767 END
START 2892 2176 2408 -11345 4724 32767 END
START 4356 2400 2840 -11169 4596 32767 END
START 5744 2760 3060 -10969 4444 32767 END
START 6828 3048 3336 -10749 4167 32767 END
START 7856 3416 3692 -10578 3786 32767 END
START 8644 3876 4100 -10453 3259 32767 END
START 9128 4364 4376 -10296 2627 32767 END
START 9588 4660 4540 -10194 1992 32767 END
START 10548 5384 4492 -10028 1382 32767 END
START 11788 6224 4040 -9894 1142 32767 END
START 13492 7000 3736 -9812 1124 32767 END
START 15176 7616 3616 -9816 1336 32767 END
START 16684 8140 3644 -9917 1602 32720 END
START 17488 8464 3856 -10041 1754 31665 END
START 18024 9064 4316 -10233 1644 30475 END
START 18616 9648 4660 -10498 1513 29152 END
START 19152 10316 4916 -10689 1276 27723 END
START 19352 10720 5040 -10850 1164 26326 END
START 19628 11044 5456 -10938 1062 24964 END
START 19540 11328 5552 -11023 1010 23803 END
START 19344 11572 5800 -11064 991 22733 END
START 19120 11932 5984 -11116 1094 21860 END
START 18996 12372 6408 -11200 1066 21098 END
START 19580 12908 7044 -11213 1051 20442 END
START 21084 13332 7440 -11311 1186 19702 END
START 22548 13708 7896 -11388 1331 18886 END
START 23868 13892 8904 -11405 1363 17770 END
START 25212 14124 9664 -11336 1248 16505 END
START 26384 14504 10876 -11140 1045 14944 END
START 27548 14696 11872 -10840 797 13207 END
START 28520 14776 12548 -10441 518 11370 END
START 29580 15040 13116 -9874 206 9379 END
START 30328 15292 13544 -9295 54 7374 END
START 30740 15480 13884 -8647 -169 5461 END
START 31028 15636 14360 -7991 -341 3410 END
START 30836 15832 14588 -7241 -676 1316 END
START 30904 15948 14556 -6536 -944 -675 END
START 30812 16104 14452 -5903 -1161 -2514 END
START 30532 16308 14016 -5201 -1316 -4546 END
START 30172 16336 13580 -4672 -1369 -6416 END
START 29372 16228 13256 -4172 -1520 -8314 END
START 28704 16336 12892 -3805 -1741 -9992 END
START 27652 16144 12428 -3471 -1908 -11654 END
START 26696 16028 11892 -3226 -2198 -13115 END
START 25736 15884 11316 -3026 -2369 -14565 END
START 24844 15760 10632 -2869 -2488 -15878 END
START 23980 15604 9816 -2799 -2514 -17084 END
START 23200 15428 9368 -2795 -2440 -18178 END
START 22612 15372 9048 -2831 -2333 -19269 END
START 22116 15208 8616 -2931 -2126 -20238 END
START 22040 14900 8640 -3026 -1922 -21256 END
START 21924 14684 8308 -3160 -1600 -22238 END
START 21744 14356 8316 -3310 -1247 -23306 END
START 21656 14148 8476 -3403 -850 -24433 END
START 21540 14032 8532 -3492 -459 -25631 END
START 21472 13700 8740 -3485 -112 -26974 END
START 21440 13264 8976 -3420 204 -28357 END
START 21072 12880 8988 -3347 412 -29785 END
START 20624 12376 9044 -3166 575 -31288 END
START 19904 12036 8912 -3015 711 -32768 END
START 18980 11632 8684 -2875 821 -32768 END
START 17980 11156 8192 -2737 842 -32768 END
START 16872 10564 7888 -2653 790 -32768 END
START 15736 9944 7332 -2661 768 -32768 END
START 14564 9268 6576 -2694 785 -32768 END
START 13440 8652 5844 -2816 803 -32768 END
START 12300 8088 5208 -3026 847 -32768 END
START 11112 7576 4448 -3343 900 -32768 END
START 9996 6948 3820 -3714 985 -32768 END
START 8992 6432 3264 -4239 1125 -32768 END
START 8040 5788 2764 -4771 1210 -32768 END
START 7000 5060 2316 -5462 1288 -32768 END
START 5964 4332 2040 -6155 1253 -32768 END
START 4972 3524 1516 -6927 1272 -32768 END
START 4028 2788 1128 -7730 1338 -32768 END
START 2948 1952 752 -8529 1349 -32768 END
START 1692 1220 284 -9376 1352 -32768 END
START 380 260 -44 -10234 1264 -32768 END
START -816 -308 -360 -11034 1048 -32768 END
START -2444 -1016 -308 -11946 734 -32768 END
START -3976 -1528 -420 -12859 324 -32768 END
START -5604 -1664 -832 -13806 -79 -32768 END
START -7084 -1776 -728 -14681 -480 -32768 END
START -8408 -1844 -832 -15627 -880 -32768 END
START -9704 -1860 -868 -16615 -1257 -32768 END
START -10680 -1832 -916 -17635 -1593 -32768 END
START -11476 -1964 -708 -18712 -1955 -32768 END
START -12384 -1956 -664 -19667 -2279 -32768 END
START -13220 -1864 -516 -20664 -2603 -32768 END
START -14452 -1912 256 -21653 -3097 -32768 END
START -15472 -1732 1280 -22615 -3689 -32768 END
START -16180 -1592 1840 -23468 -4380 -32768 END
START -16532 -1200 2144 -24230 -4667 -32768 END
START -16820 -1008 2612 -24927 -4742 -32768 END
START -16764 -708 2644 -25466 -4480 -32768 END
START -17264 -520 3048 -25964 -4049 -32768 END
START -17376 -496 3440 -26402 -3450 -32768 END
START -17652 -492 4044 -26820 -2818 -32768 END
START -17992 -512 4528 -27129 -2344 -32128 END
START -18352 -532 4876 -27460 -1926 -31122 END
START -18772 -504 5232 -27758 -1555 -30088 END
START -18844 -340 5488 -28115 -1395 -29096 END
START -19160 -300 5944 -28506 -1370 -28161 END
START -19508 -548 6412 -28972 -1488 -27163 END
START -20036 -968 6896 -29362 -1813 -26230 END
START -20316 -1344 7544 -29741 -2111 -25240 END
START -20736 -1572 8172 -30159 -2467 -24199 END
START -21128 -1696 8584 -30419 -2681 -23071 END
START -21508 -1688 9092 -30655 -2874 -21836 END
START -21720 -1720 9632 -30776 -2937 -20575 END
START -21996 -1944 10312 -30811 -3006 -19184 END
START -22276 -2528 10744 -30770 -3125 -17771 END
START -22468 -2788 11160 -30649 -3216 -16351 END
START -23064 -2940 11848 -30479 -3445 -14899 END
START -23404 -3016 12652 -30289 -3823 -13340 END
START -23796 -2948 13024 -30099 -4327 -11668 END
START -23924 -3300 13452 -29834 -4662 -10039 END
START -23820 -3568 13484 -29578 -4797 -8451 END
START -23732 -3828 13500 -29380 -4728 -6985 END
START -23712 -3880 13852 -29246 -4575 -5592 END
START -23620 -3892 14204 -29154 -4422 -4160 END
START -23524 -3976 14412 -29111 -4267 -2684 END
START -23248 -4052 14680 -29073 -4026 -1252 END
START -22848 -4224 14932 -29111 -3690 83 END
START -22376 -4416 14976 -29181 -3170 1253 END
START -22232 -4712 15132 -29248 -2643 2457 END
START -22000 -5032 15692 -29332 -2195 3585 END
START -21744 -5436 16208 -29309 -1750 4716 END
START -22044 -5776 16724 -29310 -1405 5880 END
START -22216 -5980 16940 -29268 -1190 7046 END
START -22608 -5952 17540 -29213 -1063 8351 END
START -22672 -5928 17788 -29105 -832 9671 END
START -22956 -5952 18308 -28974 -569 11061 END
START -23140 -5900 18400 -28840 -282 12483 END
START -23140 -5928 18696 -28669 164 13794 END
START -22888 -6028 18952 -28554 591 15120 END
START -22868 -6040 19264 -28460 1030 16460 END
START -22824 -6256 19876 -28336 1346 17765 END
START -22832 -6428 20248 -28173 1530 19046 END
START -22836 -6700 20640 -27980 1610 20295 END
START -22868 -7116 21152 -27701 1633 21621 END
START -23020 -7188 21424 -27353 1551 22985 END
START -22988 -7244 21632 -26970 1548 24397 END
START -22720 -7408 21944 -26592 1474 25783 END
START -22396 -7572 22432 -26204 1466 27131 END
START -21928 -7716 22948 -25845 1440 28437 END
START -21448 -7884 23576 -25443 1363 29727 END
START -20908 -8208 24164 -25080 1279 30931 END
START -20296 -8360 24920 -24628 1194 32084 END
START -19772 -8452 25700 -24215 1106 32767 END
START -19020 -8528 26556 -23641 1071 32767 END
START -18496 -8692 27080 -23049 1116 32767 END
START -17932 -8940 27624 -22373 1257 32767 END
START -17608 -9204 28372 -21673 1406 32767 END
START -17388 -9248 29100 -20862 1535 32767 END
START -17000 -9556 30220 -20044 1546 32767 END
START -16580 -9596 30968 -19060 1559 32767 END
START -15836 -9532 31752 -17993 1674 32767 END
START -15060 -9720 32328 -16749 1814 32767 END
START -13812 -9584 32767 -15410 1974 32767 END
START -12868 -9712 32767 -14009 1981 32767 END
START -12144 -9816 32767 -12470 1917 32767 END
START -11264 -9804 32767 -10965 1709 32767 END
START -10400 -10004 32767 -9372 1380 32767 END
START -9564 -9820 32767 -7755 974 32767 END
START -8792 -9744 32767 -6174 511 32767 END
START -7832 -9336 32767 -4607 -3 32767 END
START -7060 -9072 32767 -3198 -478 32767 END
START -5964 -8848 32767 -1760 -952 32767 END