START -9980 3700 3796 24200 -110 3094 END
START -6420 -948 -10448 25170 570 3605 END
START -10800 5372 2872 23057 231 4252 END
START -11168 4052 1808 23373 1141 4628 END
START -9620 4092 -888 22360 638 5119 END
START -10064 4236 -644 21621 786 5649 END
START -11044 4560 -216 20482 705 6168 END
START -10608 4856 -1448 19413 747 6595 END
START -9628 5260 -2872 18255 1245 7018 END
START -9576 5392 -2960 17120 1909 7472 END
START -9832 5524 -2604 16033 2445 7951 END
START -9736 5484 -3208 14936 3236 8516 END
START -9748 5560 -3436 13859 4137 9139 END
START -9996 5668 -3456 12839 5031 9780 END
START -10072 5832 -3596 11815 5869 10485 END
START -10236 5984 -3564 10759 6763 11213 END
START -10092 5972 -4240 9798 7762 11960 END
START -9596 6168 -4788 8869 8795 12588 END
START -9816 6168 -4648 7792 9858 13433 END
START -10228 5828 -4288 6674 10582 14041 END
START -10652 5696 -3876 5575 10881 14738 END
START -10676 5716 -3924 4436 11257 15503 END
START -10532 5596 -3984 3375 11677 16226 END
START -10616 5672 -3736 2397 12121 17016 END
START -11084 5600 -3352 1479 12371 17842 END
START -11232 5524 -3120 644 12576 18694 END
START -11592 5248 -2704 -200 12524 19591 END
START -12136 5048 -2256 -917 12429 20613 END
START -12644 5092 -1972 -1448 12155 21681 END
START -13068 4824 -1852 -1829 11815 22727 END
START -13320 4724 -1980 -2190 11353 23924 END
START -13596 4720 -2068 -2557 10786 25140 END
START -13904 4840 -2164 -2996 10111 26429 END
START -13604 4748 -2396 -3528 9487 27728 END
START -13368 4808 -2720 -4172 8845 29044 END
START -13220 4564 -2544 -4805 8141 30298 END
START -12876 4448 -2244 -5440 7347 31522 END
START -12056 4100 -1996 -6004 6539 32759 END
START -11176 3736 -1804 -6543 5722 32767 END
START -10232 3496 -1624 -7015 4997 32767 END
START -8904 3120 -1460 -7465 4433 32767 END
START -7392 2764 -1152 -7839 4001 32767 END
START -6104 2652 -1064 -8159 3615 32767 END
START -4756 2668 -868 -8448 3239 32767 END
START -3456 2900 -556 -8687 2970 32767 END
START -2204 2980 -276 -8924 2803 32767 END
START -1124 3184 -88 -9095 2705 32767 END
START -24 3260 -140 -9315 2732 32767 END
START 1100 3488 212 -9525 2767 32767 END
START 2300 3668 312 -9730 2936 32767 END
START 3476 3724 176 -9975 3166 32767 END
START 4412 3948 260 -10210 3502 32767 END
START 5560 4276 272 -10469 3905 32767 END
START 6544 4788 220 -10726 4318 32767 END
START 7408 5232 148 -11076 4749 32767 END
START 8132 5464 -48 -11428 5186 32767 END
START 9092 5864 -76 -11909 5544 32767 END
START 10064 6180 -128 -12422 6014 32767 END
START 11172 6368 -624 -12951 6489 32767 END
START 11936 6688 -448 -13559 7111 32767 END
START 12636 6900 -588 -14222 7745 32408 END
START 13088 7096 -464 -14846 8371 31414 END
START 13472 7340 -488 -15752 9008 30386 END
START 13548 7412 -204 -16528 9677 29349 END
START 13476 7652 64 -17290 10280 28313 END
START 13440 7556 180 -18059 10855 27385 END
START 12912 7476 880 -18779 11324 26485 END
START 12404 7396 1424 -19487 11660 25718 END
START 11744 7504 2184 -20249 11966 25012 END
START 11880 7520 2604 -20940 12210 24457 END
START 11900 7428 3328 -21530 12569 24092 END
START 12212 7516 3916 -22109 12893 23781 END
START 12640 7552 5004 -22584 13228 23509 END
START 13112 7716 5612 -23063 13414 23203 END
START 13936 7796 6532 -23390 13639 22796 END
START 15032 7716 7204 -23641 14372 22262 END
START 15900 7760 8216 -23794 15201 21538 END
START 16752 7564 8940 -23772 15993 20668 END
START 16988 7500 11136 -23736 16356 19693 END
START 17372 7616 13252 -23468 16308 18788 END
START 18332 7772 14644 -23011 16300 17865 END
START 19620 8260 15868 -22374 16438 16927 END
START 20552 8440 17076 -21439 16645 15990 END
START 21348 8960 19028 -20275 16722 15049 END
START 22616 9176 20108 -18811 16796 13988 END
START 23776 9708 21592 -17040 16789 12819 END
START 25256 10372 22360 -15105 16785 11395 END
START 26160 10752 23384 -13199 16681 9778 END
START 27244 11096 23796 -11146 16290 7978 END
START 28156 11224 23392 -9342 15835 6025 END
START 28888 11460 23348 -7566 15166 3777 END
START 29276 11532 22772 -6023 14441 1281 END
START 29540 11560 22212 -4791 13614 -1218 END
START 29616 11700 21444 -3653 12922 -3867 END
START 29348 11576 20104 -2755 12305 -6471 END
START 28736 11432 18984 -2089 11766 -8882 END
START 27876 11248 17840 -1673 11288 -11182 END
START 26584 11040 17004 -1439 10975 -13304 END
START 25200 10848 16156 -1435 10781 -15136 END
START 23840 10728 15700 -1510 10638 -16737 END
START 21952 10552 15148 -1712 10558 -18066 END
START 20800 10216 14628 -1957 10600 -19161 END
START 19676 9836 14552 -2208 10581 -20065 END
START 18700 9656 14540 -2438 10611 -20811 END
START 17792 9476 14488 -2680 10739 -21441 END
START 16780 9148 14568 -2853 10791 -22103 END
START 16284 9404 14564 -3141 11023 -22694 END
START 15524 9204 15172 -3308 10903 -23260 END
START 14724 9120 15868 -3475 10650 -23845 END
START 14400 9100 16064 -3567 10401 -24523 END
START 13880 8968 16228 -3429 10158 -25225 END
START 13188 8684 16164 -3294 10127 -26012 END
START 12644 8644 16200 -3083 10013 -26826 END
START 11976 8652 16224 -2894 9945 -27626 END
START 11268 8852 16240 -2733 9884 -28454 END
START 10984 8992 15740 -2594 9764 -29230 END
START 10700 8980 15988 -2561 9638 -29973 END
START 10416 8964 16004 -2550 9397 -30834 END
START 10352 8772 15956 -2552 9050 -31673 END
START 10224 8532 15776 -2502 8580 -32708 END
START 9768 8032 15492 -2500 8050 -32768 END
START 9496 7740 15064 -2452 7528 -32768 END
START 9000 7396 14752 -2437 6958 -32768 END
START 8368 7020 14404 -2416 6361 -32768 END
START 7928 6688 13760 -2447 5829 -32768 END
START 7412 6388 13132 -2551 5339 -32768 END
START 6804 6000 12496 -2686 4891 -32768 END
START 6156 5572 11700 -2918 4451 -32768 END
START 5408 5056 11040 -3206 3988 -32768 END
START 4548 4596 10504 -3498 3530 -32768 END
START 3584 3844 9840 -3906 3038 -32768 END
START 2612 3328 9396 -4273 2469 -32768 END
START 1520 2808 9200 -4756 1782 -32768 END
START 244 2184 9112 -5243 986 -32768 END
START -924 1388 8648 -5764 151 -32768 END
START -2244 812 8336 -6399 -640 -32768 END
START -3344 352 8340 -6982 -1313 -32768 END
START -4592 244 8180 -7507 -1869 -32768 END
START -5336 228 8120 -7988 -2279 -32768 END
START -6216 4 8252 -8452 -2562 -32768 END
START -6996 -224 8244 -8823 -2771 -32768 END
START -7564 -416 8624 -9248 -3069 -32768 END
START -8456 -640 8724 -9635 -3352 -32768 END
START -9076 -880 8960 -10094 -3707 -32768 END
START -9796 -904 9176 -10500 -3988 -32768 END
START -10452 -936 9264 -10869 -4247 -32768 END
START -11376 -996 9488 -11227 -4419 -32768 END
START -11664 -1240 9592 -11508 -4546 -32768 END
START -12260 -1316 9632 -11821 -4624 -32768 END
START -12760 -1468 9816 -12153 -4627 -32768 END
START -13412 -1576 10048 -12423 -4723 -32768 END
START -13840 -1640 10016 -12736 -4636 -32768 END
START -14496 -1764 10268 -13005 -4552 -32768 END
START -14932 -1612 10316 -13250 -4339 -32768 END
START -15352 -1672 10468 -13484 -4111 -32768 END
START -15616 -1792 10528 -13743 -3882 -32768 END
START -16064 -2020 10832 -14010 -3609 -32765 END
START -16468 -2200 10944 -14294 -3461 -31756 END
START -16832 -2424 11080 -14659 -3252 -30736 END
START -17156 -2328 11216 -14892 -2989 -29666 END
START -17644 -2160 11212 -15035 -2664 -28611 END
START -18112 -1940 11212 -15366 -2177 -27545 END
START -18460 -1832 11076 -15628 -1592 -26379 END
START -18988 -1768 11044 -15857 -1062 -25229 END
START -19312 -1752 11040 -16053 -489 -24019 END
START -19940 -1788 11520 -16283 -132 -22715 END
START -20448 -1896 12048 -16568 190 -21446 END
START -20956 -1936 12300 -16669 290 -20177 END
START -21308 -1976 12584 -16722 401 -18792 END
START -21684 -2008 12716 -16697 553 -17474 END
START -22160 -2048 13000 -16550 682 -16038 END
START -22640 -1940 13152 -16329 795 -14638 END
START -23024 -1864 13524 -16117 870 -13250 END
START -22992 -1732 13580 -15835 914 -11807 END
START -23464 -1768 13616 -15471 984 -10440 END
START -23908 -1476 14108 -15112 864 -8978 END
START -24196 -1456 14472 -14537 656 -7604 END
START -24184 -1308 14412 -14291 489 -6149 END
START -24036 -1464 14404 -13677 374 -4791 END
START -23856 -1440 13908 -13190 403 -3449 END
START -23656 -1240 13664 -12689 497 -2097 END
START -23388 -1056 13380 -12307 752 -820 END
START -23024 -884 12880 -12026 1048 336 END
START -22604 -720 12304 -11788 1429 1488 END
START -22336 -572 11636 -11727 1870 2472 END
START -22000 -512 11400 -11775 2250 3452 END
START -21728 -868 11044 -11887 2540 4342 END
START -21464 -1088 11076 -12088 2707 5208 END
START -21320 -1316 10888 -12348 2774 6076 END
START -21184 -1464 10940 -12619 2740 6921 END
START -20912 -1572 10868 -12868 2778 7833 END
START -20756 -1884 10848 -13129 2810 8697 END
START -20600 -2144 11008 -13341 2845 9581 END
START -20416 -2532 11124 -13575 2873 10427 END
START -20380 -2668 11152 -13761 2897 11289 END
START -20356 -2932 11304 -14053 2837 12142 END
START -20380 -3112 11380 -14354 2744 12863 END
START -20428 -3300 11720 -14426 2597 13791 END
START -20356 -3416 11936 -14726 2462 14551 END
START -20444 -3580 12256 -15131 2227 15413 END
START -20616 -3752 12704 -15315 1971 16341 END
START -20904 -3972 13176 -15467 1695 17305 END
START -21140 -3960 13480 -15579 1398 18318 END
START -21240 -4116 13824 -15670 1095 19482 END
START -21516 -4236 14280 -15734 830 20741 END
START -21704 -4224 14800 -15746 495 22020 END
START -21920 -4316 15204 -15809 200 23431 END
START -21992 -4252 15532 -15801 1 24760 END
START -21728 -4276 15724 -15757 -8 26143 END
START -21420 -4308 16040 -15657 62 27563 END
START -20828 -4596 16140 -15533 284 28909 END
START -20140 -4720 16264 -15393 561 30301 END
START -19244 -4844 16732 -15370 898 31664 END
START -18536 -5012 17056 -15295 1207 32767 END
START -17596 -5044 17300 -15240 1511 32767 END
START -16508 -5196 17376 -15224 1875 32767 END
START -15416 -5212 17732 -15278 2325 32767 END
START -14168 -5168 17676 -15360 2934 32767 END
START -12828 -5120 17860 -15434 3766 32767 END
START -11436 -5144 18084 -15562 4750 32767 END
START -10036 -4972 18476 -15675 5823 32767 END
START -8424 -5008 18804 -15841 6999 32767 END
START -7080 -5240 19588 -15988 8104 32767 END
START -5084 -5308 20392 -16141 9262 32767 END
START -3688 -5368 21236 -16190 10362 32767 END
START -2196 -5144 21936 -16195 11409 32767 END
START -1024 -5080 23020 -16040 12297 32767 END
START 372 -5040 23704 -15824 13091 32767 END
START 1656 -4632 24884 -15436 13441 32767 END