START -23736 -1120 -2588 10529 8694 6825 END
START -16768 -9624 264 13550 423 14292 END
START -12660 -9520 -1740 14208 -3378 21850 END
START -13176 -7876 856 13224 -3036 27523 END
START -6936 -8132 -536 9891 -661 29546 END
START -6092 -7592 -2396 7561 1264 31261 END
START -6044 -6700 -2572 5214 987 32745 END
START -7164 -6724 -2580 2943 -253 32767 END
START -6924 -6788 -2156 1313 -2015 32767 END
START -3748 -7280 -2992 -460 -2902 32767 END
START 1124 -6672 -4148 -3663 -1104 32767 END
START 10400 -6092 -3668 -7239 -1 32767 END
START 14972 -4328 -2240 -10596 -31 32767 END
START 19300 -3728 -360 -13036 -1006 32767 END
START 25344 -2112 2356 -15423 -1941 32767 END
START 32767 588 6644 -16745 1166 32767 END
START 32767 3524 11036 -16477 4414 26516 END
START 32767 6472 12472 -15781 8091 14120 END
START 32767 7696 12936 -15606 10385 1464 END
START 32767 8148 12988 -14756 13087 -11216 END
START 32767 6580 11880 -14614 17147 -24407 END
START 32767 3136 11372 -13996 22333 -32768 END
START 32767 -432 9728 -13309 30486 -32768 END
START 27412 -6336 5824 -11797 32767 -32768 END
START 12260 -14068 2920 -8377 31949 -32768 END
START 136 -20488 -296 -6115 19348 -32768 END
START -6388 -26684 -1724 -9660 11474 -32768 END
START -16872 -29872 -1840 -16679 11012 -32768 END
START -29724 -32768 2584 -22773 10930 -32768 END
START -32768 -30516 9536 -21865 6895 -32768 END
START -32768 -28512 11648 -18955 5016 -32768 END
START -32768 -26716 8384 -16786 4339 -26121 END
START -32768 -25428 5584 -17793 56 -17213 END
START -32768 -23412 4304 -19629 -7614 -7649 END
START -32768 -21476 4976 -23543 -11583 1803 END
START -32768 -22268 7360 -28513 -12051 12450 END
START -30028 -24200 9508 -32555 -12938 24057 END
START -23772 -27292 11620 -32768 -12621 32580 END
START -22896 -30516 14736 -32768 -14213 32767 END
START -21140 -32768 19976 -32768 -20489 32767 END
START -9780 -32768 28052 -32768 -19117 32767 END
START -2264 -32768 32767 -32768 -10250 32767 END
START 6788 -30808 32767 -32768 56 32767 END