START -3392 -4168 -1828 23551 5940 3723 END
START -11796 -8676 -7504 19079 3651 9467 END
START -14404 -10020 -6708 12939 6462 16294 END
START -16972 -10096 -4332 6519 7522 23998 END
START -15472 -10592 -3048 3545 5575 30793 END
START -13260 -10984 -2120 2363 3661 32767 END
START -11820 -11864 -2244 2600 395 32767 END
START -7904 -11744 -3588 3418 -3362 32767 END
START -3696 -11464 -4364 3118 -5124 32767 END
START -2736 -10444 -5652 2001 -5163 32767 END
START -1412 -10572 -7652 -961 -4535 32767 END
START 8000 -11080 -6464 -4689 -5844 32767 END
START 25112 -7756 -3988 -6880 -2668 32767 END
START 32767 -4364 -924 -10671 -3716 32767 END
START 32767 636 2008 -10445 -3986 32767 END
START 32767 1964 2860 -11532 -6435 30562 END
START 32767 2812 5508 -12873 -7160 23683 END
START 32767 4072 9820 -13644 -2907 15683 END
START 32767 5852 11052 -13426 7454 4742 END
START 32767 6608 9572 -14334 16405 -8950 END
START 32767 4852 8212 -15310 21611 -23886 END
START 32767 -164 6196 -15645 23995 -32768 END
START 28420 -4156 6076 -15850 25030 -32768 END
START 21820 -6916 6268 -16052 25145 -32768 END
START 16364 -10308 5080 -16586 25657 -32768 END
START 8348 -14208 3572 -17411 23236 -32768 END
START 1584 -19032 3704 -17165 20046 -32768 END
START -6316 -21476 4456 -17257 14507 -32768 END
START -14832 -23976 5520 -16173 8783 -32768 END
START -19872 -23484 5016 -17010 5218 -32768 END
START -24692 -23816 5640 -17926 4780 -32768 END
START -29048 -24112 5460 -19302 3654 -32768 END
START -32460 -24888 6232 -20269 317 -32768 END
START -32768 -25024 7244 -21701 -3559 -24221 END
START -32768 -25884 8364 -23273 -7010 -13547 END
START -32768 -27348 10432 -25161 -10160 -3696 END
START -32488 -28608 13552 -25883 -12345 6153 END
START -29696 -29400 15372 -26261 -12849 15289 END
START -28816 -30136 16376 -26172 -12791 24444 END
START -27568 -31280 16848 -25940 -13775 32767 END
START -24268 -30856 15988 -25873 -14608 32767 END
START -20656 -29484 15628 -29078 -14442 32767 END
START -13892 -29776 19688 -32768 -10345 32767 END
START -432 -32768 32767 -32768 -3301 32767 END
START 19160 -32748 32767 -25294 5425 32767 END
START 25824 -19160 32767 -9579 2835 32767 END
START 30560 -14732 32767 -13151 -14310 32767 END
START 32767 -11412 32767 -10941 -12925 27136 END