START -12164 3548 1308 11968 4642 9106 END
START -9860 -888 -8388 12647 5648 10025 END
START -14324 5212 5444 10495 5634 11195 END
START -12964 3420 196 10919 6205 12219 END
START -13008 3748 812 9911 5122 13338 END
START -14084 3420 2460 9421 4733 14354 END
START -13944 3212 2356 8825 4479 15440 END
START -12856 3308 748 8285 4322 16462 END
START -12580 3124 356 7819 4270 17493 END
START -13060 2928 644 7311 4316 18654 END
START -13252 2632 496 6830 4282 19866 END
START -12812 2588 -160 6288 4170 21118 END
START -12904 2468 -520 5720 3978 22479 END
START -13096 2480 -516 5042 3770 23858 END
START -12960 2400 -368 4367 3545 25207 END
START -12496 2376 -440 3701 3225 26554 END
START -11708 2572 -652 3053 2991 27870 END
START -10992 2504 -528 2475 2831 29053 END
START -10088 2328 -444 1867 2759 30225 END
START -9176 2164 -92 1290 2569 31201 END
START -8044 2720 -652 842 2367 31993 END
START -7068 2836 -728 150 2104 32621 END
START -6080 2564 -176 -420 1700 32767 END
START -5192 2452 -412 -1014 1341 32767 END
START -3916 2136 -648 -1665 1239 32767 END
START -2700 2076 -1104 -2322 1180 32767 END
START -1992 2008 -1080 -3036 1300 32767 END
START -1424 2408 -1320 -3774 1473 32767 END
START -792 2784 -1420 -4529 1709 32767 END
START -100 2996 -1580 -5281 2058 32767 END
START 420 3244 -1848 -6057 2512 32767 END
START 1024 3400 -1968 -6884 3035 32767 END
START 1360 3416 -2112 -7810 3625 32767 END
START 1628 3516 -1960 -8713 4263 32767 END
START 1728 3536 -1628 -9697 4908 32637 END
START 2088 3748 -1328 -10711 5626 32546 END
START 2492 3944 -896 -11763 6377 32469 END
START 2824 3864 -44 -12707 7124 32392 END
START 3356 3932 804 -13506 7753 32347 END
START 3892 4160 1880 -14104 8210 32298 END
START 4688 4316 3116 -14724 8574 32182 END
START 5624 4652 4112 -14916 8905 31976 END
START 6716 4664 5244 -15313 9170 31621 END
START 7436 4568 6532 -15449 9308 31082 END
START 8584 4500 7564 -15420 9356 30376 END
START 9188 4600 8552 -15233 9252 29613 END
START 9608 4824 9384 -14849 9036 28793 END
START 10008 5084 10380 -14623 8653 28056 END
START 10676 5664 11072 -14022 8096 27273 END
START 11724 6140 11564 -13486 7582 26611 END
START 12608 6732 11792 -12947 7026 25848 END
START 13644 7220 12304 -12410 6557 25019 END
START 15024 7592 12512 -11921 6063 24072 END
START 16012 7956 12936 -11443 5505 22962 END
START 17092 8176 13184 -10958 4850 21785 END
START 17660 8304 13624 -10451 4015 20449 END
START 18332 8548 13780 -9938 3155 19176 END
START 18636 8744 13932 -9414 2267 17877 END
START 18976 9140 13916 -8930 1429 16665 END
START 19344 9424 13988 -8488 738 15482 END
START 19684 9848 13912 -8114 192 14369 END
START 20208 10252 13564 -7796 -196 13303 END
START 20640 10456 13628 -7606 -446 12201 END
START 21220 10728 13644 -7430 -562 11245 END
START 21820 11028 14080 -7341 -685 10114 END
START 22400 11160 14120 -7228 -652 9036 END
START 22888 11424 14596 -7060 -521 7920 END
START 24068 11640 14296 -6880 -352 6711 END
START 24416 11808 14728 -6651 -104 5456 END
START 24968 11980 15492 -6447 214 4091 END
START 25656 12156 15528 -6119 562 2696 END
START 26592 12228 15452 -5799 1010 1193 END
START 27088 12484 15832 -5451 1370 -420 END
START 27740 12700 15848 -5062 1872 -2075 END
START 28356 12920 15688 -4676 2488 -3860 END
START 28864 13012 15416 -4326 3069 -5629 END
START 29252 13164 15140 -4065 3635 -7477 END
START 29372 13176 14884 -3807 4191 -9453 END
START 29172 12928 14400 -3624 4683 -11374 END
START 28912 12756 14276 -3435 5132 -13374 END
START 28440 12572 13904 -3316 5504 -15240 END
START 27632 12432 13384 -3199 5737 -17125 END
START 26772 12136 13296 -3126 5898 -18949 END
START 25956 11904 12864 -3077 5972 -20612 END
START 25084 11624 12780 -3047 5997 -22292 END
START 24108 11372 12656 -2987 5974 -23869 END
START 23268 11084 12520 -2922 6024 -25331 END
START 22244 10720 12292 -2864 6080 -26780 END
START 21556 10416 11964 -2753 6109 -28206 END
START 20936 10160 11788 -2624 6135 -29577 END
START 20408 9756 11740 -2556 6093 -30961 END
START 19716 9520 11240 -2506 6015 -32310 END
START 18948 9188 10848 -2467 5926 -32768 END
START 18212 8776 10532 -2466 5831 -32768 END
START 17344 8332 9832 -2495 5735 -32768 END
START 16648 7760 9364 -2569 5602 -32768 END
START 15756 7192 8764 -2696 5541 -32768 END
START 14760 6812 8072 -2822 5516 -32768 END
START 13728 6096 7504 -3013 5392 -32768 END
START 12680 5504 6880 -3272 5146 -32768 END
START 11636 4996 6268 -3550 4881 -32768 END
START 10360 4380 5828 -3927 4495 -32768 END
START 9164 3900 5124 -4373 4033 -32768 END
START 7896 3360 4684 -4917 3473 -32768 END
START 6404 2844 4644 -5467 2824 -32768 END
START 5108 2520 4176 -6107 2102 -32768 END
START 3748 2216 3836 -6807 1317 -32768 END
START 2412 2020 3504 -7494 664 -32768 END
START 1160 1948 3452 -8235 -183 -32768 END
START -56 1940 3084 -8996 -883 -32768 END
START -1244 1728 2980 -9728 -1621 -32768 END
START -2284 1772 3004 -10557 -2368 -32768 END
START -3156 1632 2896 -11352 -3143 -32768 END
START -3924 1492 3156 -12169 -3901 -32768 END
START -4724 1392 3284 -12994 -4649 -32768 END
START -5364 1260 3308 -13784 -5234 -32768 END
START -6044 992 3648 -14630 -5717 -32768 END
START -6716 728 4032 -15251 -6101 -32768 END
START -7480 228 4516 -15972 -6485 -32768 END
START -8224 -168 5204 -16600 -6916 -32768 END
START -8984 -460 5868 -17187 -7277 -32768 END
START -9920 -588 6424 -17691 -7571 -32768 END
START -10672 -636 6988 -18187 -7741 -32768 END
START -11248 -616 7308 -18571 -7638 -32768 END
START -11580 -788 7532 -18926 -7368 -32768 END
START -12008 -892 7960 -19273 -6900 -32768 END
START -12520 -1396 8316 -19635 -6231 -32768 END
START -13096 -1864 8656 -19986 -5544 -32768 END
START -13648 -2368 9244 -20327 -4798 -32768 END
START -14560 -2612 9752 -20695 -4072 -32768 END
START -15648 -2888 10472 -21019 -3463 -32768 END
START -16744 -3152 11476 -21393 -3016 -32768 END
START -18364 -3404 12492 -21680 -2581 -32768 END
START -19620 -3648 13352 -21976 -2294 -32768 END
START -20476 -3788 14192 -22093 -1997 -32768 END
START -21672 -4060 15032 -22180 -1591 -32768 END
START -22688 -4384 15744 -22135 -1173 -31540 END
START -23660 -4496 16492 -21926 -792 -30089 END
START -25104 -4660 17804 -21690 -600 -28473 END
START -25696 -5400 18352 -21184 -445 -26615 END
START -26548 -5072 18748 -20536 -297 -24666 END
START -27700 -5008 18832 -19742 47 -22439 END
START -28592 -4800 19396 -18858 223 -20184 END
START -29308 -4756 19320 -17885 114 -17759 END
START -29888 -4664 19380 -17020 -72 -15343 END
START -30160 -4696 19248 -16122 -409 -12811 END
START -30532 -4692 19016 -15328 -960 -10477 END
START -30424 -4688 18420 -14569 -1511 -8080 END
START -30416 -4548 17892 -14127 -2092 -5921 END
START -30140 -4604 17600 -13604 -2715 -3753 END
START -29916 -4648 17068 -13273 -3326 -1638 END
START -29576 -4828 16744 -13125 -3877 320 END
START -29108 -4748 16456 -13019 -4390 2306 END
START -28996 -4868 16404 -13051 -4791 4108 END
START -28708 -4772 16608 -13106 -5189 6012 END
START -28420 -4804 16892 -13194 -5512 7788 END
START -27844 -4856 16732 -13182 -5508 9596 END
START -27036 -5072 16564 -13173 -5161 11342 END
START -26596 -5172 16528 -13182 -4688 12947 END
START -26172 -5460 16588 -13137 -4087 14652 END
START -25828 -5568 16744 -13147 -3540 16175 END
START -25308 -5792 16872 -13245 -2989 17698 END
START -24952 -5716 17028 -13365 -2499 19245 END
START -24728 -5700 17380 -13474 -2186 20776 END
START -24304 -5720 17800 -13604 -1873 22329 END
START -23992 -5840 17880 -13734 -1603 23902 END
START -23596 -6064 17896 -13857 -1344 25560 END
START -23084 -6200 18136 -14002 -1116 27119 END
START -22700 -6288 18820 -14030 -988 28623 END
START -22080 -6332 18900 -14096 -850 30144 END
START -21140 -6376 18988 -14181 -672 31682 END
START -20540 -6396 19316 -14316 -497 32767 END
START -19756 -6372 19624 -14306 -297 32767 END
START -18992 -6464 19984 -14213 -114 32767 END
START -17936 -6464 20092 -14443 164 32767 END
START -16664 -6548 20452 -14351 693 32767 END
START -15248 -6476 20668 -14627 1386 32767 END
START -12960 -6392 21372 -14765 2436 32767 END
START -11436 -6048 21896 -14800 3669 32767 END
START -9816 -5768 22528 -15238 5103 32767 END
START -8380 -5400 23596 -15471 6697 32767 END
START -6640 -5112 24264 -15776 8483 32767 END
START -5184 -4688 25064 -16065 10280 32767 END
START -3452 -4168 25804 -16323 12267 32767 END
START -2060 -3796 26576 -16515 14095 32767 END
START -660 -3476 27596 -16639 15694 32767 END