START -6536 6716 1176 23578 3780 2656 END
START -4672 2976 -8884 24283 5087 2828 END
START -4268 6880 -5660 21764 6048 3398 END
START -7088 7944 1032 22087 8017 3561 END
START -7108 6732 -1880 20863 8683 3792 END
START -7532 7640 -584 19872 9619 3965 END
START -7820 7564 -1800 18811 10016 4164 END
START -7360 7676 -3068 17678 10330 4333 END
START -8072 7544 -3196 16723 10720 4555 END
START -9024 7396 -2964 15730 11121 4876 END
START -9732 6788 -3608 14743 11466 5437 END
START -10184 6432 -4460 13765 11512 6101 END
START -11272 6180 -4748 12719 11292 6981 END
START -12616 6460 -4696 11502 10723 7997 END
START -13344 6616 -5316 10162 10159 9081 END
START -13764 6808 -6272 8834 9722 10214 END
START -14104 6656 -6208 7441 9192 11393 END
START -14784 6480 -5856 6130 8583 12622 END
START -15044 6340 -5572 4905 7832 13765 END
START -15200 6280 -5700 3794 7262 15001 END
START -15028 6156 -5732 2760 6793 16181 END
START -14688 5860 -5568 1802 6456 17314 END
START -14272 5564 -4820 898 6136 18410 END
START -13860 5484 -4196 -40 5855 19396 END
START -13528 5456 -3344 -832 5664 20275 END
START -13356 5520 -3032 -1545 5654 21143 END
START -13208 5328 -2552 -2127 5792 21979 END
START -13180 4852 -2388 -2578 6097 22862 END
START -13648 4588 -2120 -2947 6485 23830 END
START -13992 4028 -2124 -3270 6755 24893 END
START -14436 4064 -1952 -3636 7117 26058 END
START -14736 3968 -2328 -3991 7478 27286 END
START -14816 3800 -2212 -4413 7861 28658 END
START -14984 3576 -2416 -4895 8282 30099 END
START -14688 3360 -2016 -5357 8737 31567 END
START -13940 2988 -2016 -5825 9361 32767 END
START -12892 2596 -1612 -6301 10022 32767 END
START -11756 2200 -1268 -6734 10706 32767 END
START -10780 1720 -708 -7079 11370 32767 END
START -9768 1416 -68 -7375 11948 32767 END
START -9112 1012 868 -7565 12399 32767 END
START -8024 804 1468 -7638 12743 32767 END
START -6960 780 2360 -7593 12811 32767 END
START -5692 644 3056 -7426 12609 32767 END
START -4116 420 3512 -7111 12354 32767 END
START -2920 104 3944 -6707 11855 32767 END
START -1604 -8 3776 -6174 11173 32767 END
START -628 32 3612 -5690 10415 32767 END
START 52 180 3360 -5223 9505 32767 END
START 572 464 2876 -4827 8416 32767 END
START 928 920 2608 -4523 7121 32767 END
START 1244 1096 1812 -4347 5793 32767 END
START 1768 1392 888 -4252 4514 32767 END
START 2384 1612 -116 -4320 3578 32767 END
START 2832 2044 -1224 -4518 2840 32767 END
START 3372 2448 -2024 -4874 2362 32767 END
START 3872 2600 -2564 -5348 2084 32767 END
START 4272 2796 -2912 -5948 1895 32767 END
START 4752 2984 -3176 -6568 1826 32767 END
START 5128 3256 -3336 -7270 1857 32767 END
START 5400 3300 -3600 -8019 1963 32767 END
START 5668 3360 -3440 -8793 2244 32767 END
START 5948 3392 -3276 -9515 2544 32767 END
START 6296 3536 -2852 -10291 2987 32767 END
START 6992 3844 -2372 -11011 3479 32767 END
START 7460 3860 -1784 -11683 4121 32767 END
START 8172 3916 -1048 -12271 4687 32767 END
START 8936 3908 -296 -12755 5464 32767 END
START 9360 3856 152 -13145 6203 32767 END
START 10380 3908 1124 -13446 7037 32767 END
START 11476 4108 2028 -13671 7783 32767 END
START 13180 4376 3280 -13721 8488 32767 END
START 14340 4708 4240 -13735 9041 32767 END
START 15408 4936 5256 -13580 9335 32767 END
START 16564 5172 5892 -13270 9359 32767 END
START 17632 5464 6716 -12943 9220 32767 END
START 18576 5716 7152 -12452 8997 32767 END
START 19588 6152 7640 -11913 8630 32767 END
START 20672 6512 7972 -11389 8135 32161 END
START 21680 7440 8092 -10906 7545 30786 END
START 22684 7988 7780 -10446 6964 29248 END
START 23460 8432 7640 -10007 6300 27751 END
START 24448 8768 7536 -9624 5586 26150 END
START 24944 9220 7268 -9251 4824 24491 END
START 25524 9628 7048 -8947 4054 22784 END
START 25868 10088 6540 -8726 3250 21138 END
START 26032 10416 6200 -8599 2488 19474 END
START 26128 10788 6052 -8590 1668 17784 END
START 26140 11164 5768 -8701 866 16224 END
START 26188 11524 5460 -8893 138 14735 END
START 26372 11656 5500 -9142 -537 13316 END
START 26832 11868 5296 -9435 -1009 11961 END
START 27312 11888 5224 -9725 -1279 10509 END
START 27792 11916 5196 -10022 -1305 9030 END
START 28316 12200 5572 -10334 -1067 7562 END
START 28764 12460 5552 -10619 -642 5965 END
START 29336 12648 5876 -10885 -77 4385 END
START 29636 12828 6060 -11121 546 2824 END
START 29736 12748 6344 -11322 1235 1178 END
START 29844 12740 6756 -11519 1964 -547 END
START 30060 12640 7132 -11671 2551 -2198 END
START 30316 12752 7316 -11777 3195 -3867 END
START 30576 12820 7444 -11864 3914 -5611 END
START 30716 12756 7700 -11895 4589 -7308 END
START 31112 12816 7832 -11944 5268 -9030 END
START 31520 12976 7932 -11930 5981 -10853 END
START 31884 12984 8068 -11947 6622 -12761 END
START 31776 12772 8072 -11937 7226 -14716 END
START 31980 12732 7764 -11964 7801 -16765 END
START 31692 12520 7920 -11921 8360 -18931 END
START 31224 12504 7992 -11970 8776 -21098 END
START 30664 12364 8040 -12071 9044 -23175 END
START 29996 12256 8124 -12159 9220 -25310 END
START 29104 12088 8184 -12264 9173 -27377 END
START 28428 11904 8424 -12311 9017 -29417 END
START 27704 11584 8320 -12324 8651 -31345 END
START 27144 11172 8076 -12287 8326 -32768 END
START 26404 10520 7836 -12308 7883 -32768 END
START 25512 9756 7756 -12312 7411 -32768 END
START 24380 9152 7796 -12392 6829 -32768 END
START 23004 8396 7600 -12470 5993 -32768 END
START 21720 7640 7604 -12625 5238 -32768 END
START 20384 6872 7400 -12736 4408 -32768 END
START 19080 6220 7480 -12895 3632 -32768 END
START 18092 5824 7592 -13004 2974 -32768 END
START 17084 5464 7456 -13150 2471 -32768 END
START 16072 4948 7428 -13293 2248 -32768 END
START 15084 4120 7576 -13457 2053 -32768 END
START 14020 3588 7688 -13567 2007 -32768 END
START 12752 3148 7832 -13713 2028 -32768 END
START 11348 2864 7812 -13804 2121 -32768 END
START 9880 2540 7584 -13844 2279 -32768 END
START 8604 2276 7144 -13961 2476 -32768 END
START 7284 1756 6552 -14074 2658 -32768 END
START 5992 1328 5852 -14234 2847 -32768 END
START 4560 884 5184 -14330 2916 -32768 END
START 3484 352 4132 -14809 2970 -32768 END
START 2196 28 3352 -15262 2924 -32768 END
START 892 -408 2636 -15865 2889 -32768 END
START -528 -568 2284 -16650 2681 -32768 END
START -1548 -788 1776 -17604 2501 -32768 END
START -2548 -936 1556 -18789 2296 -32768 END
START -3752 -1244 1760 -20013 2081 -32768 END
START -4616 -1424 1788 -21381 1874 -32768 END
START -5612 -1600 2224 -22640 1610 -32768 END
START -6344 -1764 2584 -23815 1299 -32768 END
START -7156 -2192 3104 -24977 1030 -32768 END
START -7932 -2472 3808 -25991 776 -32768 END
START -8400 -2684 4476 -26895 575 -32768 END
START -9104 -2988 5344 -27715 398 -32768 END
START -9964 -3292 5992 -28331 205 -32768 END
START -10540 -3484 6584 -28885 198 -32768 END
START -11208 -3616 6736 -29308 295 -32768 END
START -11972 -3620 7356 -29595 462 -32768 END
START -12824 -3816 7708 -29835 646 -32768 END
START -13660 -3744 8256 -30090 777 -32768 END
START -14752 -3660 8844 -30277 830 -32768 END
START -15840 -3608 9084 -30467 892 -32768 END
START -16972 -3448 9768 -30598 923 -32768 END
START -18004 -3376 9896 -30759 916 -32768 END
START -19100 -3368 10288 -30862 863 -32768 END
START -20508 -3132 11192 -30944 706 -32768 END
START -21328 -2988 11684 -30974 485 -31855 END
START -21884 -2688 11972 -31021 270 -30123 END
START -22376 -2608 12488 -31004 220 -28435 END
START -22852 -2608 13212 -30957 186 -26628 END
START -23364 -2660 13620 -30876 168 -24810 END
START -23908 -2708 14288 -30708 120 -22844 END
START -24176 -2844 14648 -30447 163 -20828 END
START -24756 -2988 14724 -30152 331 -18856 END
START -24752 -2828 14596 -29836 717 -16812 END
START -24660 -2684 14472 -29549 1261 -14960 END
START -24260 -2728 14644 -29331 1942 -13069 END
START -23868 -2876 14464 -29199 2643 -11328 END
START -23920 -2996 14688 -29207 3257 -9619 END
START -23896 -3252 15084 -29289 3606 -7996 END
START -23972 -3384 15336 -29362 3779 -6352 END
START -24184 -3680 15824 -29422 3704 -4814 END
START -24344 -4064 16200 -29427 3537 -3143 END
START -24384 -4436 16744 -29301 3214 -1525 END
START -24456 -4752 16960 -29130 2771 141 END
START -24464 -4764 17152 -28911 2360 1735 END
START -24332 -5156 17568 -28606 1919 3364 END
START -24348 -5160 18192 -28329 1330 4938 END
START -24200 -5460 19064 -27964 558 6506 END
START -24124 -5716 19792 -27510 -358 8099 END
START -23748 -5852 20304 -27004 -1189 9681 END
START -23192 -6028 20528 -26409 -1766 11151 END
START -22316 -6192 20784 -25821 -2002 12665 END
START -21660 -6388 20880 -25182 -1825 14016 END
START -21020 -6292 20932 -24618 -1384 15322 END
START -20644 -6152 21192 -24104 -645 16565 END
START -20184 -6120 21528 -23612 196 17719 END
START -20064 -6412 21904 -23172 985 18898 END
START -19904 -6620 22016 -22756 1661 20075 END
START -20172 -7012 22672 -22335 2178 21379 END
START -20304 -7232 23112 -21847 2569 22736 END
START -20292 -7380 23276 -21356 2829 24132 END
START -20284 -7328 23500 -20851 2999 25464 END
START -20016 -7408 23760 -20250 3097 26864 END
START -19648 -7560 24296 -19624 3077 28231 END
START -19304 -7748 24852 -18973 2870 29540 END
START -19148 -7904 25584 -18202 2413 30861 END
START -18804 -7808 25920 -17424 1764 32053 END
START -18632 -7948 26276 -16505 1112 32767 END
START -18120 -7756 26484 -15615 475 32767 END
START -17612 -7604 26636 -14685 -90 32767 END
START -16816 -7496 26980 -13673 -608 32767 END
START -15784 -7300 26904 -12787 -1021 32767 END
START -14792 -7220 27064 -11838 -1420 32767 END
START -13628 -7344 27524 -10941 -1913 32767 END
START -12648 -7252 27572 -9980 -2418 32767 END
START -11552 -7336 27532 -9020 -2793 32767 END