START -10740 3004 6016 21415 -3305 1096 END
START -9368 2548 -608 22214 -3805 1510 END
START -10140 5276 5660 20004 -3329 2202 END
START -7972 2592 380 20503 -2128 2622 END
START -8268 3592 812 19527 -2532 2954 END
START -9168 3780 1320 19002 -2546 3256 END
START -9792 3988 1676 18291 -2597 3607 END
START -9520 4272 1348 17641 -2851 3996 END
START -9164 4352 480 17012 -2975 4338 END
START -9556 4568 516 16385 -2944 4766 END
START -9928 4588 832 15783 -2886 5230 END
START -10088 4564 580 15190 -2816 5809 END
START -9960 4564 416 14687 -2612 6490 END
START -9924 4548 -120 14328 -2187 7166 END
START -10056 4488 -404 14000 -1594 7976 END
START -10436 4600 -884 13716 -902 8888 END
START -10812 4848 -820 13440 -172 9844 END
START -11436 4984 -836 13083 226 10832 END
START -11756 5176 -644 12754 506 12007 END
START -11780 4944 -1216 12388 788 13161 END
START -11660 4672 -2088 12045 1194 14553 END
START -11572 4424 -2844 11628 1763 15841 END
START -11544 4404 -3348 11061 2372 17199 END
START -11864 4596 -4016 10369 2929 18556 END
START -12020 4728 -4620 9623 3417 19896 END
START -12256 4996 -5340 8721 3922 21229 END
START -12256 5304 -5988 7736 4381 22598 END
START -12248 5520 -6508 6664 4777 23876 END
START -12120 5680 -6844 5490 5006 25152 END
START -11772 5812 -6900 4198 5056 26252 END
START -11824 6556 -7452 2944 4892 27270 END
START -11404 6700 -7276 1355 4427 28179 END
START -10964 6260 -7160 -149 3914 28991 END
START -10256 5652 -6976 -1588 3273 29635 END
START -9584 5148 -7004 -2970 2777 30206 END
START -9148 4640 -6708 -4244 2290 30641 END
START -8744 4168 -6128 -5415 1853 31122 END
START -8336 3592 -5628 -6489 1449 31622 END
START -8012 3500 -4860 -7363 1074 32155 END
START -7560 3412 -4332 -8195 843 32767 END
START -6788 3296 -3816 -8920 717 32767 END
START -5500 3164 -3972 -9630 895 32767 END
START -3984 3080 -3716 -10321 1415 32767 END
START -2460 2592 -3452 -11056 2179 32767 END
START -1084 2444 -2756 -11809 3072 32767 END
START 104 2088 -2072 -12540 3969 32767 END
START 1088 2096 -1240 -13233 4771 32767 END
START 1992 2332 -368 -13845 5508 32767 END
START 2788 2592 356 -14391 6164 32767 END
START 3388 2820 752 -14610 6853 32767 END
START 3892 2940 1264 -14999 7472 32767 END
START 4484 3184 1968 -15227 8000 32767 END
START 5320 3408 2932 -15530 8486 32767 END
START 6188 3512 3440 -15742 8901 32767 END
START 7724 3844 4144 -15907 9437 32767 END
START 9404 4204 5036 -15999 9948 32767 END
START 11440 4540 5820 -16018 10458 32767 END
START 13376 4908 6904 -15918 10824 32142 END
START 14876 5452 7848 -15653 10942 31000 END
START 15972 5928 8640 -15241 10648 29645 END
START 17096 6544 9008 -14654 10219 28141 END
START 18016 7292 9144 -14282 9518 26391 END
START 18756 7704 8860 -13714 8645 24634 END
START 19308 8224 8848 -13260 7590 22718 END
START 19572 8576 8452 -13029 6511 20884 END
START 19964 9048 8192 -12987 5508 19108 END
START 20080 9652 7872 -13110 4580 17350 END
START 20140 9948 7308 -13359 3893 15627 END
START 20280 10276 7220 -13700 3428 14012 END
START 20500 10484 7464 -14107 3115 12495 END
START 20552 10688 7804 -14598 2953 11028 END
START 20876 11120 8500 -15003 2905 9660 END
START 21496 11256 9148 -15282 3088 8391 END
START 22136 11504 9844 -15468 3454 7083 END
START 22968 11552 10912 -15560 3918 5736 END
START 23636 11736 11568 -15475 4514 4297 END
START 24412 11868 12776 -15222 5181 2709 END
START 24812 11856 13484 -14859 5910 1031 END
START 25192 11964 14032 -14396 6453 -758 END
START 25384 11996 14156 -13827 7016 -2488 END
START 25656 12040 14180 -13326 7533 -4389 END
START 25464 11992 14032 -12879 7930 -6183 END
START 25300 11980 13808 -12485 8372 -8041 END
START 24900 11816 13448 -12225 8760 -9795 END
START 24576 11752 13184 -12102 8973 -11456 END
START 24172 11760 12768 -12043 9153 -13210 END
START 23732 11728 12376 -12078 9299 -14770 END
START 23064 11432 12232 -12151 9320 -16467 END
START 23040 11228 12188 -12197 9232 -18121 END
START 22668 11016 11984 -12263 9176 -19810 END
START 22312 10716 12300 -12273 8996 -21517 END
START 21868 10588 12184 -12276 8898 -23205 END
START 21192 10208 12380 -12189 8722 -24831 END
START 20404 9964 12432 -12086 8536 -26467 END
START 19584 9644 12544 -11975 8288 -27965 END
START 18472 9220 12200 -11838 8044 -29497 END
START 17488 8732 12172 -11640 7787 -30977 END
START 16428 8376 11832 -11516 7514 -32397 END
START 15356 7888 11332 -11394 7169 -32768 END
START 14116 7568 10756 -11367 6689 -32768 END
START 12900 7064 10356 -11415 6159 -32768 END
START 11652 6588 9812 -11477 5676 -32768 END
START 10228 6004 9260 -11631 5153 -32768 END
START 8652 5516 8892 -11869 4616 -32768 END
START 7064 4924 8604 -12133 3985 -32768 END
START 5560 4436 8456 -12436 3369 -32768 END
START 4076 4168 8120 -12758 2778 -32768 END
START 2788 3928 7876 -13113 2240 -32768 END
START 1440 3644 7548 -13580 1816 -32768 END
START 444 3340 7260 -14074 1531 -32768 END
START -480 2916 7028 -14708 1398 -32768 END
START -1196 2420 7088 -15096 1379 -32768 END
START -1932 1952 6908 -15752 1490 -32768 END
START -2620 1528 7000 -16310 1645 -32768 END
START -3156 1100 7080 -16865 1946 -32768 END
START -3616 704 7020 -17416 2321 -32768 END
START -4100 328 7184 -17956 2799 -32768 END
START -4944 -48 7212 -18509 3312 -32768 END
START -5588 -676 7464 -19072 3729 -32768 END
START -6680 -1264 7828 -19608 4100 -32768 END
START -7720 -1700 8452 -20129 4398 -32768 END
START -8960 -2184 8868 -20552 4524 -32768 END
START -10016 -2352 9380 -20936 4637 -32768 END
START -11576 -2440 9656 -21270 4703 -32768 END
START -12624 -2384 9996 -21480 4697 -32768 END
START -14120 -2592 10628 -21699 4605 -32768 END
START -15296 -2720 11072 -21821 4424 -32684 END
START -16088 -2976 11488 -21881 4159 -31622 END
START -16832 -3124 11792 -21951 3860 -30501 END
START -17124 -3300 12352 -21997 3660 -29338 END
START -17588 -3444 12528 -21952 3478 -28133 END
START -17904 -3408 13208 -21942 3298 -26919 END
START -18432 -3528 13672 -21841 3148 -25695 END
START -18700 -3536 13972 -21704 3036 -24506 END
START -19116 -3468 13848 -21488 2977 -23222 END
START -19428 -3400 14000 -21296 3035 -22006 END
START -19740 -3520 14112 -21075 3074 -20780 END
START -20148 -3620 14008 -20969 3107 -19537 END
START -20404 -3708 13916 -20889 3089 -18267 END
START -20836 -3956 13776 -20872 2982 -16984 END
START -21288 -4096 14156 -20897 2797 -15611 END
START -21876 -4172 14548 -20892 2523 -14166 END
START -22360 -4248 14680 -20919 2246 -12777 END
START -22776 -4072 15164 -20881 1906 -11191 END
START -23064 -4052 15496 -20820 1666 -9707 END
START -23176 -4084 15680 -20711 1501 -8178 END
START -23084 -4352 15692 -20540 1411 -6624 END
START -23288 -4600 16044 -20340 1373 -5169 END
START -23228 -4832 16336 -20157 1315 -3651 END
START -23288 -4952 16452 -19949 1317 -2205 END
START -23236 -5192 16656 -19787 1291 -680 END
START -23292 -5400 16580 -19649 1312 776 END
START -23356 -5596 16772 -19539 1263 2172 END
START -23496 -5684 17064 -19474 1021 3672 END
START -23820 -5748 17244 -19419 685 5114 END
START -23948 -5860 17432 -19371 346 6647 END
START -23984 -5952 17296 -19284 83 8194 END
START -23844 -6152 17276 -19193 -33 9648 END
START -23420 -6284 17336 -19066 -101 11119 END
START -23168 -6220 17056 -19066 9 12585 END
START -22836 -6272 16944 -19092 177 14118 END
START -22608 -6264 16984 -19229 455 15552 END
START -22196 -6164 16852 -19455 869 16968 END
START -21856 -6280 16760 -19748 1386 18400 END
START -21836 -6384 17036 -20079 1986 19869 END
START -21848 -6772 17252 -20403 2595 21368 END
START -21972 -6972 17820 -20714 3143 22891 END
START -22100 -7228 18580 -20980 3535 24507 END
START -22292 -7464 19148 -21181 3767 26160 END
START -22400 -7608 19760 -21240 3902 27783 END
START -22204 -7796 20432 -21172 3919 29358 END
START -21760 -7928 20868 -20985 3944 30900 END
START -21284 -8248 21672 -20721 3948 32321 END
START -20652 -8452 22408 -20387 3955 32767 END
START -20184 -8720 23140 -20036 3925 32767 END
START -19484 -8876 23720 -19594 3977 32767 END
START -19008 -9020 24740 -19077 3959 32767 END
START -18524 -9204 25632 -18478 3875 32767 END
START -17764 -9460 26328 -17832 3687 32767 END
START -17268 -9456 27036 -16991 3542 32767 END
START -16672 -9544 27608 -16148 3259 32767 END
START -16076 -9496 28360 -15210 2956 32767 END
START -15308 -9548 28768 -14239 2609 32767 END
START -14072 -9624 29520 -13133 2239 32767 END
START -13136 -9760 29852 -12016 1812 32767 END
START -12260 -9608 30128 -10877 1380 32767 END
START -11152 -9600 30192 -9738 835 32767 END
START -10264 -9628 30412 -8599 263 32767 END
START -9228 -9688 30528 -7437 -389 32767 END
START -7732 -9652 30368 -6266 -1133 32767 END
START -5944 -9444 29948 -5064 -1788 32767 END
START -3968 -9384 29592 -3971 -2275 32767 END
START -1688 -8996 29060 -3012 -2498 32767 END
START 788 -8540 28356 -2179 -2393 32767 END
START 3544 -7828 28152 -1528 -1986 32767 END
START 6404 -7160 27920 -1012 -1460 32767 END
START 9432 -6260 27576 -524 -752 32767 END
START 12552 -5372 27308 -139 -15 32767 END
START 15528 -4300 27120 255 712 32767 END
START 18136 -3180 26756 542 1443 32767 END
START 19936 -1632 26600 864 1833 32767 END
START 21384 -584 26220 1051 2089 32767 END
START 22552 232 25856 1229 2290 31453 END
START 23204 1144 25524 1324 2359 28526 END