START -10920 6812 -1104 10128 8066 12169 END
START -11832 2016 -9108 10765 9318 13032 END
START -10524 8640 -4820 8015 9921 14223 END
START -13128 6652 -968 8343 11433 15336 END
START -13736 7088 -132 7105 11400 16313 END
START -12376 7696 -924 6297 11680 17331 END
START -11380 7384 -992 5324 12540 18222 END
START -11372 6608 332 4474 13304 19014 END
START -11068 6016 1728 3722 13647 19781 END
START -10364 5616 2592 3153 14155 20559 END
START -9776 5300 3472 2812 14472 21355 END
START -9592 5108 4276 2701 14974 22127 END
START -9360 5048 5072 2776 15364 22902 END
START -8820 4800 5748 2925 15564 23628 END
START -8244 4388 6388 3188 15531 24330 END
START -7456 4112 7084 3540 15292 24980 END
START -6696 3828 7528 3912 14858 25562 END
START -5924 3388 7732 4309 14249 26022 END
START -4904 3220 7712 4606 13710 26352 END
START -4256 3140 8196 5014 12933 26615 END
START -3668 3016 8248 5498 11974 26659 END
START -3168 3124 8204 6073 10976 26659 END
START -2468 3268 8068 6705 9861 26614 END
START -1952 3436 7784 7329 8707 26521 END
START -1500 3444 7128 7892 7583 26459 END
START -1332 3448 6204 8424 6516 26296 END
START -1272 3456 5612 8916 5372 26178 END
START -1316 3600 4988 9197 4358 26151 END
START -1416 3848 4472 9352 3356 26170 END
START -1276 4464 3500 9367 2462 26246 END
START -948 4916 2652 9257 1799 26363 END
START -824 5392 1692 9067 1283 26509 END
START -172 5648 684 8801 870 26642 END
START 552 5732 -412 8424 640 26749 END
START 1236 5952 -1520 7885 616 26776 END
START 1788 6356 -2344 7173 721 26779 END
START 2508 6820 -3440 6314 954 26745 END
START 2952 7188 -4068 5347 1258 26631 END
START 3436 7332 -4716 4226 1643 26546 END
START 3600 7516 -5268 3087 2136 26455 END
START 3660 7804 -6060 1831 2767 26350 END
START 3792 7972 -6232 613 3377 26288 END
START 3892 8440 -6640 -711 3958 26289 END
START 3864 8920 -7212 -2110 4390 26227 END
START 3676 9128 -7416 -3473 4700 26245 END
START 4020 9244 -7816 -4967 4885 26235 END
START 4144 9416 -7964 -6455 4870 26212 END
START 4524 9424 -8108 -7868 4574 26228 END
START 5412 9516 -8004 -9300 4055 26202 END
START 6564 9560 -7856 -10738 3309 26152 END
START 8172 9576 -7612 -12124 2566 25947 END
START 9792 9552 -7072 -13537 1803 25621 END
START 11424 9672 -6796 -14809 1043 25099 END
START 12984 9752 -6220 -16374 418 24391 END
START 14596 9944 -5632 -17692 -30 23534 END
START 15720 10132 -4780 -19034 -488 22498 END
START 17252 10276 -4284 -20251 -639 21365 END
START 18288 10352 -3788 -21462 -456 19975 END
START 18832 10284 -3384 -22535 -65 18588 END
START 19456 10356 -2800 -23500 470 17147 END
START 19420 10304 -2240 -24444 1101 15726 END
START 19292 10140 -1080 -25270 1769 14264 END
START 18604 9920 -456 -26057 2423 12931 END
START 17972 9900 304 -26681 3093 11771 END
START 17156 9888 896 -27229 3738 10794 END
START 16356 9848 1836 -27687 4330 9964 END
START 15440 9708 2660 -28064 4900 9249 END
START 14760 9596 3112 -28360 5477 8621 END
START 14136 9476 3604 -28542 6101 8178 END
START 13704 9412 3760 -28646 6839 7787 END
START 13048 9324 4228 -28768 7525 7517 END
START 12376 9176 4668 -28861 8120 7308 END
START 12144 9136 5080 -29044 8582 7159 END
START 11996 9196 5764 -29314 9035 7046 END
START 12132 9136 6304 -29533 9421 6949 END
START 12292 8920 6996 -29780 9917 6869 END
START 12420 8912 8220 -29956 10353 6763 END
START 12556 8740 9208 -29930 10512 6561 END
START 13128 8844 10300 -29741 10568 6345 END
START 13864 9028 11472 -29358 10410 6027 END
START 14720 9312 12900 -28789 9926 5662 END
START 15764 9604 14476 -28057 9121 5120 END
START 16996 9824 15820 -27111 7998 4386 END
START 18360 10216 17412 -26102 6855 3440 END
START 19816 10556 18760 -24908 5588 2213 END
START 21352 10968 20188 -23717 4322 792 END
START 22744 11196 21584 -22340 3041 -873 END
START 24156 11248 22700 -20813 1830 -2862 END
START 25512 11292 23412 -19103 784 -5066 END
START 26532 11484 23768 -17301 22 -7383 END
START 27584 11600 23852 -15467 -451 -9875 END
START 28068 11688 23456 -13561 -785 -12545 END
START 28184 11556 22880 -11825 -870 -15134 END
START 27464 11004 21832 -10283 -835 -17758 END
START 26560 10328 21132 -8997 -654 -20160 END
START 25436 9828 20412 -8005 -318 -22327 END
START 24260 9524 19476 -7200 229 -24203 END
START 23416 9316 18664 -6476 1045 -25851 END
START 22824 9160 17308 -5854 2208 -27430 END
START 21916 8824 16244 -5350 3648 -29000 END
START 20864 8144 15752 -4956 4932 -30479 END
START 19792 7556 14788 -4615 6086 -31866 END
START 18656 7272 14300 -4303 7074 -32768 END
START 17608 7032 13664 -4113 7812 -32768 END
START 16620 6848 13428 -4093 8295 -32768 END
START 15608 6792 13072 -4197 8552 -32768 END
START 14588 6404 12584 -4312 8452 -32768 END
START 13556 6200 12052 -4495 8187 -32768 END
START 12616 6436 12260 -4608 7383 -32768 END
START 12188 6280 11576 -4613 6604 -32768 END
START 11488 5996 11192 -4721 6005 -32768 END
START 10952 5312 10268 -4945 5819 -32768 END
START 9996 4792 9828 -5183 5558 -32768 END
START 8708 4408 9212 -5465 5357 -32768 END
START 7660 4084 8536 -5778 5206 -32768 END
START 6552 3752 7512 -6154 5117 -32768 END
START 5440 3472 6888 -6595 5116 -32768 END
START 4136 3248 6268 -7163 5153 -32768 END
START 2712 3104 5880 -7844 5109 -32768 END
START 1252 2776 5372 -8559 5108 -32768 END
START -196 2456 4992 -9286 5005 -32768 END
START -1312 2116 4888 -10073 4929 -32768 END
START -2532 1656 4548 -10853 4902 -32768 END
START -3488 1436 4524 -11644 4944 -32768 END
START -4536 1076 4708 -12363 4862 -32768 END
START -5288 524 4704 -13085 4786 -32768 END
START -6056 20 4864 -13669 4673 -32768 END
START -6796 -644 5132 -14180 4405 -32768 END
START -7588 -1376 5224 -14818 4039 -32768 END
START -8352 -1996 5556 -15089 3649 -32768 END
START -9136 -2536 5588 -15643 3275 -32768 END
START -10176 -2960 5436 -16072 3026 -32768 END
START -11220 -3372 5608 -16571 2766 -32768 END
START -12416 -3736 5824 -17033 2456 -32768 END
START -13688 -3948 6168 -17524 2076 -32768 END
START -15124 -4044 6448 -18046 1708 -32768 END
START -16080 -3920 6380 -18586 1444 -32768 END
START -17024 -3860 6632 -19157 1294 -32768 END
START -17960 -4100 6600 -19806 1275 -32768 END
START -19072 -4264 6972 -20466 1370 -32768 END
START -20720 -4152 7744 -21173 1311 -32768 END
START -22552 -3740 8996 -21871 841 -32768 END
START -23848 -3256 9972 -22447 267 -32007 END
START -24972 -2796 10656 -22908 -320 -30066 END
START -25972 -2476 11464 -23127 -915 -27991 END
START -26444 -2368 11952 -23104 -1467 -25858 END
START -26644 -2244 12264 -22963 -1780 -23726 END
START -26524 -2404 13028 -22760 -1956 -21604 END
START -26268 -2556 13376 -22508 -2093 -19540 END
START -25992 -2608 13552 -22253 -2150 -17523 END
START -25620 -2592 13796 -22059 -2209 -15630 END
START -25272 -2384 14028 -21924 -2338 -13771 END
START -24928 -2376 14188 -21818 -2539 -11946 END
START -24456 -2540 13968 -21771 -2879 -10167 END
START -24084 -2624 14132 -21707 -3391 -8440 END
START -23396 -2592 13992 -21731 -3920 -6867 END
START -22288 -2796 13900 -21779 -4451 -5355 END
START -21644 -3032 14208 -21914 -5067 -3940 END
START -20600 -3184 14240 -21977 -5596 -2631 END
START -19452 -3368 13928 -22068 -5776 -1483 END
START -18276 -3308 13528 -22123 -5627 -444 END
START -17176 -3472 13396 -22269 -5100 391 END
START -16260 -3436 13200 -22503 -4305 1079 END
START -15456 -3432 13032 -22810 -3415 1634 END
START -15184 -3404 13396 -23238 -2586 2155 END
START -15224 -3704 13780 -23712 -1962 2671 END
START -15728 -3744 14176 -24171 -1576 3222 END
START -16148 -4004 14452 -24562 -1393 3867 END
START -16524 -4112 14944 -24834 -1355 4535 END
START -17084 -4172 15744 -25105 -1550 5280 END
START -17408 -4360 16312 -25254 -1867 6138 END
START -17580 -4524 17120 -25380 -2182 7033 END
START -17600 -4444 17540 -25431 -2316 7957 END
START -17768 -4620 18084 -25478 -2363 8866 END
START -18156 -4564 18708 -25508 -2369 9833 END
START -18676 -4720 19692 -25517 -2398 10882 END
START -19332 -4792 20704 -25400 -2462 11908 END
START -20048 -4856 21592 -25209 -2532 13106 END
START -20780 -5112 22476 -24883 -2611 14258 END
START -21668 -5256 23468 -24421 -2868 15620 END
START -22832 -5312 24684 -23817 -3215 17221 END
START -23500 -5260 25180 -23052 -3478 19001 END
START -24000 -5232 25480 -22232 -3548 20916 END
START -24512 -5256 25844 -21356 -3344 22895 END
START -24528 -5160 26516 -20472 -3136 24975 END
START -24896 -5584 27360 -19572 -2888 27138 END
START -25192 -5816 28320 -18538 -2761 29370 END
START -25160 -6096 28740 -17425 -2741 31687 END
START -25040 -6592 29128 -16196 -2596 32767 END
START -24740 -6856 29148 -14869 -2313 32767 END
START -24016 -7136 29092 -13773 -1880 32767 END
START -23116 -7324 29108 -12525 -1370 32767 END
START -22028 -7572 28928 -11395 -811 32767 END
START -20792 -7864 28736 -10411 -308 32767 END
START -19440 -8208 28728 -9429 28 32767 END
START -17932 -8808 29040 -8523 259 32767 END
START -16572 -9312 28848 -7601 338 32767 END
START -15224 -9612 28796 -6691 317 32767 END
START -14028 -10008 28488 -5779 160 32767 END
START -12776 -10308 28512 -4900 -149 32767 END
START -11708 -10576 28224 -4058 -660 32767 END
START -10652 -10992 27936 -3177 -1188 32767 END
START -9572 -11324 27712 -2424 -1729 32767 END
START -8312 -11352 27324 -1638 -2280 32767 END
START -7396 -11356 27112 -945 -2801 32767 END
START -6652 -11300 26816 -312 -3308 32767 END
START -5928 -11368 26568 306 -3894 32767 END
START -5044 -11372 26196 870 -4402 32767 END
START -4288 -11568 25664 1436 -4885 32767 END
START -3292 -11640 25536 1941 -5362 32767 END
START -2028 -11568 24932 2430 -5839 32767 END
START -416 -11160 24240 2879 -6120 32767 END
START 1400 -10992 23084 3278 -6132 32767 END
START 3664 -10624 21832 3566 -5711 32767 END
START 5708 -10092 20856 3687 -5012 32767 END
START 7932 -9464 19916 3708 -4177 32767 END
START 10028 -8680 19196 3563 -3253 32767 END
START 12692 -7904 18244 3309 -2095 32767 END
START 15304 -6840 17620 2952 -788 32767 END
START 17840 -5800 17220 2605 571 32767 END
START 19848 -4344 16968 2194 2074 32767 END
START 19548 -2832 15936 1743 4425 32767 END