START 512 840 2292 -3320 20056 1751 END
START -18404 -7604 9852 -1583 17448 2581 END
START -19952 -9548 7024 1953 14311 6695 END
START -25136 -11132 6916 6376 6137 14158 END
START -26624 -11904 4108 11263 -3054 23787 END
START -21900 -11220 -2340 11744 -9009 32767 END
START -17864 -12284 -6684 7118 -8299 32767 END
START -13860 -12984 -9116 177 -5771 32767 END
START -7256 -14468 -9912 -8257 -2929 32767 END
START 5176 -14980 -6340 -15990 204 32767 END
START 13784 -12712 1044 -20105 3333 32767 END
START 26888 -8104 7676 -17363 3041 32767 END
START 30844 -1604 7260 -14939 1668 32767 END
START 32767 2052 8472 -15045 -3245 32767 END
START 32767 5692 11460 -14890 -4954 27745 END
START 32767 8536 13976 -14656 -1811 19685 END
START 32767 11984 14988 -15762 6201 9282 END
START 32767 13304 15744 -16912 15713 -4314 END
START 32767 11788 15040 -16963 20320 -18501 END
START 32767 7892 14344 -15361 20593 -30696 END
START 27372 4304 14052 -13473 18356 -32768 END
START 23760 240 12516 -11608 17437 -32768 END
START 16992 -4884 10552 -10353 17302 -32768 END
START 11124 -11132 8360 -9402 15691 -32768 END
START 5436 -16640 7084 -9557 12792 -32768 END
START -2228 -22272 8152 -8250 6343 -32768 END
START -8356 -24980 8300 -6342 -1513 -32768 END
START -12900 -26396 7812 -6078 -5079 -32768 END
START -17464 -26928 6572 -8359 -3327 -32768 END
START -23556 -27668 5284 -10787 -1361 -32768 END
START -32768 -27836 8176 -11906 -5127 -32768 END
START -32768 -27288 7648 -12328 -10604 -28670 END
START -32768 -25796 5824 -16526 -13097 -11479 END
START -29228 -26488 5872 -22438 -13126 1885 END
START -22048 -28088 6780 -28589 -13019 10499 END
START -20644 -30104 9160 -32768 -12493 17187 END
START -22960 -32416 12280 -32768 -10712 24277 END
START -27520 -32768 15452 -32768 -9352 32767 END
START -32760 -32768 17748 -32768 -13042 32767 END
START -28320 -32768 20456 -32768 -18272 32767 END
START -15120 -32768 24212 -32500 -16813 32767 END
START -5508 -32768 25832 -27795 -14255 32767 END