START -12728 2544 4548 19076 933 8196 END
START -9828 -772 -6924 20024 2605 9003 END
START -12900 4200 4140 18444 3472 10461 END
START -13848 3108 3868 19061 5923 11678 END
START -13356 3432 1872 18417 6527 13110 END
START -13528 3912 1736 17985 7804 14637 END
START -14700 3996 2656 17468 8842 16128 END
START -14480 4064 2108 16935 9802 17505 END
START -13100 4104 876 16342 10893 18879 END
START -11436 4040 -68 15742 12314 20099 END
START -10988 3784 324 15079 13531 21109 END
START -10808 3660 360 14287 14646 22005 END
START -10120 3620 144 13521 15402 22755 END
START -9620 3664 408 12630 16094 23435 END
START -9240 3444 640 11867 16715 23998 END
START -8648 3532 544 11167 17391 24584 END
START -8108 3500 156 10562 18107 25122 END
START -7436 3264 -208 9983 18721 25663 END
START -7064 3160 -444 9404 19274 26164 END
START -6776 2948 -648 8777 19807 26576 END
START -6288 3092 -1044 8081 20283 26952 END
START -6220 3132 -1252 7324 20660 27289 END
START -6576 3308 -1372 6538 20897 27641 END
START -6884 3480 -1200 5675 20821 27968 END
START -7260 3636 -1252 4920 20455 28359 END
START -7560 3620 -1228 4194 19800 28808 END
START -7816 3620 -1076 3551 18977 29313 END
START -7916 3900 -864 3019 17933 29799 END
START -8052 3768 -696 2638 16753 30266 END
START -8204 3756 -740 2142 15467 30835 END
START -8424 3812 -924 1565 14113 31406 END
START -8632 3796 -1120 1075 12835 32115 END
START -8820 3796 -1080 732 11180 32767 END
START -8628 3908 -1556 531 9660 32767 END
START -8412 3668 -1900 288 8045 32767 END
START -8220 3508 -2304 -48 6604 32767 END
START -7680 3504 -2828 -539 5347 32767 END
START -7132 3600 -3088 -1136 4242 32767 END
START -6904 3768 -3296 -1769 3173 32767 END
START -6672 3696 -3372 -2376 2167 32767 END
START -6236 3788 -3204 -2995 1154 32767 END
START -5576 3628 -3524 -3648 188 32767 END
START -5016 3596 -3432 -4268 -660 32767 END
START -3716 3288 -3632 -4908 -1379 32767 END
START -2348 2996 -3492 -5578 -1991 32767 END
START -672 3072 -2964 -6256 -2507 32767 END
START 1520 3308 -2552 -6968 -2905 32767 END
START 4092 3348 -2116 -7634 -3034 32767 END
START 6632 3852 -1248 -8270 -2986 32767 END
START 9180 4128 -708 -8756 -2933 32767 END
START 11528 4608 120 -9092 -2792 32767 END
START 13868 4972 600 -9368 -2635 32767 END
START 15972 5248 952 -9495 -2421 32767 END
START 17800 5752 1040 -9618 -2064 32767 END
START 19616 6348 844 -9682 -1611 32767 END
START 20956 7128 892 -9845 -1072 32767 END
START 22468 8104 640 -10170 -357 32767 END
START 23724 8736 380 -10599 294 32375 END
START 24852 9132 524 -11151 1121 30587 END
START 26004 9740 648 -11787 1938 28609 END
START 26768 10232 836 -12486 2748 26534 END
START 26660 10532 1640 -13158 3248 24370 END
START 27212 10804 1724 -13868 3778 22131 END
START 27176 10924 2200 -14429 4073 19875 END
START 26584 11084 2476 -14888 4425 17818 END
START 25636 11180 2964 -15244 4641 15897 END
START 24264 11372 3224 -15416 4756 14274 END
START 23204 11528 3272 -15679 4776 12975 END
START 21256 11632 3432 -15953 4769 11891 END
START 20316 11940 3432 -16273 4483 11107 END
START 19392 12036 3612 -16638 4234 10490 END
START 18760 11992 3604 -17111 3968 10022 END
START 18488 11780 4168 -17599 3560 9614 END
START 18296 11500 4484 -18014 3194 9230 END
START 17948 11260 5504 -18340 2682 8923 END
START 17972 11236 6108 -18665 2174 8549 END
START 18044 11180 6668 -18846 1712 8153 END
START 18140 11044 7588 -18858 1349 7757 END
START 18328 11000 8228 -18834 1077 7366 END
START 18824 10812 8832 -18639 962 7003 END
START 19328 10768 9604 -18375 901 6607 END
START 20000 10828 10216 -18079 889 6123 END
START 20684 10752 10716 -17691 922 5593 END
START 21312 10864 11440 -17309 942 4886 END
START 21964 10892 11740 -16860 1000 4124 END
START 22416 11044 11884 -16362 1057 3172 END
START 22788 11076 12364 -15842 1155 2187 END
START 23212 11172 12208 -15273 1281 1039 END
START 23800 11452 12140 -14849 1399 -109 END
START 24028 11556 12532 -14436 1480 -1342 END
START 24740 11996 12216 -14039 1588 -2678 END
START 25208 12200 11980 -13782 1727 -4138 END
START 25836 12292 11836 -13550 1898 -5722 END
START 26400 12484 11812 -13400 2130 -7366 END
START 26792 12448 11680 -13289 2393 -9189 END
START 27448 12364 11428 -13183 2776 -11176 END
START 27792 12440 11488 -13110 3219 -13244 END
START 28052 12424 11364 -13088 3807 -15408 END
START 28496 12412 10744 -13102 4531 -17635 END
START 28172 12100 10656 -13104 5227 -19826 END
START 27656 11836 9884 -13187 6141 -22234 END
START 26928 11508 9588 -13331 6873 -24426 END
START 25964 10848 9424 -13536 7596 -26625 END
START 24680 10240 8784 -13789 8171 -28628 END
START 23352 9596 8492 -14021 8672 -30603 END
START 21612 8784 8084 -14366 8931 -32295 END
START 20016 8112 7732 -14658 9162 -32768 END
START 18308 7704 7316 -14891 9323 -32768 END
START 16796 7368 7128 -15350 9485 -32768 END
START 15196 6944 6880 -15723 9573 -32768 END
START 14096 6464 6668 -16149 9672 -32768 END
START 13028 6072 6728 -16538 9608 -32768 END
START 12332 5672 6948 -16982 9482 -32768 END
START 11620 5140 7300 -17368 9253 -32768 END
START 11092 4592 7548 -17656 8956 -32768 END
START 10360 4012 7880 -17871 8542 -32768 END
START 9496 3380 8476 -17973 7933 -32768 END
START 8324 2836 9228 -18018 7028 -32768 END
START 7236 2536 10252 -17976 5940 -32768 END
START 6492 2484 10760 -17929 4760 -32768 END
START 5396 2348 11424 -17795 3565 -32768 END
START 4688 2144 11956 -17570 2429 -32768 END
START 3740 1884 12380 -17300 1390 -32768 END
START 2832 1636 12508 -16913 440 -32768 END
START 1864 1236 13160 -16508 -398 -32768 END
START 900 1024 13136 -16077 -1222 -32768 END
START 168 1128 13368 -15659 -1848 -32768 END
START -592 872 13512 -15303 -2358 -32768 END
START -1356 708 13552 -15056 -2692 -32768 END
START -2060 692 13592 -14629 -2911 -32768 END
START -2712 660 13676 -14435 -2908 -32768 END
START -3428 548 13356 -14402 -2749 -32768 END
START -4164 632 13492 -14075 -2415 -32768 END
START -4756 640 13456 -13946 -2011 -32768 END
START -5192 768 13072 -13766 -1421 -32768 END
START -5964 788 13044 -13602 -745 -32768 END
START -6412 836 12400 -13494 209 -32768 END
START -7024 716 12108 -13418 1258 -32768 END
START -7552 636 11700 -13402 2384 -32768 END
START -8176 560 11576 -13434 3512 -32768 END
START -9268 516 11212 -13502 4472 -32768 END
START -9944 448 10888 -13680 5507 -32768 END
START -10844 416 10828 -13903 6315 -32768 END
START -11764 400 10604 -14136 7039 -32768 END
START -12376 376 10188 -14459 7772 -32768 END
START -13176 384 10036 -14754 8347 -32768 END
START -13752 412 9712 -14971 8872 -32768 END
START -14360 284 9728 -15433 9342 -32768 END
START -15044 220 9028 -15895 9768 -31636 END
START -15652 24 8856 -16404 10121 -30486 END
START -16200 -204 8680 -16892 10370 -29289 END
START -16828 -268 8496 -17486 10540 -28019 END
START -17388 -380 8420 -18084 10637 -26749 END
START -18012 -484 8116 -18687 10748 -25369 END
START -18396 -436 8004 -19333 10894 -24066 END
START -18952 -288 7732 -19993 11161 -22672 END
START -19120 -232 7412 -20634 11536 -21289 END
START -19552 -124 7272 -21349 12019 -19990 END
START -19972 -184 7240 -22035 12548 -18656 END
START -20608 28 7388 -22769 12900 -17311 END
START -21120 84 7636 -23538 13225 -15905 END
START -21508 156 7500 -24235 13437 -14502 END
START -21824 36 7504 -24955 13383 -13095 END
START -22104 -156 7444 -25712 13854 -11591 END
START -22368 -580 7796 -26429 14153 -10087 END
START -22640 -520 7944 -27157 14429 -8556 END
START -22824 -596 8132 -27840 14783 -7068 END
START -23052 -672 8380 -28562 15001 -5480 END
START -23332 -900 8860 -29238 15199 -3992 END
START -23272 -1236 9400 -29865 15375 -2532 END
START -23176 -1584 9840 -30411 15512 -1104 END
START -23144 -1880 10356 -30945 15700 366 END
START -22948 -1996 10604 -31458 15989 1786 END
START -22860 -2156 10984 -31893 16392 3149 END
START -22520 -2264 11372 -32269 16824 4466 END
START -22280 -2676 11596 -32650 17320 5769 END
START -21852 -3216 11860 -32768 17799 6998 END
START -21788 -3756 12496 -32768 18206 8181 END
START -21612 -4408 12868 -32768 18423 9326 END
START -21456 -4756 13444 -32768 18425 10443 END
START -21284 -5220 14232 -32768 18402 11580 END
START -21012 -5720 14784 -32768 18294 12663 END
START -20888 -6216 15688 -32768 18051 13661 END
START -20904 -6752 16536 -32768 17571 14749 END
START -21140 -7212 17416 -32768 16807 15818 END
START -21436 -7652 18516 -32768 15817 16901 END
START -21668 -8048 19620 -32635 14671 17965 END
START -21864 -8276 20476 -31885 13358 19063 END
START -22120 -8664 21316 -30978 12133 20181 END
START -22096 -8912 21964 -29841 10800 21249 END
START -21816 -8900 22576 -28604 9527 22307 END
START -21776 -8864 23232 -27331 8297 23297 END
START -21704 -8856 23572 -26100 6933 24227 END
START -22096 -8804 24312 -24841 5521 25136 END
START -22032 -8936 24700 -23491 3956 26106 END
START -21812 -8952 24860 -22092 2514 26991 END
START -21432 -8884 25148 -20466 1236 27848 END
START -20852 -9080 25148 -18973 197 28658 END
START -20272 -9088 24924 -17651 -511 29572 END
START -19756 -9608 24908 -16549 -1004 30472 END
START -19292 -9456 25308 -15219 -1473 31382 END
START -18864 -9268 25468 -13845 -1792 32175 END
START -18448 -9084 25516 -12368 -2111 32767 END
START -17948 -8976 25436 -10932 -2481 32767 END
START -17588 -8888 25080 -9618 -2918 32767 END
START -16760 -8788 24544 -8318 -3355 32767 END
START -16148 -8712 23908 -7156 -3728 32767 END
START -15100 -8416 23092 -6125 -3989 32767 END
START -14344 -8088 22048 -5348 -4074 32767 END
START -13264 -7784 21132 -4720 -4245 32767 END
START -12916 -7732 20668 -4165 -4452 32767 END
START -12404 -7700 20244 -3728 -4853 32767 END
START -12232 -7488 19648 -3315 -5380 32767 END
START -11824 -7328 19044 -3020 -5783 32767 END
START -11176 -6884 17944 -2887 -5936 32767 END
START -10224 -6344 16812 -2946 -5663 32767 END
START -9136 -5976 16104 -3294 -5057 32767 END
START -8060 -5708 15712 -3794 -4148 32767 END
START -6644 -5332 15444 -4388 -3027 32767 END
START -5496 -4984 15908 -4979 -1878 32767 END
START -4340 -4908 16528 -5552 -671 32767 END
START -3432 -4656 17344 -6078 494 32767 END
START -2660 -4528 18076 -6498 1571 32767 END
START -1956 -4236 19116 -6815 2563 32767 END
START -1040 -3992 19816 -6874 3337 32767 END
START -12 -3496 20624 -6799 4048 32767 END
START 1124 -2844 21560 -6643 4507 32767 END
START 2436 -2452 22068 -6369 4930 32767 END
START 3888 -1876 22616 -5982 5343 32767 END