START -6016 -3868 3192 22520 10707 -2438 END
START -11568 -8788 -1696 19292 9486 1319 END
START -20444 -10596 3104 18344 9436 8130 END
START -19640 -9456 1272 17088 7036 15686 END
START -16352 -8464 -1584 15533 5454 21068 END
START -14612 -7268 -4220 12265 3814 24881 END
START -10840 -5492 -6908 7184 3192 27183 END
START -9652 -4372 -7572 1146 5873 29042 END
START -9712 -4012 -7176 -4452 8003 30967 END
START -10252 -4956 -5664 -8611 7679 32767 END
START -9944 -5436 -4084 -11300 5763 32767 END
START -7260 -5892 -2956 -13582 3833 32767 END
START -1224 -5420 -2232 -15751 2114 32767 END
START 4776 -4596 -392 -18474 2594 32767 END
START 10444 -2756 3136 -20617 3877 32767 END
START 13664 -1772 7252 -21567 4849 32767 END
START 10756 -1664 10268 -21269 1466 32767 END
START 13104 -2076 12832 -19861 -5959 32767 END
START 22212 -2216 18420 -16779 -15195 32767 END
START 32767 376 23380 -12409 -21758 28666 END
START 32767 5288 24520 -7398 -18770 14701 END
START 32767 7392 18884 -9456 -10166 -1788 END
START 32767 5380 16992 -12364 -2116 -11555 END
START 32767 4984 16132 -14531 4788 -17816 END
START 30808 3940 14328 -16892 10538 -23781 END
START 27416 2368 14420 -17926 13293 -30050 END
START 23744 504 13920 -17804 13284 -32768 END
START 19324 -1740 13388 -17235 9809 -32768 END
START 12980 -7076 14324 -15724 4844 -32768 END
START 6344 -9420 16288 -12882 -2634 -32768 END
START 3420 -10132 15052 -10651 -6636 -32768 END
START -772 -11392 13264 -10305 -9097 -32768 END
START -4104 -12512 12252 -11659 -10356 -32768 END
START -7652 -13128 13252 -13870 -8806 -32768 END
START -12196 -12864 13828 -13935 -5497 -32768 END
START -14760 -11864 11624 -14405 -859 -32768 END
START -16428 -13352 9244 -16203 1103 -32768 END
START -17532 -14572 8068 -17538 103 -32768 END
START -16084 -16008 6456 -20989 1512 -30297 END
START -15768 -18284 6092 -26445 7825 -28255 END
START -19648 -21952 8676 -29916 12045 -26279 END
START -23396 -24624 10576 -30686 9508 -21744 END
START -23364 -25252 10940 -31604 10924 -15809 END
START -26516 -27112 11036 -32768 14036 -9359 END
START -29880 -28344 11420 -31555 10163 -789 END
START -28752 -28948 9824 -29397 3843 7996 END
START -26572 -28908 7204 -28196 -2506 15729 END
START -23004 -29304 5188 -29459 -6748 23146 END
START -19940 -31088 4900 -31933 -8991 30178 END
START -19244 -32768 4528 -32768 -10001 32767 END
START -18024 -32768 6524 -32768 -11529 32767 END
START -15204 -32768 8916 -32768 -12552 32767 END
START -10920 -32768 17572 -32768 -11018 32767 END
START -6844 -32768 31908 -32768 -4110 32767 END
START -4092 -32768 32767 -31094 -2508 32767 END