START -6740 -4044 -1060 15721 4507 13443 END
START -9084 -10216 -7020 14724 742 17187 END
START -15612 -10436 -3728 11334 129 22914 END
START -14536 -10256 -4108 7464 49 29910 END
START -12644 -10464 -3668 4852 -280 32767 END
START -9788 -9776 -3196 2758 -282 32767 END
START -7980 -10384 -3232 1494 -1997 32767 END
START -1424 -9040 -5076 557 -3850 32767 END
START 2604 -6740 -7408 -2541 -5432 32767 END
START 3264 -5932 -6540 -6059 -6461 32767 END
START 6532 -5168 -4888 -9100 -6593 32767 END
START 17168 -3008 -2312 -12669 -5922 32767 END
START 24188 -1308 4104 -14058 -5468 32767 END
START 32767 1780 9124 -13094 -3189 32767 END
START 32767 5628 9828 -12960 666 28972 END
START 32767 7392 11264 -13516 1649 19102 END
START 32767 7636 14636 -12982 1598 10451 END
START 32767 8416 15404 -10892 1552 2215 END
START 32767 8680 13568 -10040 5460 -7037 END
START 32767 8148 12320 -10914 10855 -16228 END
START 30936 6240 11560 -11460 14326 -26214 END
START 25912 3236 10140 -11418 16049 -32768 END
START 20092 952 8980 -12098 16784 -32768 END
START 13848 -3408 9436 -11920 13939 -32768 END
START 7500 -7416 8404 -10729 10300 -32768 END
START 3664 -10428 5940 -12230 11068 -32768 END
START -1764 -14848 4096 -14880 15412 -32768 END
START -10572 -18480 4452 -16357 13658 -32768 END
START -15992 -21596 6312 -15291 7985 -32768 END
START -21312 -22760 7504 -14978 4032 -32768 END
START -25552 -23248 8320 -15849 3564 -32768 END
START -32768 -23180 10392 -15801 2525 -32768 END
START -32768 -22248 9480 -15740 -371 -27154 END
START -32544 -21700 8164 -17847 -2219 -16001 END
START -29768 -22352 8552 -20102 -4687 -6946 END
START -26196 -23220 9452 -22475 -7297 -254 END
START -24872 -24144 11436 -25234 -6439 5973 END
START -26408 -25540 13256 -26805 -6230 13354 END
START -27940 -27496 14944 -26540 -8522 22674 END
START -27616 -29052 14200 -25658 -12209 32767 END
START -26708 -31956 12684 -27954 -13856 32767 END
START -22336 -32768 14032 -32768 -12606 32767 END
START -18252 -32768 19740 -32768 -7401 32767 END
START -16708 -32768 32767 -32768 -6067 32767 END