START -5316 -1836 4088 26956 10490 -7224 END
START -21596 -9708 6252 25744 3864 -2277 END
START -19220 -8356 2292 24871 2079 2709 END
START -18316 -7180 308 21401 1930 8162 END
START -17672 -6952 -584 16584 3486 14195 END
START -17628 -6388 16 11468 6040 20651 END
START -17208 -6652 1228 7436 7379 26005 END
START -17396 -7048 2392 4967 7598 31807 END
START -16508 -8712 3108 3422 6356 32767 END
START -15332 -9896 2896 2944 3811 32767 END
START -11368 -11296 1300 2186 1873 32767 END
START -5832 -11832 336 -176 2296 32767 END
START 2464 -11712 1516 -3085 5155 32767 END
START 13540 -7620 2768 -6473 9533 32767 END
START 17520 -3656 1720 -9167 9538 32767 END
START 18596 -1400 920 -11359 2554 32767 END
START 21996 444 -2644 -16299 -1012 32767 END
START 27140 536 1928 -24347 3931 32767 END
START 32767 792 11664 -29056 17538 32767 END
START 32767 4376 23284 -27164 27260 25113 END
START 32767 9200 19760 -21751 23947 5254 END
START 32767 8732 16480 -17534 11532 -13284 END
START 31196 4444 16280 -15601 4822 -24673 END
START 24644 3224 15988 -13441 6886 -29118 END
START 20596 3220 12732 -13365 11875 -31627 END
START 19948 2196 11512 -14404 16296 -32768 END
START 17064 -636 11792 -13187 17678 -32768 END
START 10540 -6088 9480 -10876 13697 -32768 END
START 5028 -10360 7580 -9195 7502 -32768 END
START -172 -14016 7740 -9073 2601 -32768 END
START -3944 -14820 8312 -9308 335 -32768 END
START -6168 -14736 7360 -10686 1457 -32768 END
START -9384 -16864 6848 -13690 3738 -32768 END
START -13744 -19392 7660 -15758 3888 -32768 END
START -18032 -21136 8968 -16502 2409 -32768 END
START -23332 -22740 11744 -15507 -1402 -32768 END
START -26700 -23388 12764 -14242 -4404 -32768 END
START -30344 -24256 11516 -15378 -3531 -26722 END
START -32768 -25312 11536 -18606 -3512 -13329 END
START -32768 -26740 12972 -20123 -7064 -373 END
START -30528 -27640 12916 -21074 -8556 10760 END
START -29252 -28808 11276 -23665 -8763 21351 END
START -27724 -30780 10396 -28067 -8182 31585 END
START -26964 -32768 11232 -32311 -8235 32767 END
START -22044 -32768 13636 -32768 -9937 32767 END
START -15564 -32768 15552 -32768 -8227 32767 END
START -9648 -32768 17244 -32768 -6350 32767 END
START -2620 -32768 16992 -31987 -4686 32767 END