START -5648 6200 -1356 15812 12880 5913 END
START -8028 -564 -4324 14027 11074 7604 END
START -9848 -460 -3808 11911 10085 11045 END
START -11868 -364 -3264 9267 8481 14716 END
START -12860 -648 -3136 6143 5825 18430 END
START -13664 -904 -2424 2801 4131 22526 END
START -13888 -604 -2044 -962 1837 27717 END
START -10684 -364 -1524 -5333 2860 31246 END
START -8056 -736 256 -9238 6075 32767 END
START -6120 -1140 2092 -11614 8503 32767 END
START -4684 -2156 3528 -12267 8324 32767 END
START -4920 -3044 3996 -11658 4895 32767 END
START 1220 -2448 4432 -10866 1130 32767 END
START 5584 -884 3640 -11398 -795 32767 END
START 9824 396 3936 -12629 -428 32767 END
START 12944 1168 5464 -13640 -138 32767 END
START 19632 2832 6912 -14517 -341 32524 END
START 25184 5912 8180 -15652 734 27238 END
START 27316 6716 11828 -15804 882 21144 END
START 32360 8696 14472 -14555 556 15151 END
START 32767 10692 16020 -13453 2131 7019 END
START 32767 12216 16336 -12491 4130 -2264 END
START 32767 11692 15044 -12187 5606 -11558 END
START 30580 9936 14076 -11962 7064 -20038 END
START 25872 7232 13672 -11523 7859 -27311 END
START 21728 5128 11988 -11214 8238 -32768 END
START 16828 2664 10528 -11357 8300 -32768 END
START 13216 488 9316 -11913 6106 -32768 END
START 9580 -2884 9436 -11970 2989 -32768 END
START 5820 -6588 9628 -11675 -585 -32768 END
START 1008 -8448 9424 -12283 -3799 -32768 END
START -1308 -10072 9400 -14756 -5054 -32768 END
START -2352 -11564 10744 -17508 -3218 -32768 END
START -4728 -13052 11984 -18663 -772 -32768 END
START -7556 -15712 11540 -18961 889 -32768 END
START -12656 -19764 11748 -17947 -510 -32768 END
START -19784 -22684 11720 -16492 -1844 -32768 END
START -26852 -24512 11916 -17271 -1107 -32768 END
START -32768 -24844 11148 -19604 1656 -30965 END
START -32768 -25504 11244 -21648 850 -17749 END
START -32768 -26364 11064 -23251 -4279 -5551 END
START -28288 -26688 12812 -24363 -8632 4252 END
START -21328 -26264 13832 -25976 -6824 10224 END
START -20692 -25908 14476 -26446 -5057 15741 END
START -20332 -25116 13344 -27068 -5699 21076 END
START -19544 -24856 12316 -27922 -6792 27277 END
START -17560 -25056 12028 -29134 -7402 32767 END
START -16008 -25424 11424 -30546 -7312 32767 END
START -14964 -25296 12308 -32199 -8361 32767 END