START 5160 1160 1176 15718 16268 10138 END
START -1264 -5712 -4084 14079 15763 12039 END
START -9460 -8008 -1508 13856 13506 13962 END
START -11232 -7824 -3068 13732 7225 17819 END
START -15060 -7788 -3720 12870 2604 22758 END
START -17340 -7556 -6564 10034 75 31284 END
START -16656 -7988 -8968 5763 -2583 32767 END
START -13040 -8924 -10684 -345 -3613 32767 END
START -7684 -10436 -11172 -7358 -5027 32767 END
START 3860 -11496 -7240 -12699 -6689 32767 END
START 15564 -8180 -3208 -15990 -3933 32767 END
START 25408 -3432 2204 -17717 -1260 32767 END
START 26300 976 4960 -17120 -371 32767 END
START 26804 3228 5168 -17183 -3502 31857 END
START 27480 3664 8144 -18354 -6795 25396 END
START 32767 5216 13648 -18291 -7143 19594 END
START 32767 6616 16300 -16778 -2504 10836 END
START 32767 10004 19756 -15034 4947 -1847 END
START 32767 9868 18060 -14717 11595 -15877 END
START 32767 6624 15808 -14447 16208 -27298 END
START 27736 3448 14128 -13559 18453 -32768 END
START 21376 -452 12728 -12350 19178 -32768 END
START 15900 -4320 11052 -11194 17356 -32768 END
START 10592 -9436 9956 -9772 13382 -32768 END
START 4084 -14252 9300 -8332 9845 -32768 END
START -612 -16912 7984 -7597 6634 -32768 END
START -3652 -18720 6308 -8020 6666 -32768 END
START -7436 -20996 4292 -8915 5636 -32768 END
START -10024 -23184 2456 -10792 5009 -32768 END
START -15800 -23676 2720 -12529 4514 -32768 END
START -19096 -24436 1516 -14159 2574 -32768 END
START -24680 -25592 2068 -15955 -2752 -32768 END
START -27788 -26088 3756 -18271 -9227 -32768 END
START -30184 -28208 5188 -21434 -12667 -26151 END
START -32768 -30956 7280 -26110 -12686 -15046 END
START -32768 -32768 10076 -29470 -14698 -1073 END
START -32768 -32768 14100 -31686 -16987 14558 END
START -32768 -32768 16496 -31594 -19930 29593 END
START -32768 -32768 19368 -30629 -21848 32767 END
START -26380 -32768 20328 -27968 -22230 32767 END
START -18748 -32768 19940 -25686 -22306 32767 END
START -8664 -32768 20980 -25452 -18945 32767 END
START 1396 -32768 23568 -26575 -12250 32767 END