START -14216 -5980 6408 19762 910 9144 END
START -9772 -10456 1644 23010 -5599 12187 END
START -11876 -10624 3432 27510 -8064 16171 END
START -11000 -9992 788 27628 -7563 21564 END
START -13596 -8884 -2288 23858 -3798 27978 END
START -15052 -8272 -6404 17071 -1082 32767 END
START -16208 -8608 -9476 9259 -1706 32767 END
START -12484 -10652 -10876 1918 -6479 32767 END
START -3916 -13744 -9392 -4997 -7228 32767 END
START 9752 -13144 -6588 -10776 -4606 32767 END
START 25036 -7652 -2552 -14070 451 32767 END
START 25492 -2136 -1432 -16041 2857 32767 END
START 21600 -2012 -640 -16488 -3539 32767 END
START 26944 -700 1872 -16526 -10147 32767 END
START 32767 3204 5476 -17328 -7084 32767 END
START 32767 5848 8384 -18306 1422 22532 END
START 32767 7264 9804 -19105 8477 11279 END
START 32767 9316 13312 -19382 13620 -857 END
START 32767 8252 15256 -18011 17136 -13532 END
START 32767 5320 13488 -16975 19634 -26429 END
START 32444 2392 12648 -16336 20748 -32768 END
START 26888 -588 13816 -15097 22349 -32768 END
START 22192 -4280 12412 -13364 24135 -32768 END
START 13668 -11168 10192 -11155 23884 -32768 END
START 5404 -16888 8040 -8776 19517 -32768 END
START -1692 -20732 7108 -7590 12672 -32768 END
START -6332 -23940 6772 -7283 7104 -32768 END
START -10860 -27028 6944 -8341 6158 -32768 END
START -17764 -28076 6468 -9360 9831 -32768 END
START -25244 -27800 5620 -10903 11481 -32768 END
START -32768 -26200 6048 -10851 7039 -32768 END
START -32768 -24436 5388 -9863 -1413 -32768 END
START -32768 -22248 3340 -11442 -6669 -22791 END
START -28984 -22148 1896 -16867 -6856 -13302 END
START -27124 -23960 3504 -22753 -8043 -5526 END
START -24808 -25972 5960 -27019 -10424 1425 END
START -25716 -28424 8968 -30749 -11293 8917 END
START -25792 -30468 12588 -32355 -13758 17524 END
START -25592 -32768 16544 -31464 -16394 26669 END
START -28364 -32768 19152 -27164 -23736 32767 END
START -25584 -32768 19800 -22624 -31437 32767 END
START -16404 -32768 22760 -22148 -30980 32767 END
START -5300 -32768 28716 -20749 -27948 32767 END
START 12048 -32768 32767 -17672 -18684 32767 END