START -24636 -6168 -616 21116 2394 -5645 END
START -18900 -6028 -1288 18349 590 -684 END
START -19720 -5928 -1768 14265 1491 6441 END
START -19664 -5720 -1772 10609 2831 15166 END
START -19756 -5972 488 6290 3502 23143 END
START -15304 -6816 772 4176 3122 28821 END
START -10952 -7180 2372 3021 2152 32767 END
START -8116 -7844 4180 3246 2491 32767 END
START -7064 -8884 3856 3845 2943 32767 END
START -8700 -9908 1728 4251 2433 32767 END
START -5444 -9772 -1252 2896 -507 32767 END
START 444 -9904 -3544 -222 -1305 32767 END
START 5380 -9276 -4008 -4554 595 32767 END
START 14008 -7676 -2916 -9406 4781 32767 END
START 18528 -6020 408 -12291 7792 32767 END
START 23084 -3780 1400 -13105 4716 32767 END
START 30184 -1104 3300 -13280 646 32767 END
START 32767 3644 4216 -13590 26 32767 END
START 32767 6500 5808 -14747 374 26928 END
START 32767 9132 6836 -15543 1610 18936 END
START 32767 10468 8056 -17422 6686 9290 END
START 32767 11492 8792 -19622 13790 -2355 END
START 32767 10640 9972 -21392 19488 -16576 END
START 32767 6324 10956 -22327 20977 -28540 END
START 30944 2152 11680 -21966 20706 -32768 END
START 26864 -936 11684 -21779 21711 -32768 END
START 21396 -6000 10428 -21957 25332 -32768 END
START 13620 -9792 7788 -22938 28341 -32768 END
START 7740 -13796 6464 -24685 29076 -32768 END
START 1028 -18708 8756 -22215 22325 -32768 END
START -5648 -22404 10532 -17009 9753 -32768 END
START -10156 -23500 9652 -13296 -2117 -32768 END
START -14240 -24924 8472 -13257 -6472 -32768 END
START -20572 -27168 7792 -15152 -5628 -32768 END
START -28908 -27916 8372 -16808 -5963 -32768 END
START -32768 -27428 8836 -20327 -7484 -32768 END
START -32768 -28592 9724 -23968 -5685 -25208 END
START -31748 -29796 11160 -26592 -4019 -13088 END
START -29876 -31216 14124 -25952 -5996 -3060 END
START -26600 -31448 13260 -24850 -8703 5169 END
START -27000 -32412 12584 -25326 -10907 12987 END
START -28688 -32768 12532 -26082 -14037 23724 END
START -29360 -32768 13104 -26417 -16378 32767 END
START -24544 -32768 12300 -26730 -17568 32767 END
START -20644 -32768 12620 -27876 -18149 32767 END
START -13704 -32768 13728 -28048 -17761 32767 END
START -7460 -32768 13568 -29148 -16537 32767 END
START 1964 -32768 17948 -30440 -13127 32767 END