START -4956 1136 -1356 26304 -3944 8461 END
START -6884 -4288 -7616 20395 324 10111 END
START -13056 -5060 -4656 14873 7231 14076 END
START -16120 -5652 -2988 11152 7057 18974 END
START -13920 -5592 -4160 9457 2246 21913 END
START -13608 -4936 -4380 7826 -3216 24186 END
START -11200 -4436 -5328 5270 -4963 26957 END
START -8096 -3916 -6752 1142 -1703 30169 END
START -8256 -4724 -7080 -3106 233 32767 END
START -5432 -5064 -7412 -6546 -1496 32767 END
START 3284 -3376 -7152 -10304 -3174 32767 END
START 9412 -1504 -4540 -14496 -1683 32767 END
START 12540 -40 -1048 -17472 -974 32767 END
START 15460 816 3192 -19733 -2125 31161 END
START 21344 1496 9284 -20196 -4975 29654 END
START 30516 3584 14788 -18599 -5730 25802 END
START 32767 6500 19336 -16624 -3440 17814 END
START 32767 8548 20796 -15138 3275 5464 END
START 32767 8536 23172 -13454 6303 -6895 END
START 32767 6776 21316 -11485 7568 -17870 END
START 32767 4652 20044 -10014 9604 -27303 END
START 27420 1820 17860 -8686 11676 -32768 END
START 22028 -864 15784 -7480 13103 -32768 END
START 17672 -3816 12800 -7595 14839 -32768 END
START 10412 -8768 10468 -7545 14688 -32768 END
START 1780 -13000 8976 -7423 12122 -32768 END
START -3568 -15480 7664 -6970 8361 -32768 END
START -8880 -17428 6832 -6369 5137 -32768 END
START -11940 -18104 5160 -7188 3250 -32768 END
START -14044 -18032 3420 -9681 4619 -32768 END
START -17852 -19512 3356 -12133 5893 -32768 END
START -23608 -20400 3988 -13138 3629 -32768 END
START -28088 -20400 4220 -14030 -991 -32768 END
START -29464 -19896 4648 -15934 -4018 -28786 END
START -29340 -20764 5484 -18192 -5556 -20164 END
START -29784 -22116 5680 -20811 -6879 -11707 END
START -29804 -24088 6816 -23964 -9019 -2442 END
START -28184 -26400 8588 -27356 -10249 4668 END
START -29728 -28944 12424 -28902 -11323 12304 END
START -29056 -31336 15616 -27580 -12835 20218 END
START -30600 -32616 16756 -24513 -15675 30062 END
START -29352 -32192 16136 -22223 -19640 32767 END
START -23124 -32768 16788 -21990 -21374 32767 END
START -15540 -32768 21960 -21967 -17258 32767 END
START -5344 -32768 27884 -20487 -10975 32767 END
START 10596 -31752 32767 -15508 -6643 32767 END