START -4840 -3040 -4384 27046 11422 1318 END
START -12412 -8324 -6480 24522 2724 3984 END
START -14664 -9972 -2988 22903 712 8011 END
START -14692 -8604 -3836 19546 2699 12593 END
START -15544 -8976 -4020 15496 5993 16598 END
START -16472 -9368 -4412 11554 8078 21059 END
START -16696 -9752 -4828 7590 8458 25336 END
START -16184 -10216 -6912 3985 7107 29798 END
START -14912 -10068 -8056 -375 5315 32767 END
START -12300 -10468 -8496 -5546 6612 32767 END
START -9444 -10792 -9300 -12045 8639 32767 END
START -2440 -12080 -7520 -18448 10503 32767 END
START 6836 -12288 -2248 -23209 12161 32767 END
START 22968 -7820 5296 -24270 15256 32767 END
START 32076 -2812 7224 -24153 16763 32767 END
START 29788 -1804 9908 -23030 11714 32767 END
START 30256 60 12888 -21343 1362 27638 END
START 31948 2096 16688 -20372 -7129 22605 END
START 32767 2884 23868 -18012 -11869 18209 END
START 32767 9084 27476 -14122 -5576 7471 END
START 32767 11452 28280 -12601 6398 -10725 END
START 32767 8436 29040 -11223 13484 -27791 END
START 32767 5020 25884 -8591 14752 -32768 END
START 32767 856 22520 -6368 13281 -32768 END
START 26708 -3340 19352 -5454 14212 -32768 END
START 20088 -8788 14852 -5237 16796 -32768 END
START 13320 -14604 10204 -4733 17549 -32768 END
START 5308 -20704 6032 -3845 16149 -32768 END
START -2452 -24624 3952 -1877 12801 -32768 END
START -9772 -26508 2604 894 7153 -32768 END
START -16044 -26244 1948 3370 87 -32768 END
START -22408 -25348 820 4799 -6683 -32768 END
START -31120 -21284 -1896 4087 -13191 -32768 END
START -32768 -17488 -4732 -2675 -15677 -32768 END
START -30460 -16664 -4228 -11117 -17431 -17236 END
START -15980 -17136 -2384 -19845 -16024 -6370 END
START -832 -19684 -960 -30186 -7298 -6686 END
START 3464 -25112 5600 -32768 -1162 -14262 END
START -852 -28696 13268 -32768 -4936 -22044 END
START -8936 -32768 15096 -27253 -14317 -26755 END
START -20428 -32768 14632 -24764 -21755 -21405 END
START -26488 -32768 16388 -26862 -20228 -8144 END
START -30112 -32768 18784 -26755 -14163 9045 END
START -28884 -32768 17144 -25859 -14588 24647 END
START -26224 -32768 14152 -24668 -22331 32767 END
START -21176 -32768 12920 -23892 -28701 32767 END
START -16560 -32768 12644 -23148 -31632 32767 END
START -9652 -32768 11592 -23526 -32768 32767 END
START 5820 -32768 15796 -26781 -29870 32767 END
START 16764 -32768 21640 -29369 -17906 32767 END