START -596 4896 -6156 6925 1903 855 END
START -5800 -96 -7596 5078 -4412 5003 END
START -13504 -1244 -2772 1784 -6277 8790 END
START -8264 -1232 -6280 -3873 -6500 11435 END
START -5900 -1280 -6136 -9713 -5266 13363 END
START -6756 -1748 -3768 -13016 -3750 15753 END
START -5624 -1876 -4480 -15399 -2404 19185 END
START -4064 -2540 -4552 -18046 -1682 22724 END
START -2884 -3100 -3824 -21421 -928 26008 END
START 1216 -3688 -3092 -25467 -1017 28562 END
START 6452 -3044 -308 -29754 -550 27941 END
START 9368 -3336 5144 -32196 1404 25500 END
START 7492 -3740 9372 -32123 2281 24319 END
START 6840 -4960 12740 -31359 169 25199 END
START 15544 -4356 15892 -30889 -101 22734 END
START 19348 -4024 19612 -30750 5992 16868 END
START 21720 -3464 22644 -30290 9842 8893 END
START 23096 -3324 23612 -28895 10863 -819 END
START 21496 -4452 26056 -28150 9097 -10647 END
START 20452 -5800 30228 -26923 7646 -18642 END
START 18968 -7080 32767 -23688 8293 -24917 END
START 21040 -7236 32767 -19867 11052 -31682 END
START 20052 -8720 32767 -17349 14598 -32768 END
START 18464 -10352 32767 -13149 14404 -32768 END
START 11700 -13272 32767 -8482 16147 -32768 END
START 3460 -17420 30968 -5184 18378 -32768 END
START -2692 -17644 27240 -3440 20306 -32768 END
START -11364 -19580 25828 -1093 20476 -32768 END
START -21752 -18588 24616 4285 14181 -32768 END
START -25576 -17176 21568 9200 7429 -32768 END
START -30296 -16032 16352 11031 5676 -32539 END
START -32768 -15452 11628 9650 4638 -21164 END
START -32768 -14632 9008 5985 2684 -7874 END
START -32768 -13556 8784 1513 1294 3763 END
START -27316 -13504 10680 -2175 1667 12254 END
START -22840 -13476 13388 -3567 601 19351 END
START -18712 -12824 14760 -3216 -1042 24555 END
START -14452 -11624 15700 -2620 -3503 28552 END
START -11588 -10920 17000 -2132 -4554 31547 END
START -9540 -9980 19044 -2121 -4322 32767 END
START -6676 -9332 21620 -2044 -3178 32767 END
START -3016 -8692 25528 -1192 -1459 32767 END
START 2384 -7524 27848 1092 -416 32767 END
START 4592 -6252 29048 4191 -1529 32767 END
START 4616 -5648 29548 7666 -3720 31666 END
START 6980 -5464 29172 11392 -5559 30619 END
START 8928 -4684 26820 13875 -3895 29107 END
START 11488 -4364 23748 15893 -3805 27629 END
START 17596 -1840 20060 17000 -2809 23485 END
START 19036 456 15320 17104 -2157 17280 END
START 19640 1868 12320 16312 -4167 11816 END
START 21716 2796 9924 15749 -4837 5407 END
START 22416 3712 6340 13309 -5199 -1063 END
START 22992 4032 6328 10610 -3408 -7822 END
START 20612 2660 6516 8689 -1555 -13897 END
START 18072 1556 5912 7293 651 -18268 END
START 20028 2004 3228 4691 1869 -21968 END
START 21396 1612 3172 1444 2903 -28244 END
START 18348 644 3532 -1074 1947 -32768 END
START 16468 -1088 4204 -3108 64 -32768 END
START 15220 -1808 3772 -5173 -1018 -32768 END
START 13712 -3828 4872 -8069 -2460 -32768 END
START 5344 -6968 9244 -9168 -3595 -32768 END
START -7596 -9332 13912 -7523 -6019 -32768 END
START -13068 -10668 14832 -5939 -6042 -32768 END
START -16164 -12680 15640 -6635 -4164 -25448 END
START -18276 -12168 17872 -8213 -1979 -17022 END