START 288 11012 -8540 -2487 -1856 821 END
START 2536 7376 -17544 -3186 -1760 1412 END
START -1448 14040 -2716 -5878 -1130 2178 END
START -244 10680 -8548 -5648 -479 2682 END
START 1988 11920 -6992 -7365 -190 2987 END
START 1668 11024 -5524 -8110 229 3212 END
START 744 10752 -2416 -9077 10 3451 END
START 1584 9608 -2660 -9592 142 3554 END
START 2708 8944 -2652 -10192 746 3654 END
START 3044 8784 -1444 -10605 1297 3717 END
START 3100 8556 -888 -10895 1694 3813 END
START 3748 8608 -216 -11046 2162 3836 END
START 4108 8264 388 -11039 2713 3816 END
START 4936 8092 896 -10940 3279 3754 END
START 5948 8100 1100 -10895 3664 3587 END
START 6772 8036 1272 -10822 3928 3257 END
START 7424 8004 1784 -10765 3982 2762 END
START 7692 7980 2472 -10771 3868 2160 END
START 8140 7856 2856 -10805 3534 1405 END
START 8452 7828 3176 -10790 3116 587 END
START 8464 7628 3476 -10717 2695 -237 END
START 8336 7392 3592 -10604 2312 -1049 END
START 7872 7236 3844 -10413 1914 -1804 END
START 7280 7264 3684 -10162 1475 -2468 END
START 6308 7204 3352 -9920 1089 -3022 END
START 5264 7348 3256 -9752 610 -3423 END
START 4624 7396 3144 -9613 62 -3640 END
START 3660 7368 2504 -9493 -481 -3725 END
START 2624 7432 2404 -9453 -1171 -3686 END
START 1908 7692 1972 -9498 -1781 -3555 END
START 1228 7700 1372 -9646 -2426 -3281 END
START 724 7732 812 -9907 -3011 -2999 END
START 400 7812 540 -10238 -3576 -2631 END
START 208 7672 168 -10630 -4049 -2308 END
START 184 7636 116 -11118 -4417 -1976 END
START 428 7600 -296 -11585 -4618 -1697 END
START 664 7348 -444 -12048 -4621 -1436 END
START 768 7116 -584 -12506 -4493 -1210 END
START 1832 6652 -1068 -13004 -3893 -1028 END
START 1876 6044 -980 -13346 -3279 -984 END
START 1852 6116 -1304 -13773 -2728 -943 END
START 1488 6268 -1404 -14336 -2265 -946 END
START 1388 6244 -1420 -14738 -1863 -909 END
START 1224 5900 -1760 -15431 -1345 -892 END
START 964 5640 -2316 -16038 -831 -851 END
START 764 5472 -2364 -16705 -361 -829 END
START 224 5400 -2456 -17433 61 -800 END
START -352 5336 -2424 -18138 358 -748 END
START -820 5084 -2404 -18909 565 -655 END
START -1328 4884 -2292 -19715 813 -542 END
START -2048 4740 -1844 -20425 918 -370 END
START -2472 4644 -1724 -21108 1030 -79 END
START -3256 4420 -1364 -21683 1048 280 END
START -3624 4300 -1180 -22238 1083 713 END
START -3784 4112 -808 -22689 1076 1172 END
START -3860 3940 -732 -23163 1080 1583 END
START -3784 3828 -440 -23637 1004 1980 END
START -3652 3692 12 -24174 961 2379 END
START -3268 3568 316 -24735 938 2699 END
START -3020 3280 600 -25235 847 2998 END
START -2892 3088 1004 -25697 768 3298 END
START -2476 2784 1224 -26093 589 3553 END
START -2340 2620 1792 -26434 468 3809 END
START -2124 2632 2188 -26763 298 3981 END
START -1652 2632 2560 -27067 26 4129 END
START -1268 2648 3324 -27359 -272 4260 END
START -988 2828 3688 -27697 -632 4414 END
START -632 2864 4492 -28012 -1002 4545 END
START -80 3144 4844 -28336 -1240 4638 END
START 240 3236 5512 -28573 -1406 4710 END
START 688 3236 6220 -28722 -1523 4695 END
START 1072 3260 7076 -28755 -1629 4738 END
START 1356 3384 7592 -28718 -1670 4705 END
START 1792 3484 8252 -28670 -1672 4678 END
START 2172 3592 8520 -28589 -1593 4617 END
START 2512 4036 9176 -28524 -1362 4576 END
START 3060 4136 9524 -28495 -1095 4469 END
START 3524 4372 10252 -28452 -800 4330 END
START 4356 4460 10656 -28406 -429 4141 END
START 5084 4688 11108 -28322 -77 3876 END
START 5860 4608 11608 -28302 382 3494 END
START 6296 4632 12152 -28232 774 3006 END
START 6304 4780 12628 -28169 986 2460 END
START 6176 5092 13400 -28023 1006 1850 END
START 6088 5616 13760 -27946 918 1177 END
START 5832 6336 14148 -27963 784 544 END
START 5680 7000 14760 -28018 583 -188 END
START 5200 7656 15256 -28123 454 -798 END
START 4832 8016 15584 -28293 350 -1383 END
START 4456 8356 16172 -28495 399 -1883 END
START 3772 8424 17244 -28622 444 -2324 END
START 2936 8532 18156 -28654 492 -2632 END
START 2212 8716 19180 -28551 480 -2897 END
START 1724 8844 20384 -28326 557 -3059 END
START 1156 9012 21104 -28010 641 -3250 END
START 752 9336 22276 -27603 740 -3405 END
START 588 9476 22996 -27260 933 -3586 END
START 564 9516 23396 -26889 1239 -3785 END
START 544 9544 23824 -26590 1769 -4004 END
START 788 9376 24296 -26424 2394 -4263 END
START 516 9172 25068 -26211 3037 -4555 END
START 540 8736 25972 -26096 3723 -4799 END
START 504 8408 26604 -25884 4485 -5048 END
START 352 8104 27104 -25529 5271 -5258 END
START -88 7992 28276 -25174 6080 -5431 END
START -396 7748 29216 -24839 6807 -5583 END
START -720 7340 30000 -24447 7472 -5723 END
START -1216 6784 30856 -23912 7902 -5968 END
START -1640 6744 32136 -23415 8095 -6207 END
START -2116 6908 32767 -22805 8241 -6285 END
START -2772 7008 32767 -22396 8406 -6250 END
START -3620 6788 32767 -21845 8476 -6136 END
START -4128 6380 32767 -21329 8446 -6026 END
START -4660 5952 32767 -20704 8256 -5921 END
START -5184 5792 32767 -19808 7823 -5815 END
START -5212 5832 32767 -18806 7262 -5713 END
START -5156 5700 32767 -17599 6617 -5695 END
START -4776 5652 32767 -16418 6001 -5757 END
START -4132 5380 32767 -15228 5481 -5922 END
START -3716 5332 32767 -14130 5139 -6141 END
START -3288 5304 32767 -13089 4838 -6371 END
START -3268 5232 32767 -11987 4614 -6509 END
START -3452 5248 32767 -10946 4427 -6517 END
START -3292 4652 32767 -9807 4343 -6454 END
START -3300 4560 32767 -8652 4305 -6328 END
START -2448 4496 32767 -7541 4504 -6149 END
START -1504 4472 32767 -6421 4856 -5984 END
START -584 4704 32767 -5436 5399 -5861 END
START 416 4928 32767 -4506 6074 -5895 END
START 1496 5056 32767 -3729 6887 -6044 END
START 2792 5248 32248 -3087 7879 -6292 END
START 3960 5420 31268 -2500 9002 -6649 END
START 5028 5492 30692 -2014 10044 -7146 END
START 5756 5444 30100 -1610 10817 -7799 END
START 5912 5336 29492 -1216 11258 -8531 END
START 5720 5264 29052 -792 11238 -9329 END
START 5632 5188 28404 -315 10821 -10032 END
START 5676 5164 27800 180 10149 -10823 END
START 5752 5200 26836 638 9422 -11479 END
START 5948 5340 26316 983 8701 -12188 END
START 6092 5360 25608 1288 8036 -12802 END
START 6424 5520 25224 1506 7550 -13404 END
START 7232 5568 24920 1745 7335 -13950 END
START 8336 5692 24468 2008 7353 -14655 END
START 9824 5688 23900 2268 7740 -15396 END
START 11072 5552 23368 2540 8255 -16416 END
START 11844 5388 23080 2863 8861 -17637 END
START 12344 5200 22764 3153 9298 -18938 END
START 12412 5076 22256 3432 9569 -20222 END
START 12044 4864 21812 3668 9727 -21502 END
START 11248 4796 21404 3911 9633 -22705 END
START 10244 4864 21100 4105 9309 -23735 END
START 9336 4496 20672 4280 8834 -24629 END
START 8292 4372 20260 4429 8211 -25433 END
START 7440 4004 20036 4579 7537 -26038 END
START 6568 4112 19752 4742 6978 -26528 END
START 6300 4092 19332 4862 6598 -26918 END
START 6056 4116 19340 5014 6383 -27293 END
START 6220 4064 18988 5207 6542 -27642 END
START 6364 3784 19048 5502 6775 -27990 END
START 6800 3396 19420 5867 7132 -28420 END
START 6864 2932 19848 6278 7335 -28984 END
START 6436 2488 20380 6784 7424 -29661 END
START 5928 1868 20736 7400 7381 -30385 END
START 4972 1460 21200 8128 7230 -31089 END
START 3636 1108 21580 8922 6990 -31715 END
START 2140 832 21828 9799 6595 -32185 END
START 708 784 21648 10687 6189 -32496 END
START -656 572 21548 11551 5782 -32655 END
START -2096 148 21436 12477 5411 -32625 END
START -3520 -304 21232 13442 5059 -32440 END
START -4788 -620 20852 14396 4722 -32033 END
START -6232 -1044 20460 15324 4406 -31440 END
START -7708 -1096 19812 16259 4201 -30577 END
START -9316 -1080 19304 17063 4011 -29586 END
START -10740 -1196 18304 17963 3866 -28328 END
START -11488 -884 17616 18455 3737 -26980 END
START -12248 -1324 16608 19081 3742 -25580 END
START -13384 -1400 15780 19771 3730 -23926 END
START -13704 -1460 15156 20340 3675 -22253 END
START -13680 -1396 14372 20823 3670 -20500 END
START -13204 -1616 13788 21185 3674 -18810 END
START -12668 -1836 13052 21371 3667 -17354 END
START -12180 -1972 12244 21356 3580 -16080 END
START -12056 -2136 11740 21224 3345 -14999 END
START -11888 -2032 11412 20948 2844 -14132 END
START -11500 -2072 10976 20649 2121 -13315 END
START -10852 -1992 10456 20293 1385 -12647 END
START -10204 -1980 9756 19832 709 -12084 END
START -9692 -2176 9120 19268 204 -11705 END
START -9240 -2184 9004 18743 -185 -11408 END
START -9176 -2032 8920 18087 -482 -11124 END
START -9416 -1960 8848 17446 -658 -10803 END
START -9676 -1744 8908 16821 -768 -10474 END
START -9968 -1656 9120 16221 -767 -10116 END
START -10052 -1532 9664 15728 -779 -9698 END
START -10048 -1472 10004 15292 -765 -9304 END
START -10300 -1348 10228 14922 -726 -8889 END
START -10728 -1264 10828 14639 -707 -8473 END
START -11144 -1096 11152 14467 -764 -8071 END
START -11608 -916 11348 14310 -793 -7612 END
START -12140 -632 11240 14218 -855 -7177 END
START -12520 -392 11172 14171 -816 -6698 END
START -12916 -276 10764 14141 -657 -6127 END
START -13064 -68 10148 14150 -271 -5515 END
START -13484 284 9536 14144 185 -4770 END
START -13536 500 8792 14060 556 -4096 END
START -13676 796 7972 13853 768 -3336 END
START -13832 848 7696 13497 819 -2630 END
START -13844 1224 7232 13052 666 -1835 END
START -13780 1528 6468 12498 406 -1135 END
START -13828 1808 5844 11846 115 -373 END
START -13848 2152 5500 11124 -228 364 END
START -13852 2448 5176 10400 -530 1087 END
START -13692 2760 4968 9682 -908 1849 END
START -13424 2920 4800 9012 -1351 2546 END
START -12652 3064 4556 8364 -1799 3219 END
START -11728 2896 4308 7747 -2174 3772 END
START -10716 3232 3964 7179 -2325 4182 END
START -9644 3508 3736 6510 -2402 4486 END
START -8848 3804 3308 5832 -2402 4634 END
START -7984 4084 3324 5099 -2322 4707 END
START -7548 4288 3232 4299 -2150 4675 END
START -7068 4476 2928 3454 -1978 4611 END
START -6868 4812 2896 2575 -1766 4518 END
START -6804 4888 3032 1718 -1532 4422 END
START -6420 5036 3032 809 -1309 4315 END
START -6072 5220 2768 -70 -1078 4213 END
START -5620 5260 2872 -931 -830 4066 END
START -5332 5344 3224 -1769 -610 3886 END
START -5336 5436 3512 -2633 -456 3679 END
START -5472 5564 3732 -3434 -362 3454 END
START -5732 5616 4332 -4255 -238 3253 END
START -6256 5756 4792 -4946 -184 3051 END
START -6764 5848 5392 -5577 -191 2925 END
START -7268 5784 5808 -6134 -223 2896 END
START -8108 5784 6000 -6620 -279 2939 END
START -8772 5800 6520 -6996 -296 3071 END
START -9324 6032 6776 -7400 -341 3311 END
START -10124 6212 7280 -7780 -381 3613 END
START -10988 6352 7776 -8160 -464 4048 END
START -11696 6392 8404 -8487 -567 4532 END
START -12140 6444 8612 -8786 -699 5140 END
START -12600 6256 9068 -8991 -847 5737 END
START -12940 6148 9340 -9150 -976 6417 END
START -13012 6024 9528 -9274 -1037 7106 END
START -13100 5964 9668 -9370 -1083 7834 END
START -12936 5956 9604 -9497 -1133 8538 END
START -12748 5792 9756 -9642 -1209 9192 END
START -12588 5672 9556 -9829 -1287 9781 END
START -12508 5712 9724 -10131 -1382 10375 END
START -12112 5616 9672 -10512 -1434 10907 END
START -11968 5464 9804 -10927 -1511 11448 END
START -11836 5312 9912 -11424 -1559 11937 END
START -11448 5256 9896 -11942 -1429 12473 END
START -11192 5052 10340 -12453 -1162 13027 END
START -10732 5024 10500 -12990 -714 13672 END
START -10140 4684 10872 -13436 -70 14177 END
START -9560 4476 11168 -13960 663 14652 END
START -8948 4288 11588 -14388 1458 15108 END
START -8536 4080 12316 -14717 2210 15494 END
START -8156 3764 12788 -14972 2856 15787 END
START -7780 3556 13560 -15095 3404 16117 END
START -7384 3468 14104 -15127 3831 16363 END
START -7160 3128 14852 -15201 4184 16528 END
START -6844 3052 15304 -15208 4441 16700 END
START -6792 2888 15696 -15227 4576 16847 END
START -6828 2956 16272 -15195 4609 16964 END
START -6760 2828 16884 -15099 4507 17086 END
START -6884 2752 17336 -14821 4273 17192 END
START -6852 2812 17936 -14832 3981 17314 END
START -7132 2764 18356 -14600 3636 17386 END
START -7468 2792 18792 -14408 3273 17522 END
START -7796 2784 19324 -14079 2796 17690 END
START -8204 2812 19988 -13736 2193 17977 END
START -8284 2760 20196 -13366 1718 18272 END
START -8252 2716 20236 -12982 1397 18639 END
START -8080 2648 20548 -12541 1265 19012 END
START -8132 2564 20792 -12107 1284 19385 END
START -8056 2668 20896 -11685 1398 19816 END
START -7856 2876 20852 -11261 1652 20234 END
START -7660 2732 20804 -10921 1990 20625 END
START -7464 2756 20728 -10652 2360 21048 END
START -7516 2672 20772 -10421 2775 21493 END
START -7516 2720 20836 -10257 3205 22009 END
START -7732 2884 20648 -10158 3625 22551 END
START -7856 2884 20864 -10136 3980 23218 END
START -8000 3024 21044 -10119 4293 23869 END
START -7928 2956 21428 -10140 4621 24655 END
START -7584 2900 21684 -10051 4964 25416 END
START -7116 2776 22068 -9889 5315 26173 END
START -6264 2716 22384 -9706 5807 26873 END
START -5228 2540 22888 -9383 6318 27434 END
START -3872 2428 23476 -9059 6887 27929 END
START -2744 2292 24332 -8678 7425 28265 END
START -1740 2036 24980 -8201 7971 28442 END
START -512 1988 25608 -7684 8317 28470 END
START 328 1984 26584 -6980 8395 28280 END
START 1540 1968 27348 -6111 8081 27886 END
START 2596 1920 27936 -5063 7418 27228 END
START 3828 1964 28388 -3883 6614 26358 END
START 5040 1976 28796 -2706 5631 25299 END
START 5824 2088 28944 -1554 4638 24190 END
START 6396 2212 29260 -368 3469 22935 END
START 6564 2552 29404 772 2318 21603 END
START 6460 2920 29420 1929 1264 20349 END
START 6280 3316 29112 2967 401 19170 END
START 6060 3664 28956 4075 -357 18087 END
START 5612 3996 28972 5138 -935 17119 END
START 5420 4260 28592 6170 -1262 16364 END
START 4896 4524 28300 7247 -1511 15689 END
START 4700 4788 28076 8309 -1631 15157 END
START 4380 4892 27604 9322 -1680 14723 END
START 3984 4960 27452 10285 -1828 14392 END
START 3408 5176 27072 11248 -1988 14132 END
START 3104 5532 26488 12145 -2181 13882 END
START 3048 5728 25804 13002 -2308 13740 END
START 3452 6028 25232 13795 -2329 13593 END
START 3940 6108 24300 14521 -2186 13418 END
START 4688 6236 23528 15122 -1919 13236 END
START 5484 6236 22696 15691 -1503 12979 END
START 5996 6296 22200 16093 -1055 12729 END
START 6392 6428 21420 16485 -654 12230 END
START 6512 6612 21084 16785 -279 11890 END
START 6660 7016 20792 17024 -55 11396 END
START 6916 7328 20268 17292 161 10897 END
START 7256 7624 19796 17406 260 10333 END
START 7752 7604 19208 17570 472 9662 END
START 8156 7556 18952 17800 609 8912 END
START 8524 7500 18828 18064 765 8142 END
START 8552 7648 18896 18348 874 7324 END
START 9008 7868 18872 18615 1001 6597 END
START 9208 7932 18480 18940 1200 5869 END
START 9532 8052 18392 19225 1447 5198 END
START 9844 8036 18188 19501 1713 4497 END
START 10064 8044 18180 19837 1917 3767 END
START 10428 8100 18228 20233 2002 3000 END
START 10740 7968 18072 20633 2025 2155 END
START 11140 8060 18368 21151 1928 1208 END
START 11288 8008 18076 21670 1803 151 END
START 11288 8028 18128 22294 1546 -983 END
START 11024 8048 18024 22922 1108 -2187 END
START 10640 8024 17776 23597 457 -3380 END
START 10076 7916 17768 24284 -502 -4548 END
START 9852 7720 17368 25022 -1603 -5671 END
START 9740 7684 17036 25820 -2859 -6714 END
START 9724 7508 16492 26604 -4160 -7767 END
START 9560 7520 15828 27360 -5357 -8730 END
START 9376 7488 15084 28081 -6536 -9735 END
START 9464 7428 14500 28742 -7664 -10673 END
START 9336 7360 13840 29337 -8742 -11629 END
START 9664 7348 13020 29827 -9600 -12599 END
START 10104 7064 12108 30232 -10337 -13636 END
START 10864 7148 11172 30523 -10623 -14658 END
START 11628 7008 10076 30704 -10545 -15844 END
START 12352 7056 9140 30737 -10156 -17065 END
START 12844 7104 7980 30637 -9504 -18482 END
START 12820 6940 7344 30433 -8892 -19854 END
START 12128 6732 6552 30170 -8312 -21244 END
START 11212 6852 5864 29708 -7755 -22687 END
START 9768 6744 4976 29219 -7324 -23948 END
START 8268 6812 4124 28601 -6945 -25107 END
START 6672 6736 3136 27951 -6589 -26008 END
START 5280 6744 2160 27185 -6096 -26751 END
START 3916 6664 972 26375 -5598 -27186 END
START 2548 6540 -112 25532 -4993 -27420 END
START 1332 6516 -1448 24503 -4225 -27510 END
START 64 6696 -2692 23399 -3464 -27401 END
START -1032 6988 -3820 22108 -2690 -27206 END
START -1944 7272 -4716 20789 -2045 -26953 END
START -2592 7540 -5820 19221 -1432 -26624 END
START -2916 7784 -6732 17511 -880 -26266 END
START -3316 7772 -7420 15699 -377 -25879 END
START -3532 7720 -7972 13722 106 -25481 END
START -4116 7760 -8384 11740 471 -25091 END
START -4372 7708 -8288 9735 777 -24693 END
START -4740 7960 -8076 7745 998 -24298 END
START -5032 7836 -7632 5665 1114 -23894 END
START -5256 7916 -6812 3648 1093 -23541 END
START -5608 7688 -5976 1775 984 -23291 END
START -5984 7288 -4328 32 799 -23104 END
START -6612 6868 -2600 -1395 569 -22934 END
START -7224 6780 -1736 -2567 350 -22796 END
START -7940 6656 -80 -3537 179 -22649 END
START -8852 6428 1616 -4256 84 -22517 END
START -9860 6028 3288 -4778 -25 -22290 END
START -11020 5568 4972 -5037 -74 -22050 END
START -12328 5056 6724 -5072 -246 -21723 END
START -13888 4708 8152 -4921 -400 -21300 END
START -15476 4404 9536 -4546 -642 -20729 END
START -17120 4304 11032 -4000 -963 -20026 END
START -18692 4140 12348 -3277 -1404 -19072 END
START -19976 3864 13264 -2410 -1923 -18021 END
START -21208 3396 14284 -1342 -2563 -16807 END
START -21976 2908 14904 -217 -3166 -15563 END
START -22768 2492 15636 1159 -3818 -14096 END
START -23484 2200 15852 2587 -4468 -12644 END
START -24292 2036 15880 4029 -5090 -11074 END
START -24680 1976 15212 5546 -5603 -9315 END
START -25136 1980 15020 6924 -6042 -7542 END
START -25200 1920 14384 8157 -6335 -5717 END
START -25068 2056 13228 9230 -6484 -3865 END
START -24704 2320 12496 10179 -6549 -1947 END
START -24420 2676 11540 10906 -6646 -111 END
START -23892 2932 10424 11460 -6665 1654 END