START -368 3800 -12556 -1223 10379 6262 END
START -844 -1468 -15428 -6849 5787 8916 END
START 1844 -3340 -13812 -11288 5369 12304 END
START 1020 -3536 -11400 -16425 6246 14836 END
START -1044 -4392 -7196 -21583 7744 16261 END
START -2340 -5616 -3004 -24100 7664 18505 END
START -3540 -5476 560 -23720 2093 20658 END
START 1620 -5088 840 -23453 -1590 22136 END
START 6700 -3612 808 -24867 -1160 21476 END
START 7100 -3380 1740 -26715 -1060 20793 END
START 9180 -2860 2460 -28827 -2959 19766 END
START 11036 -3720 5164 -31591 -2757 18260 END
START 13512 -4356 7392 -32768 -1703 16595 END
START 16360 -5164 11444 -32768 639 13856 END
START 19484 -6372 18116 -32768 4855 9144 END
START 20748 -7376 26248 -32768 6566 3471 END
START 23228 -6548 31388 -32768 6908 -4078 END
START 24084 -5512 32767 -30852 5058 -12372 END
START 23828 -6308 32767 -27704 2712 -20541 END
START 25000 -6604 32767 -23899 2754 -28372 END
START 23444 -7520 32767 -21090 6901 -32768 END
START 19348 -10140 32767 -18928 11500 -32768 END
START 12656 -13816 32767 -16549 13881 -32768 END
START 5592 -17036 32767 -12028 11040 -32768 END
START 1736 -18816 32767 -5959 8607 -32768 END
START -2932 -19532 32767 -786 7069 -32768 END
START -8040 -19892 30296 3107 6882 -32768 END
START -12032 -19496 26192 6079 7347 -32768 END
START -15828 -19540 21580 8134 8213 -32768 END
START -21952 -19396 17412 10342 5836 -32768 END
START -26868 -18420 14272 11189 1492 -26133 END
START -29880 -16344 12232 10629 -2736 -15291 END
START -27524 -13892 9560 8293 -5311 -3657 END
START -23068 -12656 7676 4359 -4491 5666 END
START -19880 -11900 6500 140 -4551 12475 END
START -15612 -11960 7484 -3519 -5867 17119 END
START -10980 -12356 9240 -6361 -6195 19446 END
START -8804 -12660 11468 -8274 -4826 20970 END
START -9396 -13352 13972 -8928 -3826 22360 END
START -10536 -15124 16708 -8798 -3353 25196 END
START -11588 -15616 19560 -7349 -5155 29406 END
START -9744 -15580 22248 -5507 -5163 32767 END
START -6088 -15536 25452 -3407 -3856 32767 END
START -2468 -15716 29164 -121 -2112 32767 END
START 956 -14964 31896 4787 -1941 32767 END
START 1392 -13848 31732 10327 -3254 32767 END
START 3940 -12968 30196 15138 -4502 32767 END
START 8332 -11780 28708 18288 -3478 32767 END
START 13172 -10116 26412 20228 -1191 32767 END
START 17100 -8596 24808 21199 693 29421 END
START 19788 -6464 22496 22218 2143 24590 END
START 20624 -5016 20088 22969 2739 19201 END
START 19448 -3844 17564 23928 1704 15132 END
START 18420 -3420 15452 24895 -657 12147 END
START 22280 -1872 13072 25152 -1657 8568 END
START 26060 252 10300 23467 603 2555 END
START 26336 1232 7968 20900 2996 -3952 END
START 24960 1784 5520 17664 3829 -10084 END
START 27228 2728 3968 14250 4042 -16849 END
START 26752 2796 772 9744 5620 -25179 END
START 25868 1524 720 5743 4673 -32768 END
START 23024 232 624 2417 2594 -32768 END
START 17632 -2564 708 -439 40 -32768 END
START 12336 -4772 1148 -3327 -1895 -32768 END
START 7456 -7364 1560 -6517 -3978 -32768 END
START -1688 -10996 4600 -8387 -8149 -32768 END
START -13552 -14584 11048 -7619 -11657 -32768 END
START -25104 -18016 15708 -7398 -7119 -32768 END