START 4364 8352 -2296 -4882 -1690 5465 END
START 6668 4364 -14812 -4068 -2036 5151 END
START 3936 10608 -2180 -6703 -2011 5012 END
START 2220 7804 -3108 -5604 -2183 4736 END
START 2460 8444 -3376 -7090 -3264 4459 END
START 3228 8232 -3856 -7424 -3651 4252 END
START 2320 8092 -2832 -8292 -4055 4147 END
START 1852 7740 -2524 -8871 -4362 4078 END
START 2112 7408 -3056 -9380 -4165 4094 END
START 1984 7420 -2772 -9853 -3770 4142 END
START 2480 7284 -3056 -10246 -3223 4250 END
START 2504 7120 -2792 -10544 -2730 4355 END
START 2120 6888 -2240 -10781 -2295 4469 END
START 1800 6828 -1764 -10993 -1838 4657 END
START 1596 6996 -1292 -11032 -1503 4876 END
START 1684 7200 -996 -11033 -1322 5068 END
START 2128 7296 -1000 -10984 -1188 5275 END
START 2472 7156 -1200 -10901 -981 5409 END
START 2936 7064 -1228 -10872 -780 5422 END
START 3420 7076 -1448 -10893 -545 5371 END
START 3788 7128 -1388 -11041 -283 5288 END
START 4100 7244 -1592 -11210 -1 5159 END
START 4132 7220 -1680 -11442 259 4993 END
START 4332 7332 -1780 -11696 481 4870 END
START 4484 7420 -2060 -11986 707 4698 END
START 4548 7456 -2240 -12271 831 4570 END
START 4880 7732 -2812 -12642 920 4415 END
START 5344 7724 -2852 -13037 968 4269 END
START 5572 7840 -2908 -13425 957 4073 END
START 6240 7956 -3056 -13899 899 3756 END
START 7024 7908 -3144 -14464 815 3320 END
START 7488 7932 -2808 -14973 742 2791 END
START 7904 7992 -2928 -15396 665 2073 END
START 8292 8052 -2472 -15951 587 1312 END
START 8480 7776 -2200 -16458 493 504 END
START 8196 7664 -1976 -16982 396 -346 END
START 7888 7472 -1556 -17366 188 -1189 END
START 7164 7376 -1392 -17769 -41 -1990 END
START 6556 7152 -1132 -18137 -348 -2656 END
START 5780 7196 -692 -18469 -668 -3236 END
START 5040 7308 -248 -18775 -987 -3640 END
START 4396 7204 -76 -19042 -1362 -3928 END
START 3644 7336 312 -19315 -1676 -4063 END
START 2976 7192 376 -19540 -1899 -4100 END
START 2260 7092 780 -19788 -2071 -4015 END
START 1540 6976 1156 -19985 -2233 -3821 END
START 852 6808 1440 -20179 -2447 -3519 END
START 200 6828 1580 -20342 -2751 -3088 END
START -252 6820 1816 -20452 -3138 -2580 END
START -584 6996 1632 -20541 -3519 -1987 END
START -484 7324 1216 -20677 -3826 -1355 END
START -404 7812 1120 -20869 -3993 -775 END
START -20 8176 980 -21213 -4033 -230 END
START 488 8304 1008 -21635 -4002 251 END
START 912 8316 948 -22103 -3922 691 END
START 1176 8244 920 -22649 -3831 1072 END
START 1192 8252 1156 -23196 -3759 1515 END
START 1536 8276 1052 -23757 -3623 1907 END
START 2096 8328 924 -24340 -3456 2331 END
START 3064 8332 884 -24904 -3209 2611 END
START 4116 8728 620 -25645 -2890 2792 END
START 5248 8832 620 -26377 -2437 2892 END
START 6460 8992 840 -27269 -1847 2851 END
START 7388 9036 1208 -28180 -1171 2665 END
START 8324 9108 1824 -29197 -326 2362 END
START 8948 9076 2828 -30113 442 1957 END
START 9176 9016 3508 -30948 1253 1410 END
START 9288 8896 4604 -31566 1949 918 END
START 8980 8620 5928 -32056 2538 354 END
START 8600 8488 6812 -32315 2915 -131 END
START 8180 8500 7508 -32485 3112 -558 END
START 7344 8608 8848 -32561 3079 -910 END
START 6860 8920 9708 -32499 2973 -1139 END
START 6480 8980 10572 -32401 2950 -1261 END
START 6264 9176 11228 -32344 3040 -1328 END
START 6012 9228 12096 -32217 3241 -1321 END
START 6060 9240 12608 -32074 3590 -1298 END
START 6068 9180 13752 -31880 3988 -1295 END
START 5972 9064 14404 -31617 4360 -1273 END
START 6068 9112 15132 -31303 4787 -1297 END
START 6060 9000 15912 -30919 5172 -1299 END
START 6252 8968 16488 -30525 5595 -1348 END
START 6544 8900 17020 -30060 5938 -1416 END
START 7084 8904 17596 -29651 6269 -1530 END
START 8016 8968 17768 -29238 6601 -1759 END
START 8712 8832 18228 -28827 6971 -2093 END
START 9888 8760 18444 -28554 7249 -2617 END
START 10868 8620 18592 -28265 7482 -3309 END
START 11972 8608 18996 -28045 7643 -4216 END
START 12840 8468 19372 -27969 7783 -5320 END
START 13764 8380 19800 -27923 7920 -6590 END
START 14392 8392 20716 -27992 7974 -8108 END
START 14452 8284 21948 -28137 7889 -9657 END
START 14492 8184 23312 -28129 7559 -11374 END
START 14760 7656 24368 -27994 7239 -13050 END
START 14428 7396 25696 -27672 6936 -14815 END
START 14244 6716 26984 -27103 6650 -16607 END
START 13744 6400 28208 -26388 6353 -18323 END
START 13136 6252 29228 -25494 5967 -20038 END
START 12364 6056 30212 -24558 5642 -21657 END
START 11980 5624 30692 -23586 5377 -23107 END
START 11488 4928 31464 -22488 5214 -24589 END
START 10296 4744 32324 -21320 4992 -25925 END
START 9476 4380 32767 -20104 4654 -27108 END
START 8400 4240 32767 -18760 4193 -28336 END
START 7992 3936 32767 -17416 3835 -29460 END
START 7652 3752 32767 -16045 3629 -30573 END
START 7272 3432 32767 -14650 3512 -31702 END
START 6828 3328 32767 -13530 3290 -32768 END
START 6392 3100 32767 -12428 3056 -32768 END
START 5900 2856 32767 -11422 2725 -32768 END
START 5540 2416 32384 -10481 2478 -32768 END
START 4968 1880 31916 -9628 2304 -32768 END
START 3836 1416 31536 -8933 2208 -32768 END
START 2760 920 31204 -8289 2156 -32768 END
START 1432 380 30916 -7643 2108 -32768 END
START -12 -60 30428 -6990 2062 -32768 END
START -1684 -520 30312 -6306 1975 -32768 END
START -3340 -852 30404 -5538 1799 -32768 END
START -4968 -1204 30228 -4714 1533 -32768 END
START -6236 -1424 29836 -3828 1289 -32768 END
START -7280 -1596 29424 -2896 1170 -32768 END
START -8276 -2056 29108 -1970 1065 -32768 END
START -9212 -2452 28712 -1046 990 -32768 END
START -10428 -2932 28268 -195 892 -32768 END
START -11812 -3144 27740 666 755 -32768 END
START -13336 -3176 27236 1475 664 -32768 END
START -14552 -3248 26628 2289 510 -32768 END
START -15680 -3300 25856 3108 329 -32768 END
START -16864 -3484 25264 3857 94 -32768 END
START -17764 -3712 24428 4612 -170 -32768 END
START -18672 -3836 23792 5220 -425 -32765 END
START -19484 -3940 23040 5828 -711 -31401 END
START -20060 -3960 22124 6316 -923 -29938 END
START -20684 -3800 21368 6747 -1101 -28453 END
START -21348 -3804 20828 7137 -1243 -26887 END
START -21692 -3920 20008 7492 -1368 -25356 END
START -22096 -3780 19532 7780 -1423 -23728 END
START -22364 -3856 18920 8022 -1541 -22177 END
START -22724 -3620 18248 8255 -1607 -20492 END
START -23100 -3476 17688 8416 -1726 -18854 END
START -23500 -3084 16780 8504 -1852 -17176 END
START -23708 -2892 16300 8550 -1982 -15474 END
START -23900 -2600 15608 8566 -2136 -13857 END
START -23928 -2240 15020 8531 -2152 -12124 END
START -23900 -2100 14348 8408 -2075 -10392 END
START -23748 -1716 13800 8217 -1890 -8700 END
START -23520 -1344 12912 7964 -1641 -7047 END
START -23264 -1160 12368 7613 -1380 -5302 END
START -23132 -748 11740 7162 -1108 -3667 END
START -22964 -620 11396 6683 -927 -2024 END
START -22652 -592 10948 6153 -791 -423 END
START -22488 -492 10808 5615 -749 1075 END
START -22152 -408 10520 5062 -783 2555 END
START -21792 -200 10108 4507 -860 4041 END
START -21156 -28 9856 3964 -944 5460 END
START -20328 96 9796 3432 -966 6696 END
START -19932 184 9604 2902 -964 7926 END
START -19120 244 9668 2352 -956 9041 END
START -18208 8 9564 1804 -890 10118 END
START -17676 -104 9376 1293 -808 11142 END
START -17100 -12 9328 705 -702 12101 END
START -16688 -16 9436 191 -654 12981 END
START -16320 208 9720 -348 -635 13934 END
START -15840 156 9616 -937 -588 14768 END
START -15280 168 9568 -1498 -572 15559 END
START -15168 96 9864 -1997 -493 16363 END
START -14460 108 9944 -2508 -376 17196 END
START -14364 68 10032 -2934 -258 17955 END
START -14248 8 10052 -3386 -160 18768 END
START -14300 0 10288 -3833 -13 19610 END
START -14440 -116 10536 -4241 40 20464 END
START -14440 84 10920 -4641 84 21339 END
START -14552 36 11036 -5084 113 22315 END
START -14360 80 11260 -5442 174 23267 END
START -14292 -40 11832 -5781 242 24243 END
START -14252 -132 12040 -6144 307 25242 END
START -14012 -324 12412 -6407 355 26284 END
START -13596 -340 12996 -6640 484 27270 END
START -13372 -488 13324 -6855 693 28192 END
START -12820 -584 13636 -7016 972 29092 END
START -12328 -788 14168 -7143 1273 29924 END
START -11848 -680 14536 -7275 1673 30781 END
START -11560 -712 15040 -7383 2040 31545 END
START -11016 -776 15228 -7483 2515 32286 END
START -10632 -792 15676 -7596 2954 32767 END
START -10136 -808 16208 -7739 3336 32767 END
START -9708 -688 16816 -7889 3729 32767 END
START -9112 -688 17292 -7953 4015 32767 END
START -8448 -636 17896 -8027 4243 32767 END
START -7448 -716 18496 -7989 4560 32767 END
START -6096 -728 18940 -7925 4840 32767 END
START -4812 -688 19396 -7755 5195 32767 END
START -3340 -736 20080 -7563 5629 32767 END
START -1960 -620 20768 -7309 6063 32767 END
START -760 -488 21804 -7113 6454 32767 END
START 276 -220 22404 -6832 6771 32767 END
START 728 -32 23240 -6573 6959 32767 END
START 1364 288 24024 -6200 7001 32767 END
START 1760 624 24844 -5757 6881 32767 END
START 2068 788 25744 -5183 6518 32767 END
START 2124 844 26796 -4524 5953 32767 END
START 2072 1132 27344 -3692 5157 32767 END
START 1848 1152 28048 -2737 4177 32300 END
START 1688 1148 28752 -1688 3070 31617 END
START 1472 1012 29136 -514 1887 31027 END
START 1104 1224 29236 609 745 30556 END
START 920 1452 29372 1828 -434 30199 END
START 560 1640 29464 2954 -1504 29955 END
START 724 1820 29388 4044 -2450 29847 END
START 1128 1936 29516 5163 -3153 29820 END
START 2084 2112 29200 6184 -3582 29853 END
START 3300 2264 29196 7183 -3704 29883 END
START 4732 2376 29364 8159 -3679 29859 END
START 5828 2556 29472 9079 -3569 29680 END
START 6936 2704 29672 9997 -3442 29360 END
START 7956 2868 29904 11000 -3357 28867 END
START 8588 2804 30008 11959 -3311 28291 END
START 9108 2996 29820 13021 -3367 27585 END
START 9380 2940 29860 14128 -3579 26762 END
START 9428 3260 29468 15229 -4004 25960 END
START 9404 3516 29216 16298 -4507 25156 END
START 9224 3812 28608 17422 -5209 24300 END
START 9324 3952 27828 18387 -5906 23493 END
START 9244 4108 26912 19338 -6661 22730 END
START 9452 4416 26244 20162 -7382 22009 END
START 9568 4372 25380 20947 -8136 21185 END
START 9828 4604 24484 21626 -8796 20469 END
START 10396 4832 23544 22250 -9330 19731 END
START 10676 4844 22536 22832 -9724 18982 END
START 11064 4952 21688 23312 -10039 18251 END
START 11272 5128 20712 23711 -10267 17461 END
START 11820 5396 19724 24051 -10428 16638 END
START 12040 5540 19028 24343 -10559 15827 END
START 12312 5628 18372 24591 -10656 15027 END
START 12464 5772 17624 24822 -10723 14189 END
START 12604 5820 16976 24957 -10772 13321 END
START 12720 5912 16408 25087 -10814 12532 END
START 12508 5992 15988 25162 -10923 11539 END
START 12432 6120 15504 25224 -11029 10744 END
START 12312 6120 15132 25234 -11214 9866 END
START 12160 6028 14508 25291 -11391 9057 END
START 11720 6152 13992 25281 -11583 8228 END
START 11640 6344 13712 25269 -11766 7402 END
START 11244 6300 13444 25331 -11958 6617 END
START 10856 6216 12996 25319 -12189 5853 END
START 10244 6164 12744 25310 -12483 5169 END
START 9832 6272 12320 25295 -12746 4496 END
START 9444 6384 11792 25312 -12985 3980 END
START 9388 6320 11488 25304 -13094 3457 END
START 9284 6640 11116 25287 -13141 3028 END
START 9408 6752 10844 25228 -13112 2589 END
START 9332 6848 10300 25170 -13079 2149 END
START 9576 6896 10200 25088 -13065 1641 END
START 9748 6952 9912 24965 -13208 1165 END
START 10116 7064 9984 24872 -13418 599 END
START 10580 7340 9600 24783 -13688 -32 END
START 11060 7380 9176 24645 -13892 -714 END
START 11556 7544 8736 24509 -14049 -1453 END
START 12104 7700 8768 24335 -14251 -2248 END
START 12836 7860 8376 24133 -14353 -3107 END
START 13436 8148 8380 23870 -14420 -4054 END
START 14340 8436 7968 23568 -14385 -5010 END
START 15292 8900 7416 23307 -14176 -6159 END
START 16136 9044 7212 22991 -13828 -7352 END
START 17172 9160 6696 22665 -13294 -8743 END
START 18164 9416 6216 22295 -12594 -10288 END
START 18964 9624 5596 21816 -11716 -12018 END
START 19488 9728 4908 21323 -10795 -13782 END
START 19864 9988 4296 20712 -9707 -15651 END
START 19904 9960 3576 20057 -8611 -17467 END
START 19596 9760 2956 19330 -7414 -19275 END
START 19032 9764 2256 18570 -6356 -20968 END
START 18016 9608 1884 17800 -5384 -22456 END
START 17000 9464 1376 16881 -4586 -23958 END
START 16036 9208 632 15959 -3711 -25216 END
START 14776 9004 -80 15066 -2755 -26247 END
START 13488 8716 -484 14228 -1852 -27081 END
START 12088 8740 -652 13391 -1079 -27671 END
START 11068 8852 -1060 12492 -439 -28149 END
START 10348 8912 -1396 11547 135 -28553 END
START 9700 9028 -1536 10533 587 -28939 END
START 9292 9132 -2100 9562 981 -29270 END
START 8944 9076 -2292 8603 1254 -29670 END
START 8644 8876 -2240 7703 1230 -30126 END
START 8316 8644 -2500 6753 1116 -30638 END
START 8116 8336 -2732 5821 879 -31173 END
START 7912 8124 -2848 4941 570 -31717 END
START 7208 8068 -2960 4070 149 -32253 END
START 6652 7820 -3028 3221 -291 -32768 END
START 6096 7896 -3092 2310 -913 -32768 END
START 5636 7776 -3284 1390 -1433 -32768 END
START 5220 7680 -3692 412 -1816 -32768 END
START 4852 7564 -3716 -578 -2067 -32768 END
START 4204 7108 -3796 -1637 -2162 -32768 END
START 3336 6900 -3824 -2742 -2199 -32768 END
START 2128 6588 -3692 -3787 -2164 -32768 END
START 1264 6388 -3480 -4880 -2024 -32768 END
START -56 6700 -3300 -5887 -1834 -32768 END
START -1548 6860 -2896 -6914 -1681 -32768 END
START -2796 6752 -2300 -7888 -1462 -32768 END
START -4160 6680 -1712 -8853 -1294 -32768 END
START -5652 6428 -956 -9755 -1301 -32768 END
START -7188 6412 -468 -10499 -1442 -32768 END
START -8720 6236 344 -11132 -1811 -32768 END
START -10136 6232 1100 -11808 -2142 -32519 END
START -11460 6004 1560 -12388 -2471 -31596 END
START -13276 6316 2240 -12963 -2571 -30518 END
START -14752 6688 3052 -13446 -2605 -29319 END
START -16076 7060 4172 -13853 -2553 -27977 END
START -17196 7252 5060 -14202 -2433 -26450 END