START -9500 400 -11424 795 -4995 7565 END
START -1600 -6320 -15688 -573 -13826 11146 END
START 1868 -5452 -14720 -6096 -12921 13577 END
START 596 -5820 -8536 -11276 -7958 14775 END
START 3180 -5732 -7508 -15458 -4220 14635 END
START -488 -6824 -3148 -18785 -2309 15000 END
START -1248 -7304 -1884 -20617 -3320 16499 END
START -3148 -7376 -212 -22302 -4822 19462 END
START -1092 -7036 72 -24071 -6979 23982 END
START 8640 -6084 160 -27237 -7477 24942 END
START 16636 -4036 1656 -32303 -3422 20857 END
START 17700 -3072 5736 -32768 1542 15669 END
START 17444 -3440 10532 -32768 2759 11140 END
START 19748 -3344 15564 -32768 3381 7908 END
START 20460 -3812 21504 -32768 6150 4197 END
START 26064 -3968 27064 -32768 9271 -860 END
START 29660 -3336 32767 -32768 12635 -9438 END
START 28104 -3672 32767 -32768 13834 -20833 END
START 23856 -5520 32767 -28374 11372 -29183 END
START 21988 -7828 32767 -22622 10270 -32768 END
START 21740 -9500 32767 -16907 12342 -32768 END
START 20704 -12720 32767 -12054 14419 -32768 END
START 16448 -17352 32767 -7567 18048 -32768 END
START 1872 -22684 32767 -2990 17382 -32768 END
START -12272 -25192 31124 2449 13580 -32768 END
START -23824 -25672 26200 6557 12505 -32768 END
START -32492 -25176 20316 9054 10076 -32768 END
START -32768 -22652 13944 9872 7074 -25986 END
START -32768 -19496 8872 7645 3224 -15858 END
START -32768 -17868 7332 4140 1178 -7363 END
START -32768 -17068 8700 1954 -1676 864 END
START -32344 -16144 9576 1370 -5032 9294 END
START -26820 -15284 9232 -449 -6464 18056 END
START -18660 -14848 9928 -3989 -4441 24560 END
START -15408 -14884 11404 -8497 -1779 28815 END
START -16524 -16148 15588 -11081 -3293 32767 END
START -12956 -17064 22204 -10883 -4641 32767 END
START -7188 -17636 29188 -6602 -4114 32767 END
START -4252 -16976 32188 -174 -3776 32767 END
START 348 -15344 31580 5669 -4858 32767 END
START 6452 -12684 30196 10093 -4505 32767 END
START 12720 -9284 28376 13519 -4635 32767 END
START 22516 -4780 27704 16833 -3841 32767 END
START 27196 -104 24196 18400 386 23368 END
START 22644 1136 21844 18788 2658 17025 END
START 23192 2432 20324 19096 2870 13077 END
START 27912 3476 18512 19801 3873 7501 END
START 30440 4276 14352 19714 4336 -685 END
START 28564 3896 9336 18300 4567 -9310 END
START 25064 3400 4332 14875 2859 -15215 END
START 22944 2800 1976 10189 2065 -19328 END
START 23504 2744 872 5702 555 -23084 END
START 24812 1652 2708 2033 1175 -29490 END
START 23236 104 2556 -69 212 -32768 END
START 19648 -1784 2284 -2884 -2487 -32768 END
START 12344 -5324 5136 -4700 -4792 -32768 END
START 5440 -7772 9028 -3702 -7824 -32768 END
START 1772 -8956 10272 -2685 -9193 -32768 END
START -4564 -11816 13324 -3470 -8537 -32768 END