START 1960 10276 -2556 7797 -3907 151 END
START 3820 6852 -11612 8072 -4500 60 END
START 2904 12752 -6164 6140 -4591 242 END
START 3292 9668 -10328 6128 -3786 284 END
START 2020 10444 -5400 5027 -4130 431 END
START 668 9484 -5948 4464 -3911 676 END
START 424 9308 -5956 3628 -3842 944 END
START 752 9120 -7008 2806 -3860 1278 END
START 508 9100 -6876 2098 -3680 1714 END
START -116 8872 -6496 1347 -3460 2230 END
START -512 8584 -6288 645 -3286 2836 END
START -372 8636 -6416 -25 -3026 3399 END
START -456 8624 -6180 -696 -2723 4028 END
START -412 8532 -5892 -1336 -2435 4658 END
START 44 8444 -6004 -1959 -2085 5284 END
START 568 8328 -5776 -2570 -1637 5842 END
START 936 8128 -5344 -3214 -1150 6342 END
START 1476 7816 -5064 -3837 -824 6751 END
START 2152 7428 -4396 -4421 -525 7039 END
START 2872 7124 -3920 -4897 -243 7174 END
START 3300 6932 -3504 -5382 15 7232 END
START 3584 6884 -3124 -5783 306 7208 END
START 4212 6920 -2756 -6180 657 7109 END
START 4652 6828 -2516 -6589 944 6986 END
START 4956 6648 -2128 -6970 1365 6792 END
START 5188 6536 -1768 -7296 1764 6584 END
START 5460 6404 -1784 -7669 2205 6364 END
START 5236 6180 -1116 -8036 2587 6132 END
START 5052 6236 -764 -8364 2890 5897 END
START 4856 6184 -128 -8686 3207 5698 END
START 4612 6192 -176 -8976 3496 5572 END
START 4396 6108 12 -9216 3834 5456 END
START 4048 5916 416 -9410 4193 5453 END
START 3612 5980 552 -9574 4531 5481 END
START 3092 5836 856 -9744 4842 5558 END
START 2724 5664 856 -9922 5051 5720 END
START 2236 5640 700 -10037 5249 5893 END
START 1656 5708 732 -10265 5397 6120 END
START 1160 5636 852 -10493 5517 6438 END
START 536 5412 792 -10791 5540 6797 END
START 216 5240 800 -11108 5469 7187 END
START -264 5288 752 -11392 5311 7626 END
START -892 5348 528 -11735 5029 8101 END
START -1304 5392 408 -12038 4784 8602 END
START -1660 5540 168 -12425 4493 9074 END
START -2012 5396 -76 -12905 4263 9618 END
START -2376 5420 -192 -13465 4014 10159 END
START -2788 5028 -288 -14092 3797 10789 END
START -3044 4864 -256 -14658 3558 11399 END
START -3484 4752 -76 -15169 3330 12163 END
START -3748 4712 32 -15806 3203 12798 END
START -4016 4624 124 -16293 3148 13758 END
START -3980 4536 76 -16833 3156 14620 END
START -3920 4424 76 -17308 3263 15476 END
START -4104 4412 368 -17777 3322 16323 END
START -3832 4340 616 -18238 3311 17215 END
START -3484 4276 588 -18722 3338 18046 END
START -2832 4356 936 -19274 3392 18849 END
START -2112 4348 900 -19784 3451 19530 END
START -1500 4420 1016 -20330 3510 20151 END
START -892 4428 1164 -20886 3641 20686 END
START -380 4384 1548 -21347 3731 21112 END
START 172 4244 1692 -21851 3738 21567 END
START 684 4268 1724 -22307 3705 22007 END
START 1380 4412 1548 -22781 3638 22440 END
START 2456 4792 1852 -23335 3614 22808 END
START 3784 5108 1836 -24045 3738 23066 END
START 4896 5196 2448 -24808 3882 23210 END
START 6220 5256 3456 -25537 4053 23204 END
START 7436 5204 4280 -26190 4186 23055 END
START 8536 5128 5388 -26668 4215 22805 END
START 9856 5156 6672 -26974 4181 22370 END
START 11072 5124 8036 -27096 4088 21774 END
START 12076 5312 9056 -27014 4033 21014 END
START 12916 5520 10180 -26789 3943 20069 END
START 13552 5796 11168 -26463 3829 19105 END
START 13880 6344 12012 -26033 3625 18066 END
START 14632 6756 12576 -25582 3587 17151 END
START 15628 6912 13204 -25061 3610 16169 END
START 16216 6952 13424 -24499 3620 15180 END
START 16620 7312 13736 -24014 3523 14288 END
START 16880 7500 13964 -23550 3351 13353 END
START 17108 7716 14020 -23192 3056 12477 END
START 17468 7912 13956 -22884 2738 11549 END
START 17716 8128 13728 -22634 2380 10698 END
START 18352 8556 13704 -22425 2064 9822 END
START 19112 9024 13544 -22405 1876 8959 END
START 19768 9512 13212 -22504 1764 8007 END
START 20612 10024 13384 -22756 1736 6894 END
START 21460 10160 13584 -23108 1845 5749 END
START 22152 10252 14284 -23538 2001 4391 END
START 22596 10388 15140 -23904 2149 3090 END
START 23060 10388 16348 -24212 2320 1667 END
START 23292 10364 17572 -24272 2562 290 END
START 23672 10236 18676 -24155 2859 -1098 END
START 23968 10160 20120 -23724 3227 -2551 END
START 24224 10060 21100 -23168 3711 -4001 END
START 24200 9964 22188 -22505 4067 -5400 END
START 24488 9912 22716 -21643 4534 -6847 END
START 24436 9844 23324 -20795 4919 -8160 END
START 24516 9620 23544 -19889 5321 -9550 END
START 24308 9688 23484 -18988 5696 -10892 END
START 23896 9440 23252 -18079 5979 -12313 END
START 23416 9520 23112 -17324 6209 -13734 END
START 22760 9332 22724 -16694 6387 -15063 END
START 22172 9416 22136 -16198 6457 -16424 END
START 21608 9384 21336 -15916 6671 -17693 END
START 21088 9444 20796 -15761 6831 -18866 END
START 20272 9624 20072 -15737 6997 -20008 END
START 19896 9616 19924 -15815 7260 -21111 END
START 19644 9684 19756 -15930 7610 -22254 END
START 19436 9608 19740 -16055 7953 -23332 END
START 19216 9484 20136 -16090 8354 -24519 END
START 19056 9184 20464 -16055 8763 -25717 END
START 19144 9068 21168 -15928 9132 -26982 END
START 19152 8720 21980 -15676 9420 -28288 END
START 19116 8476 22404 -15194 9692 -29706 END
START 19308 7952 22972 -14668 9892 -31319 END
START 19164 7284 23224 -14008 10054 -32768 END
START 18612 6616 23172 -13169 10205 -32768 END
START 17944 6476 22964 -12466 10327 -32768 END
START 17248 6360 22444 -11933 10421 -32768 END
START 16628 5888 22104 -11567 10559 -32768 END
START 16028 5300 21404 -11244 10793 -32768 END
START 15168 4640 20928 -10981 11000 -32768 END
START 14424 4148 21108 -10799 11195 -32768 END
START 13288 3392 20964 -10453 11321 -32768 END
START 11824 2524 21292 -10053 11451 -32768 END
START 10536 1836 21444 -9483 11516 -32768 END
START 9152 1012 21200 -8834 11505 -32768 END
START 7608 200 21000 -8177 11308 -32768 END
START 6188 -448 20936 -7615 11004 -32768 END
START 4732 -892 20736 -7111 10536 -32768 END
START 3416 -1320 20408 -6737 10070 -32768 END
START 2008 -1428 19964 -6412 9638 -32768 END
START 476 -1748 19848 -6169 9204 -32768 END
START -1236 -2100 19672 -5910 8736 -32768 END
START -2900 -2680 19640 -5686 8116 -32768 END
START -4844 -3044 19824 -5470 7423 -32768 END
START -6680 -3412 20032 -5258 6639 -32768 END
START -8608 -3560 20304 -5011 5764 -32768 END
START -10372 -3676 20492 -4796 4998 -32768 END
START -12204 -3664 20476 -4438 4335 -32768 END
START -13976 -3616 20440 -4071 3920 -32768 END
START -15724 -3368 20500 -3686 3596 -32768 END
START -17732 -3088 20488 -3316 3508 -32768 END
START -20156 -2440 20188 -2930 3494 -32768 END
START -22100 -1796 20000 -2475 3613 -32768 END
START -23944 -1160 19984 -2063 3730 -32768 END
START -25484 -460 19516 -1566 3791 -32768 END
START -26712 44 19188 -1127 3847 -31360 END
START -27508 368 19092 -703 3805 -28212 END
START -28176 780 18524 -317 3775 -25045 END
START -28396 1208 18260 -30 3718 -21986 END
START -28332 1420 17864 176 3595 -19048 END
START -28172 1708 17664 318 3547 -16227 END
START -27712 1896 17596 330 3506 -13644 END
START -27100 1984 16932 366 3480 -11170 END
START -26784 1996 16636 367 3639 -8789 END
START -26296 1828 16480 333 3680 -6596 END
START -25672 1752 16296 267 3672 -4437 END
START -24992 1808 16028 139 3554 -2511 END
START -24164 1444 15780 20 3504 -615 END
START -23496 1372 15692 -58 3525 1067 END
START -22772 1496 15280 -360 3472 2571 END
START -21860 1372 15084 -570 3493 4044 END
START -21460 1508 15212 -633 3428 5506 END
START -21096 1512 15208 -675 3318 6922 END
START -20628 1332 15164 -718 3245 8259 END
START -19928 988 15124 -766 3142 9515 END
START -19296 820 15032 -766 3035 10713 END
START -18680 804 15028 -879 2947 11704 END
START -18196 636 15048 -1000 2800 12836 END
START -17756 808 15140 -1041 2579 13830 END
START -17292 840 15152 -1108 2268 14843 END
START -16964 824 15000 -1133 1967 15853 END
START -16476 676 14840 -1081 1699 16786 END
START -15900 552 14724 -1062 1403 17666 END
START -15532 496 14760 -1025 1086 18503 END
START -15300 464 14748 -1059 772 19360 END
START -15116 432 14740 -1120 439 20170 END
START -15272 392 14712 -1134 58 21068 END
START -15212 536 14908 -1150 -343 22024 END
START -14996 564 14740 -1119 -573 22991 END
START -14700 464 14656 -1041 -684 23958 END
START -14256 508 14832 -962 -744 24984 END
START -14076 412 15040 -886 -713 26011 END
START -13688 256 15260 -773 -746 27000 END
START -13108 192 15428 -706 -685 28007 END
START -12704 244 15656 -644 -564 28970 END
START -12180 304 15864 -630 -367 29937 END
START -11640 440 16220 -606 -79 30864 END
START -11184 564 16408 -557 299 31817 END
START -10500 676 16592 -486 751 32645 END
START -10004 596 16744 -366 1228 32767 END
START -9284 728 16888 -228 1707 32767 END
START -8404 708 16936 -2 2099 32767 END
START -7560 732 17032 112 2408 32767 END
START -6940 588 17172 259 2613 32767 END
START -6480 692 17156 293 2707 32767 END
START -6080 716 17076 367 2623 32767 END
START -5616 972 16840 476 2447 32767 END
START -5196 1052 16696 532 2161 32767 END
START -4360 1388 16372 557 1950 32767 END
START -3304 1676 16408 501 1728 32767 END
START -2296 1916 16368 398 1616 32767 END
START -1220 2124 16588 184 1541 32767 END
START -428 2204 16904 -42 1448 32767 END
START 168 2292 17228 -274 1358 32767 END
START 584 2364 17784 -483 1184 32767 END
START 1380 2608 18384 -531 1053 32767 END
START 2120 2676 18920 -470 999 32767 END
START 2920 2856 19296 -316 1025 32767 END
START 3352 2968 19880 -113 1106 32767 END
START 3936 3116 20296 166 1176 32767 END
START 3872 3188 20844 462 1101 32767 END
START 3784 3344 21556 805 916 32767 END
START 3800 3272 22096 1222 651 32767 END
START 3660 3324 22164 1679 362 32767 END
START 3520 3280 22428 2224 67 32767 END
START 3408 3080 22596 2723 -300 32767 END
START 3124 3000 22972 3272 -845 32767 END
START 3236 3024 23328 3780 -1443 32767 END
START 3764 3100 23700 4362 -1914 32767 END
START 4896 3184 23916 4954 -2201 32767 END
START 6632 3168 24232 5652 -2231 32767 END
START 8760 3356 24684 6427 -2119 32767 END
START 11104 3448 25300 7239 -1869 32767 END
START 13352 3448 25804 8109 -1627 32767 END
START 15168 3532 26424 9082 -1537 32767 END
START 17076 3644 27008 10114 -1657 31587 END
START 18348 3856 27372 11191 -1889 30074 END
START 19020 4176 27208 12395 -2262 28323 END
START 19672 4644 26980 13566 -2609 26563 END
START 20012 5128 26444 14656 -2933 24815 END
START 20388 5568 25568 15752 -3236 23092 END
START 20772 5984 24796 16717 -3582 21430 END
START 20960 6060 23660 17609 -3958 19777 END
START 21244 6144 22764 18329 -4329 18194 END
START 21296 6228 21556 18866 -4738 16546 END
START 21060 6760 20696 19205 -5150 14931 END
START 20908 7044 19604 19368 -5488 13291 END
START 20496 7468 19040 19423 -5931 11735 END
START 20320 7616 18612 19399 -6288 10247 END
START 19736 7652 18180 19407 -6603 8862 END
START 19196 7888 17864 19427 -6769 7488 END
START 18760 7892 17460 19520 -6817 6325 END
START 18240 7864 17276 19699 -6741 5238 END
START 17792 7768 17128 19966 -6656 4365 END
START 17392 7820 16788 20306 -6536 3621 END
START 17424 7900 16432 20668 -6320 2950 END
START 17348 7808 15920 21013 -6039 2287 END
START 17356 7920 15448 21326 -5811 1592 END
START 17248 7888 15160 21532 -5654 886 END
START 16900 7872 14840 21735 -5620 136 END
START 16672 8060 14584 21922 -5547 -636 END
START 16444 8012 14080 22047 -5535 -1336 END
START 16076 8224 14064 22170 -5531 -2083 END
START 16104 8268 13664 22261 -5498 -2698 END
START 16428 8256 13400 22362 -5383 -3328 END
START 16588 8276 12904 22434 -5209 -4004 END
START 16736 8216 12916 22519 -5079 -4668 END
START 16956 8140 12532 22613 -5018 -5445 END
START 16928 8116 12344 22703 -4941 -6248 END
START 16868 8172 11992 22807 -4950 -7060 END
START 16776 8108 11928 22862 -4953 -7966 END
START 16600 8164 11684 22971 -5002 -8784 END
START 16380 8136 11380 23008 -5091 -9601 END
START 16340 8232 11208 23079 -5091 -10404 END
START 16276 8364 10664 23135 -5062 -11135 END
START 16504 8108 10432 23101 -5026 -12074 END
START 16220 8052 10272 23365 -4994 -13061 END
START 15464 8412 10036 23508 -5093 -13860 END
START 14944 8448 9384 23576 -5195 -14736 END
START 14660 8320 9004 23504 -5438 -15593 END
START 14756 8068 8176 23305 -5615 -16479 END
START 14848 8128 7664 23095 -5813 -17351 END
START 15240 8100 7456 22831 -5931 -18226 END
START 15308 8092 7020 22583 -5988 -19178 END
START 15340 8180 6620 22380 -6008 -20156 END
START 15356 7912 6352 22168 -6018 -21210 END
START 15152 7736 6284 21976 -5942 -22283 END
START 15040 7508 5996 21762 -5733 -23293 END
START 15392 7344 5580 21534 -5447 -24302 END
START 15780 7484 5436 21239 -5179 -25354 END
START 16272 7732 4932 20884 -4692 -26413 END
START 16484 7764 4440 20621 -4051 -27523 END
START 16848 7644 4280 20419 -3327 -28635 END
START 17048 7436 3840 20113 -2543 -29821 END
START 17152 7092 3728 19781 -1764 -31124 END
START 16916 6760 3016 19378 -1056 -32602 END
START 16352 6544 2824 18900 -488 -32768 END
START 15760 6316 2364 18367 35 -32768 END
START 15040 6064 1876 17835 451 -32768 END
START 14408 5960 1452 17294 772 -32768 END
START 13768 5920 748 16641 1084 -32768 END
START 12724 5800 308 16027 1164 -32768 END
START 11540 5780 -500 15415 1073 -32768 END
START 10336 5640 -1288 14713 693 -32768 END
START 9036 5812 -2168 13993 162 -32768 END
START 8172 5888 -3200 13188 -462 -32768 END
START 6856 5936 -4172 12162 -1157 -32768 END
START 5340 5920 -5252 11030 -1967 -32768 END
START 4028 6092 -6476 9494 -2708 -32768 END
START 2524 6060 -7372 7942 -3365 -32768 END
START 904 5704 -7808 6374 -4203 -32768 END
START -652 5956 -8420 4607 -4866 -32768 END
START -2528 5788 -8468 2631 -5576 -32768 END
START -4256 5308 -8160 536 -6258 -32768 END
START -5796 4908 -8088 -1591 -6809 -32768 END
START -8544 6108 -7628 -3730 -7492 -32768 END
START -9820 5772 -7200 -6176 -7958 -32768 END
START -11168 5240 -5416 -8117 -8281 -32768 END
START -12380 4784 -4436 -9863 -8223 -32768 END
START -13472 4372 -3672 -11353 -7748 -32768 END
START -15932 3984 -1208 -12642 -7043 -32768 END
START -17768 4052 576 -13606 -6210 -32768 END
START -19652 4044 2520 -14226 -5303 -31481 END
START -21120 4300 4184 -14345 -4036 -29503 END
START -22740 4536 6100 -14486 -2632 -27413 END
START -24304 4852 7664 -14021 -1206 -25295 END
START -25680 5096 9256 -13506 334 -22989 END
START -26808 5248 11024 -12750 1467 -20691 END