START 668 8684 -3404 8291 -9852 6527 END
START 2496 4800 -14896 9129 -11548 6746 END
START 1352 12608 -7204 6857 -11718 7138 END
START 1020 8792 -10652 6626 -11861 7317 END
START 2000 9132 -10584 4585 -12851 7331 END
START 3000 8928 -12856 2864 -13104 7309 END
START 3200 9000 -12888 374 -12905 7224 END
START 3292 8812 -12968 -2065 -12309 7110 END
START 4244 9052 -13840 -4624 -11211 6907 END
START 5704 8856 -14980 -7150 -9458 6616 END
START 6680 8448 -14532 -9772 -7273 6241 END
START 7144 8024 -13584 -12305 -5064 5768 END
START 7712 6980 -12024 -14736 -2899 5265 END
START 8592 6100 -11304 -16827 -749 4695 END
START 9132 5760 -9896 -18721 1503 4084 END
START 9344 5108 -8920 -20361 3681 3448 END
START 9476 4532 -7316 -21664 5627 2856 END
START 9216 3844 -5368 -22624 7260 2280 END
START 8868 3520 -4116 -23248 8584 1705 END
START 8500 3252 -2836 -23523 9572 1191 END
START 7632 3372 -1756 -23527 10293 708 END
START 6816 3520 -964 -23377 10648 332 END
START 5636 3436 84 -23049 10680 42 END
START 5044 3504 528 -22707 10324 -168 END
START 4192 3440 1280 -22281 9576 -341 END
START 3308 3372 1728 -21917 8555 -450 END
START 2904 3408 1952 -21524 7349 -534 END
START 2536 3308 2084 -21283 6175 -598 END
START 2192 3376 2504 -21002 5009 -631 END
START 1752 3440 2856 -20759 3803 -632 END
START 1796 3756 2680 -20503 2793 -586 END
START 1636 3772 3140 -20304 1927 -525 END
START 1584 3828 3560 -20025 1270 -434 END
START 1660 3596 3748 -19704 670 -315 END
START 1600 3732 3844 -19317 133 -233 END
START 1596 3612 4020 -18935 -308 -122 END
START 1516 3640 4108 -18574 -784 -9 END
START 1424 3604 4072 -18195 -1152 106 END
START 1436 3552 3888 -17850 -1457 219 END
START 1316 3808 3680 -17601 -1716 331 END
START 1328 4016 3384 -17446 -1887 430 END
START 1344 4084 2744 -17366 -1939 548 END
START 1164 4308 2332 -17398 -1958 667 END
START 996 4340 1884 -17576 -1924 814 END
START 764 4292 1428 -17872 -1876 973 END
START 496 4264 1084 -18231 -1802 1151 END
START 248 4392 1040 -18655 -1698 1392 END
START -64 4736 568 -19264 -1540 1663 END
START -264 5112 308 -19858 -1275 1992 END
START -484 5336 388 -20509 -1017 2324 END
START -592 5460 188 -21201 -629 2704 END
START -456 5484 400 -21888 -157 3042 END
START -272 5420 608 -22558 369 3352 END
START -276 5512 1148 -23237 893 3665 END
START -52 5528 1460 -23913 1343 3908 END
START -28 5484 1980 -24545 1758 4123 END
START 212 5528 2404 -25206 2206 4297 END
START 708 5660 2808 -25820 2593 4416 END
START 1016 5976 3280 -26444 3011 4449 END
START 1660 5960 3972 -27091 3549 4449 END
START 1964 6096 5116 -27700 3980 4396 END
START 2304 5756 5464 -28216 4529 4314 END
START 2612 5776 6468 -28688 5006 4248 END
START 2952 5552 7316 -28973 5332 4156 END
START 2904 5748 8152 -29190 5572 4058 END
START 2708 5864 9388 -29326 5598 3985 END
START 2540 6120 10216 -29304 5511 3938 END
START 2504 6292 11052 -29236 5251 3875 END
START 2468 6556 11940 -29133 4965 3803 END
START 2420 6644 12748 -28981 4536 3742 END
START 2260 6692 13812 -28806 4008 3667 END
START 1944 6912 14664 -28587 3451 3565 END
START 1768 6940 15436 -28310 2966 3460 END
START 1476 7152 16488 -28032 2439 3329 END
START 900 7232 17632 -27659 1843 3243 END
START 532 7492 18540 -27252 1151 3228 END
START 196 7656 19232 -26829 536 3271 END
START -396 7712 20504 -26242 -207 3367 END
START -176 7616 20956 -25607 -794 3547 END
START -448 7616 21840 -24908 -1369 3726 END
START -40 7464 22080 -24140 -1803 3884 END
START 148 7412 22796 -23367 -2181 4061 END
START 188 7412 23408 -22667 -2453 4256 END
START 352 7264 23600 -22008 -2635 4510 END
START 548 7240 23700 -21342 -2798 4719 END
START 1224 7228 23952 -20832 -2769 5031 END
START 2220 7264 24152 -20418 -2451 5236 END
START 3640 7336 24428 -20052 -1992 5367 END
START 5164 7368 24356 -19852 -1233 5317 END
START 6956 7388 25168 -19668 -323 5063 END
START 8500 7360 25504 -19596 692 4573 END
START 10112 7328 26176 -19485 1609 3900 END
START 11348 7292 26676 -19357 2586 2917 END
START 12600 7228 27320 -19182 3462 1764 END
START 13432 7288 27476 -18911 4253 488 END
START 14112 7476 27884 -18654 4965 -957 END
START 14168 7568 28452 -18380 5446 -2456 END
START 14204 7752 28552 -18038 5712 -3919 END
START 14144 7684 28908 -17696 5713 -5500 END
START 14008 7640 29008 -17324 5664 -6966 END
START 14116 7684 29612 -16944 5456 -8412 END
START 14364 7632 29828 -16509 5220 -9815 END
START 14976 7352 30308 -15994 5059 -11311 END
START 15492 7164 30512 -15414 5029 -12798 END
START 15820 6776 30880 -14851 5117 -14375 END
START 15756 6488 31304 -14106 5275 -15900 END
START 15424 6452 31880 -13234 5422 -17489 END
START 14704 6344 31816 -12359 5574 -18916 END
START 13540 6152 31932 -11401 5568 -20394 END
START 12256 6016 31988 -10297 5381 -21718 END
START 11708 5900 31716 -9143 5056 -22949 END
START 11504 5804 31016 -7978 4749 -23998 END
START 11196 5804 30004 -6914 4535 -25002 END
START 11004 5824 28424 -6067 4474 -25972 END
START 10744 5788 27320 -5389 4418 -26933 END
START 10824 6108 26024 -4904 4408 -27848 END
START 10948 6292 24564 -4613 4397 -28835 END
START 11136 6440 23328 -4464 4553 -29949 END
START 11380 6320 22552 -4421 4785 -31089 END
START 11588 6160 21500 -4556 5255 -32273 END
START 11640 6000 21060 -4755 5758 -32768 END
START 11408 5452 20572 -5036 6315 -32768 END
START 11068 4748 20052 -5243 6898 -32768 END
START 9828 4280 20028 -5402 7323 -32768 END
START 8200 3904 19792 -5621 7577 -32768 END
START 6528 3444 19552 -5834 7721 -32768 END
START 5136 2744 19228 -6120 7832 -32768 END
START 3676 2088 19124 -6424 8072 -32768 END
START 2288 1216 19232 -6670 8301 -32768 END
START 704 416 20012 -6823 8419 -32768 END
START -1136 -120 20404 -6821 8413 -32768 END
START -3280 -528 21120 -6650 8375 -32768 END
START -5300 -800 22024 -6342 8302 -32768 END
START -7372 -1044 22712 -5873 8331 -32768 END
START -9292 -1516 23188 -5267 8466 -32768 END
START -11340 -1808 23604 -4495 8758 -32768 END
START -13268 -2028 24000 -3639 9070 -32768 END
START -15116 -2268 24596 -2693 9404 -32768 END
START -16644 -2364 24800 -1592 9755 -32768 END
START -18144 -2460 25088 -479 10054 -32768 END
START -19308 -2680 25080 652 10228 -31715 END
START -20204 -2708 25144 1937 10252 -29767 END
START -21152 -2932 24924 3146 10047 -27877 END
START -21856 -3040 24840 4370 9578 -25909 END
START -22032 -3316 24616 5615 8785 -24002 END
START -22236 -3496 24200 6851 7865 -22158 END
START -22108 -3736 23448 7948 6834 -20444 END
START -21952 -3832 23036 9066 5638 -18735 END
START -21496 -3924 22232 9994 4437 -17191 END
START -21196 -4080 21632 10822 3089 -15718 END
START -20756 -4268 21040 11647 1709 -14420 END
START -19904 -3996 20188 12074 429 -13263 END
START -19548 -3960 19428 12630 -775 -12127 END
START -18936 -4060 18848 13101 -1697 -11031 END
START -18520 -4004 18340 13595 -2500 -9918 END
START -17860 -3920 17144 13953 -2948 -8905 END
START -17444 -3596 16556 14254 -3234 -7998 END
START -17232 -3456 15980 14348 -3370 -7087 END
START -17324 -3384 15480 14376 -3537 -6198 END
START -17316 -3060 14860 14362 -3717 -5347 END
START -17404 -2924 13984 14319 -3856 -4480 END
START -17444 -2636 13180 14216 -4022 -3624 END
START -17384 -2240 12460 13948 -4121 -2773 END
START -17592 -2052 11488 13552 -4158 -1829 END
START -17844 -1472 10656 13078 -4178 -888 END
START -17808 -1204 9792 12499 -4063 61 END
START -17668 -844 9228 11884 -3962 1075 END
START -17532 -628 8540 11202 -3748 2091 END
START -17484 -348 8224 10536 -3570 3157 END
START -17356 -148 8052 9863 -3375 4216 END
START -16984 116 7472 9258 -3217 5216 END
START -16680 384 7036 8561 -3001 6229 END
START -15944 580 6468 7928 -2759 7132 END
START -15360 708 6236 7230 -2437 8032 END
START -14744 876 5936 6520 -2039 8904 END
START -14224 1152 5604 5803 -1676 9664 END
START -13828 1364 5428 4994 -1370 10409 END
START -13196 1480 5512 4211 -1203 11125 END
START -12336 1664 5188 3450 -1148 11707 END
START -11520 1652 4916 2669 -1222 12203 END
START -10360 1732 4624 1868 -1302 12438 END
START -9400 1836 4388 1112 -1381 12772 END
START -8520 1924 4420 235 -1380 12793 END
START -7892 2072 4320 -642 -1369 12920 END
START -7344 2200 4320 -1615 -1241 12932 END
START -7248 2224 4380 -2538 -1146 12797 END
START -7228 2328 4768 -3535 -1088 12996 END
START -7416 2256 4992 -4540 -1061 12918 END
START -7832 2292 5508 -5440 -1041 13229 END
START -8348 2288 5716 -6213 -941 13480 END
START -8988 2428 5976 -6947 -694 13844 END
START -9284 2552 6416 -7632 -371 14277 END
START -9772 2484 6848 -8322 -9 14844 END
START -10272 2392 7372 -8931 258 15420 END
START -10908 2228 8104 -9515 482 16106 END
START -11404 2040 8756 -10036 595 16864 END
START -12280 2044 9452 -10549 718 17709 END
START -12764 1928 9796 -10942 846 18700 END
START -13336 1956 10440 -11305 1110 19744 END
START -13764 2000 11136 -11609 1505 20980 END
START -14184 2008 11504 -11908 2001 22247 END
START -14268 1872 12396 -12114 2560 23577 END
START -14404 1468 12792 -12291 3180 24894 END
START -14452 1076 13948 -12436 3781 26304 END
START -14700 792 14804 -12473 4237 27720 END
START -14788 440 15592 -12481 4515 29078 END
START -14992 312 16084 -12384 4687 30474 END
START -14560 312 16532 -12270 4850 31841 END
START -14084 88 17124 -12158 5072 32767 END
START -13440 -36 17712 -12029 5313 32767 END
START -12640 -248 18256 -11920 5581 32767 END
START -11616 -536 18788 -11784 5857 32767 END
START -10588 -896 19508 -11689 6125 32767 END
START -9320 -1136 20304 -11519 6277 32767 END
START -8192 -1388 21228 -11246 6253 32767 END
START -6660 -1640 22104 -10841 6029 32767 END
START -4748 -1952 22724 -10354 5831 32767 END
START -2908 -1984 23248 -9748 5714 32767 END
START -1172 -1972 23936 -9193 5663 32767 END
START 452 -1876 24356 -8593 5626 32767 END
START 1764 -1824 24996 -8028 5623 32767 END
START 2764 -1628 25460 -7493 5525 32767 END
START 3552 -1380 26120 -6934 5338 32767 END
START 4136 -1304 26948 -6355 5112 32767 END
START 4376 -1020 27524 -5728 4726 32767 END
START 4376 -604 28120 -5016 4239 32527 END
START 4280 -136 28860 -4200 3630 31559 END
START 4060 52 29556 -3298 2879 30723 END
START 3880 220 30184 -2200 1982 29882 END
START 3632 420 30720 -1126 981 29108 END
START 3332 736 30924 142 -127 28354 END
START 3112 776 31476 1404 -1255 27609 END
START 3036 1024 31332 2689 -2276 26927 END
START 2924 1188 31140 4010 -3248 26328 END
START 2820 1376 30668 5268 -3977 25782 END
START 2896 1576 30516 6469 -4569 25371 END
START 3192 1852 30228 7574 -5047 25081 END
START 3636 2056 29688 8583 -5349 24866 END
START 4552 2200 29260 9556 -5484 24727 END
START 5568 2404 28720 10401 -5411 24568 END
START 6864 2624 28324 11204 -5227 24335 END
START 8076 2732 28224 11943 -4928 24024 END
START 9380 2872 27812 12601 -4665 23563 END
START 10792 3168 27684 13206 -4296 22923 END
START 12092 3476 27784 13786 -4023 22161 END
START 13484 3572 27488 14319 -3775 21190 END
START 14680 4100 27244 14852 -3448 20088 END
START 15796 4508 27112 15412 -3196 18779 END
START 16836 4888 26944 15953 -2859 17335 END
START 18044 5068 26752 16462 -2481 15699 END
START 18788 5340 26432 16938 -2064 14015 END
START 19600 5616 26080 17464 -1560 12247 END
START 20232 5840 25824 17935 -1095 10370 END
START 20832 6024 25544 18475 -587 8461 END
START 21192 6132 25136 19005 -9 6637 END
START 21248 6332 24812 19536 564 4846 END
START 21400 6524 24176 20048 1171 2996 END
START 21408 6812 23436 20563 1722 1228 END
START 21204 6856 22756 21077 2194 -593 END
START 20696 6904 21852 21541 2532 -2299 END
START 19908 6816 20940 21949 2640 -3961 END
START 18696 6804 20148 22256 2599 -5496 END
START 17040 6560 18972 22580 2327 -6882 END
START 15448 6520 18120 22801 1908 -8016 END
START 14016 6516 17592 23024 1338 -8984 END
START 12664 6532 16528 23230 782 -9689 END
START 11436 6460 16136 23419 231 -10201 END
START 10336 6600 15560 23612 -417 -10517 END
START 9228 6720 15044 23816 -930 -10670 END
START 8380 6684 14384 24035 -1470 -10686 END
START 7620 6856 14008 24247 -1919 -10621 END
START 7004 6924 13252 24468 -2279 -10493 END
START 6636 7080 12816 24670 -2586 -10325 END
START 6388 7272 12332 24834 -2833 -10145 END
START 6080 7336 11956 25024 -3101 -9978 END
START 6092 7348 11444 25133 -3335 -9831 END
START 6268 7284 11096 25193 -3484 -9665 END
START 6928 7164 10548 25287 -3554 -9568 END
START 7836 7284 10224 25324 -3436 -9528 END
START 8716 7232 9912 25419 -3252 -9638 END
START 9744 7172 9344 25475 -2913 -9909 END
START 10596 7248 8936 25542 -2509 -10336 END
START 11452 7272 8428 25558 -1996 -11008 END
START 11980 7376 8016 25543 -1428 -11877 END
START 12276 7564 7220 25440 -884 -12889 END
START 12632 7788 6672 25238 -481 -13947 END
START 12948 7860 6184 24959 -140 -15178 END
START 12936 8132 5584 24553 -27 -16452 END
START 13080 8240 4668 23966 36 -17815 END
START 13196 8232 4048 23343 45 -19185 END
START 13188 7984 3496 22635 12 -20576 END
START 12884 7772 2596 21937 82 -21913 END
START 12276 7644 2024 21172 87 -23248 END
START 11668 7608 1576 20428 89 -24455 END
START 10788 7656 1148 19583 91 -25570 END
START 9824 7444 528 18705 74 -26591 END
START 8936 7328 96 17790 10 -27449 END
START 8244 7180 -136 16898 -1 -28159 END
START 7636 7196 -284 15853 -92 -28801 END
START 7064 7084 -500 14762 25 -29363 END
START 6264 7064 -708 13667 189 -29836 END
START 5440 6940 -864 12547 460 -30224 END
START 4684 6920 -820 11427 761 -30529 END
START 3664 6928 -476 10376 1007 -30735 END
START 2796 6992 -548 9323 1319 -30875 END
START 2068 6800 -488 8319 1649 -30913 END
START 1352 6524 -296 7345 1956 -30934 END
START 856 6316 496 6476 2300 -30869 END
START 316 6012 748 5643 2612 -30780 END
START -200 5856 968 4853 2959 -30690 END
START -720 5712 1256 4118 3373 -30593 END
START -1728 5712 1344 3381 3707 -30537 END
START -2704 5692 1776 2692 3913 -30507 END
START -3720 5536 1964 2054 3926 -30449 END
START -4820 5312 2172 1393 3782 -30351 END
START -6096 4976 2292 792 3435 -30183 END
START -7256 4864 2396 130 2996 -29950 END
START -8960 4628 2548 -469 2391 -29540 END
START -10344 4584 2640 -1045 1710 -28969 END
START -11716 4352 2944 -1529 954 -28223 END
START -13444 4360 3276 -1879 96 -27339 END
START -14536 4588 3492 -2254 -834 -26342 END
START -15540 4800 3784 -2686 -1783 -25345 END
START -16352 4996 4256 -3122 -2746 -24352 END
START -16780 5092 4480 -3571 -3590 -23333 END
START -17324 4732 4752 -4050 -4310 -22385 END
START -17888 4428 5484 -4373 -5026 -21457 END
START -18536 3872 6284 -4418 -5842 -20565 END
START -19532 3592 7036 -4313 -6820 -19543 END
START -20712 3524 7704 -4029 -7991 -18387 END
START -21652 3644 8000 -3792 -9196 -17106 END
START -22212 3828 7956 -3582 -10301 -15891 END
START -22680 3760 8228 -3431 -11300 -14593 END
START -22756 3748 8508 -3444 -12092 -13415 END
START -22876 3776 8716 -3535 -12558 -12331 END
START -22984 3808 8560 -3663 -12666 -11323 END
START -23164 3680 8596 -3877 -12392 -10228 END
START -23376 3788 8988 -4029 -11826 -9064 END
START -23308 3792 9176 -4288 -11023 -7850 END
START -22704 3208 9344 -4546 -9956 -6648 END
START -21784 2768 9288 -4670 -8429 -5549 END
START -20836 2424 9440 -4669 -6659 -4535 END
START -20380 2220 10068 -4666 -4592 -3490 END