START 2500 7924 -4332 -7370 3949 4575 END
START 5912 3012 -17336 -6425 4087 4476 END
START 1820 9560 -2208 -8679 4168 4512 END
START 108 5684 -2916 -7465 4181 4357 END
START 1356 6916 -3220 -8319 2840 4356 END
START 1260 6836 -3804 -8386 2424 4396 END
START 16 7296 -2184 -8818 1462 4483 END
START 664 7224 -3720 -9099 826 4593 END
START -364 7404 -2700 -9428 558 4748 END
START -872 7208 -2412 -9777 179 4937 END
START -788 7296 -2480 -10102 -329 5162 END
START -928 7268 -2400 -10340 -627 5460 END
START -1328 7016 -1704 -10604 -786 5824 END
START -1352 6768 -1784 -10839 -802 6178 END
START -1580 6728 -1892 -10997 -710 6574 END
START -1704 6968 -1996 -11181 -562 6997 END
START -1876 7252 -1820 -11413 -372 7440 END
START -2024 7332 -1876 -11650 -79 7893 END
START -1960 7436 -1904 -11871 289 8351 END
START -1968 7312 -1888 -12119 668 8798 END
START -2220 7184 -1656 -12314 953 9253 END
START -2092 7060 -1876 -12467 1194 9758 END
START -2144 7132 -2008 -12642 1607 10221 END
START -1940 7064 -2268 -12833 2097 10796 END
START -1852 7020 -2428 -13075 2523 11247 END
START -1044 6820 -2876 -13397 3136 11676 END
START -988 6744 -3004 -13631 3658 12065 END
START -816 7104 -3300 -14047 4117 12340 END
START -516 7400 -3308 -14684 4487 12772 END
START -36 7608 -3272 -15055 4799 12899 END
START 624 7580 -3440 -15765 5096 13238 END
START 1240 7524 -3460 -16406 5409 13348 END
START 1808 7572 -3236 -17051 5717 13347 END
START 2512 7512 -3180 -17734 6018 13370 END
START 3192 7564 -2736 -18381 6338 13282 END
START 3636 7592 -2548 -18986 6658 13085 END
START 3916 7608 -1952 -19592 6913 12751 END
START 4024 7588 -1628 -20139 7029 12496 END
START 4036 7576 -1328 -20619 7155 12167 END
START 4152 7536 -792 -21073 7179 11794 END
START 3972 7520 -476 -21540 7236 11439 END
START 3928 7556 -160 -21968 7276 11154 END
START 3856 7480 220 -22381 7349 10883 END
START 3580 7328 868 -22800 7446 10665 END
START 3072 7088 1436 -23189 7423 10472 END
START 2520 6792 1892 -23475 7378 10422 END
START 1976 6712 2564 -23724 7127 10390 END
START 1296 6624 3116 -23901 6866 10529 END
START 640 6464 3484 -24001 6531 10684 END
START 432 6432 3692 -24112 6318 10942 END
START 8 6412 3888 -24247 6178 11271 END
START -308 6420 4016 -24403 6063 11641 END
START -640 6324 4024 -24624 6002 12055 END
START -932 6500 4344 -24886 5990 12557 END
START -1008 6440 4404 -25141 5999 13115 END
START -1180 6416 4792 -25429 6044 13608 END
START -1184 5980 4860 -25667 6076 14253 END
START -988 5988 5368 -25951 6095 14898 END
START -460 6136 5272 -26254 6205 15572 END
START 380 6260 5436 -26545 6403 16234 END
START 1520 6264 5712 -26898 6836 16801 END
START 2724 6464 6352 -27259 7299 17241 END
START 4048 6580 6836 -27569 7884 17541 END
START 5552 6544 7688 -27849 8550 17618 END
START 6740 6572 8620 -28107 9169 17500 END
START 8076 6628 9248 -28228 9875 17172 END
START 9068 6544 10328 -28255 10485 16687 END
START 9700 6696 11100 -28093 11058 16032 END
START 10540 6644 11876 -27864 11487 15214 END
START 10760 6564 12372 -27493 11720 14295 END
START 11068 6824 12608 -27168 11903 13242 END
START 11152 7044 13360 -26844 11842 12331 END
START 11120 6924 13500 -26513 11677 11301 END
START 10956 6712 13576 -26096 11309 10389 END
START 10868 6644 13736 -25722 10741 9562 END
START 10616 6800 13692 -25440 10141 8882 END
START 10476 7268 14028 -25200 9384 8201 END
START 10212 7608 14068 -25002 8696 7614 END
START 10072 7992 14216 -24740 7907 7029 END
START 9784 8336 14712 -24553 7033 6532 END
START 9716 8524 14816 -24320 6167 6068 END
START 9932 8608 15032 -24104 5319 5556 END
START 10020 8780 15488 -23878 4578 5019 END
START 10164 8776 15956 -23715 3772 4484 END
START 10392 8880 16360 -23594 3015 4016 END
START 10924 8808 16820 -23585 2482 3576 END
START 11288 8684 17324 -23309 1919 3063 END
START 11836 8820 17952 -22907 1463 2495 END
START 12300 9028 18332 -22471 970 1874 END
START 12804 9168 18936 -22007 423 1147 END
START 13680 9232 19096 -21634 8 342 END
START 14748 9028 19332 -21300 -294 -451 END
START 15856 8904 19624 -20917 -491 -1348 END
START 16556 8788 19860 -20550 -574 -2364 END
START 17312 8848 20132 -20190 -614 -3432 END
START 18120 8944 20872 -19778 -709 -4531 END
START 19140 9364 21516 -19402 -759 -5669 END
START 20376 10012 21908 -18887 -627 -6940 END
START 21584 10640 22084 -18397 -233 -8251 END
START 22724 10932 22528 -17890 407 -9821 END
START 23788 10784 22864 -17333 1094 -11514 END
START 24400 10328 23416 -16705 1648 -13398 END
START 25060 10372 24096 -16166 1951 -15455 END
START 25740 10208 24228 -15551 2184 -17503 END
START 26508 10224 24240 -14971 2599 -19638 END
START 27176 9992 24184 -14337 3043 -21897 END
START 27148 9680 23960 -13759 3460 -24260 END
START 26588 9212 23824 -13146 3688 -26586 END
START 25744 8692 23800 -12498 3700 -28977 END
START 24372 8152 23440 -11919 3336 -31330 END
START 22572 7768 23320 -11518 2750 -32768 END
START 20748 7368 23212 -11259 1851 -32768 END
START 18736 6996 23160 -11122 837 -32768 END
START 16820 6424 23412 -11091 -191 -32768 END
START 14944 5748 23788 -11044 -1324 -32768 END
START 13224 5116 24448 -10955 -2337 -32768 END
START 11908 4420 24960 -10635 -2977 -32768 END
START 10280 4408 25508 -10196 -3259 -32768 END
START 9256 4464 25240 -9912 -2934 -32768 END
START 8368 4232 25216 -9582 -2048 -32768 END
START 7648 4148 24744 -9289 -553 -32768 END
START 7108 3724 24472 -9043 1257 -32768 END
START 6056 3120 24464 -8738 3222 -32768 END
START 4908 2884 24492 -8407 5067 -32768 END
START 3956 2632 24056 -7990 6737 -32768 END
START 2872 2432 23832 -7602 8141 -32768 END
START 2308 2304 23276 -7201 9431 -32768 END
START 1848 2084 22620 -6912 10491 -32768 END
START 1404 1748 22284 -6655 11426 -32768 END
START 988 1348 22068 -6455 12094 -32768 END
START 456 800 22004 -6250 12500 -32768 END
START -684 332 22284 -6125 12623 -32768 END
START -1888 8 22024 -5922 12462 -32768 END
START -3136 -388 22268 -5750 12184 -32768 END
START -4324 -916 22520 -5442 11665 -32768 END
START -5672 -1384 22792 -5017 11021 -32768 END
START -6848 -1876 22924 -4508 10231 -32768 END
START -8208 -2176 23076 -3929 9341 -32768 END
START -9580 -2576 23204 -3250 8342 -32768 END
START -11352 -2684 23524 -2534 7180 -32768 END
START -13292 -2748 23424 -1798 5822 -32768 END
START -15400 -2796 23484 -1011 4275 -32768 END
START -17320 -2784 23436 -145 2559 -32768 END
START -18884 -2860 22880 652 973 -32768 END
START -20272 -2744 22052 1376 -447 -32768 END
START -21300 -2312 21332 1938 -1495 -32768 END
START -21988 -1708 20476 2307 -2162 -32439 END
START -22672 -1164 19820 2537 -2462 -30543 END
START -23508 -692 19156 2704 -2509 -28515 END
START -23848 -640 18768 2813 -2237 -26535 END
START -23976 -552 18236 2959 -1757 -24489 END
START -23972 -432 18168 3104 -1142 -22418 END
START -24060 -268 17908 3257 -534 -20349 END
START -23928 -32 17408 3420 4 -18320 END
START -23788 28 17068 3557 497 -16477 END
START -23316 208 16736 3650 1019 -14543 END
START -22952 428 16416 3771 1298 -12735 END
START -22456 608 15884 3723 1594 -10991 END
START -21924 772 15392 3693 1748 -9334 END
START -21396 796 15288 3652 1698 -7854 END
START -20592 840 14804 3599 1622 -6452 END
START -19860 860 14528 3539 1547 -5150 END
START -18980 1052 14176 3438 1521 -4028 END
START -18132 1104 13828 3355 1502 -2935 END
START -17440 1308 13604 3249 1507 -1950 END
START -16996 1356 13356 3104 1472 -1059 END
START -16684 1424 13400 2943 1341 -212 END
START -16084 1496 13080 2772 1208 585 END
START -15976 1280 12748 2690 941 1347 END
START -15444 1712 13144 2369 485 2031 END
START -14884 1624 12680 2120 162 2651 END
START -14636 1752 12584 1931 -155 3303 END
START -14424 1904 12524 1823 -364 3995 END
START -14376 1968 12764 1695 -465 4686 END
START -14188 2120 13088 1591 -569 5380 END
START -14060 2152 12972 1397 -634 6081 END
START -13668 2208 13020 1192 -613 6733 END
START -13568 2224 12872 988 -537 7358 END
START -13704 1980 12932 793 -434 8045 END
START -13872 2072 13016 663 -325 8709 END
START -14164 2220 13216 495 -194 9482 END
START -14520 2240 13260 347 -165 10366 END
START -14784 2360 13304 202 -137 11303 END
START -15056 2304 13376 122 -169 12302 END
START -15168 2396 13384 -6 -135 13334 END
START -15088 2524 13436 -72 -54 14390 END
START -15316 2392 13476 -151 62 15555 END
START -15656 2380 13612 -161 181 16711 END
START -16052 2380 13780 -197 271 17991 END
START -16188 2360 13508 -174 301 19254 END
START -16400 2256 13768 -223 347 20473 END
START -16320 2164 13736 -241 409 21744 END
START -16548 2028 13900 -260 393 23051 END
START -16764 1996 14028 -316 278 24328 END
START -16856 1868 13948 -351 54 25667 END
START -16840 1892 13988 -352 -221 26977 END
START -16384 1840 13980 -337 -556 28252 END
START -15876 1580 13860 -306 -912 29489 END
START -15260 1276 13748 -282 -1251 30709 END
START -14472 1120 13484 -355 -1493 31817 END
START -13564 984 12992 -530 -1525 32767 END
START -12868 972 13216 -824 -1297 32767 END
START -12260 1076 13244 -1176 -958 32767 END
START -11632 1048 13764 -1647 -577 32767 END
START -10948 1016 13820 -2056 -116 32767 END
START -10148 712 14440 -2482 525 32767 END
START -9172 544 14696 -2795 1211 32767 END
START -7916 580 15120 -2969 2019 32767 END
START -6388 440 15728 -3049 2887 32767 END
START -4956 444 16292 -3089 3737 32767 END
START -3784 496 16972 -3115 4423 32767 END
START -2660 608 17640 -3131 5054 32767 END
START -1508 768 18108 -3129 5629 32767 END
START -216 1188 18360 -3088 6159 32767 END
START 1288 1480 18636 -3071 6715 32767 END
START 2812 1628 19240 -3042 7392 32767 END
START 4080 1920 19356 -3024 7943 32767 END
START 5112 2140 20048 -2977 8477 32767 END
START 5788 2320 20752 -2917 8695 32767 END
START 5916 2376 21240 -2814 8658 32767 END
START 5972 2652 21720 -2649 8395 32767 END
START 5824 2712 22248 -2425 7775 32767 END
START 5208 3064 22708 -2121 6907 32767 END
START 4412 3436 23504 -1778 5730 32767 END
START 3616 3756 24172 -1345 4359 32353 END
START 3104 4052 24780 -825 2902 31770 END
START 2252 4176 25160 -272 1504 31345 END
START 1480 4156 26132 454 -27 31000 END
START 1092 4008 26608 1249 -1528 30793 END
START 604 3912 27028 2189 -3020 30756 END
START 556 3868 27500 3243 -4198 30851 END
START 1204 3828 27532 4456 -5183 31083 END
START 2216 3676 27716 5734 -5834 31320 END
START 3564 3692 27504 6964 -6179 31530 END
START 5268 3688 27188 8080 -6262 31630 END
START 6556 3876 26880 9118 -6154 31526 END
START 8032 3960 26696 10016 -5906 31273 END
START 9404 4008 26516 10830 -5616 30865 END
START 10968 4352 26244 11597 -5218 30294 END
START 12364 4648 26084 12319 -4803 29532 END
START 13868 4900 25644 12954 -4382 28615 END
START 15260 5196 25496 13548 -3970 27513 END
START 16964 5336 24948 14174 -3536 26196 END
START 17796 5512 24624 14771 -3072 24673 END
START 18096 5692 24400 15352 -2804 23153 END
START 18316 5848 24056 15864 -2643 21470 END
START 18384 6104 23304 16368 -2639 19817 END
START 18020 6140 23064 16786 -2745 18336 END
START 17652 6512 22380 17156 -2924 16849 END
START 17368 6704 21876 17476 -3154 15519 END
START 17000 7052 21392 17746 -3337 14266 END
START 16828 7296 20992 18003 -3403 13014 END
START 16520 7268 20676 18284 -3457 11916 END
START 16184 7188 20144 18541 -3463 10818 END
START 15872 7052 20064 18897 -3527 9771 END
START 15388 6920 19756 19267 -3592 8898 END
START 15044 6724 19048 19729 -3773 8127 END
START 14212 6628 17824 20174 -3983 7481 END
START 13664 6532 16932 20552 -4155 6934 END
START 13204 6660 15796 20862 -4442 6516 END
START 12788 6784 14872 20991 -4666 6173 END
START 12752 6980 13764 20931 -4846 5902 END
START 12856 7172 12940 20754 -4934 5644 END
START 13248 7536 11940 20470 -4842 5301 END
START 13852 7800 10940 20090 -4581 4961 END
START 14432 7668 10140 19687 -4300 4425 END
START 14800 7668 9312 19212 -4006 3899 END
START 15068 7628 8724 18732 -3699 3237 END
START 15172 7768 7892 18202 -3423 2541 END
START 15240 7864 7392 17630 -3074 1850 END
START 15296 8168 6868 17045 -2748 1204 END
START 15580 8456 6276 16413 -2310 535 END
START 16260 8640 5804 15771 -1852 -89 END
START 17120 9036 5548 15103 -1366 -761 END
START 17948 9176 5144 14442 -813 -1594 END
START 19068 9376 5280 13756 -285 -2559 END
START 19956 9560 5084 13117 205 -3746 END
START 20808 9580 5340 12522 602 -5027 END
START 21396 9648 5424 11951 948 -6466 END
START 22304 9724 5680 11462 1270 -8043 END
START 23120 9752 5924 11065 1589 -9696 END
START 23824 9828 6088 10876 1813 -11541 END
START 24220 9780 6340 10667 1977 -13438 END
START 24452 9504 6344 10582 1987 -15473 END
START 24460 9244 6400 10506 1831 -17698 END
START 24144 9060 6256 10452 1588 -19866 END
START 23560 8832 5988 10419 1306 -22039 END
START 22764 8628 5880 10300 960 -24214 END
START 21856 8260 5276 10175 576 -26141 END
START 20736 7864 4700 10031 209 -27924 END
START 19344 7108 4480 9836 -333 -29483 END
START 17868 6608 4016 9565 -990 -30745 END
START 16788 6436 4048 9230 -1870 -31843 END
START 15800 6500 3632 8834 -2727 -32761 END
START 15032 6472 2848 8395 -3415 -32768 END
START 14672 6684 2180 7753 -3601 -32768 END
START 14232 6648 1892 7016 -3642 -32768 END
START 13492 6280 2348 6354 -3769 -32768 END
START 12988 5944 3048 5822 -4108 -32768 END
START 12776 5576 3692 5441 -4573 -32768 END
START 12572 5504 4304 5141 -4908 -32768 END
START 12444 5524 4540 4936 -5157 -32768 END
START 12032 5300 4916 4767 -5316 -32768 END
START 11444 4960 5352 4762 -5448 -32768 END
START 10232 4572 5704 4772 -5698 -32768 END
START 9104 4188 6204 4793 -6042 -32768 END
START 7548 4052 6248 4811 -6523 -32768 END
START 5896 4040 6428 4769 -7058 -32768 END
START 4224 4184 6480 4721 -7721 -32768 END
START 2344 3960 6700 4698 -8539 -32768 END
START 520 4380 6848 4635 -9838 -32768 END
START -3568 6988 7644 4290 -11349 -32768 END
START -3756 6232 5948 4012 -12108 -32768 END
START -3376 5520 5280 3772 -12843 -32768 END
START -2552 3740 4412 3419 -12736 -32768 END
START -3536 2616 5072 3265 -12780 -32768 END
START -4780 2584 4948 2875 -12622 -32768 END
START -6700 3208 4768 2711 -12988 -32768 END
START -8080 3872 5032 2274 -13188 -32768 END
START -8752 4580 5188 1962 -13408 -32768 END
START -8908 4896 4804 1648 -13350 -32768 END
START -8792 4748 4768 1087 -12780 -32768 END
START -9308 4400 4496 670 -11938 -32768 END
START -9904 4400 4596 -31 -10627 -31790 END
START -10700 4084 4348 -433 -9431 -30745 END
START -11484 4644 5456 -1107 -8055 -29545 END
START -11924 4456 6204 -1347 -7611 -28242 END
START -12348 4216 7384 -2077 -6986 -27031 END
START -13092 3740 7952 -2441 -6545 -25904 END
START -13312 3600 7172 -2902 -5937 -24798 END
START -14544 4080 8716 -3252 -5524 -23901 END
START -14844 4740 9396 -3475 -4897 -22835 END
START -15976 4440 11292 -3478 -4624 -21630 END
START -16340 4388 12740 -2963 -4299 -20368 END
START -17064 4016 14564 -2275 -3846 -19034 END
START -17464 3608 15264 -1399 -3452 -17646 END