START 1664 10644 496 9480 1998 7829 END
START 3960 7340 -10096 10219 1406 7976 END
START 4556 10680 -1412 8001 2565 8361 END
START 3968 8712 -688 8809 3259 8371 END
START 4640 8536 -2968 7607 3200 8170 END
START 5008 9080 -3012 7233 3721 7945 END
START 3968 9556 -2388 6357 3579 7794 END
START 3164 9724 -1636 5781 3123 7625 END
START 3528 9704 -2220 5171 2827 7405 END
START 3536 9268 -2088 4622 2567 7251 END
START 3864 8832 -2384 4060 2224 7095 END
START 4124 8288 -3216 3592 1901 6908 END
START 4080 8028 -3176 3064 1649 6788 END
START 3884 7732 -3152 2464 1395 6704 END
START 3764 7584 -3672 1818 1169 6679 END
START 3860 7416 -4056 1098 1079 6720 END
START 3676 7380 -4440 336 1139 6751 END
START 3704 7352 -4688 -513 1346 6833 END
START 3740 7236 -5088 -1417 1712 6948 END
START 3864 7260 -5088 -2472 2331 7019 END
START 3804 7012 -5052 -3549 2932 7185 END
START 3788 6744 -4656 -4515 3391 7358 END
START 3764 6488 -4388 -5383 3804 7535 END
START 3760 6248 -4176 -6151 4188 7684 END
START 3744 5956 -3828 -6870 4607 7898 END
START 3560 5888 -3932 -7599 4988 8034 END
START 3544 5768 -3740 -8386 5420 8254 END
START 3352 5688 -3696 -9093 5710 8446 END
START 2928 5592 -3512 -9780 5908 8682 END
START 2592 5508 -3408 -10565 6002 8918 END
START 2440 5680 -3264 -11270 5940 9207 END
START 2356 5644 -2900 -12036 5790 9425 END
START 2336 5624 -2440 -12838 5618 9689 END
START 2516 5524 -2020 -13603 5415 9986 END
START 2808 5276 -1536 -14285 5241 10253 END
START 3128 4904 -872 -14912 5073 10496 END
START 3268 4600 -68 -15329 4963 10670 END
START 3208 4560 492 -15695 4761 10857 END
START 3300 4548 1320 -15915 4508 11019 END
START 3268 4460 1852 -16021 4243 11234 END
START 3164 4464 2056 -16013 3972 11461 END
START 3072 4344 2244 -15942 3807 11699 END
START 3040 4340 2496 -15858 3614 11905 END
START 2908 4116 2388 -15727 3470 12187 END
START 2792 4236 2476 -15660 3307 12397 END
START 2492 4292 2356 -15636 3192 12717 END
START 2088 4628 2448 -15712 3005 12931 END
START 1692 4612 2388 -15895 2781 13468 END
START 1244 4724 2420 -16142 2534 13992 END
START 764 4656 2196 -16457 2437 14620 END
START 292 4476 1856 -16790 2412 15299 END
START -68 4460 2060 -17180 2406 16129 END
START -512 4656 2020 -17529 2450 16976 END
START -824 4696 2200 -17950 2422 17956 END
START -636 4816 2612 -18334 2455 18989 END
START -144 4868 3024 -18645 2523 20019 END
START 772 4824 3420 -18899 2682 20958 END
START 2024 4872 3848 -19097 2920 21742 END
START 3596 5140 4188 -19308 3240 22396 END
START 5264 5272 4796 -19496 3666 22837 END
START 6884 5356 5280 -19658 4159 23062 END
START 8480 5200 6212 -19754 4572 23016 END
START 10236 5232 6396 -19768 4996 22771 END
START 11760 5332 6828 -19792 5454 22331 END
START 13192 5596 7016 -19806 5904 21687 END
START 14396 5728 7148 -19897 6385 20867 END
START 15436 6076 7716 -20037 6805 19810 END
START 16220 6532 8008 -20286 7115 18734 END
START 16688 6896 8444 -20526 7311 17517 END
START 17188 7180 8944 -20796 7466 16212 END
START 17420 7392 9356 -21048 7516 14790 END
START 17372 7480 9760 -21194 7456 13411 END
START 16972 7548 10252 -21217 7255 12030 END
START 16480 7832 10540 -21221 6878 10601 END
START 15936 8056 10788 -21098 6461 9331 END
START 15032 8240 11088 -20984 5984 8237 END
START 14320 8584 10996 -20864 5478 7342 END
START 13584 8520 11140 -20765 4963 6580 END
START 13212 8704 11164 -20759 4403 6021 END
START 13240 8836 11424 -20805 3881 5491 END
START 13580 8916 11508 -20917 3469 4931 END
START 13700 9000 11940 -21143 3057 4334 END
START 13916 9040 12676 -21311 2674 3647 END
START 14256 9000 13236 -21364 2160 2827 END
START 14676 8652 13548 -21321 1794 1979 END
START 14704 8552 14008 -21184 1457 1105 END
START 14860 8464 14248 -21020 1264 182 END
START 14944 8676 14716 -20831 1159 -710 END
START 14784 8984 15220 -20674 1108 -1603 END
START 14792 9184 15732 -20518 1093 -2496 END
START 14944 9160 15980 -20321 1192 -3391 END
START 15080 9120 16268 -20050 1369 -4272 END
START 15084 8956 16796 -19818 1551 -5243 END
START 15056 8964 16960 -19531 1584 -6163 END
START 14808 9092 17536 -19244 1618 -7147 END
START 14680 9324 17644 -18971 1618 -8136 END
START 14796 9768 17652 -18723 1677 -9120 END
START 15108 9820 17908 -18485 1754 -10209 END
START 15472 9948 18224 -18282 1820 -11324 END
START 16272 9932 18568 -18100 1884 -12604 END
START 16844 10036 18752 -17884 1951 -13915 END
START 17772 9720 18748 -17655 2005 -15478 END
START 18324 9508 18616 -17434 2064 -17103 END
START 18788 9172 18616 -17240 2090 -18838 END
START 19000 9136 18348 -17044 2083 -20623 END
START 19072 9128 18476 -16944 2039 -22473 END
START 19024 9100 18176 -16967 1904 -24411 END
START 18720 9208 18404 -17055 1834 -26332 END
START 18312 9256 18400 -17288 1635 -28270 END
START 17792 9192 18640 -17607 1452 -30201 END
START 17088 9108 19124 -17897 1238 -32029 END
START 16288 8724 19840 -18130 903 -32768 END
START 15376 8232 20596 -18197 528 -32768 END
START 14532 7716 21688 -18135 90 -32768 END
START 13508 6980 22340 -17863 -355 -32768 END
START 11880 6256 23656 -17461 -883 -32768 END
START 10700 5648 24456 -16946 -1600 -32768 END
START 9604 5232 25152 -16388 -2381 -32768 END
START 8476 4792 25812 -15785 -3042 -32768 END
START 7840 4208 26168 -15191 -3562 -32768 END
START 7256 3884 26576 -14450 -3888 -32768 END
START 6764 3360 26948 -13806 -3969 -32768 END
START 6084 2848 27212 -13112 -3867 -32768 END
START 5216 2132 27808 -12371 -3674 -32768 END
START 4196 1360 28164 -11562 -3390 -32768 END
START 3012 868 28520 -10696 -3076 -32768 END
START 1864 424 28640 -9804 -2716 -32768 END
START 540 76 28692 -8872 -2284 -32768 END
START -616 -364 28776 -7979 -1814 -32768 END
START -1936 -752 28592 -7106 -1356 -32768 END
START -3480 -1300 28416 -6206 -998 -32768 END
START -4936 -1704 28176 -5370 -787 -32768 END
START -6572 -1956 28044 -4539 -759 -32768 END
START -8016 -2144 27620 -3749 -797 -32768 END
START -9556 -2228 27016 -3081 -879 -32768 END
START -10844 -2172 26540 -2493 -847 -32768 END
START -12092 -2236 26132 -1916 -897 -32768 END
START -13116 -2424 25552 -1439 -1035 -32768 END
START -14284 -2624 25132 -987 -1235 -32768 END
START -15268 -2632 24876 -606 -1495 -32768 END
START -15876 -2676 24508 -258 -1712 -32768 END
START -16788 -2540 24288 77 -1883 -32768 END
START -17396 -2264 23916 388 -1967 -32768 END
START -18044 -1800 23148 656 -1898 -32768 END
START -18548 -2336 23372 916 -1881 -32768 END
START -19368 -2428 23228 1445 -1918 -32768 END
START -20320 -1960 22984 2033 -2071 -32768 END
START -20916 -1584 22332 2456 -2279 -32768 END
START -21108 -1404 21340 2740 -2492 -31816 END
START -21036 -1636 20596 2763 -2399 -29975 END
START -21324 -1808 20788 3378 -2388 -28348 END
START -20704 -988 19376 2794 -2490 -26890 END
START -20828 -840 18632 2538 -2262 -25416 END
START -21296 -600 18872 2398 -2087 -23797 END
START -21636 -700 18392 2431 -1773 -22108 END
START -22192 -680 18508 2539 -1483 -20259 END
START -22360 -664 18424 2693 -1195 -18456 END
START -22444 -896 18364 3083 -802 -16643 END
START -22612 -1128 18416 3634 -540 -14799 END
START -22504 -776 18208 4023 -279 -13031 END
START -22380 -444 17424 4312 -20 -11285 END
START -22300 -164 17204 4585 185 -9562 END
START -22144 -320 16672 4801 381 -7984 END
START -21988 -164 16212 4976 401 -6413 END
START -21692 -100 15580 5172 385 -4933 END
START -21368 28 15228 5255 246 -3500 END
START -21000 112 14740 5312 -9 -2099 END
START -20520 180 14104 5273 -322 -838 END
START -20040 232 13144 5184 -535 424 END
START -19740 340 12504 5017 -711 1656 END
START -19152 612 11940 4760 -822 2846 END
START -18492 748 11288 4382 -863 4063 END
START -17756 876 10532 3913 -838 5155 END
START -17192 980 10480 3289 -866 6264 END
START -16644 956 9848 2689 -806 7264 END
START -16028 868 9568 2100 -721 8266 END
START -15576 952 9352 1472 -488 9202 END
START -15104 1004 9236 872 -221 10150 END
START -14744 976 9220 282 65 11046 END
START -14452 996 9148 -161 301 11835 END
START -13948 900 9248 -651 472 12625 END
START -13632 772 9772 -1085 561 13444 END
START -13280 948 9800 -1412 523 14058 END
START -12680 1028 9664 -2010 460 14655 END
START -12444 1064 9560 -2481 503 15233 END
START -12476 1100 9920 -2875 501 15841 END
START -12376 984 9956 -3214 568 16508 END
START -12320 1032 10076 -3454 737 17171 END
START -12280 900 10120 -3685 985 17945 END
START -12404 888 10320 -3982 1268 18749 END
START -12388 1048 10636 -4341 1438 19583 END
START -12376 1112 10992 -4698 1546 20482 END
START -12336 1100 11000 -5060 1662 21375 END
START -12244 1056 11200 -5412 1782 22298 END
START -12256 1076 11704 -5781 1904 23229 END
START -12312 1164 12280 -6110 1916 24141 END
START -12292 1148 12732 -6413 1926 25029 END
START -12308 1040 12980 -6644 1892 25974 END
START -12160 952 13564 -6787 1906 26829 END
START -12060 872 13900 -6820 1918 27732 END
START -11780 936 14340 -6845 1912 28573 END
START -11564 956 14816 -6831 1891 29382 END
START -11220 912 15204 -6764 1797 30182 END
START -10740 996 15732 -6679 1727 30891 END
START -10368 1176 16236 -6602 1645 31561 END
START -10068 1460 16508 -6589 1528 32202 END
START -9072 1472 16532 -6572 1654 32767 END
START -7968 1188 16976 -6567 1934 32767 END
START -7212 808 17124 -6518 2384 32767 END
START -6604 672 17776 -6522 2808 32767 END
START -6240 720 18588 -6455 3137 32767 END
START -5800 856 18884 -6378 3466 32767 END
START -5268 1092 19388 -6285 3822 32767 END
START -4680 1260 19972 -6125 4272 32767 END
START -4224 1216 20300 -5991 4718 32767 END
START -3672 1276 21060 -5833 5136 32767 END
START -2984 1140 21564 -5577 5491 32767 END
START -2176 1092 22112 -5335 5838 32767 END
START -1232 968 22688 -4989 6127 32767 END
START -264 1028 23488 -4705 6432 32767 END
START 732 1016 23980 -4359 6586 32767 END
START 1612 1016 24904 -3994 6617 32767 END
START 2376 1100 25592 -3583 6514 32767 END
START 2904 1092 26272 -3032 6242 32767 END
START 3484 1040 26972 -2410 5865 32767 END
START 3708 1056 27624 -1686 5286 32767 END
START 3812 984 28316 -920 4523 32767 END
START 4132 1132 28868 -13 3632 32767 END
START 4796 1180 29348 882 2796 32767 END
START 5204 1396 29604 1845 2065 32767 END
START 5936 1592 30064 2837 1351 32767 END
START 6456 1780 30344 3843 710 32672 END
START 7124 1864 30680 4859 148 32038 END
START 7864 2196 31212 5840 -267 31435 END
START 8840 2320 31452 6943 -620 30721 END
START 9720 2328 31888 8091 -883 30004 END
START 10420 2436 31972 9240 -1115 29275 END
START 10936 2324 32212 10580 -1449 28408 END
START 11484 2420 32256 11858 -1875 27531 END
START 11820 2588 32152 13262 -2457 26561 END
START 11904 2768 31616 14582 -2998 25598 END
START 12232 3040 31072 15875 -3483 24635 END
START 12376 3448 30296 17107 -3826 23662 END
START 12636 3752 29492 18222 -4019 22745 END
START 12864 4120 28652 19241 -4083 21817 END
START 13344 4368 27696 20145 -3998 20935 END
START 13936 4524 26992 20950 -3756 20023 END
START 14668 4708 26036 21632 -3345 19148 END
START 15372 4900 24972 22239 -2845 18241 END
START 16096 5156 24088 22788 -2255 17255 END
START 16568 5404 23364 23272 -1685 16271 END
START 17192 5596 22388 23705 -1006 15249 END
START 17864 5884 21688 24052 -309 14219 END
START 18612 6080 20832 24387 406 13196 END
START 19316 6328 19884 24649 1124 12188 END
START 20200 6700 18996 24925 1844 10972 END
START 21128 7296 17836 25054 2580 9643 END
START 21868 7524 16712 25051 3329 8198 END
START 22416 7776 15924 24978 3871 6598 END
START 22852 7988 14736 24753 4310 4855 END
START 23080 8292 13708 24463 4561 3007 END
START 23280 8572 12408 24044 4766 1167 END
START 23192 8672 11588 23579 4774 -754 END
START 23012 8840 10876 22968 4721 -2544 END
START 22760 8920 10304 22315 4545 -4166 END
START 22572 9000 9976 21647 4284 -5715 END
START 22524 9116 9292 21061 4037 -7145 END
START 22504 9252 8532 20461 3854 -8534 END
START 22764 9340 7832 19898 3691 -10011 END
START 23052 9456 7264 19331 3534 -11494 END
START 23340 9348 6784 18812 3257 -13038 END
START 23536 9364 6192 18267 2958 -14640 END
START 23888 9344 5404 17617 2607 -16445 END
START 23900 9092 4916 16983 2308 -18250 END
START 23852 8976 4392 16219 2031 -20041 END
START 23480 8624 3952 15345 1840 -21863 END
START 22744 8476 3744 14489 1705 -23556 END
START 21980 8312 3612 13655 1562 -25129 END
START 21052 8096 3956 12909 1307 -26584 END
START 20272 7864 3796 12215 1042 -27974 END
START 19324 7520 4152 11633 852 -29300 END
START 18548 7444 4000 11124 803 -30531 END
START 17904 7260 3736 10731 1019 -31647 END
START 17556 7128 3548 10366 1423 -32655 END
START 16892 7128 3392 10047 1976 -32768 END
START 16616 6964 3300 9715 2637 -32768 END
START 15680 6988 3192 9419 3246 -32768 END
START 15040 6740 2964 9147 3641 -32768 END
START 14212 6452 2552 8857 4036 -32768 END
START 13412 5800 2076 8643 4255 -32768 END
START 12500 5472 1412 8450 4302 -32768 END
START 11436 5008 944 8241 4135 -32768 END
START 10576 4832 468 7937 3739 -32768 END
START 9328 4612 -352 7538 3159 -32768 END
START 8036 4564 -1096 6954 2453 -32768 END
START 6712 4424 -1684 6263 1661 -32768 END
START 5204 4244 -2188 5459 863 -32768 END
START 3676 4160 -2580 4514 31 -32768 END
START 1988 3968 -2420 3521 -770 -32768 END
START 300 3856 -2260 2544 -1609 -32768 END
START -1176 3988 -2108 1478 -2421 -32768 END
START -2756 3728 -1824 526 -3220 -32768 END
START -4304 3572 -1020 -404 -3945 -32768 END
START -5776 3276 -660 -1240 -4434 -32768 END
START -7380 3124 224 -2023 -4959 -32768 END
START -8904 3040 872 -2750 -5313 -32768 END
START -10660 2896 1972 -3332 -5519 -32768 END
START -12448 2876 3096 -3825 -5681 -32768 END
START -14304 3044 4144 -4178 -5798 -32768 END
START -15700 3100 4960 -4436 -5741 -32478 END
START -17188 3240 5716 -4591 -5528 -30757 END
START -18108 3420 6592 -4572 -5233 -29024 END