START 9792 8288 -11024 14136 5027 7475 END
START 2708 2404 -10464 11015 650 6972 END
START -996 1272 -11816 6675 -7056 7017 END
START 1168 2128 -12624 -1071 -9174 7012 END
START 1148 1232 -8976 -8400 -6574 6202 END
START 1740 184 -7712 -13676 -832 6360 END
START -528 -1172 -7224 -17477 2462 7304 END
START -2236 -2356 -7844 -20846 2814 8938 END
START -4228 -3368 -8012 -23929 255 11211 END
START -5564 -4564 -7928 -27193 -4111 13505 END
START -2808 -5852 -6148 -30222 -7205 15412 END
START -524 -6520 -6196 -32768 -7649 16331 END
START 1896 -7500 -4252 -32768 -7421 16608 END
START 6612 -8840 -44 -32768 -7276 16591 END
START 12916 -9608 3920 -32768 -5617 15139 END
START 20796 -9940 12404 -32768 -3171 12406 END
START 31244 -9216 21924 -32768 3753 5115 END
START 32767 -8368 30172 -32768 11687 -4511 END
START 32767 -8836 32767 -32768 15151 -16118 END
START 32767 -8644 32767 -32768 13515 -29637 END
START 28740 -10464 32767 -31274 11842 -32768 END
START 22056 -14016 32767 -24835 11411 -32768 END
START 13408 -17204 32767 -18600 14093 -32768 END
START 6452 -21652 32767 -14287 17905 -32768 END
START -5568 -25556 32767 -8084 18981 -32768 END
START -16100 -26328 32767 249 17158 -32768 END
START -21204 -25920 28908 6547 14437 -32768 END
START -24764 -23616 20944 9564 12973 -32304 END
START -28968 -21268 14416 9896 9882 -22798 END
START -31112 -18088 10268 8388 5689 -12678 END
START -32740 -16224 8352 5939 860 -2081 END
START -30544 -15100 8064 3180 -2489 8506 END
START -26576 -14220 8124 164 -4455 18546 END
START -21336 -13808 9640 -3447 -5614 27794 END
START -15836 -14668 12980 -6426 -5259 32767 END
START -12208 -15220 16920 -8513 -3869 32767 END
START -9588 -16332 22880 -9019 -1443 32767 END
START -5840 -17400 28392 -6730 -1013 32767 END
START -612 -17284 32752 -2328 -472 32767 END
START 2192 -15400 32767 2943 -1630 32767 END
START 4852 -14008 32767 8840 -3385 32767 END
START 9792 -11852 32740 14237 -2267 32767 END
START 18652 -8736 29652 17619 -1284 32767 END
START 26356 -4728 26992 20227 1929 31122 END
START 28356 -2392 25580 22820 3441 21489 END
START 28220 -1104 21864 25247 6100 12070 END
START 28272 1016 13752 25559 7294 4444 END
START 28356 3492 6372 20319 10499 -3049 END
START 31144 4836 4056 14049 13504 -13691 END
START 27600 2648 4068 9789 14727 -25590 END
START 19320 76 4056 8358 11426 -32768 END
START 15964 -704 2828 6971 6841 -32768 END
START 12892 -2048 3016 5186 3963 -32768 END
START 8280 -3772 2284 3085 1772 -32768 END
START 2696 -5872 4228 1066 1694 -32768 END
START -3868 -7820 5836 223 3361 -32768 END
START -10972 -10320 7368 -484 3385 -32768 END