START -4592 756 -6712 5032 -297 2859 END
START -11128 -4292 -5760 1129 -4909 5859 END
START -12828 -5272 -2960 -1951 -6043 10329 END
START -6412 -6544 -3668 -4931 -7018 14421 END
START -4140 -7132 -1012 -6394 -5921 18485 END
START -4568 -6776 -308 -6958 -4638 21263 END
START -8124 -6020 -876 -6986 -6278 25490 END
START -6060 -4560 -3740 -9244 -8660 28954 END
START -5336 -4636 -2952 -13169 -7766 32767 END
START -2352 -4716 -1652 -18166 -4651 32767 END
START -5528 -7172 3612 -22017 -2083 32767 END
START -2316 -9932 7620 -23145 -1940 32767 END
START 6028 -12644 8796 -23951 -2138 32767 END
START 29836 -9060 12888 -25906 -483 32767 END
START 32767 -552 18300 -27063 6787 32767 END
START 32448 1884 17212 -24916 5097 26427 END
START 27692 1524 14512 -24836 -2661 15758 END
START 25444 -356 16796 -24338 -8128 10043 END
START 31860 764 16340 -25802 -5584 4503 END
START 32767 -172 22504 -28251 7627 -3793 END
START 32767 -872 25620 -26516 15677 -14810 END
START 31464 -4604 24372 -25115 18140 -28691 END
START 21548 -7916 25460 -22568 11862 -32768 END
START 20460 -9148 28412 -20150 7625 -32768 END
START 22508 -11340 29828 -18233 12519 -32768 END
START 9992 -17912 26960 -16551 18085 -32768 END
START -6436 -22216 29312 -12226 12562 -32768 END
START -20428 -22232 30600 -5959 6677 -32768 END
START -27296 -20772 27064 -2395 5327 -32768 END
START -29520 -18224 22352 -2409 6768 -31053 END
START -30904 -16808 20160 -1519 5664 -21798 END
START -32768 -16340 18908 713 760 -13688 END
START -32768 -15508 16492 2410 -3850 -3730 END
START -32768 -16392 15428 2225 -5673 8962 END
START -29860 -15876 13248 207 -4628 19915 END
START -25584 -15908 14472 -2353 -3679 27904 END
START -20816 -15560 17032 -3284 -3562 32767 END
START -15728 -15100 21148 -3365 -3041 32767 END
START -7328 -12996 26040 -2179 -51 32767 END
START -4256 -10804 31208 -444 3005 32767 END
START 4936 -8916 32767 4100 5177 32767 END
START 5712 -8840 32767 10615 6177 32767 END
START 7128 -8752 32767 16781 3021 32765 END
START 12464 -7168 31424 20185 1023 30722 END
START 16548 -5896 25288 21933 1248 27793 END
START 20636 -3392 21760 20836 2045 23183 END
START 22892 -2964 20528 20769 3589 17558 END
START 28112 -1080 15700 20695 5347 10457 END
START 27400 -680 11648 18859 5522 1570 END
START 26516 -212 7628 16803 2709 -5131 END
START 27124 476 6992 15261 260 -12338 END
START 27180 712 6016 14605 1 -19478 END
START 26012 432 4188 13223 1047 -26638 END
START 28396 292 2788 11620 3221 -32768 END
START 23784 -1292 -1228 7026 3938 -32768 END
START 17572 -4096 608 2781 872 -32768 END
START 11280 -5228 2636 204 -2531 -32768 END
START 4904 -5872 5844 -1389 -5939 -32768 END
START 208 -7140 9288 -1723 -10984 -32768 END
START -6416 -7352 15392 -316 -17121 -32768 END
START -15400 -8384 20304 1132 -15540 -32768 END