START 11908 11128 -5552 6026 2607 -2731 END
START 1460 4408 -6780 3361 -3393 -741 END
START -6824 4300 324 -243 -5963 1550 END
START -1888 3112 -808 -4175 -2659 2883 END
START 1268 3192 -2136 -7353 1081 3925 END
START -880 2640 224 -9036 2811 4711 END
START -124 2664 -1424 -10400 3090 5727 END
START -1820 2232 -672 -11647 1345 6731 END
START -3024 2004 -232 -13245 -437 8262 END
START -2028 1756 -728 -15277 -2425 10811 END
START 956 1676 700 -18382 -1841 12622 END
START 2820 1644 1504 -21373 -142 13572 END
START 4348 768 3764 -24000 1015 13365 END
START 6908 120 6788 -25753 1043 13052 END
START 8812 -252 9172 -26749 1879 12122 END
START 9892 -548 10012 -27606 3107 10934 END
START 9944 -876 11644 -28964 1985 9647 END
START 14708 -1292 15916 -29564 1724 7208 END
START 17240 -1236 19444 -28562 3054 3484 END
START 16892 -1108 21172 -27259 4937 -446 END
START 19004 -1200 23616 -26359 6438 -4147 END
START 20568 -1000 27520 -23878 8875 -9180 END
START 21952 -1100 30228 -20066 11197 -15214 END
START 22124 -340 31156 -15832 12103 -21061 END
START 21488 -252 30916 -12237 14803 -28061 END
START 18484 -1892 30764 -9362 19167 -32768 END
START 12916 -3936 29712 -7129 24318 -32768 END
START 5076 -6264 28920 -4550 24413 -32768 END
START -1324 -8440 27984 -1404 21076 -32768 END
START -8396 -10696 27388 2627 16337 -32768 END
START -12928 -11136 26220 6762 12381 -32768 END
START -18700 -11860 23348 10144 9137 -32768 END
START -21372 -10632 18508 11577 5850 -28224 END
START -22448 -9532 14532 10071 5244 -22454 END
START -24548 -8480 11568 7207 5915 -16258 END
START -27632 -7608 9412 4741 4371 -9491 END
START -27532 -6636 8460 3095 713 -2653 END
START -25084 -5624 7856 1388 -1321 3233 END
START -20536 -4596 8024 -275 -2991 7299 END
START -18156 -4328 8604 -1820 -3596 9846 END
START -17472 -4064 8880 -3315 -4855 12923 END
START -16200 -3964 9536 -5210 -5499 16199 END
START -15864 -4724 11376 -7156 -4967 19855 END
START -13716 -5424 13936 -8067 -4259 23720 END
START -12712 -5748 15496 -8277 -3722 26613 END
START -11728 -6392 17104 -7902 -3721 28921 END
START -8572 -6432 18764 -6979 -3868 30290 END
START -5996 -5928 21100 -5139 -3130 29925 END
START -5664 -5496 22288 -3149 -3171 29703 END
START -3532 -5388 23780 -1179 -3247 30131 END
START -252 -5192 25792 557 -3285 29926 END
START 2916 -4480 28268 3339 -3717 29057 END
START 5624 -3772 28632 7022 -4153 27233 END
START 8712 -2460 26804 9932 -4523 24895 END
START 10312 -1836 26256 11812 -4464 22518 END
START 11592 -1724 25928 14337 -4056 20388 END
START 12584 -1432 23896 17521 -4916 18309 END
START 17420 -192 20176 19438 -6486 14708 END
START 19732 900 17292 19909 -7053 8882 END
START 18852 1620 13792 19388 -7213 3750 END
START 17544 1256 11988 17989 -7554 209 END
START 19612 1436 9220 15942 -6601 -2947 END
START 20912 1328 6456 12425 -6179 -7293 END
START 22300 720 6724 9257 -5757 -12368 END
START 22832 -136 7432 7705 -4513 -17278 END
START 20976 160 7304 6886 -3954 -21817 END
START 19520 476 5824 5760 -4198 -25780 END
START 18300 1196 4764 3524 -3651 -30392 END
START 16284 1872 5328 652 -2328 -32768 END
START 9984 288 6864 -2106 -1373 -32768 END
START -896 -3020 10412 -3296 -3609 -32768 END
START -11148 -5648 15780 -2808 -6456 -32768 END
START -21204 -7548 18316 -1642 -4881 -31794 END