START 16232 8024 -15896 6673 6153 1775 END
START 2104 2964 -13876 2796 -1356 1213 END
START -1444 184 -10468 596 -4381 2747 END
START -5292 -676 -7292 -2758 -5191 4926 END
START -4636 -1428 -8092 -6297 -3567 7304 END
START -4636 -2336 -9064 -10168 -1399 9614 END
START -7312 -3404 -8372 -14701 -66 13103 END
START -6168 -4888 -8568 -19244 367 16353 END
START -5400 -6192 -6284 -24511 982 18785 END
START -2804 -7532 -1876 -28547 -10 20909 END
START 304 -7808 2536 -30005 -992 22083 END
START 1840 -8408 5940 -31287 -1910 23324 END
START 4112 -8348 10824 -32005 -984 26072 END
START 4652 -7764 12892 -31992 1524 28711 END
START 11044 -5992 13252 -32768 2510 30012 END
START 19216 -3992 15444 -32768 4834 26622 END
START 27964 -956 18072 -32768 7667 18416 END
START 32108 -620 23444 -32768 11066 6065 END
START 27492 -940 23996 -32768 10777 -4252 END
START 24548 -1712 25932 -32768 9422 -11257 END
START 27256 -2020 27732 -31236 11120 -18497 END
START 28704 -4072 28796 -31037 19414 -28111 END
START 24232 -7828 30264 -30530 28419 -32768 END
START 17888 -11304 31552 -27669 29716 -32768 END
START 14084 -15404 32767 -21435 24121 -32768 END
START 6408 -20680 32767 -14464 19357 -32768 END
START -5092 -24332 32520 -7721 16970 -32768 END
START -8092 -23080 28572 -4398 19277 -32768 END
START -15080 -24032 24932 -1584 20316 -32768 END
START -22236 -24256 22748 3875 14351 -32768 END
START -27072 -22768 19264 8878 7748 -32768 END
START -29448 -21288 15124 10576 4899 -32768 END
START -32768 -20436 11724 10070 3448 -23950 END
START -32768 -18460 8832 8603 -825 -11356 END
START -32768 -17224 6768 4847 -4043 981 END
START -30604 -16428 6356 48 -4886 11791 END
START -26308 -16096 7696 -4502 -5099 20480 END
START -21960 -16884 10004 -7485 -5442 28346 END
START -18680 -18004 12672 -9064 -5101 32767 END
START -17488 -19096 14844 -9807 -4577 32767 END
START -16244 -21660 18816 -9263 -5081 32767 END
START -12760 -22856 21456 -7201 -6468 32767 END
START -9108 -24600 24324 -4032 -8636 32767 END
START -5668 -25408 26212 511 -10655 32767 END
START -2688 -24940 26168 6334 -13409 32767 END
START -520 -25028 24044 12163 -16660 32767 END
START 728 -24608 21492 16512 -19771 32767 END
START 1304 -24332 22280 19675 -22254 32767 END
START 10408 -23352 24644 24723 -21815 32767 END
START 28564 -17904 24540 29470 -13989 32767 END
START 32767 -7720 18588 31035 -1918 32767 END
START 32767 -620 10524 24716 3433 20575 END
START 32767 -1668 12708 21084 -465 10508 END
START 32767 -780 15708 21992 -9175 4358 END
START 32767 1860 15692 25077 -13694 -4653 END
START 32767 4120 13532 26422 -10246 -18850 END
START 32767 2664 10548 25232 -1463 -32768 END
START 32767 132 3604 22298 5414 -32768 END
START 32767 -1584 -1512 15540 8506 -32768 END
START 25384 -4868 -2472 8024 9451 -32768 END
START 24516 -6624 -1016 2463 8518 -32768 END
START 17572 -11172 -964 -2212 9242 -32768 END
START 7824 -15132 -124 -5482 7309 -32768 END
START 36 -17704 2132 -6287 3737 -32768 END
START -8900 -20104 5020 -4821 -3704 -32768 END
START -23568 -22080 11244 -1196 -17178 -32768 END
START -32720 -23676 18896 4209 -23278 -32768 END