START 8284 7688 -5032 -1581 8722 7639 END
START 1584 -884 -6376 -2828 5411 10883 END
START -4148 -1604 -2736 -7684 3528 14744 END
START -1104 -2528 -1600 -13287 9400 17951 END
START 8480 -2900 -5544 -20752 20498 18260 END
START 4464 -3544 -2004 -25600 26369 18216 END
START -668 -4040 864 -26942 23201 18947 END
START -4076 -5160 4492 -24865 14746 21734 END
START -2884 -5160 4788 -22815 6049 25989 END
START 1368 -4644 2900 -23515 2139 28354 END
START 9220 -2924 -1260 -28131 925 27478 END
START 15724 -1884 708 -32768 1626 22171 END
START 19040 -716 9280 -32768 3205 13544 END
START 17400 -1224 14844 -32768 1569 4189 END
START 18436 -1724 15080 -31772 -2813 -4462 END
START 19972 -3604 15512 -32468 -6540 -12598 END
START 25016 -5488 22740 -32768 -4795 -20408 END
START 27916 -6656 29992 -30778 2191 -29862 END
START 29116 -8424 30320 -27558 9634 -32768 END
START 24060 -13992 30144 -25231 10676 -32768 END
START 19452 -19716 31372 -21048 7240 -32768 END
START 8824 -24184 32740 -15384 5799 -32768 END
START 4560 -24724 28588 -11162 10403 -32768 END
START -1800 -27928 23644 -9753 18175 -32768 END
START -11056 -31256 21988 -4434 16278 -32768 END
START -19408 -32768 20180 -2 9511 -32768 END
START -27372 -32768 20104 2567 6636 -32768 END
START -32768 -29552 19272 2707 5907 -32768 END
START -32768 -26772 19228 1677 4876 -24207 END
START -32520 -24584 18868 732 3142 -8746 END
START -26804 -22532 18472 425 1949 1721 END
START -22608 -20380 16680 128 1208 8479 END
START -22160 -19484 16120 147 -1033 14208 END
START -21452 -18316 15336 280 -3145 21663 END
START -20956 -17932 14368 -379 -4332 29040 END
START -19012 -18332 13048 -2676 -5364 32767 END
START -16280 -19092 14668 -5704 -5894 32767 END
START -13340 -20844 18212 -7055 -7931 32767 END
START -7348 -22128 23728 -6997 -8113 32767 END
START -840 -23124 31680 -4137 -4463 32767 END
START 5056 -21884 32767 3547 -3961 32767 END
START 10496 -19044 32767 12353 -6551 32767 END
START 13168 -14972 32200 19682 -10186 32767 END
START 14232 -12676 28668 24266 -12668 32767 END
START 21548 -8916 24640 26260 -12354 32767 END
START 28632 -6148 22468 26049 -5647 26325 END
START 31236 -3308 16752 24979 1594 18130 END
START 28924 -3316 12920 23527 3293 10679 END
START 29468 -2012 8476 22928 435 4226 END
START 31732 -1140 3868 20891 -3869 -3947 END
START 32767 796 -1032 16987 -7512 -13364 END
START 32767 1148 -1996 11356 -6571 -24264 END
START 30280 -664 -1456 7756 -3251 -32768 END
START 29420 -1876 -2580 5293 -3003 -32768 END
START 29104 -3840 -4380 1803 -5769 -32768 END
START 23992 -8888 -904 -442 -12615 -32768 END
START 16872 -13652 4488 -199 -20183 -32768 END
START 9900 -15940 6004 -1169 -18650 -32768 END
START -1064 -19492 6640 -7092 -12281 -32768 END
START -14632 -23972 14304 -11561 -7999 -32768 END