START 12092 5548 -9932 9952 4681 3451 END
START 4564 3168 -17184 4257 -303 3933 END
START -1184 868 -9952 -1219 -2637 4376 END
START -1908 -164 -8636 -5782 -945 5514 END
START 824 -732 -8740 -9911 778 6593 END
START 1952 -1728 -9076 -12943 3349 7342 END
START 1544 -1780 -9600 -16178 3717 7947 END
START 1824 -2292 -9800 -19399 2472 7260 END
START 2144 -2664 -9540 -22815 1083 6245 END
START 1372 -3776 -7896 -25298 -383 4997 END
START 596 -5036 -7348 -27325 -1571 4905 END
START -84 -6372 -7436 -30341 -2266 5829 END
START -132 -8000 -6508 -32768 -4008 7568 END
START 2540 -9272 -4660 -32768 -4290 9218 END
START 6236 -10032 -1896 -32768 -3603 9820 END
START 9780 -10900 2200 -32768 -945 8495 END
START 12960 -12256 8768 -32768 -387 5871 END
START 20628 -12948 19080 -32768 1552 963 END
START 29068 -12836 29928 -32768 6226 -7787 END
START 31036 -13660 32767 -32768 9200 -19167 END
START 27632 -13908 32767 -32768 9400 -29033 END
START 29908 -15392 32767 -30301 12090 -32768 END
START 27556 -18216 32767 -23524 17641 -32768 END
START 19592 -23964 32767 -16030 20658 -32768 END
START 10940 -28264 32767 -7931 19932 -32768 END
START 816 -30608 32767 -414 19428 -32768 END
START -8980 -30984 32767 5355 19106 -32768 END
START -12724 -29788 31580 11333 18509 -32768 END
START -16644 -29884 24348 17243 16366 -32768 END
START -23088 -29776 15112 21049 13794 -32768 END
START -32768 -28056 8568 20060 9746 -32768 END
START -32768 -25192 5116 16839 4526 -19152 END
START -32768 -21736 3308 11943 -828 -1970 END
START -32768 -19860 3036 6570 -4147 12468 END
START -27056 -18636 3892 1761 -6384 22323 END
START -20008 -18156 5568 -1484 -9604 28825 END
START -14732 -18016 7688 -4414 -10531 32767 END
START -14712 -18548 10324 -7113 -7866 32767 END
START -16640 -19572 12436 -9620 -5672 32767 END
START -13748 -20452 15056 -11044 -4866 32767 END
START -8300 -22316 19112 -11947 -4259 32767 END
START -3428 -22952 24872 -9504 -4281 32767 END
START 244 -22120 30164 -4265 -3449 32767 END
START 1264 -20940 32240 2364 -4449 32767 END
START 1428 -19148 31620 8738 -7409 32767 END
START 4144 -17532 29428 13710 -8573 32767 END
START 9048 -15156 26008 15557 -8784 32767 END
START 18396 -13360 27116 16313 -6155 32767 END
START 25004 -9684 28468 19130 -5858 32767 END
START 27096 -6112 25012 23029 -7024 29825 END
START 26380 -4172 20008 24582 -10377 21434 END
START 29204 -2136 17556 24314 -11672 14044 END
START 31852 -524 15488 24026 -8296 5740 END
START 32580 612 12312 22612 -3124 -2324 END
START 32767 1380 9708 19964 1909 -10552 END
START 32060 500 8380 17828 5043 -18786 END
START 29508 -652 7428 16071 6175 -27095 END
START 27724 -2356 6888 15166 5184 -32768 END
START 25244 -4456 5296 14047 4670 -32768 END
START 23340 -6144 4944 12236 3967 -32768 END
START 19096 -8068 4260 10359 2299 -32768 END
START 15476 -9372 2096 7294 1895 -32768 END
START 7196 -12076 2032 3493 1858 -32768 END
START 396 -13080 1632 766 642 -32768 END
START -8780 -15340 3624 -1432 -2362 -32768 END
START -23728 -19924 10140 -54 -7323 -32768 END