START 9324 4168 -4312 7812 8189 -753 END
START -300 -160 -4648 7415 5581 -1467 END
START -6176 -2172 -4760 6066 688 -223 END
START -9816 -2392 -6748 2750 -40 2131 END
START -5456 -3052 -12056 -1868 -893 5833 END
START -6128 -2664 -10524 -7106 -1463 9095 END
START -4276 -3200 -9996 -11818 -1560 10912 END
START -4180 -3480 -7356 -15202 -2114 11699 END
START -4192 -4436 -5952 -17278 -4208 12637 END
START -2128 -4544 -7404 -19239 -6761 14546 END
START -632 -4668 -7532 -22249 -8489 15602 END
START 976 -5100 -6544 -25522 -10768 16353 END
START 6268 -4988 -5044 -29260 -10509 16155 END
START 9336 -5084 -2724 -32768 -9055 14758 END
START 12916 -4996 1280 -32768 -10048 13559 END
START 17036 -5500 7844 -32768 -7154 11832 END
START 19648 -6004 14932 -32768 -2550 10181 END
START 23300 -6756 21952 -32768 -307 5862 END
START 24712 -6620 30536 -32768 -4888 -1128 END
START 30516 -4980 32767 -32768 -8560 -10745 END
START 32328 -4768 32767 -30457 -4975 -20490 END
START 29292 -5908 32767 -29454 3438 -28712 END
START 23612 -7632 32767 -27311 8543 -32768 END
START 21496 -10428 32767 -23015 9508 -32768 END
START 17920 -13792 32767 -17403 10607 -32768 END
START 10572 -17444 32767 -12463 12405 -32768 END
START -628 -20248 32767 -5927 12031 -32768 END
START -6444 -20280 32767 601 10903 -32768 END
START -10236 -21152 31664 6185 11072 -32768 END
START -15960 -21092 24500 10104 11305 -32768 END
START -23096 -20348 17996 11837 8644 -28432 END
START -27460 -18268 12916 11438 4436 -18490 END
START -28020 -16464 9748 8671 2286 -7568 END
START -26672 -15364 9120 6143 -91 2223 END
START -22752 -13972 8328 4222 -2908 10173 END
START -16440 -12964 8848 2192 -4406 16211 END
START -10748 -12284 8776 66 -4163 19685 END
START -9532 -12324 9072 -2683 -3746 22018 END
START -11376 -13248 11764 -5862 -2439 25909 END
START -15084 -15704 15308 -7556 -2614 32691 END
START -13380 -16956 18108 -8044 -2199 32767 END
START -9600 -17892 21744 -8656 335 32767 END
START -2240 -18680 26340 -6820 1273 32767 END
START 1876 -17420 30980 -1632 -100 32767 END
START 6564 -14496 32016 5418 -3040 32767 END
START 11708 -11004 30860 11321 -5140 32767 END
START 18052 -6952 28704 15037 -3946 32767 END
START 22148 -3680 26248 17201 379 30239 END
START 24856 -1980 24832 18334 3018 24965 END
START 30348 524 23260 20472 5065 17580 END
START 32767 2488 18216 21617 6502 6860 END
START 32767 3996 12408 20394 6451 -4394 END
START 27588 3708 9336 16576 4413 -12433 END
START 24488 2812 9928 14617 4184 -17081 END
START 23764 2272 10144 13587 6044 -21167 END
START 24388 1292 8056 12478 7618 -26549 END
START 22172 596 4100 10085 7135 -32086 END
START 20724 -100 3620 6359 4073 -32768 END
START 17340 -1520 3828 3010 3485 -32768 END
START 12156 -3236 3248 -662 2681 -32768 END
START 6072 -5292 4956 -4063 1801 -32768 END
START 3120 -7160 6396 -5843 -377 -32768 END
START -2184 -11120 9560 -7496 117 -32768 END
START -16196 -17656 17056 -5668 -1298 -32768 END
START -30728 -22740 22468 183 -3921 -31389 END