START 20372 8748 -14212 6886 6818 -6731 END
START -2276 1340 -9480 1290 6919 -4390 END
START -8844 -1740 -6860 -3248 5757 -491 END
START -12328 -3536 -5448 -6333 1300 5557 END
START -11032 -3596 -5392 -8779 -3668 10224 END
START -6544 -4268 -6100 -10945 -6876 13464 END
START -2940 -4500 -6716 -13708 -6904 16165 END
START -1776 -4412 -7064 -17212 -6185 17953 END
START -1176 -4840 -6628 -20695 -6883 18661 END
START 852 -5552 -6460 -23950 -7865 19100 END
START 1864 -6116 -7180 -27506 -9112 19449 END
START 5328 -6440 -5932 -32346 -10535 18905 END
START 6908 -7852 -2432 -32768 -7936 19180 END
START 11104 -9536 -84 -32768 -4339 19355 END
START 13284 -10792 3748 -32768 826 17975 END
START 14108 -11856 10928 -32768 3441 15950 END
START 22136 -11612 17396 -32768 3545 10936 END
START 26088 -11012 23088 -32768 6304 970 END
START 22284 -12620 29160 -32768 5116 -7183 END
START 23600 -11968 32767 -32768 1893 -14245 END
START 26640 -12656 32767 -32385 2128 -23185 END
START 26776 -13664 32767 -28737 7293 -32768 END
START 21712 -16688 32767 -24936 13655 -32768 END
START 14224 -20964 32767 -19980 14877 -32768 END
START 12332 -24656 32767 -13695 16266 -32768 END
START 2444 -27972 32767 -8669 16123 -32768 END
START -3496 -28964 32767 -4330 17234 -32768 END
START -10544 -29204 32744 -803 19847 -32768 END
START -13508 -27824 29504 5487 20283 -32768 END
START -18340 -26476 23808 11736 17732 -32768 END
START -23432 -24864 17464 16350 11735 -29116 END
START -25692 -21712 11260 16748 7807 -18633 END
START -25700 -19232 8320 13217 6240 -8184 END
START -23688 -17848 7392 9778 4202 1023 END
START -19452 -16508 7392 6707 1939 8007 END
START -15796 -15792 8748 3845 1285 13204 END
START -14876 -15972 11016 2224 473 18146 END
START -14228 -16932 12868 2045 -784 23363 END
START -14144 -18224 13436 2231 -1608 30156 END
START -15668 -19820 13372 1571 -1883 32767 END
START -17416 -21340 13052 787 -7105 32767 END
START -12164 -21432 13344 -1318 -10318 32767 END
START -1996 -22632 18628 -3925 -8856 32767 END
START 4276 -21396 27712 -2595 -6785 32767 END
START 9044 -19536 32767 3601 -7135 32767 END
START 17100 -16188 32767 14644 -9460 32767 END
START 18336 -12428 32767 24989 -13468 32767 END
START 24356 -8408 29792 31625 -14938 32767 END
START 32767 -3060 21524 32767 -12138 27510 END
START 32767 2636 13732 29463 -3071 14410 END
START 32767 4688 9724 23342 6094 452 END
START 32767 3456 7932 17969 10558 -9166 END
START 30312 1712 8284 16159 11079 -15879 END
START 29380 1436 6960 15489 10316 -23771 END
START 29224 68 6796 14846 9086 -32768 END
START 26876 -1868 5840 14349 7256 -32768 END
START 18844 -4864 3992 13582 6462 -32768 END
START 14968 -5568 1372 10520 6355 -32768 END
START 11512 -5932 -672 6039 9725 -32768 END
START 3644 -7968 -116 2013 9256 -32768 END
START -2176 -9164 1200 -213 5231 -32768 END
START -4860 -10800 2060 -2915 1808 -32768 END
START -14844 -15740 8412 -3634 -410 -32768 END
START -28992 -20052 13832 -474 -4634 -32768 END
START -32768 -20852 20968 680 -5277 -17741 END