START 2756 11428 60 11596 -2522 2602 END
START 5604 7352 -10724 12572 -1939 2597 END
START 1660 13816 3696 10320 -1545 2798 END
START 2740 10140 -3104 11355 -1009 2838 END
START 3464 11144 -2996 10139 -1789 2931 END
START 2792 10616 -3112 9710 -1755 2953 END
START 2000 10612 -2408 8828 -1839 3061 END
START 2844 10536 -3480 8095 -1697 3182 END
START 3772 10532 -4824 7394 -1493 3303 END
START 3736 10184 -5036 6671 -1268 3478 END
START 3164 9912 -5008 6012 -1114 3627 END
START 3148 9692 -5316 5284 -1025 3672 END
START 3448 9784 -6104 4414 -922 3666 END
START 3700 9780 -6516 3510 -751 3672 END
START 4068 9700 -6776 2534 -509 3605 END
START 4208 9276 -6632 1504 -130 3559 END
START 4180 8976 -6476 473 100 3430 END
START 4072 8680 -6204 -516 309 3294 END
START 3712 8372 -6168 -1478 313 3134 END
START 3500 8176 -6188 -2335 330 2980 END
START 3280 7808 -5836 -3114 251 2879 END
START 3108 7392 -5904 -3800 185 2815 END
START 2832 6960 -5660 -4530 214 2781 END
START 2504 6824 -5972 -5275 259 2779 END
START 2236 6556 -5920 -5969 397 2826 END
START 1860 6360 -5800 -6709 598 2925 END
START 1708 6032 -5768 -7439 844 3048 END
START 1348 5776 -5920 -8196 1225 3276 END
START 844 5480 -5712 -9004 1595 3517 END
START 328 5260 -5580 -9799 1911 3811 END
START -184 4836 -5336 -10490 2144 4139 END
START -720 4516 -5524 -11159 2370 4547 END
START -1116 4044 -5312 -11790 2573 4989 END
START -1520 3824 -5552 -12389 2821 5447 END
START -1880 3376 -5400 -13028 3082 5914 END
START -2252 3124 -5488 -13682 3437 6443 END
START -2660 2780 -4944 -14358 3758 6972 END
START -3068 2536 -4896 -14986 3932 7515 END
START -3624 2412 -4444 -15525 4022 8086 END
START -3916 2272 -4324 -16020 4019 8689 END
START -4292 1876 -4296 -16540 4080 9358 END
START -4844 1688 -4040 -16983 3961 10084 END
START -5156 1496 -3996 -17405 3685 10847 END
START -5172 1304 -3876 -17821 3360 11645 END
START -4900 1160 -4120 -18347 2993 12486 END
START -4532 1112 -3956 -18906 2718 13351 END
START -3812 940 -3880 -19490 2458 14062 END
START -3048 792 -3536 -20111 2173 14698 END
START -2236 444 -3288 -20685 1882 15200 END
START -1568 388 -3220 -21255 1661 15575 END
START -824 76 -3080 -21809 1423 15889 END
START -628 -112 -3024 -22342 1235 16138 END
START -284 -320 -2956 -22882 1018 16382 END
START -200 -224 -3300 -23536 864 16607 END
START -108 -188 -3212 -24195 759 16820 END
START -212 -88 -2984 -25000 764 17089 END
START -336 28 -3056 -25820 848 17343 END
START 48 64 -2812 -26634 1061 17581 END
START 152 52 -2396 -27509 1437 17855 END
START 328 148 -1600 -28400 1828 18131 END
START 488 48 -904 -29278 2240 18427 END
START 628 -212 -220 -30014 2641 18740 END
START 1072 -344 252 -30622 3023 19079 END
START 1624 -416 740 -31187 3511 19401 END
START 2452 -488 1532 -31662 3995 19794 END
START 3468 -256 2260 -31990 4374 20073 END
START 4672 140 3128 -32294 4867 20211 END
START 5880 532 4160 -32597 5333 20249 END
START 7224 684 5076 -32768 5749 20102 END
START 8552 796 5824 -32768 6168 19800 END
START 9912 1056 6820 -32768 6541 19362 END
START 10868 984 7976 -32768 6800 18735 END
START 11740 1444 9044 -32768 6827 17900 END
START 12516 2000 10020 -32768 6838 16995 END
START 13096 2484 11468 -32768 6687 15982 END
START 13424 2680 12124 -32505 6418 14938 END
START 13764 3180 13180 -32068 5951 13957 END
START 14220 3668 13744 -31485 5359 13022 END
START 14840 4096 14492 -30986 4782 12161 END
START 15952 5144 14948 -30603 4286 11180 END
START 16936 5840 15644 -30323 3869 10108 END
START 17784 6396 16604 -30017 3484 8963 END
START 18616 6812 17620 -29655 3051 7630 END
START 19488 7128 18408 -29224 2673 6177 END
START 20176 7312 19232 -28743 2405 4628 END
START 20776 7296 20072 -28191 2183 2887 END
START 21188 7104 20652 -27539 2105 1198 END
START 21244 7180 21092 -26860 2044 -493 END
START 21072 7144 21580 -26127 2039 -2092 END
START 20676 7288 21772 -25410 2141 -3681 END
START 20144 7300 21688 -24742 2314 -5075 END
START 19624 7612 21724 -24157 2551 -6389 END
START 19076 7864 21512 -23722 2924 -7558 END
START 19028 8232 21232 -23398 3461 -8583 END
START 19116 8588 21160 -23188 4115 -9683 END
START 19336 8380 21244 -23006 4841 -10732 END
START 19696 8480 21044 -22880 5770 -11927 END
START 20084 8276 21080 -22818 6655 -13181 END
START 19936 8156 21204 -22702 7485 -14580 END
START 19844 7824 21824 -22588 8317 -16076 END
START 19008 7552 22268 -22509 8890 -17527 END
START 18568 7324 22516 -22429 9381 -18988 END
START 18092 7244 22984 -22291 9689 -20390 END
START 17736 6952 23184 -22103 9917 -21686 END
START 17152 6688 23620 -21881 10100 -22960 END
START 16636 6508 24364 -21551 10083 -24267 END
START 16412 6268 24504 -21158 9853 -25591 END
START 16376 5976 24884 -20691 9493 -27036 END
START 16696 5572 24960 -20307 9124 -28562 END
START 17052 4888 25000 -19933 8778 -30343 END
START 17196 4740 25084 -19637 8405 -32266 END
START 17412 4608 25556 -19412 8100 -32768 END
START 17332 4360 25552 -19191 7985 -32768 END
START 16956 3740 26048 -18861 7962 -32768 END
START 16144 2992 26820 -18439 7848 -32768 END
START 14828 2168 27204 -17855 7600 -32768 END
START 13144 1456 27728 -17154 7325 -32768 END
START 11264 624 28028 -16344 6914 -32768 END
START 9452 -116 27936 -15550 6420 -32768 END
START 7640 -584 27644 -14671 5932 -32768 END
START 5824 -788 27432 -14120 5399 -32768 END
START 3912 -1184 26892 -13360 4981 -32768 END
START 2124 -1596 26460 -12782 4568 -32768 END
START -40 -2204 25936 -12140 4104 -32768 END
START -1660 -2572 25836 -11655 3652 -32768 END
START -3280 -3124 25688 -11239 3170 -32768 END
START -4720 -3532 25684 -10807 2706 -32768 END
START -6180 -3868 25768 -10373 2262 -32768 END
START -7600 -4824 25900 -9962 1835 -32768 END
START -9240 -5548 26300 -9259 1320 -32768 END
START -11036 -5404 26216 -8618 838 -32768 END
START -12976 -4976 26012 -8109 518 -32768 END
START -14904 -4484 25696 -7626 308 -32768 END
START -16348 -4116 24756 -7308 306 -32768 END
START -17676 -4180 24320 -7094 491 -32768 END
START -19016 -4260 24044 -6874 776 -32768 END
START -20104 -4016 23864 -6685 1126 -32768 END
START -21296 -3744 23952 -6374 1524 -32768 END
START -22300 -3528 24152 -5969 1905 -32768 END
START -23452 -3492 24512 -5421 2142 -31537 END
START -24280 -3420 24680 -4879 2266 -29168 END
START -25100 -3352 24800 -4251 2255 -26809 END
START -25848 -3084 24572 -3596 2135 -24402 END
START -26268 -2764 24664 -3004 1931 -21943 END
START -26496 -2356 24364 -2495 1703 -19624 END
START -26588 -2140 24016 -2028 1529 -17279 END
START -26416 -1876 23860 -1549 1359 -15115 END
START -26144 -1916 23712 -1031 1185 -12960 END
START -25808 -1804 23584 -489 1031 -10888 END
START -25320 -1836 23028 -20 955 -9006 END
START -24820 -1644 22528 422 893 -7249 END
START -24284 -1600 21708 784 872 -5520 END
START -23792 -1576 21136 1012 824 -3976 END
START -23384 -1616 20640 1138 748 -2427 END
START -22924 -1616 20048 1182 675 -919 END
START -22356 -1356 19728 1219 499 501 END
START -21776 -1448 19164 1210 323 1824 END
START -21000 -1428 18780 1202 113 3100 END
START -20436 -1440 18684 1265 -100 4304 END
START -19716 -1516 18312 1315 -347 5437 END
START -18928 -1512 18120 1422 -653 6439 END
START -18244 -1448 17920 1552 -922 7347 END
START -17272 -1332 17524 1613 -1219 8155 END
START -16392 -1316 17504 1752 -1464 8837 END
START -15624 -1196 17136 1814 -1629 9411 END
START -14840 -1248 16948 1846 -1754 9883 END
START -14088 -1272 16764 1809 -1880 10286 END
START -13884 -1212 16716 1688 -1954 10715 END
START -13828 -1120 16796 1679 -2095 11070 END
START -13824 -804 16212 1395 -2305 11513 END
START -14444 -644 16056 1288 -2418 12119 END
START -14632 -476 15968 1271 -2570 12706 END
START -15076 -336 15704 1304 -2624 13643 END
START -15052 -208 15680 1316 -2610 14464 END
START -14984 -64 15404 1293 -2610 15356 END
START -14592 128 15432 1097 -2565 16165 END
START -14280 148 15360 910 -2512 16924 END
START -14064 184 15504 657 -2373 17702 END
START -13796 216 15488 362 -2235 18417 END
START -13608 340 15744 101 -2066 19092 END
START -13552 432 15736 -142 -1923 19745 END
START -13564 472 16128 -369 -1764 20472 END
START -13376 500 16480 -519 -1622 21232 END
START -13196 560 16532 -637 -1425 22058 END
START -12980 412 16804 -692 -1233 22885 END
START -12748 256 17128 -785 -1023 23743 END
START -12644 240 17640 -838 -865 24575 END
START -12456 324 18076 -911 -734 25486 END
START -12576 248 18304 -965 -652 26387 END
START -12364 412 18876 -979 -540 27329 END
START -11848 392 19316 -946 -351 28282 END
START -11380 388 19848 -920 -114 29168 END
START -10596 344 20268 -780 188 30046 END
START -9892 208 20904 -642 549 30818 END
START -9028 124 21508 -445 929 31549 END
START -8104 36 22208 -230 1290 32198 END
START -6804 48 22752 12 1705 32767 END
START -5264 -176 23496 317 2208 32767 END
START -3952 -312 23996 697 2594 32767 END
START -2552 -280 25008 1140 2935 32767 END
START -1572 -256 25376 1692 3173 32767 END
START -228 -188 26176 2308 3320 32767 END
START 1040 -104 26576 2989 3362 32767 END
START 2176 236 26860 3722 3255 32718 END
START 3044 584 27164 4387 3031 31984 END
START 3740 732 27368 5081 2660 31129 END
START 4120 1008 27612 5819 2194 30217 END
START 4196 1140 27912 6556 1605 29274 END
START 4288 1404 27900 7280 971 28389 END
START 4136 1472 27848 8002 281 27597 END
START 3972 1628 27840 8719 -424 26915 END
START 3860 1888 27756 9440 -1119 26357 END
START 4060 2176 27680 10201 -1799 25834 END
START 4388 2528 27352 10999 -2430 25342 END
START 5036 2684 27260 11786 -2926 24851 END
START 5992 2764 27088 12611 -3310 24323 END
START 6676 2820 26904 13385 -3648 23734 END
START 7468 2816 26644 14212 -3989 23028 END
START 8152 2996 26488 14892 -4273 22221 END
START 8672 3268 26140 15525 -4499 21343 END
START 9116 3476 25940 16127 -4714 20378 END
START 9408 3816 25584 16735 -4848 19417 END
START 9568 4100 25484 17280 -4848 18428 END
START 9876 4160 25160 17833 -4738 17562 END
START 10096 4332 24848 18365 -4445 16681 END
START 10336 4332 24544 18937 -4027 15931 END
START 10720 4404 24204 19509 -3464 15234 END
START 10908 4712 23700 20033 -2893 14617 END
START 11696 4764 23264 20594 -2268 14067 END
START 12472 4808 22796 21124 -1547 13449 END
START 13156 5020 22292 21632 -835 12824 END
START 13960 5164 21936 22107 -179 11972 END
START 14664 5208 21304 22559 348 11174 END
START 15196 5348 20616 22982 797 10199 END
START 15612 5380 19944 23342 1095 9172 END
START 16116 5412 19396 23674 1248 8037 END
START 16576 5544 18908 23942 1290 6897 END
START 17376 5792 17968 24153 1359 5735 END
START 17892 6244 17192 24321 1360 4524 END
START 18464 6424 16584 24386 1390 3196 END
START 19016 6608 15968 24432 1391 1745 END
START 19856 6904 15236 24443 1389 209 END
START 20484 7144 14496 24360 1270 -1451 END
START 21192 7456 13756 24223 1041 -3255 END
START 21936 7428 12992 24064 745 -5264 END
START 22452 7540 12240 23818 407 -7292 END
START 23020 7384 11384 23567 67 -9278 END
START 23508 7472 10324 23197 -285 -11356 END
START 23792 7608 9468 22763 -659 -13547 END
START 23984 7864 8816 22303 -1168 -15695 END
START 24196 7712 7600 21826 -1764 -17858 END
START 24252 7684 6844 21300 -2436 -20020 END
START 24244 7360 5664 20756 -3195 -22252 END
START 24220 7036 4472 20020 -3851 -24307 END
START 24124 6972 3432 18986 -4257 -26453 END
START 23448 6524 2560 17847 -4527 -28416 END
START 22312 6324 2388 16673 -4745 -30328 END
START 20848 6036 2244 15422 -4970 -32132 END
START 19012 6124 2172 14299 -5160 -32768 END
START 17436 6172 2136 13267 -5329 -32768 END
START 15608 6156 1904 12335 -5388 -32768 END
START 14932 6176 1248 11531 -5131 -32768 END
START 14552 6268 820 10784 -4614 -32768 END
START 14356 6328 -112 9961 -3844 -32768 END
START 13980 6220 -920 9155 -3111 -32768 END
START 13732 6212 -1284 8238 -2313 -32768 END
START 13164 5412 -1904 7293 -1618 -32768 END
START 12600 5208 -2404 6195 -1125 -32768 END
START 11420 5284 -3180 4871 -607 -32768 END
START 9456 5632 -3480 3582 -148 -32768 END
START 7892 5364 -3552 2314 108 -32768 END
START 6540 5088 -3460 979 5 -32768 END
START 6112 5064 -3884 -211 -206 -32768 END
START 5836 4672 -4108 -1478 -390 -32768 END
START 5432 4188 -4164 -2686 -650 -32768 END
START 4968 3804 -3992 -3919 -909 -32768 END
START 4212 3480 -3628 -5154 -1189 -32768 END
START 3240 2984 -3116 -6361 -1505 -32768 END
START 1708 2524 -2308 -7690 -1810 -32768 END
START -76 2356 -1312 -8962 -2037 -32768 END
START -1968 2164 -28 -10260 -2215 -32768 END
START -3976 1876 1576 -11576 -2226 -32768 END
START -6060 1964 3364 -12699 -1989 -32768 END
START -8340 1784 5472 -13550 -1427 -32768 END
START -10528 1660 7504 -14116 -539 -32768 END
START -12380 1592 9736 -14365 497 -32768 END
START -14264 1308 11780 -14039 1406 -32768 END
START -16300 1136 14592 -13414 2053 -32768 END
START -18660 1116 17140 -12517 2154 -32768 END
START -20596 624 19248 -11298 1976 -31777 END
START -22788 -152 21424 -9704 1665 -29635 END
START -24472 -628 22792 -7825 1175 -27386 END
START -25572 -608 23184 -5662 597 -24977 END
START -26312 -548 23332 -3576 -50 -22521 END
START -26792 -444 23588 -1502 -902 -20102 END
START -26436 -560 23440 570 -2020 -17568 END