START 6384 7912 -10024 2315 827 2010 END
START 992 928 -8460 -445 -4595 734 END
START -9156 -1100 -344 -2037 -3536 1991 END
START -44 -2312 -5892 -4235 -1838 3989 END
START 380 -2160 -6924 -7357 593 6466 END
START -2348 -2144 -5376 -10864 2363 7932 END
START -5244 -2600 -3688 -14328 3492 9757 END
START -4956 -2924 -3564 -16582 2424 12337 END
START -4464 -3580 -3272 -21394 4574 14959 END
START -5648 -4928 -1784 -27059 8490 18763 END
START -6184 -6916 1752 -31785 12207 22983 END
START -4548 -8464 6476 -32768 11259 26254 END
START -612 -8900 9528 -32549 7939 27710 END
START 2612 -7640 9712 -31860 5507 28653 END
START 3944 -8476 10092 -32768 6341 29365 END
START 10744 -8916 14692 -32768 5886 30503 END
START 20468 -6056 20824 -32768 9146 25521 END
START 25388 -4216 26172 -32768 7433 16498 END
START 32767 -1632 30816 -30616 6934 1815 END
START 31296 -2588 32508 -26626 5978 -10907 END
START 29936 -1836 32767 -24442 8419 -20669 END
START 28852 -2752 32767 -22024 13889 -29790 END
START 30156 -4032 32767 -17860 17520 -32768 END
START 23516 -10124 30764 -15313 18345 -32768 END
START 11672 -15628 30836 -11420 15723 -32768 END
START 7048 -20556 28696 -8832 16349 -32768 END
START -4728 -27112 27040 -6310 16786 -32768 END
START -17764 -30028 27276 -3070 14783 -32768 END
START -31600 -28948 29096 2536 10743 -32768 END
START -32768 -25268 26832 9178 4907 -32768 END
START -30876 -21756 20708 12937 1280 -24490 END
START -27740 -18468 14608 12633 -859 -15615 END
START -26636 -16076 11016 10133 -2157 -9183 END
START -27460 -14620 10260 6282 -3394 -2339 END
START -26188 -13800 11068 2744 -3506 5509 END
START -23792 -13660 12500 574 -3101 13053 END
START -18308 -13552 13456 -1069 -4186 18227 END
START -15244 -13228 15292 -2403 -4257 21787 END
START -16016 -13712 18172 -3227 -3752 26947 END
START -14492 -14196 22476 -2862 -2666 32711 END
START -15732 -15068 25644 -285 -2468 32767 END
START -12596 -15884 26768 3149 -3970 32767 END
START -6484 -15824 27776 6712 -6246 32767 END
START -180 -15588 28832 10267 -6215 32767 END
START 4788 -14580 28776 14591 -7134 32767 END
START 11268 -13096 28264 19188 -9270 32767 END
START 16132 -10572 25524 23144 -10512 32767 END
START 20284 -7880 22724 25952 -12367 32767 END
START 23660 -4752 17660 25869 -8401 25998 END
START 21412 -4084 13844 23736 -3981 21748 END
START 24588 -3036 11864 22463 -2569 18650 END
START 32767 572 9556 19966 -1526 10873 END
START 32767 2264 9560 18869 -351 -1730 END
START 32767 2768 6256 18395 -2411 -15266 END
START 31448 1108 4492 16534 -2922 -25223 END
START 25924 -764 4292 15193 -2053 -30482 END
START 29580 -552 3444 12959 2481 -32768 END
START 29616 -2340 2900 10525 5775 -32768 END
START 23932 -5728 3292 8835 4529 -32768 END
START 15916 -8664 2532 7161 1232 -32768 END
START 10260 -10400 792 3765 -58 -32768 END
START 1008 -12336 -284 -1807 -757 -32768 END
START -7392 -14080 4788 -5597 -2064 -32768 END
START -16764 -13856 10508 -6545 -3398 -32768 END