START -4604 6392 -12688 5750 1240 -2048 END
START -7456 -1032 -11212 324 -1993 1042 END
START -11764 -2096 -7604 -3842 -4637 6986 END
START -8688 -2556 -7180 -7302 -5939 13347 END
START -5324 -2488 -5776 -10242 -5146 17179 END
START -3884 -2516 -5428 -13528 -3610 19846 END
START -3104 -2744 -3804 -16312 -4333 21284 END
START -1460 -3020 -2904 -19093 -4808 21741 END
START -2136 -4176 -1984 -21525 -5211 23470 END
START 344 -4436 -2276 -23818 -6906 25057 END
START 4188 -4840 -1488 -27720 -7230 25605 END
START 8224 -5176 2400 -30842 -4837 24827 END
START 9044 -5036 4276 -32768 -2289 22963 END
START 10436 -5624 7144 -32768 -737 21717 END
START 13776 -6308 11912 -32768 644 20168 END
START 19280 -6412 15364 -32768 4930 16595 END
START 20964 -7500 21216 -32768 10079 12105 END
START 27560 -6012 27308 -32768 15353 4867 END
START 30560 -6528 32767 -32768 20826 -7117 END
START 24124 -8864 32767 -29540 22167 -17867 END
START 21960 -9840 32767 -22157 19044 -27082 END
START 22636 -10864 32767 -16040 19183 -32768 END
START 18208 -13700 32028 -11873 20738 -32768 END
START 16620 -16924 26496 -9568 26138 -32768 END
START 7644 -25480 24912 -6142 26134 -32768 END
START -7500 -32520 24620 61 19931 -32768 END
START -21612 -32768 23072 4812 18552 -32768 END
START -29316 -31136 19224 7499 20296 -32768 END
START -27652 -26036 15392 7402 19627 -32768 END
START -24856 -22132 12784 6562 13552 -21113 END
START -22416 -18196 11180 5514 6619 -12301 END
START -21496 -16140 11760 4623 1887 -5680 END
START -21688 -15324 12072 4918 -1796 1146 END
START -21976 -14460 11680 4870 -4995 9227 END
START -19020 -13116 10764 2998 -7948 17066 END
START -13772 -12560 11456 -118 -9655 23314 END
START -7916 -12228 13704 -3346 -10178 27145 END
START -4780 -12348 16124 -6734 -7204 28331 END
START -7084 -14060 20412 -9129 -4881 30531 END
START -8380 -15124 25016 -9316 -2857 32767 END
START -8356 -17152 27204 -8359 -644 32767 END
START -6448 -19076 25800 -8953 2265 32767 END
START -5676 -20824 26944 -11945 7760 32767 END
START -5940 -21000 30844 -10842 9364 32767 END
START -4088 -19980 32767 -4304 4471 32767 END
START -2464 -16936 32767 5701 -2520 32767 END
START 2384 -14020 28624 13500 -7832 32767 END
START 9572 -10052 23988 19137 -11803 32767 END
START 21208 -4380 19788 21234 -10847 32767 END
START 22080 272 17604 20965 -6297 27983 END
START 22616 2376 16396 20454 -2976 21275 END
START 20652 2944 15860 20715 -1938 15752 END
START 21836 3444 13928 21677 -2676 9993 END
START 23212 3776 12568 21864 -2213 3192 END
START 24776 3804 11084 21421 6 -4886 END
START 23140 2512 8696 20145 2812 -12380 END
START 20028 368 6348 18284 4451 -18531 END
START 19400 -804 4208 15521 4476 -23268 END
START 21192 -1672 3432 12202 6547 -29823 END
START 17748 -3964 1532 9050 8261 -32768 END
START 12108 -6176 816 6153 6819 -32768 END
START 7872 -7564 132 4033 4538 -32768 END
START 4280 -8884 -284 2023 1993 -32768 END
START 1312 -9576 -632 -125 -303 -32768 END
START -2456 -10172 -1256 -2775 -1850 -32768 END
START -6240 -10244 1460 -5095 -5164 -32768 END