START 9608 7472 -10204 4554 250 7703 END
START 3940 1808 -9168 -257 -1722 7015 END
START -4508 -196 -4164 -5364 870 6727 END
START -5648 -916 -4360 -8651 3235 7446 END
START -2108 -2336 -6832 -10428 955 9181 END
START -4420 -3392 -6016 -11685 -2587 12100 END
START -6712 -3736 -4972 -13171 -5696 16533 END
START -7408 -3880 -3952 -15843 -7718 20488 END
START -3596 -3728 -5036 -19146 -9652 23434 END
START 2968 -3920 -4320 -23616 -9929 24056 END
START 5244 -4036 -984 -27780 -8624 23877 END
START 8328 -4688 3268 -30403 -6416 22982 END
START 11604 -4052 7116 -32166 -4089 21042 END
START 16608 -3404 9788 -32768 -5205 16146 END
START 21768 -2520 15076 -32768 -4789 9499 END
START 22872 -2412 19640 -32768 -2626 2723 END
START 22128 -3024 23008 -32066 -1512 -3837 END
START 22992 -3376 25608 -30197 -598 -10521 END
START 23864 -4400 27704 -28683 2992 -18146 END
START 26652 -4928 30064 -26563 6535 -27356 END
START 22672 -7224 31252 -24235 10139 -32768 END
START 18368 -10176 30340 -22290 13134 -32768 END
START 11736 -16276 31700 -19819 10396 -32768 END
START 7324 -22308 32764 -15701 8635 -32768 END
START -3808 -27368 32767 -9626 5528 -32768 END
START -12896 -28960 32767 -3182 2215 -32768 END
START -19284 -28396 30200 1310 3167 -32768 END
START -24852 -26876 26336 3993 5539 -32768 END
START -29592 -24384 23364 6330 4988 -30225 END
START -31260 -21544 19748 8590 896 -17785 END
START -30416 -19268 17160 9076 -3452 -6591 END
START -26616 -17152 14296 7455 -5065 3874 END
START -23064 -16296 13020 3680 -3997 12613 END
START -21116 -16812 13600 164 -3813 20677 END
START -18764 -17976 15068 -1892 -4914 28313 END
START -17772 -19432 16936 -2945 -5644 32767 END
START -14532 -20704 18780 -2289 -5619 32767 END
START -11096 -21248 19304 -3068 -3265 32767 END
START -7684 -22108 21816 -3318 -1373 32767 END
START -3480 -21184 24656 -2099 -1472 32767 END
START 3516 -19884 28808 752 -2605 32767 END
START 9008 -17412 32767 6066 -2969 32767 END
START 16128 -14192 32767 13306 -3211 32767 END
START 24504 -8424 32767 20103 -893 32767 END
START 24088 -4628 29632 22453 3217 25791 END
START 21248 -2904 25816 23290 3792 20684 END
START 22824 -1472 24368 23541 5099 16687 END
START 25352 -688 23208 25168 7158 11630 END
START 27236 556 18496 26278 10210 4137 END
START 25176 84 14032 26677 10343 -3514 END
START 21728 -104 9584 25979 7914 -9596 END
START 17488 -948 6492 24845 4162 -13686 END
START 17700 -80 4048 22829 1181 -16684 END
START 20900 1068 1948 19447 1434 -22399 END
START 20516 1116 -252 15160 3941 -29864 END
START 18540 632 -1728 9916 5743 -32768 END
START 15076 -608 -2644 4384 7387 -32768 END
START 8876 -2376 -2416 -1082 8883 -32768 END
START 3076 -3476 -1428 -5017 7292 -32768 END
START 1900 -4840 168 -7760 4424 -32768 END
START -2260 -7944 1124 -11048 5251 -32768 END
START -10748 -12432 4188 -12825 5910 -32768 END
START -20732 -17532 7988 -12944 5009 -32768 END