START 19172 8536 -12188 4970 7736 -167 END
START 9608 3108 -17340 -682 5077 573 END
START 1284 -4 -7976 -6040 3626 1572 END
START 568 -1544 -5824 -9708 7860 2718 END
START 3508 -2404 -7736 -11947 9149 3811 END
START -400 -3408 -6704 -13872 8296 4501 END
START -4652 -4728 -5952 -15360 5412 6995 END
START -5036 -4924 -7048 -18485 2454 10499 END
START -1792 -5104 -7216 -23174 1396 13048 END
START 668 -5452 -4164 -28140 1506 14281 END
START 3836 -6144 -836 -31365 2665 14800 END
START 8328 -6384 2580 -32768 3234 14226 END
START 12996 -5480 6300 -32768 3264 11738 END
START 16696 -4788 8888 -32768 2021 8342 END
START 20964 -4000 12504 -32768 1876 4971 END
START 25536 -4032 20036 -32768 4811 546 END
START 26896 -3780 25924 -32768 11245 -5329 END
START 23976 -4816 32767 -32768 14048 -11188 END
START 20984 -5608 32767 -32768 13751 -16873 END
START 14296 -7412 32767 -26890 9515 -22140 END
START 8804 -7984 32767 -19757 3132 -24663 END
START 6464 -5612 32767 -13860 1169 -24219 END
START 5888 -4588 32767 -10753 3661 -24166 END
START 4700 -4372 32767 -6977 4885 -24788 END
START 1460 -5936 32767 -2013 4947 -25682 END
START -1032 -7308 32767 4313 2881 -25875 END
START -4424 -8444 32767 10748 1558 -24948 END
START -8040 -8784 32767 16922 -189 -21915 END
START -9936 -8940 32767 22632 -3033 -17146 END
START -4164 -9792 32767 29549 -4097 -14389 END
START -4588 -12144 32767 32767 -7077 -15146 END
START -4428 -12984 32767 32767 -9163 -15262 END
START -5756 -12916 24116 32767 -4567 -13858 END
START -7140 -12628 15076 32767 2382 -9543 END
START -8048 -11944 8696 32767 6466 -5517 END
START -6480 -10424 1012 31829 4710 -3949 END
START -5992 -8668 -4436 27951 722 -3941 END