START 4028 10284 -11172 1916 5497 2150 END
START 7372 3336 -11492 -1310 2578 2168 END
START 3268 1244 -8304 -4823 2407 3139 END
START 544 540 -7344 -8503 3275 4097 END
START 1924 -684 -6972 -11343 3881 4871 END
START 2264 -1292 -7048 -14290 3282 5276 END
START 656 -2048 -5808 -16588 1356 6323 END
START 640 -2320 -4520 -18437 -2510 8012 END
START 3796 -2324 -3860 -20981 -4351 8949 END
START 6304 -3112 -2516 -24149 -2258 9052 END
START 6000 -3596 -964 -27468 -328 8841 END
START 7192 -4172 1236 -30190 -697 8800 END
START 8608 -5000 3820 -32384 -610 7962 END
START 11104 -5596 6220 -32768 -8 6499 END
START 12180 -6232 9756 -32768 1592 4626 END
START 15388 -7100 14352 -32768 4450 2082 END
START 15888 -7900 18976 -32768 7749 -1686 END
START 13612 -8804 23500 -32768 8106 -4650 END
START 14108 -8644 27296 -32768 4639 -6949 END
START 17688 -7784 30140 -31561 1971 -10791 END
START 19196 -7384 32767 -28868 1356 -16497 END
START 17736 -7884 32767 -26184 400 -21554 END
START 15168 -7772 32767 -23773 1655 -24872 END
START 13024 -8304 32767 -20838 3046 -26859 END
START 11144 -9444 32767 -17047 2338 -28997 END
START 8664 -10040 32767 -11315 897 -30803 END
START 7540 -10540 32767 -5651 945 -32346 END
START 4440 -12068 32767 -235 4195 -32183 END
START 564 -13212 32767 6170 7340 -30838 END
START -2020 -14592 32767 11819 10865 -28597 END
START -4584 -15816 32767 17661 12984 -25643 END
START -5452 -17856 32767 24502 14773 -21794 END
START -4004 -19388 32767 30944 16325 -18248 END
START -2948 -20704 32767 32767 17070 -16285 END
START -3992 -21304 27156 32767 15970 -14579 END
START -6168 -19476 16880 32767 11002 -13366 END
START -5392 -16276 5416 32767 10891 -11095 END
START -6104 -12444 -3588 32767 13479 -8472 END
START -8800 -9760 -7248 29294 14516 -4532 END