START -456 8144 -1512 -10231 538 4403 END
START -48 2796 -8840 -9230 8 5028 END
START -164 8388 -332 -10644 579 5591 END
START 1040 4412 -5444 -9838 480 6154 END
START 800 5552 -2892 -10266 -419 6806 END
START -556 5152 -2072 -10353 -549 7502 END
START -176 5496 -1980 -10848 -1138 8121 END
START 584 5624 -3184 -11322 -1281 8718 END
START 1240 5628 -3392 -11898 -1181 9282 END
START 1008 5620 -2700 -12619 -1081 9784 END
START 912 5244 -1736 -13311 -1117 10289 END
START 1172 5104 -1296 -13939 -1089 10695 END
START 1820 4808 -1156 -14450 -842 11069 END
START 2232 4572 -856 -14870 -372 11407 END
START 2328 4364 -108 -15263 108 11714 END
START 2352 4136 596 -15406 681 11997 END
START 2788 3960 672 -15610 1368 12248 END
START 2732 3848 884 -15744 2125 12624 END
START 2752 3628 1100 -15901 2849 12876 END
START 2396 3388 1260 -16063 3485 13201 END
START 1840 3160 1408 -16252 3958 13590 END
START 1256 3152 2000 -16470 4182 14071 END
START 864 3092 2168 -16735 4212 14672 END
START 416 2876 2448 -16939 4060 15273 END
START 312 2624 2692 -17120 3841 15943 END
START 196 2456 2724 -17326 3505 16698 END
START 52 2356 2900 -17501 3136 17419 END
START 156 2296 2552 -17709 2706 18164 END
START 536 2228 2500 -18025 2246 18855 END
START 1052 2060 2364 -18428 1867 19520 END
START 1572 2076 2456 -18893 1459 20065 END
START 2484 1836 2448 -19471 1035 20518 END
START 3632 1656 2684 -20166 737 20881 END
START 4404 1204 2920 -20771 504 21096 END
START 5776 852 3300 -21406 432 21271 END
START 7184 524 3376 -21975 520 21353 END
START 8808 300 3904 -22553 786 21310 END
START 10192 212 4320 -23119 1218 21197 END
START 11412 136 5188 -23722 1712 20933 END
START 12640 56 6096 -24215 2224 20533 END
START 13684 -72 7308 -24606 2718 20050 END
START 14440 268 8124 -24864 3124 19466 END
START 15604 72 9088 -25092 3580 18742 END
START 16432 -236 9488 -25118 4066 17948 END
START 17312 -328 10364 -25106 4557 16988 END
START 18044 -460 11140 -25021 4978 15829 END
START 18608 -140 11804 -24942 5292 14619 END
START 18784 -252 12824 -24858 5295 13334 END
START 18748 -128 13276 -24724 5097 12048 END
START 19152 156 13340 -24675 4865 10722 END
START 19260 228 13464 -24517 4558 9436 END
START 19220 200 13876 -24404 4077 8255 END
START 19064 268 13912 -24357 3776 7205 END
START 19072 280 13828 -24268 3487 6188 END
START 19084 396 13504 -24258 3355 5289 END
START 19192 640 13460 -24246 3382 4409 END
START 19080 608 13528 -24353 3301 3530 END
START 18900 680 14196 -24452 2967 2651 END
START 19024 608 14264 -24471 2848 1802 END
START 19236 816 13840 -24329 2746 939 END
START 19340 1096 13432 -24305 2830 43 END
START 19456 1464 12864 -24389 2937 -756 END
START 19460 1924 13140 -24587 3152 -1665 END
START 19348 2212 13328 -25009 3294 -2559 END
START 19172 2324 13660 -25556 3419 -3431 END
START 18856 2160 14248 -26182 3578 -4295 END
START 18572 2136 15176 -26667 3808 -5042 END
START 18344 2024 15896 -26937 4174 -5782 END
START 18124 1948 16936 -27073 4556 -6473 END
START 18004 1968 17852 -26911 5038 -7065 END
START 17872 1840 18580 -26636 5581 -7618 END
START 17884 1648 19196 -26107 6071 -8188 END
START 17976 1628 19868 -25592 6577 -8768 END
START 18160 1928 20184 -25105 7022 -9484 END
START 18280 1984 20776 -24710 7276 -10242 END
START 18372 2200 21392 -24401 7373 -11171 END
START 18548 2220 21720 -24207 7410 -12151 END
START 18424 2108 22320 -23953 7250 -13244 END
START 18088 1716 22608 -23633 6944 -14292 END
START 17616 1372 22656 -23155 6551 -15252 END
START 17068 1300 22500 -22662 6117 -16087 END
START 16468 1608 22812 -22200 5587 -16814 END
START 15840 1784 22576 -21856 5042 -17471 END
START 15420 2044 22356 -21680 4571 -18081 END
START 15124 2356 22540 -21636 4263 -18665 END
START 14764 2688 22840 -21747 4127 -19288 END
START 14320 2924 23616 -21988 3988 -19931 END
START 13948 3076 24800 -22144 3964 -20569 END
START 13720 2980 25880 -22242 4004 -21121 END
START 13644 2768 27208 -22025 4147 -21756 END
START 13464 1924 29276 -21566 4257 -22380 END
START 13172 1396 30640 -20821 4260 -23053 END
START 12796 836 32080 -19856 4135 -23688 END
START 12336 380 32767 -18720 3849 -24453 END
START 11984 -104 32767 -17555 3482 -25147 END
START 11516 -424 32767 -16407 2972 -25877 END
START 11200 -768 32767 -15422 2321 -26607 END
START 10736 -1020 32767 -14379 1479 -27387 END
START 10472 -1116 32767 -13728 561 -28089 END
START 10192 -1072 32767 -13207 -238 -28828 END
START 9768 -1316 32767 -12672 -1011 -29578 END
START 9336 -1676 32767 -12225 -1638 -30272 END
START 8672 -2192 32767 -11652 -2292 -30993 END
START 7808 -2652 32767 -10997 -2771 -31605 END
START 6440 -2884 32767 -10189 -3163 -32048 END
START 5436 -3024 32767 -9327 -3422 -32351 END
START 4624 -2736 32767 -8438 -3602 -32462 END
START 3992 -2644 32767 -7655 -3616 -32418 END
START 3636 -2864 32767 -6880 -3522 -32357 END
START 3512 -2948 32767 -6074 -3310 -32273 END
START 3096 -3224 32767 -5242 -3073 -32122 END
START 2804 -3444 32767 -4399 -2852 -32018 END
START 2288 -3660 32767 -3555 -2712 -31917 END
START 2356 -3628 32767 -2707 -2648 -31742 END
START 2648 -3836 32767 -1970 -2514 -31634 END
START 3420 -3732 32767 -1293 -2280 -31641 END
START 4188 -3916 32767 -748 -1985 -31767 END
START 4648 -3956 32767 -325 -1649 -31949 END
START 4904 -4136 32767 -12 -1376 -32157 END
START 5088 -4168 32767 251 -1134 -32376 END
START 5032 -4348 32767 609 -831 -32587 END
START 5228 -4392 32767 980 -507 -32768 END
START 5056 -4660 32767 1483 -225 -32768 END
START 4556 -4788 32767 2023 -79 -32768 END
START 4160 -5136 32767 2576 -6 -32768 END
START 3444 -5332 32767 3165 -71 -32768 END
START 2580 -5212 32767 3769 -238 -32768 END
START 1736 -5244 32767 4399 -447 -32768 END
START 1308 -5420 32767 5025 -670 -32768 END
START 624 -5556 32767 5744 -768 -32768 END
START -132 -5888 32767 6579 -783 -32768 END
START -1272 -6176 32767 7499 -730 -32768 END
START -2532 -6356 32767 8514 -685 -32768 END
START -4032 -6860 32767 9546 -773 -32768 END
START -5224 -7128 32767 10638 -954 -32456 END
START -6268 -6916 32767 11727 -1085 -31411 END
START -6584 -6624 32767 12835 -1066 -30292 END
START -6572 -6148 32767 13980 -712 -29065 END
START -6340 -6008 32767 15113 -65 -27925 END
START -5884 -6116 32767 16234 763 -26930 END
START -5680 -6220 32767 17430 1818 -26017 END
START -5368 -6408 32767 18582 2922 -25212 END
START -5224 -6504 32767 19817 4239 -24417 END
START -4692 -6572 32767 20935 5696 -23670 END
START -4444 -6688 32767 22148 7334 -22871 END
START -4204 -6792 32588 23211 8911 -22067 END
START -4280 -6676 31748 24267 10381 -21242 END
START -4476 -6816 30848 25243 11555 -20409 END
START -4864 -6792 29944 26150 12439 -19515 END
START -5216 -6816 29020 27026 12883 -18603 END
START -5680 -6876 28280 27898 13042 -17598 END
START -6000 -6752 27496 28673 12769 -16644 END
START -5736 -6572 26180 29444 12379 -15621 END
START -5596 -6320 25380 30226 11932 -14657 END
START -5208 -6228 24708 30960 11474 -13717 END
START -4716 -6092 23860 31673 11096 -12932 END
START -4376 -5852 23148 32333 10746 -12197 END
START -3796 -5608 22088 32767 10557 -11565 END
START -3484 -5148 21244 32767 10429 -11057 END
START -3268 -4860 20324 32767 10278 -10593 END
START -3000 -4608 19360 32767 10087 -10171 END
START -2972 -4348 18736 32767 9753 -9776 END
START -2772 -4128 17784 32767 9530 -9394 END
START -2736 -4032 16168 32767 9144 -9035 END
START -2624 -3888 14992 32767 8706 -8641 END
START -2744 -3604 13896 32767 8259 -8293 END