START 920 5576 -264 -4449 462 6353 END
START 2888 1468 -12480 -3406 1205 6949 END
START 856 7980 -1340 -5610 1227 7772 END
START -1448 5252 248 -5202 2005 8183 END
START 268 5632 -1544 -6024 1145 8875 END
START -464 5220 -728 -6569 1401 9498 END
START 572 5248 -1412 -7178 761 10016 END
START 1428 4912 -2188 -7755 568 10492 END
START 1312 4676 -1588 -8290 502 10919 END
START 1268 4744 -1028 -8899 269 11302 END
START 1804 4776 -1336 -9436 -115 11673 END
START 2380 4768 -1524 -10021 -317 12009 END
START 2812 4568 -1448 -10568 -401 12310 END
START 2876 4504 -1152 -11163 -393 12738 END
START 3044 4332 -852 -11681 -384 12870 END
START 3248 4220 -700 -12156 -390 13268 END
START 3436 4172 -592 -12595 -307 13401 END
START 3352 4268 -244 -13051 -220 13593 END
START 3748 4224 356 -13479 -168 13763 END
START 4412 4228 764 -13936 -72 13976 END
START 4652 4068 1072 -14314 77 14183 END
START 5520 4032 1400 -14704 257 14337 END
START 6260 3840 1988 -15015 457 14353 END
START 6796 3708 2796 -15295 601 14275 END
START 7348 3724 3716 -15417 689 14045 END
START 8540 3868 3756 -15468 982 13687 END
START 9084 3912 4260 -15410 1291 13232 END
START 9316 3960 4760 -15350 1417 12560 END
START 9548 3984 4968 -15319 1456 12094 END
START 9792 4080 5160 -15262 1458 11438 END
START 9840 4236 5132 -15310 1440 10891 END
START 10060 4296 5116 -15451 1437 10418 END
START 10056 4284 5000 -15631 1460 9981 END
START 9964 4192 4904 -15881 1423 9546 END
START 9656 4120 4884 -16160 1463 9150 END
START 9660 4120 4676 -16457 1494 8798 END
START 9368 4204 4548 -16812 1397 8531 END
START 9096 4148 4616 -17237 1290 8313 END
START 8852 4136 4648 -17682 1059 8129 END
START 8532 3988 4740 -18158 748 8025 END
START 8276 3840 4900 -18661 414 7965 END
START 7972 3904 5164 -19089 13 8003 END
START 8152 3820 5396 -19521 -312 8051 END
START 8304 3812 5452 -19928 -531 8134 END
START 8464 3644 5524 -20291 -681 8245 END
START 8672 3444 5780 -20759 -750 8312 END
START 9216 3252 5964 -21149 -764 8388 END
START 9556 3304 6120 -21552 -715 8412 END
START 10196 3192 6460 -21915 -554 8424 END
START 10984 3196 6668 -22302 -324 8328 END
START 11696 3268 7064 -22666 -40 8150 END
START 12576 3360 7352 -22971 218 7870 END
START 13328 3320 7600 -23301 600 7510 END
START 13896 3312 8112 -23513 969 7048 END
START 14404 3416 8460 -23709 1378 6470 END
START 14692 3396 8612 -23840 1729 5905 END
START 14948 3464 8468 -23918 2048 5265 END
START 15168 3512 8328 -24087 2335 4625 END
START 15208 3468 8324 -24242 2532 4011 END
START 15212 3512 8160 -24537 2718 3422 END
START 15316 3416 7960 -24836 2917 2854 END
START 15500 3632 7896 -25277 3202 2292 END
START 15668 3488 7616 -25734 3470 1746 END
START 15892 3616 7308 -26276 3855 1224 END
START 16024 3600 7240 -26904 4261 650 END
START 16240 3556 6928 -27557 4664 51 END
START 16180 3288 7276 -28242 5093 -560 END
START 16136 3124 7560 -28982 5452 -1198 END
START 15748 2844 8040 -29693 5701 -1817 END
START 15488 2844 8824 -30378 5818 -2431 END
START 15132 3096 9496 -31015 5927 -3011 END
START 15316 3264 10176 -31637 6039 -3574 END
START 15376 3328 11092 -32290 6232 -4172 END
START 14984 3504 12628 -32768 6304 -4774 END
START 15244 3228 13924 -32768 6358 -5389 END
START 15464 2556 15280 -32768 6497 -5950 END
START 15688 1872 16464 -32768 6680 -6527 END
START 15796 1480 17568 -32768 6966 -7101 END
START 15528 1280 18468 -32549 7150 -7669 END
START 15328 1336 19596 -31957 7249 -8202 END
START 15064 1312 20444 -31288 7194 -8732 END
START 14876 1660 21092 -30693 7131 -9231 END
START 14748 1944 22088 -30138 6888 -9758 END
START 15008 2196 22420 -29644 6850 -10328 END
START 15292 2588 23104 -29241 6908 -10917 END
START 15516 2644 23708 -28836 7079 -11603 END
START 15620 2612 24792 -28404 7198 -12372 END
START 15852 2340 25272 -27885 7438 -13170 END
START 15884 2256 25672 -27295 7700 -13922 END
START 15856 2208 25932 -26686 8048 -14727 END
START 15856 2224 26308 -26145 8300 -15476 END
START 15512 2400 26812 -25611 8439 -16320 END
START 15208 2504 27164 -25078 8328 -17189 END
START 14600 2256 27564 -24720 7984 -18054 END
START 13976 2052 28176 -24274 7329 -18964 END
START 13304 1792 28628 -23840 6436 -19779 END
START 12604 1764 29036 -23391 5406 -20531 END
START 12024 1748 29524 -22936 4246 -21189 END
START 11056 1724 30844 -22519 2858 -21875 END
START 10516 1460 31772 -22149 1402 -22492 END
START 10020 1316 32767 -21813 65 -23058 END
START 9500 1436 32767 -21433 -1170 -23561 END
START 8956 1400 32767 -20916 -2096 -23961 END
START 8396 1240 32767 -20232 -2748 -24259 END
START 7880 700 32767 -19377 -3155 -24391 END
START 7392 356 32767 -18350 -3241 -24380 END
START 6264 -144 32767 -17196 -3299 -24266 END
START 5340 -484 32767 -15888 -3341 -24028 END
START 4340 -668 32767 -14432 -3482 -23643 END
START 3516 -752 32767 -13343 -3626 -23158 END
START 2828 -924 32767 -12020 -3721 -22577 END
START 2336 -876 32767 -10791 -3647 -22009 END
START 2072 -1200 32767 -9561 -3399 -21419 END
START 1840 -1536 32767 -8426 -3224 -20890 END
START 1656 -2208 32767 -7261 -3099 -20432 END
START 1604 -2772 32767 -6031 -3094 -20030 END
START 1768 -3168 32767 -4871 -3141 -19699 END
START 1896 -3632 32767 -3718 -3189 -19442 END
START 2048 -3872 32767 -2572 -3234 -19260 END
START 2192 -4192 32767 -1337 -3310 -19119 END
START 2508 -4540 32767 -110 -3382 -19056 END
START 2624 -4968 32767 1153 -3444 -19028 END
START 2896 -5256 32767 2483 -3524 -19116 END
START 3188 -5448 32767 3761 -3517 -19225 END
START 3484 -5456 32767 5049 -3433 -19422 END
START 3688 -5712 32767 6343 -3244 -19659 END
START 3636 -6108 32767 7705 -3185 -19982 END
START 3380 -6784 32767 9143 -3250 -20290 END
START 2740 -7368 32767 10660 -3479 -20589 END
START 2140 -7960 32767 12253 -3826 -20802 END
START 1376 -8192 32767 13982 -4278 -20936 END
START 724 -8180 32767 15684 -4659 -20995 END
START 548 -8024 32767 17499 -4932 -20961 END
START 304 -7880 32767 19250 -5048 -20907 END
START -160 -8208 32767 21050 -5030 -20801 END
START -332 -8300 32767 22852 -4935 -20642 END
START -528 -8348 32767 24705 -4673 -20383 END
START -168 -8436 32767 26601 -4273 -20004 END
START 612 -8564 32767 28623 -3498 -19476 END
START 1272 -8472 32767 30567 -2554 -18983 END
START 2084 -8436 32767 32482 -1434 -18544 END
START 2864 -8524 32767 32767 -304 -18246 END
START 3360 -8716 32767 32767 650 -18104 END
START 4144 -8948 32767 32767 1569 -18157 END
START 4384 -9104 32767 32767 2227 -18344 END
START 4596 -8900 32767 32767 2736 -18616 END
START 4352 -8416 32767 32767 2748 -18923 END
START 3952 -7820 32767 32767 2376 -19270 END
START 3548 -7436 32767 32767 1653 -19599 END
START 3280 -7092 32767 32767 688 -19985 END
START 3444 -7048 31448 32767 -292 -20393 END
START 3888 -7444 29604 32767 -1220 -20865 END
START 4240 -7580 27508 32767 -2078 -21331 END
START 4068 -7468 25436 32767 -2841 -21806 END
START 4056 -7316 23564 32767 -3673 -22185 END
START 3788 -6764 20464 32767 -4492 -22533 END
START 3328 -6748 18488 32767 -5290 -22864 END
START 2816 -6648 16372 32767 -6346 -23179 END
START 2532 -6144 14132 32767 -7132 -23460 END
START 1864 -5812 11940 32767 -7823 -23698 END
START 1668 -5312 9532 32767 -8062 -23816 END
START 1268 -4928 7292 32767 -7897 -23835 END
START 776 -4412 4528 32767 -7373 -23772 END
START 52 -4036 2336 32767 -6628 -23598 END
START -648 -3536 360 32767 -5819 -23374 END
START -1396 -2424 -1476 32767 -5064 -23112 END
START -2044 -1884 -3240 32767 -4123 -22792 END
START -3264 -1788 -4896 32767 -3106 -22312 END
START -4864 -1852 -6208 32767 -1959 -21530 END
START -6612 -1408 -7492 32767 -996 -20541 END
START -8180 -788 -8688 31186 -90 -19352 END
START -9300 12 -10144 28684 813 -17954 END
START -10344 928 -11456 26299 1667 -16449 END
START -11040 1592 -12424 23659 2464 -14750 END
START -11620 2208 -12984 21128 3043 -13101 END
START -11888 2848 -13632 18578 3458 -11444 END
START -11936 3728 -13744 15909 3732 -9796 END
START -11892 4276 -13792 13273 3611 -8282 END
START -12020 4568 -13080 10784 3149 -7033 END
START -11840 4928 -12824 8476 2554 -5853 END
START -12116 5644 -11772 6015 1670 -4625 END
START -11804 5976 -11256 3721 1079 -3475 END
START -12612 4960 -11744 1541 1209 -2296 END
START -13340 4380 -10316 -367 1218 -684 END
START -12740 5472 -8568 -2134 789 755 END
START -11416 5912 -7368 -4092 856 1977 END
START -10332 5848 -6592 -5469 1492 3032 END
START -9444 6384 -4896 -6810 2450 4094 END
START -10376 7308 -2760 -7739 3085 5156 END