START 7244 10044 -6224 -10029 13033 5552 END
START 7744 1976 -7084 -10643 8287 5823 END
START 8828 824 -6144 -11827 5959 6160 END
START 1216 876 -1484 -14365 5201 5867 END
START -2628 140 -504 -17086 4972 5794 END
START -2904 -956 -428 -19531 3943 7082 END
START 412 -1688 -1024 -21966 2915 8283 END
START 5144 -2228 -2272 -24971 2883 7810 END
START 6904 -3804 -1100 -28586 3558 5536 END
START 7084 -6044 2896 -32219 3191 3388 END
START 7888 -7716 7096 -32768 2356 1857 END
START 8948 -8600 10908 -32768 2480 1138 END
START 11084 -9084 15432 -32768 3819 626 END
START 16484 -8788 19392 -32768 5531 -2192 END
START 17296 -8600 21876 -32768 5975 -7550 END
START 16764 -9468 23920 -32768 2603 -12429 END
START 15508 -10688 27256 -31744 -906 -15940 END
START 13880 -10680 31436 -30049 -2585 -17540 END
START 15088 -10524 32767 -28749 -1221 -18747 END
START 16444 -11040 32767 -27142 2625 -21300 END
START 13868 -11956 32767 -24326 4735 -24909 END
START 7044 -12308 32767 -18149 -242 -26892 END
START 3940 -10972 32767 -12262 -5708 -26788 END
START 4904 -9368 32767 -8272 -6051 -25194 END
START 4276 -8472 32767 -6568 -1058 -24237 END
START 2444 -8612 32767 -4182 2644 -23626 END
START 544 -8932 32767 -385 3038 -23310 END
START -1852 -9520 32767 4492 749 -22491 END
START -2508 -9444 32767 9948 -1530 -21290 END
START -3240 -9832 32767 14245 -3254 -20090 END
START -2944 -9752 32767 17522 -3222 -18706 END
START -1824 -10108 32767 19670 -278 -17780 END
START -3064 -11024 32767 21409 2358 -17052 END
START -3688 -12132 31624 23361 2797 -16282 END
START -5608 -13132 30520 25835 2256 -15306 END
START -7184 -13848 28540 28629 1349 -13402 END
START -6980 -13620 24904 30091 1513 -11181 END
START -6440 -13540 22188 30279 3538 -9101 END
START -6912 -12884 18980 30538 5443 -7297 END
START -7216 -12120 14600 30737 6287 -5634 END
START -6676 -10548 9532 29905 4763 -4132 END
START -6144 -8932 6360 28216 4890 -2475 END
START -4800 -7100 2588 26389 7068 -633 END
START -3684 -5076 -1236 23063 9292 463 END