START 18528 10460 -4668 1355 4399 4238 END
START 10652 4848 -8384 -1311 4876 4414 END
START 5316 2716 -4028 -4459 3269 4142 END
START -2468 2020 796 -7080 2429 3591 END
START 2560 1064 -2740 -9454 2698 3313 END
START 2304 184 -3276 -11359 1847 3594 END
START 1068 -292 -2796 -13549 693 4056 END
START 816 -784 -3316 -16037 98 3613 END
START 212 -1932 -3804 -18759 213 3307 END
START -916 -3008 -4032 -21885 -1250 4355 END
START -664 -3456 -3732 -25676 -3306 5779 END
START 212 -4316 -984 -30573 -5428 8443 END
START 3920 -4424 2972 -32768 -5618 11154 END
START 11592 -4952 8552 -32768 -2818 11418 END
START 18668 -5024 12460 -32768 7957 8913 END
START 17360 -6264 17668 -32768 23914 2210 END
START 14548 -7980 21988 -32768 25852 -2766 END
START 10288 -7820 28740 -32768 23757 -8389 END
START 5948 -7948 32767 -32768 20297 -12219 END
START 3164 -7848 32767 -32768 16298 -13543 END
START 5256 -7540 32767 -29403 12049 -15001 END
START 10100 -7664 32767 -25829 12290 -20244 END
START 6452 -10016 32767 -22196 10562 -26732 END
START 380 -12980 32767 -15885 5859 -31074 END
START -4176 -14172 32767 -8538 4636 -31708 END
START -8460 -15120 32767 -1005 4744 -29273 END
START -9864 -14976 32767 5134 2895 -26804 END
START -9856 -16492 32767 10753 2155 -25151 END
START -10624 -18548 32767 16139 2208 -24410 END
START -13168 -20544 32767 21719 2695 -22579 END
START -16580 -22564 32767 28065 4473 -18694 END
START -18860 -23988 32767 32767 4470 -12314 END
START -17196 -23076 32767 32767 2659 -5894 END
START -12300 -21248 25076 32767 4371 -1783 END
START -8928 -19060 15908 32767 8213 1222 END
START -6944 -15852 7608 32767 12768 3434 END
START -6016 -12944 2504 32767 14559 4705 END
START -7264 -10724 -356 29308 12724 6427 END
START -4016 -8380 -2912 24897 9274 7769 END
START -1388 -5932 -3828 18161 11966 7651 END
START 532 -4848 -3080 12876 20577 7955 END