START 1832 10264 -6588 4251 -3774 1887 END
START 3028 4160 -19704 4922 -3765 2059 END
START 2260 12820 -7284 1520 -3121 2410 END
START -340 9088 -7280 1683 -3069 2599 END
START 1352 9744 -8844 -327 -3307 2676 END
START 1308 9288 -8924 -1518 -3244 2848 END
START 480 9096 -8224 -3054 -3376 2979 END
START 108 8784 -7924 -4342 -3314 3137 END
START 664 8732 -8396 -5516 -2930 3348 END
START 424 8484 -7928 -6626 -2323 3604 END
START 456 8260 -7864 -7525 -1802 3889 END
START 528 7972 -7640 -8420 -1432 4159 END
START 296 7636 -6916 -9170 -1066 4458 END
START 204 7488 -6336 -9833 -681 4704 END
START -44 7132 -5868 -10449 -578 5016 END
START -180 7036 -5532 -11026 -639 5242 END
START -336 6944 -5496 -11590 -632 5516 END
START -708 6624 -5160 -12099 -727 5785 END
START -932 6548 -5084 -12621 -956 6064 END
START -1364 6356 -4776 -13165 -1146 6400 END
START -1664 6108 -4316 -13636 -1443 6788 END
START -1940 6160 -4092 -14111 -1631 7236 END
START -2332 6044 -3752 -14599 -1899 7807 END
START -2632 5864 -3636 -14928 -2097 8434 END
START -2788 5736 -3612 -15040 -2321 9125 END
START -3076 5360 -3680 -15301 -2548 9898 END
START -2992 5216 -3884 -15469 -2751 10655 END
START -3084 4968 -4276 -15723 -3112 11483 END
START -2872 4860 -4840 -16072 -3479 12260 END
START -2496 4564 -5276 -16659 -3873 12898 END
START -2116 4564 -6036 -17358 -4107 13737 END
START -1708 4200 -6240 -18160 -4228 14444 END
START -1248 3852 -6596 -19043 -4284 15091 END
START -708 3292 -7016 -19969 -4250 15772 END
START 20 2760 -7124 -20881 -4157 16364 END
START 1096 2436 -7384 -21865 -4005 16908 END
START 2060 2020 -7420 -22862 -3722 17316 END
START 3200 1776 -7304 -23852 -3271 17645 END
START 4296 1480 -7152 -24845 -2811 17839 END
START 5460 1172 -6692 -25872 -2271 17918 END
START 6492 652 -6108 -26786 -1733 17771 END
START 7664 312 -5892 -27568 -1198 17557 END
START 8384 -36 -5648 -28306 -617 17095 END
START 9108 80 -5208 -28956 -113 16605 END
START 9728 -88 -5060 -29761 388 16034 END
START 9776 -584 -4664 -30438 789 15365 END
START 10008 -1128 -4460 -31039 1165 14648 END
START 10080 -1476 -3952 -31591 1543 14024 END
START 9768 -1536 -3484 -32009 1846 13507 END
START 9532 -1332 -2796 -32485 2024 13086 END
START 9236 -928 -2052 -32768 2035 12646 END
START 9220 -856 -1672 -32768 1850 12441 END
START 9820 -904 -1496 -32768 1773 12339 END
START 9928 -1544 -1300 -32768 1704 12071 END
START 10100 -1420 -1068 -32768 1568 11684 END
START 10136 -1264 -348 -32768 1175 11312 END
START 10364 -1544 -220 -32768 775 10849 END
START 10356 -1008 700 -32768 247 10332 END
START 10364 -660 1336 -32768 -510 9794 END
START 10512 -808 1440 -32768 -1093 9252 END
START 10488 -1412 904 -32768 -1283 8699 END
START 10516 -1916 676 -32768 -1260 8217 END
START 10224 -2592 1044 -32768 -1273 7812 END
START 9960 -2728 1820 -32768 -1247 7571 END
START 9856 -2500 2376 -32768 -1183 7481 END
START 9844 -2372 3308 -32768 -922 7444 END
START 9992 -2584 4008 -32768 -574 7424 END
START 10236 -2900 4788 -32768 -148 7415 END
START 10548 -3344 5860 -32768 342 7426 END
START 10952 -3736 6988 -32768 856 7451 END
START 11924 -3612 8336 -32768 1448 7425 END
START 12988 -3340 9864 -32768 2049 7290 END
START 14164 -3072 11640 -32768 2560 6940 END
START 15260 -3096 13360 -32768 2898 6382 END
START 16368 -3444 14968 -32768 3022 5641 END
START 17588 -3592 16596 -32768 2992 4777 END
START 18616 -3672 17372 -32768 2759 3775 END
START 19380 -3840 18688 -32768 2476 2723 END
START 20016 -4048 19200 -32768 2048 1566 END
START 20480 -3884 19984 -32768 1551 328 END
START 20760 -3592 20464 -32768 1106 -901 END
START 20964 -3188 20552 -32768 688 -2151 END
START 20988 -2816 20704 -32768 341 -3373 END
START 20796 -2516 20844 -32629 10 -4530 END
START 20260 -2408 20720 -32126 -280 -5634 END
START 19844 -2220 20664 -31794 -542 -6623 END
START 19312 -2096 20492 -31534 -763 -7610 END
START 18740 -1936 20576 -31378 -882 -8462 END
START 18432 -1968 20716 -31319 -952 -9285 END
START 17768 -2084 21076 -31295 -941 -9973 END
START 17356 -2052 21908 -31259 -746 -10559 END
START 16828 -1980 22272 -31199 -334 -11067 END
START 16588 -1772 22664 -31112 317 -11453 END
START 16376 -1368 23448 -31033 1216 -11802 END
START 16508 -1188 24888 -31002 2183 -12217 END
START 16888 -844 26220 -30845 3204 -12660 END
START 17388 -700 27752 -30571 4100 -13153 END
START 17804 -784 29532 -30112 4959 -13844 END
START 18244 -1164 31524 -29351 5522 -14697 END
START 18588 -1304 32767 -28186 5891 -15627 END
START 18576 -1372 32767 -26871 6104 -16519 END
START 18316 -1172 32767 -25273 6220 -17559 END
START 18076 -1032 32767 -23760 6283 -18459 END
START 17536 -952 32767 -22228 6243 -19319 END
START 17140 -692 32767 -20901 6117 -20167 END
START 16404 -420 32767 -19892 5955 -20933 END
START 15732 116 32767 -19097 5690 -21789 END
START 14964 420 32767 -18389 5421 -22600 END
START 14280 888 32767 -17736 5104 -23445 END
START 13772 1044 32767 -17119 4760 -24204 END
START 13264 1204 32767 -16557 4403 -24980 END
START 13064 1156 32767 -16023 4189 -25742 END
START 12464 1252 32767 -15438 3956 -26548 END
START 11908 1164 32767 -14843 3787 -27277 END
START 10748 984 32767 -14278 3515 -27953 END
START 9776 772 32767 -13539 3050 -28549 END
START 8808 548 32767 -12866 2542 -29014 END
START 7840 532 32767 -12113 1936 -29367 END
START 7072 316 32767 -11338 1371 -29642 END
START 6460 416 32767 -10400 763 -29778 END
START 6356 368 32767 -9442 242 -29869 END
START 6392 396 32767 -8385 -136 -30006 END
START 6752 444 32767 -7361 -267 -30155 END
START 7232 364 32767 -6358 -234 -30459 END
START 7696 356 32767 -5407 46 -30881 END
START 8124 644 32767 -4716 437 -31385 END
START 8208 744 32767 -4190 882 -31965 END
START 7812 684 32767 -3748 1298 -32547 END
START 7388 656 32767 -3359 1681 -32768 END
START 6580 280 32767 -3058 1869 -32768 END
START 5784 -80 32767 -2710 1879 -32768 END
START 4592 -316 32767 -2319 1724 -32768 END
START 3604 -528 32767 -1832 1343 -32768 END
START 2740 -784 32767 -1285 936 -32768 END
START 1932 -1004 32767 -607 482 -32768 END
START 1148 -1392 32767 186 199 -32768 END
START 604 -1856 32767 1096 -90 -32768 END
START -532 -2300 32767 2099 -520 -32768 END
START -1492 -2800 32767 3284 -1055 -32768 END
START -2508 -3124 32767 4762 -1790 -32768 END
START -3460 -3316 32767 6291 -2481 -32768 END
START -4244 -3836 32767 7996 -3204 -32768 END
START -4736 -4216 32767 9848 -3959 -32768 END
START -5080 -4696 32767 11778 -4592 -32768 END
START -5092 -5296 32767 13939 -5119 -32768 END
START -4912 -5704 32767 16326 -5359 -32766 END
START -5080 -5908 32767 18788 -5407 -32414 END
START -5040 -6456 32767 21263 -5361 -32079 END
START -5204 -6940 32767 23790 -5305 -31780 END
START -5908 -7364 32767 26383 -5392 -31444 END
START -6492 -7660 32767 28711 -5598 -31044 END
START -7572 -7624 32767 31048 -6028 -30537 END
START -8400 -7528 32767 32767 -6534 -29965 END
START -8960 -7656 32767 32767 -7141 -29304 END
START -8868 -7668 32767 32767 -7740 -28599 END
START -8888 -7748 32767 32767 -8317 -27960 END
START -8808 -7972 32767 32767 -8974 -27319 END
START -8748 -7888 32767 32767 -9561 -26706 END
START -8712 -7620 32767 32767 -10071 -26085 END
START -8452 -7904 32767 32767 -10580 -25531 END
START -7988 -7560 32767 32767 -10787 -25002 END
START -7256 -7556 32767 32767 -10643 -24574 END
START -6540 -7688 32767 32767 -10198 -24157 END
START -6144 -7848 32767 32767 -9558 -23803 END
START -6080 -8124 32224 32767 -8882 -23410 END
START -6432 -8052 29700 32767 -8091 -22939 END
START -6808 -7780 27956 32767 -7352 -22389 END
START -7160 -7656 25912 32767 -6686 -21757 END
START -7568 -7408 24176 32767 -6040 -21045 END
START -7764 -7280 22240 32767 -5225 -20219 END
START -7680 -6772 20260 32767 -4178 -19296 END
START -7388 -6720 18496 32767 -2941 -18451 END
START -6976 -6308 16472 32767 -1444 -17534 END
START -6376 -6040 14232 32767 -3 -16779 END
START -6028 -5784 12332 32767 1362 -16122 END
START -5860 -5076 10480 32767 2574 -15616 END
START -5696 -4484 8860 32767 3369 -15188 END
START -5256 -4252 7548 32767 3862 -14796 END
START -5060 -3988 6268 32767 4090 -14453 END
START -4668 -3724 4764 32767 4322 -14110 END
START -4448 -3604 3396 32767 4533 -13881 END
START -4124 -3224 2056 32767 4824 -13637 END
START -4064 -2728 672 32767 5238 -13370 END
START -3816 -2120 -876 32767 5886 -13107 END
START -3928 -1588 -2284 32767 6669 -12792 END
START -3864 -1176 -3696 32767 7555 -12400 END
START -3760 -792 -4892 32767 8365 -12019 END
START -3884 -512 -5920 32767 8986 -11598 END
START -4080 -124 -6596 32767 9306 -11238 END
START -4452 260 -7076 32767 9337 -10828 END
START -4448 924 -7556 32347 9072 -10500 END
START -4584 1392 -7796 30647 8567 -10242 END
START -4640 1976 -7828 29061 7732 -10061 END
START -4764 2316 -8012 27522 6660 -9926 END
START -4908 2380 -7880 26263 5566 -9843 END
START -5240 2452 -7628 24992 4253 -9747 END
START -5764 2628 -7332 23825 2673 -9595 END
START -6396 2964 -7284 22685 960 -9396 END
START -6848 3572 -7276 21527 -760 -9065 END
START -7016 3924 -7532 20379 -2340 -8696 END
START -7416 4256 -7280 19196 -3776 -8300 END
START -7520 4512 -7276 18121 -4992 -7800 END
START -7764 4884 -7132 17037 -6053 -7283 END
START -7728 4924 -7084 16108 -6812 -6817 END
START -7404 5200 -7148 15156 -7114 -6234 END
START -6856 5536 -7540 14222 -6925 -5684 END
START -6312 5904 -7732 13310 -6231 -5164 END
START -4984 6188 -8600 12320 -4860 -4748 END
START -4836 6292 -8132 11295 -3638 -4455 END
START -4344 6360 -8160 10277 -2259 -4217 END
START -4184 6468 -8160 9255 -973 -4084 END
START -4040 7212 -7584 8160 343 -3870 END