START 13668 8012 -8228 1159 9286 4128 END
START -480 3348 -4032 -3045 5476 5166 END
START 16 992 -2040 -6066 4995 5969 END
START 4788 840 -4148 -8547 5579 6292 END
START 2836 164 -1100 -10288 3086 5775 END
START 2368 -68 44 -11120 1599 5583 END
START 2880 -20 -1600 -12295 1446 5428 END
START 1844 -56 -1936 -14485 532 5559 END
START 532 -328 -1080 -16818 -988 6424 END
START 684 -360 -344 -18876 -2531 7716 END
START 4420 -224 524 -21376 -2708 7660 END
START 7680 -448 2416 -24101 -776 5486 END
START 8380 -1464 6436 -25621 -204 2247 END
START 7024 -2972 10000 -25056 -2018 -1209 END
START 3736 -4632 12332 -23602 -7618 -2388 END
START 3200 -4320 14172 -22273 -15552 -1568 END
START 7088 -2940 15808 -21969 -19591 -622 END
START 12848 -1824 16700 -23184 -16272 -1204 END
START 18732 -900 16348 -26003 -7852 -4144 END
START 19948 -1232 17720 -30111 2099 -8444 END
START 16212 -3272 21600 -32107 7852 -13099 END
START 11756 -4656 26176 -30675 5419 -15439 END
START 8704 -4720 30804 -26536 -2536 -16537 END
START 12024 -3916 32160 -22795 -5960 -16003 END
START 16700 -3184 32548 -21654 -391 -18181 END
START 13832 -3296 32664 -20719 4307 -21330 END
START 11532 -4136 32767 -18186 1345 -24857 END
START 6368 -4644 32767 -13038 -5426 -26250 END
START 6048 -4224 32767 -9721 -6499 -24510 END
START 8792 -4048 32767 -10023 -602 -23659 END
START 8108 -5508 32767 -11064 6303 -24576 END
START 3152 -8044 32767 -7491 5340 -25928 END
START -644 -10356 32767 -266 224 -25464 END
START -1628 -11164 32767 6711 -1450 -22964 END
START -1424 -11072 32767 11724 2369 -19814 END
START -2748 -11280 32767 15179 5485 -16822 END
START -1184 -11504 32767 18067 7438 -14821 END
START -2516 -12588 32767 21434 8449 -13574 END
START -3644 -13176 32767 25233 7498 -11568 END
START -3300 -13296 32767 28222 7683 -9214 END
START -1832 -12756 29728 30161 9795 -6731 END
START -1448 -12128 25700 31496 11685 -4895 END
START -104 -11292 20880 31750 13157 -3843 END
START -2328 -10720 16884 31561 13548 -3028 END
START -3948 -10576 13628 31716 10528 -1101 END
START -4264 -10672 10432 31781 8195 1291 END
START -2520 -9812 5708 31438 6356 2358 END