START 10644 9748 -6972 4936 5466 2387 END
START 3840 1764 -11840 2340 2266 4136 END
START -7244 -364 -3988 -1220 294 6219 END
START -6752 -924 -3416 -4810 -220 8013 END
START -1348 -1792 -5144 -7665 128 9389 END
START 616 -2660 -5968 -9956 97 10447 END
START 2460 -2668 -7092 -12335 -1371 10719 END
START 2380 -3048 -6616 -15531 -1686 10313 END
START 1576 -3812 -7052 -18219 -2357 10558 END
START 992 -4432 -6520 -21478 -3684 11364 END
START 2976 -5052 -6204 -25158 -4500 12129 END
START 4980 -5732 -5124 -29257 -4278 11979 END
START 7040 -6688 -2204 -32768 -3759 11751 END
START 10448 -7520 1292 -32768 -2335 11286 END
START 13676 -7872 5088 -32768 -271 9359 END
START 16108 -8808 11560 -32768 1963 7348 END
START 17884 -9448 19228 -32768 2322 4115 END
START 18152 -9548 27120 -32768 726 1478 END
START 22220 -8320 32767 -32768 -1207 -1670 END
START 24960 -6964 32767 -32768 -1056 -6996 END
START 26484 -5948 32767 -31705 12 -12999 END
START 24996 -6940 32767 -29481 2986 -18629 END
START 19900 -7684 32767 -25939 6080 -22672 END
START 15764 -9568 32767 -21680 9298 -25232 END
START 9416 -11740 32767 -15888 10422 -26133 END
START 4916 -12424 32767 -7216 6787 -25942 END
START 2776 -12580 32767 1444 3174 -24851 END
START 1224 -11692 32767 8565 2554 -23213 END
START 800 -11844 32767 14013 3136 -21137 END
START 1480 -11904 32767 18138 5046 -19502 END
START 2268 -12644 32767 22064 7862 -19308 END
START -332 -14568 32767 26634 9290 -19375 END
START -3336 -16424 32767 32091 9141 -18432 END
START -5632 -17644 31292 32767 6710 -16597 END
START -6348 -17736 23276 32767 3972 -13679 END
START -6420 -16240 14568 32767 2759 -11087 END