START 16984 8704 -15144 -4829 8086 12782 END
START 13820 2472 -13840 -9021 6069 10253 END
START 13180 552 -10844 -11330 5656 8991 END
START 9288 -436 -9072 -13955 5039 8062 END
START 6092 -1600 -7112 -16410 4384 7698 END
START 3276 -2728 -6400 -19279 4093 8101 END
START 2028 -3744 -6056 -22928 3181 8610 END
START 2088 -5116 -4812 -26711 1898 9400 END
START 4308 -6036 -2180 -30385 750 9896 END
START 7852 -7008 1096 -32768 1238 9277 END
START 10916 -7440 3952 -32768 2785 7854 END
START 12520 -7976 8008 -32768 4483 6079 END
START 15004 -8480 12496 -32768 5739 4633 END
START 19724 -8592 17952 -32768 6945 1843 END
START 21844 -8888 24312 -32768 8040 -2146 END
START 23168 -8620 31852 -32768 7524 -7249 END
START 21804 -8076 32767 -31652 3552 -12813 END
START 20968 -7528 32767 -25454 -2919 -17719 END
START 19116 -7772 32767 -22401 -4637 -21662 END
START 16600 -8240 32767 -19890 -2625 -23528 END
START 14040 -9284 32767 -16524 2764 -25112 END
START 9360 -10320 32767 -11523 4838 -26928 END
START 4920 -11520 32767 -4688 1180 -28559 END
START 1300 -11692 32767 3364 -2185 -28411 END
START -520 -11912 32767 10800 -1228 -27201 END
START -2000 -12748 32767 16624 1201 -25708 END
START -4328 -14608 32767 22478 2392 -23891 END
START -5524 -15484 32767 29329 4027 -21829 END
START -6648 -16324 32767 32767 3135 -20584 END
START -7380 -17600 32767 32767 1377 -19612 END
START -8440 -18412 30180 32767 530 -17342 END
START -7832 -17988 21640 32767 374 -14206 END
START -6556 -17152 12044 32767 203 -10996 END
START -5428 -13584 2116 32767 -4163 -8758 END