START 5264 6740 2448 -8098 423 3664 END
START 7076 1964 -9992 -7212 280 3723 END
START 4900 9332 936 -9141 446 4120 END
START 2956 6460 1216 -8608 1270 4294 END
START 3224 6560 816 -9613 898 4669 END
START 1612 6356 1640 -10196 506 5090 END
START 1908 6416 92 -11289 -144 5483 END
START 2272 5984 -92 -12135 -927 5874 END
START 2304 5336 -268 -13019 -1025 6311 END
START 2092 5120 604 -13957 -1017 6778 END
START 2232 5128 664 -14887 -1001 7310 END
START 2524 5220 1124 -15595 -907 7830 END
START 2816 5188 1468 -16282 -730 8356 END
START 3160 5152 2288 -16891 -547 8792 END
START 3480 4972 2460 -17389 -320 9171 END
START 4108 4820 2672 -17924 206 9453 END
START 4572 4392 3260 -18375 697 9668 END
START 5100 4124 3392 -18770 1182 9849 END
START 5532 3920 3640 -19252 1816 10000 END
START 5868 3796 4208 -19694 2596 10128 END
START 5744 3752 5016 -20086 3218 10259 END
START 5780 3776 6076 -20499 3723 10392 END
START 6020 3936 6540 -20877 4189 10549 END
START 6288 3984 7508 -21159 4595 10668 END
START 6656 3884 7936 -21351 5221 10669 END
START 6984 3700 9124 -21368 5633 10659 END
START 7428 3520 10192 -21301 5797 10576 END
START 7824 3556 10768 -21088 6078 10427 END
START 8272 3604 11420 -20760 6421 10259 END
START 8472 3572 12036 -20366 6754 9962 END
START 8772 3576 12272 -19945 6942 9672 END
START 8840 3516 12500 -19494 7092 9417 END
START 8812 3448 12512 -19112 7194 9138 END
START 8612 3296 12604 -18710 7212 8917 END
START 8356 3264 12376 -18406 7155 8757 END
START 7944 3308 12280 -18211 7051 8651 END
START 7388 3388 12204 -18016 6765 8597 END
START 6828 3280 12104 -17938 6424 8610 END
START 6600 3280 11564 -17850 5999 8674 END
START 6260 3056 11168 -17873 5589 8788 END
START 6000 2916 11216 -17991 5222 8966 END
START 5792 2868 11028 -18165 4691 9187 END
START 5436 2720 11228 -18434 4261 9370 END
START 5264 2564 11532 -18741 3839 9635 END
START 5144 2508 11828 -18985 3431 9929 END
START 4848 2320 12448 -19204 3090 10257 END
START 5068 2036 12576 -19350 2720 10651 END
START 5260 1728 13008 -19548 2584 11051 END
START 5752 1472 13404 -19562 2413 11434 END
START 6272 1100 13716 -19539 2422 11786 END
START 6844 876 13716 -19526 2500 12127 END
START 7576 788 13584 -19468 2618 12404 END
START 8288 880 13896 -19513 2744 12608 END
START 8896 1180 14220 -19608 2931 12674 END
START 9872 1432 14528 -19796 3068 12656 END
START 10812 1600 15136 -20009 3206 12390 END
START 11556 1552 15764 -20127 3330 12310 END
START 12528 1452 16400 -20201 3672 11900 END
START 13776 1224 17040 -20114 3995 11469 END
START 14600 1308 17676 -19931 4415 10922 END
START 15404 1456 18132 -19650 4780 10286 END
START 16180 1768 18696 -19323 5160 9513 END
START 16924 1784 18868 -18930 5479 8671 END
START 17312 1712 19064 -18517 5784 7743 END
START 17520 1668 18540 -18066 6050 6788 END
START 17604 1816 18008 -17698 6240 5817 END
START 17604 1892 17640 -17383 6358 4941 END
START 17496 1968 17176 -17337 6335 4107 END
START 17396 2176 16608 -17405 6200 3239 END
START 17488 2028 15708 -17685 6168 2484 END
START 17720 2072 15200 -18139 6207 1712 END
START 17816 2208 14692 -18665 6258 906 END
START 18000 2488 14636 -19288 6386 26 END
START 18184 2500 14464 -19963 6637 -731 END
START 18144 2592 14892 -20656 6904 -1526 END
START 17856 2588 15600 -21286 7124 -2414 END
START 17572 2296 16308 -21837 7300 -3167 END
START 17260 2188 17044 -22215 7569 -3916 END
START 16876 2060 17940 -22514 7850 -4638 END
START 16496 2104 18884 -22626 8190 -5261 END
START 15896 2184 20200 -22607 8520 -5821 END
START 15176 2064 21304 -22402 8733 -6308 END
START 14608 2156 22380 -22012 8841 -6714 END
START 14008 2216 23416 -21451 8910 -7060 END
START 13628 1864 24188 -20656 9056 -7323 END
START 13216 1856 24352 -19862 9209 -7581 END
START 13188 1784 24356 -19047 9420 -7808 END
START 13328 1832 24376 -18363 9707 -8056 END
START 13796 1952 24320 -17845 10046 -8399 END
START 13964 2004 24036 -17508 10521 -8756 END
START 14084 1872 23768 -17372 11093 -9179 END
START 14188 1636 23640 -17226 11711 -9707 END
START 14032 1496 23352 -17108 12129 -10432 END
START 14284 1484 23376 -17015 12574 -11214 END
START 14508 1464 22872 -17017 12896 -12116 END
START 14664 1420 22524 -17143 13093 -12996 END
START 14292 1228 22704 -17396 12825 -14016 END
START 13664 1120 22872 -17621 12406 -15007 END
START 13160 860 23116 -17787 11691 -16006 END
START 12600 684 23304 -17848 10900 -16920 END
START 12200 628 23392 -17854 9959 -17857 END
START 11788 892 23700 -17764 8955 -18697 END
START 11496 1060 24176 -17723 7955 -19613 END
START 11736 1188 24860 -17651 7202 -20562 END
START 12060 1432 25356 -17545 6772 -21511 END
START 12944 1504 25964 -17420 6852 -22654 END
START 13888 1568 26564 -17239 7247 -23851 END
START 14016 1304 27400 -16988 7937 -25302 END
START 13712 828 28332 -16565 8628 -26722 END
START 12616 308 29136 -16060 9203 -28055 END
START 11172 -280 29692 -15272 9435 -29247 END
START 9452 -840 30212 -14272 9076 -30189 END
START 7584 -1288 30736 -13450 8181 -30965 END
START 6100 -1408 30952 -12469 6767 -31633 END
START 5036 -1220 30684 -11541 5325 -32166 END
START 4372 -1044 30364 -10700 3936 -32644 END
START 3864 -1220 30204 -10087 2741 -32768 END
START 3444 -1260 30260 -9526 1676 -32768 END
START 3024 -1484 30676 -9102 610 -32768 END
START 2572 -1576 31232 -8679 -453 -32768 END
START 2284 -1780 31884 -8204 -1452 -32768 END
START 2096 -1816 32584 -7539 -2431 -32768 END
START 2068 -2172 32767 -6726 -3176 -32768 END
START 1760 -2468 32767 -5778 -3844 -32768 END
START 1356 -2836 32767 -4653 -4384 -32768 END
START 888 -3152 32767 -3498 -4796 -32768 END
START 384 -3328 32767 -2259 -5156 -32768 END
START -432 -3052 32767 -1077 -5387 -32768 END
START -1196 -2848 32767 33 -5559 -32768 END
START -1856 -2764 32767 1020 -5636 -32768 END
START -2228 -2456 32492 1931 -5521 -32768 END
START -2504 -2428 32020 2692 -5250 -32768 END
START -2780 -2244 31776 3316 -4844 -32768 END
START -2844 -2208 31376 3884 -4352 -32768 END
START -2884 -2320 30984 4416 -3765 -32324 END
START -2948 -2232 30888 4931 -3258 -31808 END
START -3044 -2392 30968 5450 -2868 -31312 END
START -3160 -2560 30816 5910 -2514 -30770 END
START -3692 -2668 30848 6409 -2294 -30164 END
START -4256 -2908 30432 6922 -2101 -29421 END
START -4764 -3040 30392 7397 -1839 -28593 END
START -5180 -3008 30224 7870 -1517 -27651 END
START -5388 -3088 30208 8380 -1086 -26650 END
START -5152 -3284 30300 8818 -571 -25635 END
START -4488 -3280 30460 9324 64 -24662 END
START -3356 -3528 30768 9827 791 -23832 END
START -2204 -3764 31292 10435 1630 -23102 END
START -1132 -4184 31916 11121 2559 -22626 END
START -348 -4456 31980 11925 3434 -22372 END
START 264 -4672 32220 12862 4420 -22310 END
START 160 -4920 32476 13860 5302 -22340 END
START -140 -5000 32480 14995 5874 -22368 END
START -584 -5024 32767 16209 6105 -22347 END
START -812 -5168 32767 17389 5994 -22253 END
START -1236 -5328 32767 18607 5638 -22085 END
START -1632 -5468 32767 19891 5192 -21882 END
START -2256 -5528 32764 21147 4686 -21627 END
START -2392 -5520 32368 22427 4202 -21298 END
START -2672 -5400 31944 23800 3753 -20947 END
START -2748 -5224 31784 25127 3355 -20611 END
START -3028 -5264 31432 26491 2906 -20236 END
START -3364 -5132 30920 27785 2451 -19853 END
START -3836 -5040 30668 29083 1948 -19391 END
START -4436 -5076 29948 30261 1358 -18864 END
START -4928 -5072 29400 31526 706 -18279 END
START -5496 -5088 28656 32696 -13 -17661 END
START -5812 -4820 28168 32767 -826 -17052 END
START -5992 -4668 27432 32767 -1720 -16357 END
START -6028 -4584 26536 32767 -2594 -15660 END
START -5884 -4396 25156 32767 -3316 -14943 END
START -5428 -4204 23856 32767 -3775 -14218 END
START -5024 -3992 22724 32767 -3915 -13579 END
START -4844 -3848 21548 32767 -3861 -12912 END
START -4404 -3776 20360 32767 -3612 -12283 END