START 8912 7660 -3320 -2098 10513 9308 END
START 12184 4144 -5792 -5231 12223 7104 END
START 5892 792 -2056 -8563 11641 6392 END
START 3696 -256 252 -10750 8067 8727 END
START 3436 -312 2620 -11915 6328 9975 END
START 7596 -904 856 -13563 6554 10027 END
START 8660 -1048 284 -15343 7464 9015 END
START 7660 -1304 -940 -17353 8388 6854 END
START 4412 -1924 -2092 -20463 7022 5297 END
START 2432 -2932 -628 -23168 3562 6138 END
START 3152 -3316 532 -26014 1045 7743 END
START 6480 -4144 2580 -28676 558 9351 END
START 12344 -4352 4440 -31827 2034 7338 END
START 15048 -4956 8576 -32768 5392 3000 END
START 14676 -5368 12256 -32768 5761 -2220 END
START 12536 -7020 16660 -32768 3339 -6128 END
START 11156 -8044 21036 -32768 -342 -8567 END
START 11320 -8936 23704 -32751 -2194 -9199 END
START 15096 -9600 26472 -32046 145 -10837 END
START 15964 -10324 29012 -30575 4700 -15048 END
START 13700 -11576 29472 -28660 5547 -19088 END
START 10476 -11740 29784 -25795 2728 -21142 END
START 9572 -11320 30376 -23397 -517 -22079 END
START 10636 -10656 30772 -21790 -853 -22611 END
START 12612 -10668 32032 -20990 3956 -24510 END
START 11664 -11588 32767 -19611 8163 -27210 END
START 7396 -12560 32767 -16282 7291 -29312 END
START 3736 -13192 32767 -10861 1357 -29859 END
START 4792 -12744 32767 -5419 -2470 -29378 END
START 4556 -12028 32767 -2294 -6 -29033 END
START 3920 -12088 32767 -327 4774 -28276 END
START 460 -12776 32767 2421 7002 -27109 END
START -1268 -13088 32767 6719 5567 -25213 END
START -1412 -13360 32767 11678 3970 -23687 END
START -1236 -13604 32767 15763 3897 -21997 END
START -532 -14204 32767 18951 4844 -20848 END
START -708 -14636 32767 21672 5962 -19875 END
START -2040 -15792 32767 23955 7326 -18718 END
START -4332 -17080 32152 26861 7040 -16801 END
START -4356 -17488 29728 29781 5948 -14899 END
START -5196 -17336 26252 32713 5427 -13690 END
START -6744 -16388 19960 32767 4673 -12064 END
START -7852 -15344 14480 32767 2616 -9781 END
START -7760 -13060 8260 32767 2222 -7286 END
START -6880 -10256 4024 29772 4503 -4975 END