START 76 9020 6300 2467 1963 2111 END
START 1492 4648 -4192 3736 1397 2527 END
START 3180 9632 2168 2220 2082 3112 END
START 3104 7072 -636 3364 2643 3301 END
START 2040 8176 3196 2532 2520 3519 END
START 472 7996 4104 2513 2348 3760 END
START 680 8268 3656 2106 1596 3884 END
START 1064 8316 3116 1794 908 4049 END
START 980 7884 3024 1645 414 4196 END
START 820 7808 3500 1504 -63 4362 END
START 1256 7448 2944 1499 -423 4524 END
START 1044 7288 3076 1426 -650 4724 END
START 1092 6960 2860 1373 -808 4877 END
START 1088 6952 2456 1291 -958 5085 END
START 1112 6880 2200 1136 -1036 5315 END
START 1048 6732 1988 909 -1044 5631 END
START 976 6792 1588 673 -943 5967 END
START 1020 6872 1300 388 -823 6310 END
START 872 7032 1044 103 -665 6667 END
START 932 7092 804 -264 -605 6942 END
START 1148 7192 588 -702 -608 7190 END
START 1412 7084 292 -1189 -666 7460 END
START 1632 6776 196 -1730 -609 7735 END
START 1824 6648 60 -2232 -526 7974 END
START 1824 6404 -104 -2796 -411 8224 END
START 1788 6264 -240 -3301 -205 8482 END
START 1832 6296 -304 -3798 17 8755 END
START 1712 6216 -204 -4294 224 9051 END
START 1616 6272 -56 -4778 410 9327 END
START 1568 6264 -164 -5235 591 9654 END
START 1540 6240 -160 -5740 802 9985 END
START 1596 6072 -16 -6247 1030 10301 END
START 1664 6000 296 -6839 1193 10687 END
START 1836 5840 656 -7329 1290 10962 END
START 2272 5808 812 -7825 1396 11267 END
START 2676 5788 1256 -8242 1530 11514 END
START 3148 5732 1760 -8696 1721 11753 END
START 3740 5492 1840 -9003 1923 11891 END
START 4344 5520 2412 -9286 2211 12034 END
START 4912 5344 2740 -9516 2456 12083 END
START 5316 5268 3124 -9696 2663 12102 END
START 5420 5428 3428 -9791 2789 11997 END
START 5644 5432 3804 -9876 2845 11869 END
START 5796 5612 4176 -9990 2827 11726 END
START 5896 5700 4336 -10024 2865 11603 END
START 5828 5684 4076 -10106 2940 11458 END
START 5672 5756 4084 -10177 3069 11356 END
START 5244 5796 4064 -10283 3185 11289 END
START 4804 5844 4112 -10407 3231 11329 END
START 4460 5948 4196 -10562 3268 11429 END
START 3780 6076 4268 -10747 3255 11558 END
START 3376 6108 4520 -10900 3222 11760 END
START 2900 6088 4332 -11127 3183 12004 END
START 2448 6152 4524 -11292 3052 12276 END
START 2016 6048 4656 -11420 2859 12521 END
START 1524 5980 4832 -11521 2527 12845 END
START 1040 5924 5072 -11598 2142 13385 END
START 924 5780 5028 -11747 1743 13912 END
START 1056 5600 4844 -11890 1406 14498 END
START 1448 5652 4500 -12148 1155 15130 END
START 2100 5404 4328 -12473 1038 15720 END
START 2780 5444 4168 -12892 1025 16202 END
START 3808 5372 4284 -13366 1031 16613 END
START 4764 5268 4288 -13860 1082 16901 END
START 5772 4976 4548 -14315 1229 17078 END
START 6752 4528 4856 -14837 1355 17110 END
START 8020 4212 4932 -15203 1535 17000 END
START 8932 3808 5152 -15531 1757 16855 END
START 10004 3692 5052 -15823 1958 16602 END
START 10868 3436 5048 -16191 2313 16251 END
START 11648 3512 4952 -16559 2694 15803 END
START 12396 3576 4864 -17030 3144 15302 END
START 13056 3632 4884 -17591 3655 14694 END
START 13496 3760 4760 -18213 4113 14030 END
START 14016 3844 4892 -18878 4572 13363 END
START 14092 3740 5160 -19553 4908 12443 END
START 14036 3528 5656 -20103 5104 11855 END
START 13992 3652 5712 -20583 5218 11100 END
START 13884 4008 5888 -21046 5361 10432 END
START 13696 4152 5972 -21493 5443 9776 END
START 13244 4308 6196 -21947 5503 9210 END
START 12896 4312 6656 -22411 5459 8681 END
START 12196 4112 7052 -22837 5288 8242 END
START 11712 3964 7396 -23242 5040 7931 END
START 11292 3644 7416 -23572 4741 7638 END
START 10788 3504 7700 -23855 4442 7463 END
START 10588 3700 7872 -24154 4159 7370 END
START 10292 3724 8328 -24478 3878 7291 END
START 10168 3784 8848 -24865 3562 7237 END
START 10248 3768 9448 -25190 3285 7168 END
START 10600 3452 10128 -25499 3131 7144 END
START 10984 3192 10780 -25697 3105 7054 END
START 11484 2884 11468 -25732 3271 6894 END
START 12068 2708 12460 -25659 3536 6725 END
START 13004 2512 13296 -25447 3932 6492 END
START 13616 2612 13944 -25103 4341 6178 END
START 14232 2812 14528 -24754 4752 5755 END
START 14704 3072 15192 -24368 5045 5213 END
START 15336 3276 15604 -23913 5172 4611 END
START 15764 3472 15852 -23483 5233 3899 END
START 15968 3484 16256 -23161 5155 3083 END
START 16156 3700 16472 -22803 4943 2194 END
START 16280 3776 16456 -22557 4613 1317 END
START 16300 4004 16736 -22318 4207 434 END
START 16308 4140 16768 -22120 3765 -389 END
START 16520 4076 16772 -21954 3245 -1191 END
START 16628 4076 16636 -21805 2782 -1957 END
START 16904 4076 16724 -21670 2267 -2813 END
START 16976 3820 16788 -21601 1832 -3600 END
START 16940 3684 16696 -21560 1408 -4354 END
START 17160 3700 16772 -21586 1069 -5118 END
START 17364 3792 16600 -21751 945 -5854 END
START 17688 3772 16620 -21953 1012 -6640 END
START 17864 3888 17284 -22243 1111 -7490 END
START 17768 4028 17932 -22556 1217 -8407 END
START 17760 4068 18612 -22835 1258 -9311 END
START 17752 3940 19584 -22996 1420 -10279 END
START 17344 3660 20520 -23037 1626 -11166 END
START 16808 3396 21524 -22961 1865 -11940 END
START 16196 3220 22624 -22684 2065 -12603 END
START 15264 3072 23868 -22328 2255 -13181 END
START 14616 3224 24160 -21852 2500 -13631 END
START 14148 3208 24752 -21333 2744 -14019 END
START 13612 3228 24828 -20879 3007 -14324 END
START 13320 3344 25196 -20452 3297 -14627 END
START 13012 3280 25308 -20134 3612 -14888 END
START 12972 3200 25596 -19897 3942 -15125 END
START 12656 3180 25836 -19679 4314 -15368 END
START 12600 3176 26332 -19514 4656 -15630 END
START 12328 3032 26844 -19320 4945 -15939 END
START 12176 3236 27544 -19102 5121 -16301 END
START 11988 3156 28344 -18785 5131 -16684 END
START 11884 2932 29368 -18387 4990 -17105 END
START 11868 2924 29812 -17958 4747 -17594 END
START 11584 2968 30536 -17470 4442 -18107 END
START 11472 2876 31116 -17035 4013 -18728 END
START 11280 3012 31688 -16526 3536 -19398 END
START 10956 2948 32492 -15950 2943 -20087 END
START 10844 2568 32767 -15389 2447 -20760 END
START 10416 2112 32767 -14924 2060 -21362 END
START 9720 1396 32767 -14307 1672 -21910 END
START 8756 1100 32767 -13432 1214 -22352 END
START 7736 988 32767 -12560 499 -22620 END
START 6848 1012 32767 -11636 -312 -22798 END
START 5928 732 32767 -10566 -1406 -22911 END
START 5400 412 32767 -9474 -2513 -23038 END
START 4800 88 32767 -8305 -3604 -23142 END
START 4440 -112 32767 -7141 -4629 -23237 END
START 4352 -120 32767 -5989 -5542 -23324 END
START 4480 -260 32767 -4857 -6256 -23420 END
START 4588 -600 32767 -3743 -6817 -23554 END
START 4520 -836 32767 -2673 -7379 -23724 END
START 4352 -1164 32767 -1669 -7876 -23877 END
START 4028 -1280 32767 -658 -8270 -24003 END
START 3620 -1400 32767 341 -8606 -24097 END
START 3356 -1640 32767 1332 -8766 -24093 END
START 3516 -1704 32767 2303 -8677 -24094 END
START 3528 -1988 32767 3209 -8312 -23997 END
START 3472 -2140 32767 4086 -7815 -23908 END
START 3316 -2288 32767 4836 -7227 -23723 END
START 3220 -2368 32767 5523 -6575 -23491 END
START 2952 -2548 32767 6080 -5940 -23259 END
START 2636 -2604 32767 6548 -5372 -22953 END
START 2148 -2668 32767 6932 -4789 -22683 END
START 1836 -2676 32767 7158 -4273 -22338 END
START 1508 -2336 32767 7340 -3677 -21979 END
START 1380 -2144 32767 7642 -3274 -21667 END
START 1384 -2096 32767 8011 -2939 -21394 END
START 1384 -2232 32767 8484 -2735 -21156 END
START 1160 -2376 32767 9132 -2544 -20990 END
START 1256 -2352 32767 9974 -2321 -20876 END
START 1024 -2152 32767 10859 -1918 -20695 END
START 528 -2356 32767 12033 -1527 -20451 END
START -188 -2392 32767 13348 -1178 -20144 END
START -928 -2520 32767 14716 -905 -19753 END
START -1592 -2536 32767 16144 -823 -19259 END
START -2468 -2524 32767 17594 -893 -18702 END
START -3252 -2500 32767 19145 -1317 -18092 END
START -3768 -2240 32767 20605 -1841 -17422 END
START -4308 -2248 32767 22044 -2417 -16678 END
START -4604 -2184 32767 23350 -2992 -15983 END
START -4796 -2132 32767 24754 -3511 -15234 END
START -4560 -1924 32767 25941 -3751 -14444 END
START -4608 -1776 32767 27083 -4002 -13719 END
START -4180 -1764 32252 28230 -4249 -12949 END
START -3632 -1716 31084 29316 -4560 -12314 END
START -2992 -1688 29716 30354 -4829 -11795 END
START -2104 -1760 28920 31272 -5164 -11384 END
START -1420 -1620 27084 32090 -5481 -11064 END
START -740 -1324 25460 32671 -5771 -10834 END
START -172 -1092 24036 32767 -6065 -10709 END
START 428 -684 22568 32767 -6307 -10652 END
START 988 -408 21352 32767 -6522 -10714 END
START 1592 -204 20160 32767 -6590 -10832 END
START 2088 -152 19196 32767 -6546 -10995 END
START 2376 -28 18312 32767 -6431 -11225 END
START 2556 224 17256 32767 -6207 -11496 END
START 2728 396 16224 32755 -5891 -11783 END
START 2812 500 15304 32529 -5463 -12018 END
START 2624 820 14172 32276 -4947 -12200 END
START 2136 1028 13044 31985 -4517 -12300 END
START 1744 1308 11812 31606 -3977 -12359 END
START 1176 1520 11116 31089 -3498 -12345 END
START 836 1912 10504 30542 -3108 -12251 END
START 604 2132 10056 29946 -2817 -12109 END
START 276 2288 9484 29337 -2486 -11942 END
START 28 2276 8748 28774 -2169 -11777 END
START -248 2380 8280 28225 -1878 -11624 END
START -656 2708 7952 27707 -1718 -11434 END
START -1024 2776 7520 27251 -1641 -11201 END
START -1552 2880 7176 26775 -1740 -10914 END
START -1736 3036 6712 26359 -1818 -10604 END
START -1868 3104 5932 25909 -1843 -10234 END
START -1536 3248 5416 25514 -1781 -9895 END
START -892 3384 4652 25044 -1533 -9551 END
START -496 3568 4124 24492 -1220 -9348 END
START 172 3712 3336 23993 -1010 -9238 END
START 544 4104 2712 23380 -645 -9269 END
START 648 4052 1956 22749 -348 -9362 END
START 756 4196 1456 22027 -75 -9471 END
START 724 4140 808 21251 111 -9591 END
START 888 4440 336 20428 304 -9751 END
START 1060 4572 -140 19572 556 -9878 END
START 1192 4704 -664 18655 994 -10036 END
START 1792 5820 -900 17743 1421 -10239 END
START 2348 5636 -1772 16846 1968 -10577 END