START 4328 8864 4168 4385 1963 5031 END
START 6212 3272 -6984 5345 2000 5047 END
START 6204 8980 -1320 3064 1905 5281 END
START 6176 7336 -3220 3736 2242 5186 END
START 4088 8036 396 2451 1629 5269 END
START 2268 7504 1404 2016 1437 5454 END
START 2176 7392 380 1234 827 5751 END
START 2764 7652 -1300 561 656 6058 END
START 2580 7492 -1932 -101 876 6475 END
START 1664 7604 -1588 -963 1006 6959 END
START 1344 7636 -1880 -1732 1222 7471 END
START 1324 7552 -1980 -2628 1531 7985 END
START 1424 7308 -2276 -3586 1939 8509 END
START 1524 7124 -2476 -4482 2314 9030 END
START 1648 6864 -2188 -5432 2808 9523 END
START 1596 6732 -2052 -6273 3382 9972 END
START 1632 6448 -1728 -7117 3970 10384 END
START 1708 6164 -1664 -7860 4425 10772 END
START 1836 6000 -1472 -8587 4816 11098 END
START 1932 5888 -1288 -9255 5155 11408 END
START 2012 5704 -784 -9862 5456 11732 END
START 1872 5372 -608 -10449 5587 12009 END
START 1740 5268 -216 -11035 5572 12270 END
START 1648 4860 80 -11477 5446 12681 END
START 1704 4612 300 -11910 5302 12884 END
START 1836 4444 332 -12297 5117 13201 END
START 2032 4292 404 -12664 5069 13493 END
START 2040 4160 464 -13015 5004 13788 END
START 1976 4136 720 -13414 4871 14038 END
START 2008 4204 932 -13850 4669 14304 END
START 2188 4028 1068 -14264 4390 14600 END
START 2344 3908 1472 -14745 4159 14866 END
START 2676 3920 2000 -15065 3900 15115 END
START 2956 3844 2420 -15489 3677 15320 END
START 3408 3804 2944 -15769 3598 15479 END
START 4008 3624 3304 -15993 3643 15618 END
START 4380 3376 3832 -16122 3763 15679 END
START 4656 3308 4124 -16206 3913 15722 END
START 5096 3232 4420 -16226 4101 15706 END
START 5264 3116 4712 -16284 4238 15697 END
START 5500 3024 4816 -16362 4301 15671 END
START 5684 2992 4964 -16455 4353 15611 END
START 5968 2892 5068 -16522 4400 15536 END
START 6104 2820 5228 -16645 4481 15492 END
START 5940 2592 5324 -16807 4507 15444 END
START 5812 2436 5304 -16863 4449 15437 END
START 5756 2196 5184 -16951 4407 15458 END
START 5608 1980 5176 -17023 4273 15534 END
START 5432 1824 5108 -17139 4121 15641 END
START 5324 1664 5084 -17311 3917 15831 END
START 5244 1364 4956 -17529 3615 16061 END
START 5212 1328 4580 -17818 3209 16370 END
START 5428 1260 4688 -18186 2706 16778 END
START 6012 1032 4696 -18645 2156 17209 END
START 7112 844 4744 -19194 1642 17694 END
START 8596 748 5124 -19820 1228 18073 END
START 10508 596 5288 -20521 994 18337 END
START 12716 324 6020 -21148 928 18431 END
START 14852 240 6824 -21771 986 18279 END
START 16992 152 7600 -22286 1130 17868 END
START 18932 200 8628 -22697 1393 17180 END
START 20400 272 9716 -22988 1771 16195 END
START 21472 452 10632 -23180 2180 15030 END
START 22132 796 11620 -23264 2696 13697 END
START 22428 1056 12476 -23267 3180 12254 END
START 22380 1520 13360 -23160 3590 10863 END
START 21952 1852 14112 -22980 3791 9540 END
START 21092 2120 14900 -22711 3921 8232 END
START 20392 2276 15560 -22373 3811 7094 END
START 19944 2368 15940 -21955 3523 6057 END
START 19308 2188 16428 -21371 3152 5104 END
START 18744 1940 17252 -20740 2569 4185 END
START 17824 1824 17972 -19997 1680 3274 END
START 17588 1912 18092 -19147 805 2419 END
START 17348 2248 18112 -18288 16 1627 END
START 17108 2924 17928 -17378 -750 824 END
START 17060 2916 17884 -16406 -1529 57 END
START 16940 2704 17424 -15917 -2036 -735 END
START 16752 2828 16992 -15805 -2456 -1540 END
START 16192 3060 16616 -15475 -2966 -2423 END
START 16196 3308 16348 -15157 -3414 -3238 END
START 16128 3652 15796 -15157 -3701 -3931 END
START 15984 4108 15400 -15297 -3926 -4595 END
START 15640 4272 15200 -15485 -4080 -5182 END
START 15232 4444 15136 -15820 -4214 -5761 END
START 14912 4456 15016 -16171 -4230 -6277 END
START 14488 4612 15256 -16732 -4179 -6716 END
START 14040 4616 15636 -17143 -4140 -7109 END
START 13808 4648 15924 -17452 -4026 -7393 END
START 13572 4728 16336 -17671 -3809 -7604 END
START 13460 4940 16440 -17921 -3456 -7799 END
START 13584 5316 16908 -18185 -2985 -7997 END
START 13624 5532 16940 -18519 -2380 -8190 END
START 13600 5960 17484 -18823 -1675 -8388 END
START 13900 5996 17612 -19134 -808 -8585 END
START 13840 6308 18280 -19446 69 -8744 END
START 14092 6516 18632 -19777 993 -8948 END
START 14120 6512 19516 -20147 1830 -9207 END
START 14488 6652 20444 -20431 2594 -9510 END
START 14936 6568 21988 -20678 3299 -9928 END
START 15716 6548 22948 -20781 3927 -10491 END
START 16140 6276 23956 -20763 4452 -11144 END
START 16652 6232 25168 -20632 4831 -12005 END
START 17132 6368 25892 -20339 5049 -12966 END
START 17292 6092 26484 -20020 5186 -13973 END
START 16972 6000 27284 -19673 5110 -14993 END
START 16784 6016 27976 -19298 4967 -16024 END
START 16272 5860 28632 -18920 4826 -16966 END
START 15872 5772 28972 -18524 4629 -17883 END
START 15200 5536 29648 -18066 4380 -18701 END
START 14656 5316 30256 -17611 4086 -19430 END
START 13924 5076 30804 -17025 3758 -20157 END
START 13528 4836 31056 -16415 3478 -20778 END
START 13080 4400 31348 -15776 3300 -21384 END
START 12500 4152 31564 -15067 3047 -21994 END
START 11928 3788 32096 -14572 2798 -22569 END
START 11204 3568 32436 -13890 2549 -23074 END
START 10532 3540 32767 -13308 2328 -23553 END
START 10172 3448 32767 -12749 2184 -23981 END
START 9732 3212 32767 -12057 2205 -24458 END
START 9576 2928 32767 -11399 2309 -24908 END
START 9240 2520 32767 -10665 2351 -25390 END
START 8776 2208 32767 -9854 2305 -25863 END
START 8264 1904 32767 -9072 2222 -26325 END
START 7716 1756 32767 -8394 2084 -26777 END
START 7184 1660 32767 -7794 1921 -27199 END
START 6640 1652 32767 -7269 1838 -27582 END
START 6032 1592 32767 -6869 1835 -27907 END
START 5512 1600 32767 -6511 1820 -28123 END
START 4884 1380 32767 -6088 1779 -28327 END
START 4120 1060 32767 -5689 1860 -28485 END
START 3524 632 32767 -5270 1972 -28589 END
START 2320 168 32767 -4753 1983 -28611 END
START 1184 -184 32767 -4103 1758 -28546 END
START -208 -504 32767 -3412 1364 -28377 END
START -1304 -564 32767 -2611 781 -28072 END
START -2320 -584 32767 -1723 329 -27658 END
START -3032 -408 32767 -747 84 -27139 END
START -3588 -324 32767 256 -8 -26587 END
START -4052 -312 32767 1265 80 -25968 END
START -4348 -472 32767 2407 362 -25266 END
START -4484 -628 32767 3541 636 -24550 END
START -4548 -1012 32767 4740 927 -23852 END
START -4580 -1068 32767 5998 1142 -23172 END
START -4660 -1028 32767 7189 1325 -22587 END
START -4852 -1000 32767 8324 1423 -22025 END
START -5116 -812 32767 9324 1375 -21496 END
START -5104 -812 32767 10228 1330 -21020 END
START -5000 -648 32767 11002 1273 -20565 END
START -5028 -576 32767 11720 1259 -20135 END
START -4920 -592 32380 12411 1261 -19738 END
START -4800 -680 32144 13017 1194 -19378 END
START -4904 -676 31888 13633 1101 -19041 END
START -4992 -744 31752 14272 935 -18753 END
START -5084 -696 31964 14905 698 -18477 END
START -5164 -644 31732 15650 486 -18160 END
START -5348 -728 31612 16416 314 -17820 END
START -5452 -720 31412 17279 183 -17445 END
START -5552 -832 31276 18116 52 -17039 END
START -5712 -756 31024 18963 -14 -16627 END
START -5912 -884 30960 19812 -166 -16135 END
START -6136 -1088 30836 20729 -310 -15665 END
START -6188 -1128 30780 21699 -426 -15189 END
START -6132 -1048 30592 22711 -514 -14632 END
START -6456 -1040 30128 23810 -666 -14065 END
START -6624 -932 30004 24847 -821 -13479 END
START -6740 -1016 29572 25878 -1073 -12885 END
START -6840 -1176 29020 26889 -1400 -12246 END
START -6872 -1100 28296 27834 -1740 -11607 END
START -6748 -1368 27980 28779 -2101 -10993 END
START -6504 -1544 27352 29706 -2383 -10386 END
START -6116 -1496 26616 30565 -2639 -9800 END
START -6060 -1488 26028 31443 -2780 -9253 END
START -5920 -1340 25352 32277 -2910 -8716 END
START -5712 -1332 24600 32767 -3055 -8204 END
START -5508 -1280 23972 32767 -3238 -7708 END
START -5304 -1316 23036 32767 -3395 -7195 END
START -5112 -1336 22288 32767 -3555 -6739 END
START -4804 -1112 21132 32767 -3682 -6327 END
START -4192 -992 19892 32767 -3803 -5999 END
START -3716 -940 18892 32767 -3910 -5788 END
START -3380 -744 17776 32767 -4066 -5671 END
START -2904 -524 16272 32767 -4321 -5623 END
START -2748 -256 15384 32767 -4668 -5662 END
START -2324 124 14252 32767 -5047 -5743 END
START -1760 272 12832 32767 -5378 -5868 END
START -1304 432 11484 32767 -5587 -6035 END
START -452 660 10048 32767 -5713 -6288 END
START 440 780 8484 32767 -5658 -6575 END
START 1120 1036 6832 32767 -5370 -6915 END
START 1604 1344 5472 32767 -4973 -7301 END