START 2380 10220 -9856 -4585 2958 5124 END
START 8440 2944 -10340 -6560 581 4766 END
START 2768 868 -6328 -9301 -1873 4992 END
START -3464 208 -1016 -11961 -999 5349 END
START -2096 -448 -1824 -14997 704 5441 END
START 2668 -1476 -4860 -17585 1162 5541 END
START 2616 -1636 -3944 -20179 -340 4979 END
START 1528 -2632 -1804 -22003 -1953 4692 END
START 2332 -2564 -1516 -23791 -3399 4930 END
START 4472 -2840 -328 -27154 -2945 4843 END
START 6212 -3252 912 -30893 325 4440 END
START 7516 -4112 3996 -32768 3490 3755 END
START 9408 -4984 8508 -32768 4926 2079 END
START 12212 -5448 12724 -32768 5532 -867 END
START 13300 -6316 17696 -32768 5799 -4045 END
START 13272 -6628 23444 -32768 3603 -7176 END
START 14612 -6100 27700 -32326 -705 -10017 END
START 18216 -5156 30048 -29450 -3253 -13169 END
START 20752 -4488 32767 -28848 210 -17317 END
START 20096 -4616 32767 -27831 4273 -21837 END
START 16948 -5740 32767 -25332 4797 -25834 END
START 13472 -7120 32767 -20929 3257 -28358 END
START 10876 -7920 32767 -14560 154 -29539 END
START 9660 -8572 32767 -8312 -616 -30940 END
START 7292 -9560 32767 -2865 2048 -31505 END
START 4484 -10776 32767 2050 5327 -31047 END
START 1760 -11920 32767 8370 6827 -29812 END
START 64 -12892 32767 15987 6509 -28450 END
START 456 -13944 32767 23650 6827 -27613 END
START 960 -15156 32767 29787 7598 -27552 END
START 836 -16320 32767 32304 11265 -27367 END
START -180 -16780 28368 31684 18190 -26022 END
START -4448 -17828 24328 31537 24299 -23086 END
START -10956 -18144 19200 32767 20472 -19361 END
START -12792 -17508 12196 32767 9619 -15220 END