START 12304 12080 -6040 4316 10133 3513 END
START 6948 3840 -6596 2741 5330 2763 END
START 1796 2000 -1736 1698 950 3271 END
START 132 1596 -80 138 243 3511 END
START 1420 1540 -1628 -1714 -1046 3044 END
START 1456 628 -2428 -4155 -1038 3456 END
START 2004 244 -3516 -6747 500 4537 END
START 3340 -92 -5404 -9513 2691 5335 END
START 304 -620 -4904 -12690 4388 5999 END
START -2312 -1780 -4320 -15640 5196 7403 END
START -3704 -2284 -4300 -17803 2012 9519 END
START -3724 -3092 -3704 -19813 -2643 12597 END
START -2120 -3240 -3452 -22011 -8078 16681 END
START 3284 -4280 -1560 -24625 -12759 20655 END
START 12688 -4908 2276 -26170 -11970 23260 END
START 17832 -3688 4228 -27787 -7531 22587 END
START 19772 -3504 4900 -30910 -2455 19074 END
START 23384 -4172 8328 -32768 2499 15164 END
START 23384 -5068 12360 -32768 6602 9593 END
START 19812 -6524 15876 -32768 7211 4761 END
START 17528 -7580 19368 -32768 3479 155 END
START 17440 -9196 23176 -32768 -1951 -3474 END
START 21604 -8876 28540 -32768 -4815 -7610 END
START 23492 -7048 30908 -32768 -2378 -13310 END
START 21408 -6972 32612 -32232 1156 -18043 END
START 19144 -7252 32767 -30425 1450 -20999 END
START 18772 -7720 32767 -27791 1103 -23127 END
START 19228 -8088 32767 -23814 2077 -26211 END
START 17200 -9736 32767 -18330 1450 -30399 END
START 14536 -11496 32767 -11490 -1277 -32768 END
START 11116 -12824 32767 -5290 991 -32768 END
START 6328 -13608 32767 835 6396 -32768 END
START 1360 -13676 32767 6968 9784 -30281 END
START -584 -13608 32767 13618 9104 -26208 END
START -884 -12528 32767 20087 7555 -23408 END
START -872 -11756 32767 25494 6300 -21417 END
START -532 -11920 32767 29669 5114 -20508 END
START 368 -11888 30044 32767 5748 -19999 END
START -1244 -12220 23880 32767 8280 -19390 END
START -4764 -12020 18180 32767 8853 -16876 END
START -5624 -11024 13216 32767 7935 -13385 END
START -5380 -9368 9088 32767 6281 -10515 END
START -3236 -7616 5228 32606 4687 -9311 END
START -152 -5292 344 30215 3956 -10046 END
START 448 -3056 -4456 26103 4474 -12033 END
START -2004 -1720 -7980 20429 6383 -11824 END
START -5884 -668 -9564 14128 7634 -8335 END
START -4436 1176 -9772 7550 9990 -3298 END