START 17496 8472 -7876 15589 5470 893 END
START 8120 864 -14720 13664 1999 1721 END
START -3152 -1616 -7484 9918 -551 3161 END
START -6480 -1688 -7016 5722 -2879 4535 END
START -5572 -2752 -6836 1994 -4901 4900 END
START -5020 -2512 -8024 -2207 -4853 5821 END
START -3396 -2732 -8820 -7762 -3010 6994 END
START -2492 -3196 -8924 -13368 -580 8069 END
START -1636 -3572 -8308 -17518 793 9402 END
START 708 -3520 -8732 -20917 1009 9953 END
START 3084 -3188 -9468 -24437 1015 9265 END
START 4236 -3496 -8612 -28401 327 7830 END
START 5304 -3864 -6700 -32052 -991 7104 END
START 8536 -4748 -3092 -32768 -1342 6140 END
START 11552 -5232 520 -32768 -1347 4517 END
START 16496 -6096 5288 -32768 -1309 1860 END
START 19760 -6504 12676 -32768 1324 -1720 END
START 20332 -7120 21756 -32768 4551 -6195 END
START 16392 -8604 32767 -32768 -147 -9750 END
START 17760 -7760 32767 -32768 -8554 -12411 END
START 20252 -4760 32767 -28930 -10469 -14455 END
START 21852 -3736 32767 -26381 -5595 -16882 END
START 23264 -4220 32767 -23759 2154 -19594 END
START 19684 -5828 32767 -20306 9771 -22948 END
START 13568 -8124 32767 -13121 10351 -25954 END
START 6072 -10068 32767 -1922 4549 -27763 END
START 2720 -10548 32767 9263 -2889 -27159 END
START 3692 -10624 32767 17296 -7479 -26990 END
START 5152 -11164 32767 20458 -5052 -28591 END
START 3068 -11352 32420 19398 1489 -29574 END
START -68 -12432 31680 18796 6581 -28600 END
START -3480 -13664 32192 21095 8070 -25989 END
START -6208 -15064 31888 26391 6053 -22966 END
START -6496 -15320 28396 32247 3148 -20325 END
START -6668 -15172 22504 32767 1246 -18428 END
START -5560 -13896 15484 32767 2099 -16236 END
START -7684 -12372 9200 32767 4698 -13809 END
START -9920 -11048 4648 31943 5516 -8941 END