START 2872 6444 5812 -886 -1907 5382 END
START 4640 1424 -5640 246 -2169 5764 END
START 2848 9388 8012 -1886 -1843 6233 END
START 5040 5308 -1572 -943 -1449 6341 END
START 3704 6432 1928 -2193 -1564 6488 END
START 2448 6188 3244 -2670 -1350 6717 END
START 2768 6192 2804 -3498 -1523 6945 END
START 3792 5932 1704 -4125 -1496 7234 END
START 4048 5752 1536 -4803 -1101 7481 END
START 3392 5688 2548 -5417 -666 7716 END
START 3268 5488 3036 -5981 -366 7934 END
START 3660 5456 2956 -6462 -77 8121 END
START 3868 5444 2968 -6873 457 8323 END
START 4044 5232 3176 -7241 956 8528 END
START 4080 4924 3416 -7619 1506 8741 END
START 4156 4876 3932 -7905 2100 8894 END
START 4220 4732 4260 -8242 2518 9036 END
START 4196 4736 4484 -8589 2753 9132 END
START 4400 4784 5188 -8945 2890 9135 END
START 4664 4808 5320 -9293 2948 9143 END
START 4812 4760 5784 -9612 3004 9098 END
START 4852 4724 5900 -9866 3035 9073 END
START 5212 4528 6196 -10072 3077 8971 END
START 5336 4640 6304 -10242 3144 8876 END
START 5412 4520 6644 -10390 3154 8758 END
START 5436 4544 6892 -10518 3163 8648 END
START 5284 4560 6924 -10645 3118 8549 END
START 5280 4424 7308 -10746 3091 8442 END
START 5248 4456 7348 -10852 3049 8371 END
START 5236 4388 7524 -10899 3033 8331 END
START 5032 4368 7748 -10929 2984 8299 END
START 4800 4232 7504 -10933 2915 8263 END
START 4532 3960 7700 -10956 2776 8234 END
START 4188 4020 7592 -10972 2574 8293 END
START 3996 3892 7420 -10955 2397 8362 END
START 3908 3888 7032 -10984 2238 8472 END
START 3536 4028 6880 -11063 2142 8599 END
START 3256 3972 6700 -11193 2036 8720 END
START 3044 4008 6580 -11403 1963 8885 END
START 2768 4092 6520 -11626 1849 9115 END
START 2472 4000 6476 -11964 1749 9379 END
START 2048 4052 6452 -12315 1705 9738 END
START 1988 3992 6472 -12684 1772 10152 END
START 1800 4116 6340 -13076 1837 10655 END
START 1948 4096 6248 -13506 1959 11178 END
START 2236 4128 6536 -14053 2130 11707 END
START 2524 4200 6640 -14461 2347 12241 END
START 3012 4180 7228 -14967 2497 12607 END
START 3768 4228 7516 -15611 2655 12946 END
START 4756 4312 7788 -16139 2831 13334 END
START 5740 4040 8316 -16643 3032 13509 END
START 6864 3800 8820 -17040 3234 13578 END
START 8044 3524 9244 -17328 3440 13506 END
START 9052 3532 9692 -17482 3559 13291 END
START 9992 3744 9988 -17583 3629 13046 END
START 10916 3984 10352 -17727 3592 12545 END
START 11640 4276 10224 -17854 3430 12141 END
START 12256 4384 10508 -18064 3169 11491 END
START 13016 4480 10668 -18337 2788 10825 END
START 13572 4708 10712 -18693 2368 10098 END
START 14368 4804 10616 -19043 1986 9265 END
START 14872 5020 10708 -19468 1592 8480 END
START 15400 5196 10848 -19861 1293 7632 END
START 15968 5340 11068 -20260 989 6793 END
START 16344 5288 11400 -20620 666 5916 END
START 16852 5144 11704 -20998 380 5005 END
START 17384 5088 11756 -21314 166 4055 END
START 17952 5248 12152 -21601 112 3115 END
START 18440 5392 12420 -21890 114 2113 END
START 18820 5596 12692 -22204 248 1096 END
START 18992 5908 13328 -22486 438 58 END
START 19008 6088 14088 -22764 631 -983 END
START 18812 6108 14828 -22935 808 -1939 END
START 18608 6048 15588 -23009 981 -2960 END
START 18008 5944 16416 -22897 1051 -3868 END
START 17416 5944 17044 -22694 1017 -4754 END
START 17036 5884 17400 -22456 933 -5540 END
START 16600 5828 17648 -22269 964 -6192 END
START 16148 6008 17740 -22022 1081 -6776 END
START 15860 6212 17776 -21859 1406 -7315 END
START 15608 6444 17680 -21794 1787 -7849 END
START 15472 6688 17804 -21829 2192 -8382 END
START 15500 6864 18004 -21917 2654 -8875 END
START 15352 6856 18356 -22025 3132 -9377 END
START 15308 6604 18496 -22096 3563 -9881 END
START 15536 6640 18812 -22124 4035 -10443 END
START 15660 6604 19360 -22110 4435 -11044 END
START 15924 6708 19896 -22086 4749 -11793 END
START 15944 6760 20556 -22036 4956 -12631 END
START 16056 6744 21172 -22009 5006 -13576 END
START 15928 6576 22288 -22031 4876 -14613 END
START 15720 6260 23436 -21900 4556 -15700 END
START 15532 5920 24180 -21616 4184 -16731 END
START 15008 5496 25228 -21257 3758 -17724 END
START 14460 5292 25884 -20798 3249 -18722 END
START 13968 5164 26412 -20202 2729 -19667 END
START 13492 5084 26848 -19633 2180 -20494 END
START 13048 5016 27216 -19012 1738 -21406 END
START 12204 4780 27624 -18517 1356 -22233 END
START 11744 4492 28348 -18157 998 -23060 END
START 11136 4196 28888 -17871 735 -23832 END
START 10348 3952 29548 -17595 476 -24537 END
START 9480 3756 30608 -17221 268 -25224 END
START 8412 3392 31828 -16764 45 -25802 END
START 7356 3236 32767 -16117 -131 -26266 END
START 6204 2948 32767 -15319 -247 -26623 END
START 5032 2852 32767 -14267 -299 -26867 END
START 3680 2556 32767 -13368 -323 -27030 END
START 2552 2456 32767 -12333 -395 -27065 END
START 1432 2172 32767 -11292 -517 -27034 END
START 220 1848 32767 -10319 -716 -26847 END
START -920 1808 32767 -9313 -1071 -26638 END
START -1824 1824 32767 -8333 -1488 -26355 END
START -2556 1840 32767 -7253 -2037 -25982 END
START -3300 1728 32767 -6184 -2580 -25583 END
START -3724 1520 32767 -5091 -3073 -25145 END
START -4116 1312 32767 -3953 -3602 -24717 END
START -4240 1488 32767 -2823 -3996 -24235 END
START -4344 1412 32767 -1777 -4360 -23828 END
START -4312 1356 32767 -729 -4661 -23424 END
START -4188 1284 32767 244 -4871 -23109 END
START -3984 1060 32767 1208 -5053 -22807 END
START -3764 824 32767 2150 -5113 -22550 END
START -3668 764 32767 3078 -5114 -22333 END
START -3660 792 32767 4032 -5123 -22147 END
START -3744 668 32767 4988 -5133 -21997 END
START -4056 560 32767 5944 -5142 -21834 END
START -4184 340 32767 6831 -5210 -21675 END
START -4456 324 32767 7762 -5256 -21474 END
START -4408 184 32767 8658 -5293 -21209 END
START -4424 232 32767 9561 -5323 -21010 END
START -4376 -92 32767 10439 -5290 -20715 END
START -4252 -240 32767 11366 -5139 -20496 END
START -4188 -176 32767 12237 -4932 -20236 END
START -4224 -140 32767 13156 -4653 -19975 END
START -4224 -44 32767 14085 -4280 -19723 END
START -4136 -124 32767 14930 -3927 -19504 END
START -3804 -304 32767 15769 -3465 -19295 END
START -3676 -292 32767 16561 -2951 -19122 END
START -3472 -412 32767 17295 -2407 -18958 END
START -3296 -568 32767 18019 -1840 -18822 END
START -2896 -484 32767 18717 -1188 -18650 END
START -2612 -500 32767 19422 -476 -18496 END
START -2360 -576 32767 20134 293 -18362 END
START -2024 -804 32767 20898 1035 -18258 END
START -1768 -1096 32767 21706 1797 -18208 END
START -1848 -1184 32767 22619 2421 -18133 END
START -2292 -1260 32767 23552 2770 -18072 END
START -2900 -1268 32767 24519 2933 -17915 END
START -3352 -1336 32767 25480 2831 -17751 END
START -3824 -1564 32767 26472 2601 -17466 END
START -4116 -1804 32112 27530 2310 -17163 END
START -4548 -1796 31708 28579 1936 -16759 END
START -4888 -1712 30912 29659 1413 -16324 END
START -5004 -1876 30324 30733 745 -15923 END
START -5064 -1980 29624 31763 10 -15534 END
START -5288 -2056 28748 32767 -785 -15159 END
START -5340 -2124 27868 32767 -1514 -14737 END
START -5304 -2072 26728 32767 -2089 -14291 END
START -5344 -2028 25548 32767 -2496 -13756 END
START -5300 -1952 24176 32767 -2743 -13253 END
START -5264 -1736 22812 32767 -2756 -12638 END
START -5332 -1600 21680 32767 -2686 -11986 END
START -5416 -1432 19996 32767 -2453 -11332 END
START -5460 -988 18588 32767 -2099 -10587 END
START -5552 -768 17028 32767 -1684 -9829 END
START -5636 -388 15420 32767 -1195 -9037 END
START -5620 180 13764 32767 -619 -8183 END
START -5512 320 11860 32767 -31 -7276 END
START -5408 544 9880 32767 561 -6376 END
START -5372 756 7624 32767 1110 -5440 END
START -5472 940 5600 32767 1552 -4473 END
START -5596 1384 3632 32767 1922 -3414 END
START -5420 1956 1284 32767 2210 -2369 END
START -4984 2592 -852 32767 2479 -1473 END
START -4068 3276 -3148 32767 2852 -574 END
START -2920 4108 -5176 31030 3419 125 END
START -1872 4872 -6612 28968 4112 733 END
START -968 5340 -8124 26730 4899 1222 END
START -340 5612 -8920 24355 5904 1610 END
START 352 6080 -9864 21837 6979 1924 END
START 860 6664 -10256 19249 8066 2136 END
START 1228 7124 -10480 16821 9062 2272 END
START 1660 7708 -10308 14287 10069 2326 END