START 24132 6436 -18464 7524 12111 -1175 END
START 3224 1012 -13540 2156 8887 -402 END
START -2036 232 -10424 -1143 2949 1470 END
START -4020 -344 -8000 -4498 -1434 3389 END
START -3836 -536 -6688 -7714 -2971 4684 END
START -2608 -1276 -6092 -10434 -2103 5267 END
START -2340 -2140 -6468 -13259 -972 5880 END
START -2468 -2704 -6980 -16465 -1374 6918 END
START -392 -3448 -7216 -20232 -1943 8027 END
START 148 -4024 -6240 -24081 -2039 8884 END
START 864 -5120 -4804 -27242 -3165 9900 END
START 3524 -5748 -3960 -31056 -3920 10256 END
START 6676 -7204 -628 -32768 -3120 10103 END
START 8804 -7780 3784 -32768 -1658 9973 END
START 11928 -8388 9952 -32768 681 9510 END
START 16424 -8908 16584 -32768 5046 7511 END
START 20164 -9028 23948 -32768 8201 3163 END
START 20064 -9008 30336 -32768 6286 -3143 END
START 19684 -8216 32767 -32768 -969 -9671 END
START 20048 -7500 32767 -29665 -5032 -13398 END
START 20044 -5540 32767 -27556 -703 -15649 END
START 20036 -4444 32767 -25514 5354 -18100 END
START 19184 -5012 32767 -23569 10348 -22092 END
START 14236 -6544 32767 -19510 10359 -26943 END
START 7440 -7520 32767 -12803 5534 -29973 END
START 3060 -8420 32767 -5909 2334 -29871 END
START 296 -9148 32767 163 3402 -28239 END
START -3464 -10488 32767 6110 3742 -25528 END
START -4644 -11384 32767 12465 2580 -22190 END
START -3656 -12320 32767 18929 2026 -19823 END
START -3500 -13324 32767 24278 3313 -18814 END
START -4940 -14716 32767 29381 4552 -17192 END
START -6120 -15772 32767 32767 4724 -15094 END
START -6624 -15904 31924 32767 4257 -13105 END
START -6968 -15392 25432 32767 2081 -11523 END
START -6156 -14400 17748 32767 -1567 -10972 END
START -6048 -12704 11020 32767 -4386 -10488 END
START -6684 -10452 3904 32767 -2623 -8931 END
START -6236 -8028 -1384 29025 1749 -5206 END