START 888 5748 -9196 -5907 10061 12007 END
START 5712 248 -9012 -10092 10289 12335 END
START 1756 -2560 -4136 -12811 8358 12883 END
START 3784 -2220 -2556 -14825 4525 13815 END
START 6688 -2160 -1232 -15905 2472 13697 END
START 8892 -1532 -1876 -17988 2430 12718 END
START 10456 -1108 -272 -21226 1867 11060 END
START 12228 -912 1492 -23076 1517 9107 END
START 13308 -836 1700 -25138 1801 6853 END
START 13304 -1484 2088 -28062 3160 4507 END
START 12208 -2792 4356 -31628 2760 2895 END
START 14648 -3716 8496 -32768 2168 1403 END
START 15396 -4884 11620 -32768 2967 -1329 END
START 14096 -6320 13144 -32768 3856 -4064 END
START 12860 -7768 15028 -32768 3017 -6358 END
START 11924 -8732 18372 -32768 143 -8131 END
START 12264 -9236 21804 -32768 -3293 -9249 END
START 16184 -9160 21624 -32768 -4070 -12464 END
START 17768 -10228 24944 -32768 185 -16364 END
START 16208 -11824 29664 -32768 3634 -20194 END
START 12272 -12892 32767 -30353 2818 -23013 END
START 11152 -13108 32767 -24790 -3538 -23965 END
START 14644 -12212 32767 -18350 -5704 -25481 END
START 16408 -11264 32767 -15394 570 -28641 END
START 13048 -12420 32767 -14027 8658 -31009 END
START 7064 -14172 32767 -11825 13394 -31555 END
START 1552 -15376 32767 -6118 11872 -30777 END
START -916 -16080 32767 2151 7650 -28840 END
START -1464 -16348 32767 9156 6594 -26593 END
START -3396 -16080 32767 14046 7796 -23567 END
START -3412 -16108 32767 17684 9155 -19949 END
START -1488 -16472 32767 20608 11625 -17767 END
START -2236 -17600 32767 25157 13135 -16770 END
START -4772 -18940 32767 29952 10989 -15848 END
START -7460 -20100 28884 32767 8076 -14069 END
START -8796 -19872 24496 32767 6662 -11204 END
START -8756 -18268 19684 32767 7364 -8432 END
START -8580 -16356 14544 32767 8561 -5819 END
START -5584 -14280 8356 32767 9132 -4362 END
START -5484 -12132 3860 29111 11645 -3791 END
START -7884 -12020 1728 25608 13030 -1463 END
START -7888 -9388 -988 22797 13201 2619 END