START 8824 9508 -4068 -2318 6086 -329 END
START -3704 4764 5704 -4887 -957 -335 END
START -4508 3688 6012 -6851 124 877 END
START 2424 3176 1676 -8614 2640 1834 END
START 108 2792 1480 -11193 2619 2118 END
START -1860 1584 1596 -13819 1172 3022 END
START -4016 1112 1372 -16599 -741 5264 END
START -3324 548 1708 -19683 -2886 7098 END
START -324 -804 3504 -22351 -2358 8541 END
START 3320 -752 2836 -24892 -657 9278 END
START 5072 -760 3504 -27989 1472 8762 END
START 7144 -2004 5268 -30958 1635 7305 END
START 7500 -2928 9260 -31818 131 6116 END
START 9936 -2908 11952 -31559 -2314 4492 END
START 11800 -2408 14348 -31489 -3954 2241 END
START 13028 -2548 19108 -31139 -4199 -43 END
START 15236 -2632 22800 -30427 -2673 -2419 END
START 15868 -2704 27052 -29175 -306 -5787 END
START 15740 -2612 31496 -26960 2071 -9332 END
START 13212 -2856 32767 -23125 3067 -12396 END
START 11688 -3020 32767 -19041 4104 -15864 END
START 8564 -3104 32767 -15740 5597 -18383 END
START 5784 -2652 32767 -13489 6335 -20248 END
START 2476 -2200 32767 -10540 6617 -21495 END
START 1368 -1356 32767 -8150 8104 -22607 END
START -2508 -1796 32767 -5941 8222 -23155 END
START -3696 -2440 32767 -2110 6907 -24042 END
START -8020 -4992 32767 2668 4509 -24727 END
START -10732 -6656 32767 8489 1570 -22624 END
START -12368 -8664 32767 14985 328 -19620 END
START -13308 -10248 32767 21337 178 -15801 END
START -14080 -11852 32767 28205 226 -11486 END
START -12592 -12804 32767 32767 -243 -7341 END
START -11252 -13004 32512 32767 367 -3973 END
START -9224 -12980 24724 32767 1117 -978 END
START -7672 -11784 14280 32767 1465 1652 END
START -6204 -9128 4084 32767 2397 3494 END
START -5628 -6632 -2712 32767 2888 5027 END