START 8608 6456 -13616 265 8318 5479 END
START 8384 176 -13104 -3624 4109 5378 END
START -2580 -2132 -3484 -7477 3072 5768 END
START -1380 -2208 -3420 -10794 3810 6255 END
START -128 -3652 -2520 -13148 3790 6401 END
START 144 -4584 -2088 -14421 3519 6990 END
START 2192 -5200 -2524 -15972 4161 7311 END
START 1988 -5188 -3164 -18400 3744 7135 END
START 3236 -5124 -3148 -21395 1645 7911 END
START 5788 -5772 -1696 -25117 1392 7816 END
START 8472 -6204 60 -28009 2667 6912 END
START 11268 -6236 2412 -30864 3775 4683 END
START 12944 -6560 5148 -32726 3877 1737 END
START 14612 -6956 8068 -32768 1834 -817 END
START 18636 -7484 11820 -32768 409 -3573 END
START 23956 -8136 16280 -32768 1431 -7064 END
START 28876 -8432 20936 -32768 4492 -12817 END
START 30160 -10372 25336 -32768 8020 -20880 END
START 26172 -12440 29780 -32768 7709 -27742 END
START 22420 -13988 32767 -29227 5257 -32100 END
START 18456 -14432 32767 -25777 2973 -32768 END
START 14968 -14508 32767 -23719 2697 -32768 END
START 10944 -14784 32767 -21630 3501 -32768 END
START 6584 -16220 32767 -18043 3419 -32768 END
START 1660 -18260 32767 -11931 1094 -32768 END
START -2924 -19416 32767 -4301 -883 -32768 END
START -3880 -19960 32767 3373 -561 -32768 END
START -6592 -19888 32767 9827 1546 -32768 END
START -7744 -18772 32767 15027 3588 -30379 END
START -8916 -18000 32767 20010 6989 -26971 END
START -11020 -18012 32767 25742 7662 -23457 END
START -11656 -18256 32767 30927 5899 -20181 END
START -10380 -19072 32767 32767 6310 -17716 END
START -11828 -20312 32716 32767 6189 -15248 END
START -12324 -20572 26288 32767 5726 -12047 END
START -11544 -19748 18832 32767 5812 -8832 END
START -9608 -17964 10292 32767 6365 -6055 END
START -5752 -14848 2044 32767 7199 -4210 END
START -2616 -11908 -4684 32532 9167 -3916 END