START 14532 8708 -6220 -4146 6837 9345 END
START 11468 2836 -11620 -5989 6471 9657 END
START 10004 1548 -9952 -9101 5248 8875 END
START 288 660 -4428 -12287 3446 7824 END
START -1328 -64 -3784 -15236 2049 7379 END
START 88 -912 -4388 -18743 1669 7832 END
START 2876 -1688 -5348 -21996 393 9368 END
START 5428 -2176 -2596 -25750 -1179 10438 END
START 9332 -2844 1380 -28691 1246 9353 END
START 9684 -3564 4400 -30983 4247 7068 END
START 9724 -4596 7512 -32203 5283 5240 END
START 9688 -5316 10000 -32768 5504 3165 END
START 8832 -6408 13064 -32768 5021 1918 END
START 6852 -7196 16952 -32768 2902 2144 END
START 10380 -7200 20832 -32768 573 2596 END
START 13736 -6956 24380 -32654 2453 1342 END
START 11316 -7752 26444 -32641 6307 240 END
START 9360 -8468 29952 -32012 4694 -251 END
START 11652 -7700 32767 -30284 -388 -2774 END
START 15128 -7112 32767 -26708 -3119 -7660 END
START 14204 -7172 32767 -22213 -3795 -12114 END
START 13216 -6628 32767 -15957 -3655 -14880 END
START 13364 -5388 32767 -9723 -321 -17162 END
START 10848 -5188 32767 -6006 3915 -18698 END
START 8828 -5688 32767 -2153 6676 -20159 END
START 6132 -6580 32767 3258 5902 -22259 END
START 3328 -8144 32767 9322 2245 -24415 END
START 2028 -9472 32767 14952 -1247 -25613 END
START 1412 -11116 32767 19665 -1387 -26936 END
START -1100 -13152 32767 24450 -565 -27561 END
START -3200 -14232 32767 28519 537 -26890 END
START -5104 -15676 30348 31331 2371 -25988 END
START -9516 -16304 26744 32767 2176 -23481 END
START -9648 -17540 22504 32767 1651 -19260 END