START 12856 5068 -5660 6216 449 920 END
START -14452 1544 5276 5346 -7748 1608 END
START -10188 -504 1488 2946 -7784 2231 END
START -5836 -184 -1876 -807 -7328 3313 END
START 2376 -380 -5852 -5118 -4608 2840 END
START 1212 -196 -4440 -8898 -2067 3141 END
START 244 -264 -3216 -11522 -1877 3135 END
START -304 -212 -2332 -14032 -1384 3313 END
START -820 -8 -1472 -16617 -1154 3065 END
START -536 52 -640 -18769 -1690 3484 END
START 1336 36 836 -20674 -1670 3393 END
START 3360 -264 2480 -22856 -840 2498 END
START 5044 -880 4872 -25061 1035 422 END
START 3984 -1292 6960 -26511 1765 -950 END
START 4612 -1896 9576 -28415 1515 -2464 END
START 6620 -3212 13368 -29870 2916 -4341 END
START 5940 -4996 18468 -30072 4075 -6236 END
START 6600 -4936 22252 -29096 3572 -7501 END
START 9684 -4140 25868 -27687 4280 -9917 END
START 9768 -3844 29748 -25651 5930 -12888 END
START 8668 -3856 32656 -23132 6755 -15946 END
START 7744 -3640 32767 -19858 6570 -18555 END
START 6860 -3572 32767 -16427 7028 -22125 END
START 1784 -4092 32767 -12159 5405 -24579 END
START -1340 -4528 32767 -7461 4531 -26243 END
START -5412 -5572 32767 -2980 5195 -26193 END
START -8808 -6324 32767 786 6922 -24884 END
START -12392 -7572 32767 5322 6598 -22936 END
START -15536 -8424 32767 10858 5066 -20081 END
START -17360 -7936 32767 15523 3500 -16385 END
START -17060 -6764 32767 18848 3871 -12545 END
START -16080 -5640 32767 20612 6435 -9194 END
START -16992 -4996 31320 21811 7677 -6052 END
START -15908 -5656 29428 24178 8081 -3156 END
START -17004 -6624 25660 26531 7572 -844 END
START -16412 -7680 20600 28703 5721 3035 END
START -10776 -6984 12520 28102 3823 5056 END
START -7852 -4876 6808 24860 3710 5613 END
START -6280 -3936 3780 21378 5455 6289 END
START -2876 -2256 -572 17581 7413 7183 END
START -268 -680 -2264 12344 9621 6358 END
START -852 -48 -3744 8369 11210 6023 END