START 19136 14728 -14300 6356 4339 4257 END
START 7900 3572 -15752 2341 5360 3975 END
START 2232 -396 -13128 -1926 3671 5210 END
START -1604 -2564 -11712 -5923 2047 7724 END
START -2212 -4148 -10152 -10088 913 9792 END
START -2308 -5108 -8904 -13592 -334 11496 END
START 500 -6220 -8836 -16820 -1651 12889 END
START 2340 -6704 -8084 -19814 -1417 13607 END
START 3592 -7264 -7380 -23198 -1656 14005 END
START 5096 -7324 -5628 -26397 -3070 14536 END
START 7988 -7324 -3068 -29283 -3603 15207 END
START 12328 -6812 -1044 -32423 -1556 14403 END
START 15120 -6984 1824 -32768 1326 12349 END
START 17528 -6452 5320 -32768 3765 9301 END
START 19880 -6620 10200 -32768 6636 6381 END
START 22232 -7020 15452 -32768 7700 2819 END
START 24148 -7472 22548 -32768 7320 -891 END
START 28048 -7388 29652 -32768 8718 -6330 END
START 28500 -7488 32767 -32768 10963 -13982 END
START 23480 -8848 32767 -31380 6860 -20390 END
START 19468 -9072 32767 -25097 637 -24007 END
START 19152 -9080 32767 -20479 -1300 -25551 END
START 18380 -8912 32767 -17870 2105 -26774 END
START 16116 -9004 32767 -14881 5318 -28309 END
START 13944 -9884 32767 -11949 6209 -30138 END
START 11488 -11696 32767 -8343 6445 -32127 END
START 7608 -14368 32767 -3501 5870 -32768 END
START 4492 -16740 32767 2826 6182 -32536 END
START 676 -19808 32767 8245 8278 -30708 END
START -2436 -21020 32767 14302 10554 -26707 END
START -3796 -20784 32767 21728 11997 -22666 END
START -4256 -19600 32767 29008 10173 -19540 END
START -2924 -17800 28532 32767 6538 -18632 END
START -1972 -15360 20960 32767 2536 -19460 END
START -3316 -13704 14316 32767 -353 -19798 END
START -5036 -11996 6916 32767 -1533 -18734 END