START 11112 5292 -8536 -1760 2738 3098 END
START 2684 944 -10564 -6753 1314 3871 END
START -2484 -968 -5820 -9514 -985 5929 END
START -2128 -1416 -4956 -12680 -2443 6927 END
START -740 -2140 -3796 -15638 -3324 7081 END
START 2376 -2852 -4896 -17871 -3852 6600 END
START 2692 -3608 -4476 -20258 -4716 5897 END
START 2644 -4372 -3960 -23155 -4554 5325 END
START 2456 -4576 -3416 -26669 -5236 5804 END
START 5112 -4860 -1296 -30223 -5780 6396 END
START 9344 -4316 420 -32768 -4836 5933 END
START 12028 -5068 3900 -32768 -3575 4284 END
START 16732 -5476 9084 -32768 -1957 1139 END
START 17372 -5912 14668 -32768 -116 -2919 END
START 17744 -6208 19356 -32768 544 -6581 END
START 16652 -6976 24360 -32768 143 -9582 END
START 15508 -7056 30360 -32768 -2758 -11149 END
START 20564 -6256 32767 -30563 -4649 -14950 END
START 20356 -5916 32767 -29001 -2295 -20600 END
START 18564 -7040 32767 -27794 1473 -25148 END
START 12308 -8272 32767 -24505 3881 -27440 END
START 7856 -8828 32767 -17916 -300 -27700 END
START 8808 -9584 32767 -11157 -3424 -28322 END
START 8284 -10780 32767 -5134 -2904 -29371 END
START 6452 -11816 32767 -1009 1002 -29754 END
START 3376 -13272 32767 2384 5016 -29079 END
START 748 -13920 32767 7219 6741 -27357 END
START 476 -14752 32767 13023 7614 -25417 END
START 464 -15612 32767 20029 7421 -24308 END
START 308 -16316 32767 26794 7083 -23701 END
START -44 -16316 32767 32119 7349 -22672 END
START -104 -16596 30256 32767 8383 -21792 END
START -2208 -16472 23088 32767 8417 -20781 END
START -4300 -15532 16956 32767 6887 -18853 END
START -6152 -13664 10200 32767 6125 -16513 END
START -8128 -11620 3984 32617 5203 -12629 END
START -6820 -9260 -1964 26774 3942 -9079 END