START 13608 5908 -9716 -1761 4564 1652 END
START 10276 2632 -11772 -4284 1874 762 END
START 4904 1528 -7212 -6782 -67 1029 END
START 2356 1648 -6384 -10122 -1007 1049 END
START 5116 1580 -7664 -14715 -813 -395 END
START 4796 184 -7056 -17799 -174 -2001 END
START 3768 -684 -7028 -20733 -634 -2141 END
START 5024 -1800 -6976 -23919 -1539 -2120 END
START 5276 -3488 -6588 -27802 -140 -2375 END
START 5128 -5572 -5624 -31966 248 -2679 END
START 4164 -8028 -2792 -32768 836 -3369 END
START 2736 -10140 -108 -32768 217 -4023 END
START 2368 -11720 3796 -32768 -236 -4026 END
START 1160 -12788 8884 -32768 360 -3510 END
START 864 -13044 13812 -32768 1584 -2512 END
START 1728 -13696 23140 -32768 3907 -2931 END
START 1092 -14132 32767 -32768 3605 -4616 END
START -600 -13868 32767 -32768 -125 -5752 END
START 216 -12532 32767 -31229 -3309 -5324 END
START 3372 -11916 32767 -26366 -947 -3681 END
START 4180 -12292 32767 -21063 1966 -2375 END
START 6036 -12164 32767 -14371 123 -1882 END
START 7876 -11080 32767 -7572 -733 -2467 END
START 9732 -9400 32767 -352 -146 -2871 END
START 11088 -7900 32767 4909 2963 -3543 END
START 11580 -6728 32767 8626 5489 -3689 END
START 16024 -5408 32767 10917 8274 -5048 END
START 20692 -4384 29312 12322 10204 -8052 END
START 23068 -2912 26320 14162 8937 -13437 END
START 23840 -2576 25100 16994 6853 -19758 END
START 22128 -3684 25516 19719 5742 -24948 END
START 19608 -5808 29472 23203 7114 -29380 END
START 15004 -7892 31208 25862 8137 -32663 END
START 8204 -9924 32767 27525 4686 -32768 END
START 3924 -12740 32767 28558 2541 -31644 END
START 904 -17336 32767 32767 711 -29286 END
START -752 -19616 32767 32767 3313 -25640 END
START 1032 -18976 32767 32767 10739 -22942 END
START -308 -16444 14960 32767 12667 -22827 END