START 10120 6240 -6480 6821 -3282 4815 END
START 14020 1912 -8972 4643 -1582 3369 END
START 12248 1696 -5808 2976 -3055 2014 END
START 10856 2120 -6612 784 -2250 -88 END
START 7836 1436 -6424 -2217 -1555 -778 END
START 6624 1444 -6788 -5020 -1789 -250 END
START 7408 1272 -7496 -7890 -2217 427 END
START 9728 1536 -8132 -11054 -1397 668 END
START 9856 1368 -8092 -14346 1640 -59 END
START 9388 632 -7448 -17642 4324 -1586 END
START 8668 -288 -7308 -20530 5344 -3894 END
START 6652 -1652 -6744 -23356 3631 -5651 END
START 6448 -3144 -4860 -26391 1168 -6505 END
START 6044 -5068 -2040 -29359 1527 -6798 END
START 4940 -6456 216 -32210 3707 -6499 END
START 3968 -7700 2672 -32768 5221 -5790 END
START 3316 -8280 6628 -32768 6952 -5088 END
START 2736 -7816 12008 -32768 6657 -4972 END
START 2516 -6824 16608 -32768 4645 -5555 END
START 2364 -5856 22392 -32768 3061 -6438 END
START 2492 -5432 28736 -32768 2722 -7452 END
START 2236 -5452 32767 -32768 4056 -8197 END
START 724 -5472 32767 -30653 5755 -8099 END
START -1400 -5484 32767 -24956 5071 -6135 END
START -712 -4888 32767 -18373 3077 -3291 END
START 2424 -3928 32767 -12482 2573 -951 END
START 5576 -2584 32767 -7876 2865 284 END
START 9216 -784 32767 -4446 4302 4 END
START 10460 44 32767 -1481 5429 -1100 END
START 10844 136 32767 1612 4837 -1819 END
START 12456 656 32767 4576 3668 -2352 END
START 16480 1572 32767 7406 2237 -4280 END
START 18328 1376 32767 9721 543 -7568 END
START 20020 992 32767 12128 -354 -11652 END
START 20888 568 30772 13583 -409 -15800 END
START 22708 -324 29904 14588 1199 -19606 END
START 21592 -1308 28368 16286 3126 -24217 END
START 18188 -2772 26396 17821 1482 -27117 END
START 22188 -2188 27540 19236 -2651 -31043 END
START 25296 -3888 28296 22233 -6286 -32768 END
START 23044 -8668 26268 25521 -7571 -32768 END
START 15008 -15052 17424 25630 939 -32768 END
START -1784 -20248 12424 23947 7432 -32768 END
START -18660 -20236 10396 24825 5001 -32768 END
START -25784 -17288 5012 25152 2034 -32768 END