START 17072 17676 -6128 -4443 4191 -4219 END
START 8556 3556 -6528 -7066 1703 -8815 END
START 11280 3420 -8992 -11321 145 -12111 END
START 4992 1256 -6200 -13907 -1363 -14139 END
START 4216 -8 -9392 -17210 -2150 -12211 END
START 3688 -1432 -10524 -21482 -3719 -10532 END
START 3184 -3584 -9876 -26009 -5336 -9572 END
START 3752 -5432 -9116 -30422 -6809 -8731 END
START 4260 -8180 -6844 -32768 -8436 -8315 END
START 5620 -10376 -3496 -32768 -9046 -8607 END
START 6024 -13124 -588 -32768 -8459 -9991 END
START 5960 -16032 3520 -32768 -10140 -10567 END
START 9108 -17336 7364 -32768 -9018 -11219 END
START 8692 -19348 8748 -32768 -5614 -13538 END
START 7356 -21960 14108 -32768 -4872 -15696 END
START 4544 -22424 21496 -32768 -3964 -16870 END
START -1704 -22384 31020 -32768 -4383 -18005 END
START -6776 -21728 32767 -32768 -4441 -16607 END
START -10188 -20628 32767 -32768 -2551 -13961 END
START -16368 -18156 32767 -32768 -3739 -8394 END
START -12996 -14104 32767 -23515 -6790 -1857 END
START -6148 -9148 32767 -13763 -5434 -79 END
START -2232 -6276 32767 -7402 -3143 -242 END
START 1588 -4364 32767 -3667 1741 -941 END
START 2252 -3332 32767 -449 6579 -1888 END
START 620 -3664 32767 4762 7181 -1615 END
START 1928 -4032 32767 10043 5773 -722 END
START 6480 -4328 30008 13276 3950 -1651 END
START 10204 -4044 22492 13530 2793 -4714 END
START 13212 -4592 19384 11659 1330 -7799 END
START 19432 -6492 18816 9270 3821 -10645 END
START 19656 -4520 22144 7139 8067 -13312 END
START 25848 -4092 26996 5398 14206 -17325 END
START 25536 -4892 31400 5205 21304 -22267 END
START 20512 -8200 32767 7056 24576 -27153 END
START 8464 -12752 32767 14514 18628 -29275 END
START 3236 -18772 32767 27645 8273 -29168 END
START -1056 -22836 32767 32767 3532 -26987 END
START -1484 -23864 32767 32767 2672 -24175 END
START -572 -23772 27236 32767 4060 -22375 END
START -3040 -22792 15296 32767 4258 -20376 END
START -7120 -20056 7676 32767 -881 -17068 END
START -7968 -16796 2172 32767 -4343 -14361 END
START -10648 -14220 -1320 32767 -8389 -11638 END