START 23792 3980 -17784 27921 10784 7143 END
START 9324 -2600 -17484 21111 5387 5910 END
START 7748 -2472 -17444 15268 1327 5652 END
START 6592 -2848 -15576 10980 -3096 6173 END
START 9140 -2000 -15484 7750 -5392 5077 END
START 7972 -2028 -15892 3979 -4634 2863 END
START 4988 -2684 -15988 -213 -5142 2820 END
START 4588 -3036 -16848 -5437 -4917 3917 END
START 3772 -3184 -15812 -10875 -3275 5633 END
START 4804 -3232 -15452 -16427 -548 7063 END
START 5616 -3492 -14564 -22435 3756 7803 END
START 6220 -4120 -12852 -28062 7966 7276 END
START 6724 -4644 -10836 -32526 10368 5639 END
START 7428 -5476 -10120 -32768 11805 2437 END
START 6812 -7452 -8896 -32768 12859 -1571 END
START 4016 -10684 -7324 -32768 12609 -4325 END
START 1184 -13612 -4312 -32768 11521 -4974 END
START 204 -14924 2492 -32768 12754 -4139 END
START 1636 -18328 17712 -32768 14225 -4833 END
START 1032 -18176 32767 -32768 10819 -8270 END
START 828 -19268 32767 -32768 5581 -13214 END
START -3480 -19436 32767 -32768 460 -14187 END
START -6064 -18632 32767 -32768 -162 -8145 END
START -996 -16004 32767 -32388 8695 -979 END
START 5616 -13728 32767 -28410 20455 2380 END
START 5948 -11988 32767 -21420 23721 -1201 END
START 3740 -10976 32767 -10069 11068 -4511 END
START 5600 -9192 32767 97 1303 -6401 END
START 5960 -7612 32767 6105 1378 -5999 END
START 6752 -7376 32767 10066 5355 -3656 END
START 9176 -7412 32767 14662 8857 -1971 END
START 13504 -8648 32767 18817 12250 -4917 END
START 11284 -12688 32767 22189 14639 -10411 END
START 4508 -19296 32767 29726 10266 -14384 END
START 940 -26556 32767 32767 6432 -15485 END
START -1640 -31708 32767 32767 6875 -13241 END
START 660 -30372 28456 32767 6021 -9639 END
START 9616 -26380 11884 32767 1437 -13814 END
START 13072 -23560 1860 32767 -2768 -21875 END