START 9196 12264 -6264 9243 1636 4583 END
START 10768 2276 -10460 7803 -1990 3369 END
START 7036 2340 -10000 4603 -2001 2270 END
START 4436 1448 -9088 1053 -1271 1894 END
START 308 1728 -6768 -1746 -1262 1770 END
START 2300 1380 -8608 -4745 -327 1805 END
START 2448 1476 -9784 -8494 -560 2321 END
START 4128 1736 -9628 -12024 -964 2772 END
START 4856 1180 -8376 -15163 -576 2680 END
START 5488 712 -8624 -18474 286 2159 END
START 5856 -312 -7720 -21875 1254 701 END
START 4908 -1724 -7584 -25198 1056 -825 END
START 4704 -3384 -4828 -28323 -796 -1013 END
START 5344 -5148 -2460 -31201 -881 -1618 END
START 4364 -7872 100 -32768 390 -1784 END
START 2420 -10792 3268 -32768 148 -1814 END
START 760 -13308 9096 -32768 -2839 -1339 END
START -608 -14000 15428 -32768 -5005 598 END
START 3908 -13048 19716 -32768 -3100 2062 END
START 4188 -13460 24268 -32768 387 334 END
START 980 -15440 31124 -32768 -1600 -1221 END
START -2768 -16812 32767 -32768 -9478 -1358 END
START 2940 -16392 32767 -29930 -9069 1385 END
START 4884 -14812 32767 -28698 1140 3408 END
START 7952 -12660 32767 -25433 7197 4701 END
START 9552 -10044 32767 -19898 9039 3444 END
START 10324 -6860 32767 -13392 7751 2202 END
START 12868 -4024 32767 -7960 7740 486 END
START 14048 -1904 32767 -4184 8949 -576 END
START 16044 -652 32767 -848 9685 -2353 END
START 16404 -780 32767 2299 9494 -4878 END
START 17208 -1752 32767 5861 8625 -7673 END
START 15688 -3540 32767 9544 7933 -10493 END
START 13972 -5408 32767 14241 6366 -11832 END
START 13620 -6112 32767 18647 5399 -12094 END
START 14800 -7104 32767 21427 6793 -12356 END
START 13888 -8428 31536 24405 6161 -13155 END
START 11708 -10344 29936 28692 2433 -14171 END
START 7760 -12344 27184 32767 -3416 -14966 END
START 3520 -14332 23852 32767 -10193 -14447 END
START 3400 -13944 19700 32767 -15485 -15382 END
START 3400 -12512 15328 32767 -12236 -17125 END
START 3540 -10128 11364 27470 -2862 -17672 END
START 3004 -8520 8816 22252 5106 -18559 END
START 3432 -7236 7032 19896 8080 -20844 END
START 1240 -6672 5236 19339 7495 -24898 END
START -5248 -6920 3764 20368 4062 -26535 END