START 15556 7696 -1028 1951 3983 8347 END
START 19084 2612 -15400 3144 3948 7439 END
START 16344 9456 -1828 491 4376 6916 END
START 14440 7532 -1420 1571 4575 5949 END
START 14584 7656 -1872 183 3867 5157 END
START 14900 7892 -1980 -87 3195 4474 END
START 14480 7904 -1848 -782 2613 3959 END
START 14712 7792 -1992 -1124 2097 3456 END
START 14448 7612 -1520 -1404 1680 3030 END
START 13984 7564 -812 -1520 1264 2539 END
START 14020 7384 -500 -1592 783 2092 END
START 14232 7344 -916 -1604 344 1633 END
START 14492 7532 -1400 -1661 42 1183 END
START 13924 7480 -904 -1728 -318 776 END
START 13440 7424 -1240 -1864 -752 439 END
START 13140 7544 -1568 -2063 -1121 129 END
START 12824 7624 -1992 -2338 -1454 -110 END
START 12460 7816 -2268 -2620 -1783 -286 END
START 12280 8028 -2488 -2959 -2089 -441 END
START 12288 8168 -2592 -3381 -2357 -552 END
START 12340 8204 -2832 -3790 -2535 -619 END
START 12536 8128 -2768 -4208 -2677 -717 END
START 12876 8020 -2760 -4601 -2687 -887 END
START 13324 7960 -2936 -4971 -2629 -1074 END
START 13768 7748 -2924 -5364 -2426 -1360 END
START 14232 7748 -3004 -5769 -2046 -1713 END
START 14416 7848 -3124 -6124 -1650 -2122 END
START 14264 7708 -3268 -6517 -1242 -2541 END
START 14392 7772 -3420 -6936 -903 -2895 END
START 14132 7912 -3692 -7411 -662 -3312 END
START 13924 7916 -4064 -7986 -461 -3753 END
START 13912 8084 -4152 -8605 -326 -4148 END
START 13612 7984 -4332 -9298 -317 -4586 END
START 13292 7904 -4300 -9998 -339 -4974 END
START 13016 7640 -4104 -10675 -422 -5324 END
START 12732 7336 -3984 -11288 -477 -5651 END
START 12368 7136 -3548 -11881 -574 -5908 END
START 12028 6780 -3248 -12352 -674 -6170 END
START 11512 6708 -2764 -12761 -753 -6386 END
START 11144 6448 -2516 -13126 -840 -6593 END
START 10508 6312 -2220 -13467 -935 -6753 END
START 9960 6080 -1820 -13760 -1042 -6869 END
START 9624 5852 -1656 -14049 -1112 -6980 END
START 9216 5624 -1556 -14277 -1169 -7007 END
START 8676 5332 -1368 -14557 -1399 -7016 END
START 8376 5128 -1376 -14757 -1578 -7051 END
START 7952 4880 -1392 -14902 -1684 -7073 END
START 7676 4688 -1408 -15291 -1832 -7094 END
START 7196 4480 -1596 -15571 -1901 -7034 END
START 6676 4216 -1800 -15944 -2001 -6974 END
START 6352 4020 -1948 -16346 -2065 -6944 END
START 6016 3668 -1924 -16801 -2083 -6857 END
START 5608 3332 -2112 -17273 -2144 -6755 END
START 5104 2952 -2240 -17690 -2257 -6648 END
START 4528 2800 -2252 -18172 -2403 -6488 END
START 3968 2636 -2516 -18720 -2469 -6288 END
START 3508 2552 -2672 -19352 -2517 -5997 END
START 2928 2300 -2724 -19995 -2554 -5679 END
START 2456 2260 -2496 -20637 -2570 -5339 END
START 2004 2108 -2568 -21312 -2623 -4916 END
START 1420 1956 -2296 -21989 -2619 -4441 END
START 1020 1940 -1980 -22669 -2652 -3949 END
START 648 1944 -1828 -23290 -2590 -3364 END
START 196 2012 -1556 -23936 -2477 -2786 END
START -44 1972 -1508 -24532 -2206 -2147 END
START -224 1968 -1296 -25137 -1929 -1490 END
START -484 1904 -956 -25696 -1661 -844 END
START -960 1836 -684 -26299 -1438 -151 END
START -1236 1924 -132 -26851 -1245 570 END
START -1328 2080 160 -27419 -1052 1324 END
START -1324 2136 236 -27989 -905 2064 END
START -1176 2224 576 -28597 -733 2814 END
START -1024 2372 1396 -29141 -623 3488 END
START -460 2400 1980 -29681 -529 4100 END
START -236 2156 2740 -30089 -556 4657 END
START 164 2020 3448 -30481 -690 5100 END
START 552 1956 4276 -30756 -861 5458 END
START 1284 2152 4932 -31064 -968 5804 END
START 1980 2348 5700 -31337 -1181 6206 END
START 2984 2408 6652 -31531 -1259 6520 END
START 4180 2756 7584 -31715 -1229 6760 END
START 5752 3024 8596 -31782 -1034 6808 END
START 7220 3324 9692 -31840 -733 6642 END
START 8512 3508 10956 -31835 -345 6282 END
START 9456 3716 11660 -31772 93 5749 END
START 10276 3884 12784 -31635 511 5010 END
START 10860 4104 13828 -31454 885 4182 END
START 11080 4388 15228 -31220 1034 3319 END
START 11132 4712 16052 -31017 1136 2396 END
START 11036 5112 16888 -30829 1117 1516 END
START 10856 5520 17916 -30638 1060 638 END
START 10564 5820 18608 -30429 810 -190 END
START 10264 6000 19676 -30236 581 -967 END
START 9716 6076 20848 -30014 371 -1681 END
START 9220 6040 21764 -29679 86 -2343 END
START 8648 5816 22788 -29357 -223 -2933 END
START 8296 5948 23772 -28978 -580 -3476 END
START 7608 6048 24908 -28532 -903 -3962 END
START 6864 6052 26048 -28123 -1273 -4355 END
START 6128 6228 27128 -27752 -1674 -4629 END
START 5348 6228 28080 -27375 -2042 -4778 END
START 4644 6324 29432 -26928 -2511 -4860 END
START 3876 6208 30268 -26521 -2685 -4845 END
START 3580 5684 31648 -26092 -2703 -4744 END
START 3008 5852 32767 -25349 -2685 -4496 END
START 2540 6032 32767 -24545 -2533 -4107 END
START 1832 6200 32767 -23675 -2431 -3605 END
START 1748 6360 32767 -22635 -2034 -3079 END
START 1688 6176 32767 -21676 -1529 -2591 END
START 1808 6080 32767 -20720 -962 -2142 END
START 1768 6060 32767 -19813 -411 -1623 END
START 1884 6040 32767 -18908 127 -1128 END
START 2076 6036 32767 -18119 607 -656 END
START 2412 6120 32767 -17271 1065 -194 END
START 2988 6468 32767 -16437 1488 179 END
START 3784 6660 32767 -15572 1922 436 END
START 4372 6876 32767 -14605 2291 573 END
START 5048 6904 32767 -13668 2602 608 END
START 5636 7020 32767 -12655 2707 505 END
START 6176 7204 32767 -11562 2739 281 END
START 6568 7508 32767 -10438 2601 16 END
START 6820 7648 32767 -9378 2322 -309 END
START 7120 7744 32767 -8287 1986 -675 END
START 7088 7860 32767 -7188 1579 -1066 END
START 7156 7872 32767 -6128 1104 -1457 END
START 7108 7944 32767 -5160 622 -1771 END
START 6940 8168 32767 -4256 116 -2069 END
START 6700 8352 32767 -3429 -278 -2314 END
START 6464 8340 32767 -2678 -645 -2501 END
START 6320 8520 32767 -2029 -1011 -2609 END
START 6216 8696 32767 -1427 -1311 -2673 END
START 6184 8772 32767 -837 -1558 -2666 END
START 6152 8700 32767 -287 -1723 -2644 END
START 6396 8844 32767 267 -1702 -2534 END
START 6576 8812 32767 746 -1604 -2422 END
START 6736 8880 32767 1283 -1447 -2275 END
START 6808 8936 32767 1808 -1242 -2170 END
START 7224 8988 32767 2354 -1073 -2086 END
START 7684 8904 32767 3013 -863 -2018 END
START 8076 8820 32767 3677 -686 -2029 END
START 8596 8704 32767 4376 -486 -2107 END
START 8920 8740 32767 5073 -347 -2204 END
START 9240 8784 32767 5824 -197 -2355 END
START 9612 8756 32767 6551 -116 -2549 END
START 10008 8656 32668 7230 -12 -2776 END
START 10076 8680 32200 7851 52 -2995 END
START 10480 8672 31532 8461 101 -3253 END
START 10528 8664 31028 9016 100 -3508 END
START 10932 8652 30684 9544 138 -3787 END
START 11376 8736 30076 10039 138 -4127 END
START 11996 8528 29716 10573 145 -4521 END
START 12756 8448 29040 11058 140 -5033 END
START 13700 8424 28668 11489 120 -5618 END
START 14524 8420 28412 11966 104 -6306 END
START 15312 8372 28164 12418 46 -7181 END
START 15916 8188 27828 12854 -125 -8126 END
START 16436 7940 27836 13332 -308 -9145 END
START 16540 7708 27508 13731 -593 -10232 END
START 16388 7656 27432 14215 -923 -11262 END
START 16144 7620 27512 14775 -1329 -12226 END
START 15708 7532 27300 15421 -1768 -13150 END
START 15280 7452 27076 16074 -2110 -13989 END
START 14752 7032 26864 16767 -2422 -14668 END
START 14172 6816 26676 17510 -2765 -15296 END
START 13704 6548 26344 18347 -3163 -15857 END
START 13384 6364 26204 19062 -3628 -16348 END
START 13448 6360 25452 19809 -4120 -16822 END
START 13556 6312 24716 20449 -4563 -17348 END
START 13900 6252 24088 20926 -4827 -17849 END
START 14728 6232 23028 21389 -5029 -18452 END
START 15860 6172 22184 21717 -5008 -19159 END
START 17212 6172 21484 21991 -4869 -20010 END
START 18748 5920 20352 22236 -4515 -21114 END
START 19332 5880 19940 22402 -4129 -22424 END
START 19260 5676 19668 22559 -3847 -23869 END
START 18560 5432 19216 22689 -3891 -25281 END
START 17688 5032 18928 22799 -4170 -26585 END
START 16592 4664 18400 22944 -4619 -27766 END
START 15308 4288 18072 23088 -5130 -28807 END
START 14004 4072 17496 23262 -5663 -29627 END
START 12396 4024 17316 23492 -6289 -30338 END
START 10824 3940 16976 23698 -7056 -30888 END
START 9200 3740 17184 23954 -8031 -31217 END
START 7352 3372 17032 24240 -9211 -31441 END
START 6572 3048 17052 24616 -10353 -31550 END
START 5872 2896 17112 25024 -11469 -31668 END
START 5376 2740 16888 25531 -12451 -31698 END
START 5048 2472 17008 26094 -13420 -31813 END
START 4932 2216 16832 26686 -14378 -31947 END
START 5036 2088 16368 27290 -15323 -32138 END
START 5160 1736 15772 27869 -16126 -32400 END
START 5724 1620 14712 28357 -16903 -32768 END
START 6068 1452 13932 28684 -17628 -32768 END
START 6260 1348 12924 28870 -18278 -32768 END
START 6444 1244 12012 28893 -18888 -32768 END
START 6420 1272 11008 28763 -19481 -32768 END
START 6120 1364 9900 28505 -20021 -32768 END
START 5524 1320 9028 28112 -20510 -32768 END
START 4992 1076 8140 27673 -20934 -32768 END
START 4180 1112 7500 27086 -21379 -32768 END
START 3632 1136 6836 26521 -21736 -32768 END
START 2600 1524 6292 25889 -22112 -32768 END