START 24680 7704 -12456 5916 4898 186 END
START 10328 1788 -8264 2618 1102 -2192 END
START 7392 140 -5304 -16 -1880 -2930 END
START 3228 -396 -3544 -1984 -2703 -2742 END
START 4604 -444 -3600 -3978 -3917 -2400 END
START 5952 -984 -5884 -6150 -2115 -1730 END
START 4424 -1000 -7684 -9600 -585 -540 END
START 3860 -1636 -7392 -13032 430 443 END
START 3788 -2136 -7016 -16482 1326 367 END
START 2624 -3588 -6880 -19885 1573 255 END
START 2464 -4676 -5396 -23486 308 588 END
START 3800 -5752 -2900 -26266 -712 792 END
START 5692 -7292 1412 -27980 -1787 -377 END
START 6156 -8656 5172 -29086 -3314 -2847 END
START 3336 -9596 7936 -31239 -3585 -4602 END
START -2508 -10316 13084 -32768 -2265 -4039 END
START -8672 -10508 21300 -32768 -3149 1908 END
START -5560 -7644 27744 -32768 -1534 10276 END
START 4844 -5080 32767 -32768 4775 14313 END
START 14712 -3152 32767 -32768 9708 12555 END
START 19740 -1996 32767 -31520 10670 5967 END
START 18852 -2004 32767 -26396 7432 -164 END
START 17860 -1904 32767 -20746 5545 -2850 END
START 19324 -828 32767 -16421 8469 -3452 END
START 22664 -348 32767 -13749 13120 -6146 END
START 24428 -292 32767 -10855 14883 -12071 END
START 20368 -2344 32767 -6800 14075 -18374 END
START 15816 -3652 32767 -1264 10502 -21700 END
START 13320 -4236 32767 4784 7731 -22107 END
START 17032 -4324 32767 9086 7787 -23208 END
START 17784 -4536 32767 12623 9841 -25526 END
START 19404 -4492 32767 15867 12683 -28372 END
START 17140 -6912 32767 20467 13870 -29689 END
START 15516 -9776 32767 28694 10711 -30344 END
START 14092 -14032 32767 32767 6641 -31286 END
START 12264 -17868 32767 32767 3045 -32768 END
START 9008 -20260 22620 32767 539 -32768 END
START 3604 -19500 8760 32767 3839 -32768 END
START -4964 -19264 1672 32523 12510 -32768 END
START -14648 -18132 -352 24744 15613 -26982 END
START -17928 -17352 -2320 20932 12727 -19012 END