START 1968 12416 2196 -5536 60 1064 END
START 3580 7004 -9768 -3828 231 1238 END
START 1144 16160 6648 -5892 697 1561 END
START 2192 11240 -2960 -4159 809 1620 END
START 1076 12784 1540 -5030 560 1749 END
START -4 12316 2484 -4720 406 1940 END
START 700 12092 1464 -5059 151 2166 END
START 1348 11676 244 -5114 167 2353 END
START 1380 11204 -180 -5222 520 2608 END
START 692 11032 432 -5319 591 2853 END
START 608 10716 488 -5385 498 3098 END
START 648 10468 184 -5472 573 3406 END
START 964 9896 -240 -5486 624 3675 END
START 1400 10156 -776 -5755 549 3938 END
START 1616 10060 -1756 -5819 688 4261 END
START 1832 10156 -1688 -5855 771 4597 END
START 2192 9748 -2728 -6357 723 4860 END
START 2572 8596 -3268 -6691 773 4976 END
START 2992 7960 -3288 -6859 462 4908 END
START 3248 8352 -3308 -7252 -101 4778 END
START 3604 8836 -3712 -7996 -829 4651 END
START 4216 8804 -4780 -9032 -1369 4506 END
START 4916 8288 -5748 -10356 -1650 4394 END
START 5508 7520 -6752 -11842 -1638 4193 END
START 6284 6724 -6840 -13161 -1495 3998 END
START 7008 6164 -6952 -14341 -1214 3778 END
START 7468 5628 -6780 -15301 -952 3508 END
START 7940 4728 -6908 -16141 -567 3178 END
START 8096 4100 -6532 -16792 -323 2854 END
START 8252 3400 -6460 -17142 -140 2574 END
START 8476 2512 -6456 -17583 -15 2332 END
START 8404 2036 -6776 -18021 209 2105 END
START 8096 1684 -7140 -18552 412 1956 END
START 7748 1256 -7504 -19149 563 1909 END
START 7508 972 -7796 -19799 696 1841 END
START 7340 784 -7976 -20596 819 1790 END
START 6992 264 -8440 -21418 892 1774 END
START 6652 -84 -8196 -22357 899 1689 END
START 6512 -768 -8000 -23304 901 1611 END
START 6384 -868 -7960 -24159 960 1577 END
START 6028 -1308 -7856 -25166 1042 1470 END
START 5740 -1764 -7344 -26083 1135 1403 END
START 5344 -2464 -7140 -26917 1150 1340 END
START 4908 -2652 -6388 -27895 1115 1293 END
START 4544 -3316 -6248 -28557 1268 1396 END
START 3708 -3756 -4748 -29088 959 1522 END
START 3468 -3952 -4136 -29643 502 1629 END
START 3296 -3872 -3288 -30264 -270 1727 END
START 3788 -3972 -2816 -30785 -1120 1865 END
START 4136 -4232 -1928 -31307 -1883 1954 END
START 4568 -4332 -1152 -31729 -2524 2025 END
START 5116 -4588 -144 -32095 -3127 2032 END
START 5720 -4768 420 -32373 -3515 2056 END
START 6432 -5108 1588 -32499 -3759 2034 END
START 6664 -5192 2032 -32493 -3834 2017 END
START 7236 -5220 2616 -32380 -3728 1988 END
START 7652 -5188 3232 -32262 -3598 1937 END
START 7856 -4988 3684 -32147 -3346 1837 END
START 8164 -4808 3756 -32037 -3029 1729 END
START 8304 -4780 3956 -32039 -2639 1560 END
START 8804 -4608 4236 -32161 -2230 1356 END
START 8920 -4456 4708 -32309 -1830 1115 END
START 9084 -4540 4732 -32538 -1435 882 END
START 8988 -4328 5236 -32762 -1161 629 END
START 9044 -3984 5764 -32768 -870 342 END
START 8852 -3576 6248 -32768 -782 53 END
START 8568 -3056 6876 -32768 -821 -196 END
START 8116 -2316 7776 -32768 -1013 -401 END
START 8112 -1744 8356 -32768 -1187 -613 END
START 8064 -1476 9116 -32768 -1411 -825 END
START 8140 -1008 9816 -32768 -1511 -1009 END
START 7892 -624 10468 -32768 -1707 -1223 END
START 7600 -292 11560 -32768 -2005 -1460 END
START 7472 196 12096 -32768 -2368 -1659 END
START 7176 892 12940 -32768 -2765 -1826 END
START 6860 1568 13660 -32693 -3055 -2012 END
START 6504 2116 14416 -32566 -3486 -2165 END
START 6392 2436 15284 -32478 -3829 -2337 END
START 6156 2944 16260 -32404 -4212 -2523 END
START 5816 3508 17656 -32288 -4664 -2762 END
START 5636 3724 19004 -32121 -5118 -2935 END
START 5636 3960 20588 -31855 -5560 -3103 END
START 5672 3992 21848 -31431 -5971 -3273 END
START 5652 4076 23180 -30957 -6239 -3454 END
START 5808 4208 24336 -30497 -6421 -3637 END
START 5848 4500 25928 -29890 -6589 -3864 END
START 5956 4556 26832 -29233 -6533 -4160 END
START 6176 4804 28060 -28626 -6296 -4486 END
START 6000 4808 29260 -27962 -6138 -4815 END
START 5812 4820 30516 -27234 -6131 -5183 END
START 5580 4676 31688 -26521 -6216 -5582 END
START 5268 4564 32724 -25751 -6449 -5932 END
START 4932 4420 32767 -24972 -6736 -6304 END
START 4940 4404 32767 -24268 -6905 -6572 END
START 4748 4472 32767 -23595 -6930 -6787 END
START 4428 4436 32767 -22943 -6964 -6915 END
START 4308 4372 32767 -22314 -6843 -7035 END
START 4180 4460 32767 -21733 -6580 -7042 END
START 3852 4324 32767 -21057 -6316 -7013 END
START 3504 4444 32767 -20315 -5980 -6924 END
START 2972 4548 32767 -19540 -5655 -6731 END
START 2440 4528 32767 -18639 -5285 -6531 END
START 2000 4748 32767 -17679 -5066 -6253 END
START 1216 4968 32767 -16674 -5009 -5896 END
START 712 5208 32767 -15661 -4962 -5449 END
START 28 5448 32767 -14504 -4905 -4903 END
START -208 5616 32767 -13624 -4758 -4266 END
START -332 6056 32767 -12585 -4528 -3553 END
START -220 6428 32767 -11617 -4167 -2745 END
START 104 6812 32767 -10651 -3655 -2014 END
START 780 6884 32767 -9829 -3075 -1339 END
START 1448 6956 32767 -9029 -2330 -777 END
START 1928 7128 32767 -8287 -1660 -255 END
START 2364 7320 32767 -7584 -1024 256 END
START 2768 7348 32767 -6926 -486 708 END
START 3156 7972 32767 -6275 3 1250 END
START 3820 7508 32767 -5592 426 1543 END
START 4612 7852 32767 -4973 623 1807 END
START 4996 8292 32767 -4310 908 2123 END
START 5696 8668 32767 -3640 1159 2402 END
START 7004 8532 32767 -2954 1402 2613 END
START 7892 8520 32767 -2289 1549 2663 END
START 9284 8524 32767 -1671 1727 2606 END
START 10780 8744 32767 -1116 1867 2325 END
START 11964 9228 32767 -689 1898 1878 END
START 13280 9496 32767 -411 1935 1318 END
START 14448 9496 32767 -182 1891 606 END
START 15708 9564 32176 -29 1893 -222 END
START 16436 9624 31552 14 1878 -1064 END
START 16676 9960 31224 99 1800 -1968 END
START 16544 10348 31252 189 1716 -2778 END
START 16316 10224 30604 457 1682 -3559 END
START 16008 10428 30584 522 1436 -4315 END
START 15512 10380 30644 730 1318 -4945 END
START 14724 10460 30704 1105 1119 -5454 END
START 14232 10500 31032 1524 882 -5871 END
START 13812 10652 31288 2009 730 -6159 END
START 13804 10584 31272 2525 634 -6407 END
START 13720 10556 31380 3025 577 -6604 END
START 14072 10560 31480 3497 648 -6761 END
START 14488 10484 31376 3936 889 -6958 END
START 15236 10512 31260 4298 1210 -7120 END
START 16176 10364 31220 4650 1666 -7382 END
START 16996 10144 31264 4959 2241 -7733 END
START 17716 9988 31456 5276 2842 -8137 END
START 18236 9820 31656 5672 3409 -8666 END
START 18372 9852 31716 6043 3929 -9189 END
START 18424 9832 31844 6439 4376 -9755 END
START 18380 9576 32168 6847 4759 -10346 END
START 18472 9344 32244 7294 5083 -10880 END
START 18232 9168 32564 7765 5341 -11458 END
START 18264 8980 32767 8299 5571 -11999 END
START 18296 9040 32767 8763 5824 -12461 END
START 18236 8196 32767 9258 6164 -13054 END
START 18280 7328 32767 9975 6219 -13829 END
START 18100 6932 32767 11022 5992 -14619 END
START 17348 6948 32767 12179 5523 -15350 END
START 16588 6724 32767 13486 4860 -16083 END
START 15860 6312 32767 14728 4108 -16785 END
START 15264 5576 32767 15961 3388 -17399 END
START 14536 4968 32767 17257 2738 -17973 END
START 13500 4552 32767 18685 2068 -18508 END
START 12740 4160 32767 20165 1420 -18991 END
START 11824 3716 32767 21712 696 -19370 END
START 10984 3468 32767 23378 -75 -19708 END
START 10012 3276 32767 24924 -848 -19955 END
START 9120 3100 32767 26396 -1646 -20132 END
START 8240 3052 32767 27755 -2446 -20285 END
START 7368 2860 32767 29071 -3265 -20433 END
START 6764 2692 32736 30208 -4072 -20475 END
START 6244 2564 31228 31081 -4792 -20528 END
START 6016 2496 29540 31773 -5286 -20630 END
START 5640 2572 28012 32261 -5656 -20826 END
START 5404 2332 26360 32534 -5816 -21017 END
START 5220 2004 24632 32619 -5727 -21210 END
START 5024 1696 22564 32383 -5265 -21302 END
START 4516 1644 20988 31913 -4524 -21246 END
START 3776 1432 19460 31339 -3682 -21094 END
START 2876 1516 17932 30636 -2630 -20908 END
START 2176 1588 16704 29889 -1615 -20733 END
START 1628 1568 15956 29150 -787 -20609 END
START 1200 1408 15168 28386 -230 -20499 END
START 624 1224 14824 27659 28 -20421 END
START 348 1056 14088 26928 53 -20353 END
START 204 852 13368 26223 74 -20271 END
START 180 736 12328 25525 53 -20234 END
START 156 776 11796 24791 120 -20112 END
START 228 684 11304 24054 231 -20078 END
START 212 676 11136 23348 369 -20053 END
START 184 464 11144 22754 474 -20073 END
START 20 32 11112 22325 549 -20125 END
START -276 -500 11212 22069 544 -20131 END
START -664 -916 11204 21946 578 -20108 END
START -1496 -1520 10740 21941 667 -20050 END
START -2240 -1864 10288 21889 840 -19874 END
START -3316 -1912 9832 21868 1058 -19667 END
START -4524 -1960 9308 21811 1169 -19414 END
START -5648 -2104 8820 21827 1150 -19094 END
START -6840 -2328 8660 21903 854 -18754 END
START -7452 -2408 8072 22057 311 -18386 END
START -7884 -2708 7376 22146 -349 -18103 END