START 9624 4048 -9596 7706 3474 -4418 END
START 6124 576 -9392 3657 -1653 -5259 END
START 3772 -1640 -5680 1264 -2653 -5225 END
START 1812 -1368 -5484 -304 -3016 -3965 END
START 416 -1992 -5472 -2529 -2253 -2185 END
START 60 -1900 -7868 -5963 -1110 532 END
START 1580 -1816 -9556 -10663 768 2431 END
START 600 -2256 -9780 -15779 2349 3732 END
START -940 -3332 -8408 -20634 2310 5055 END
START 128 -4184 -6320 -24314 2597 6011 END
START 572 -4988 -5740 -27715 3517 6145 END
START 260 -6264 -5024 -32204 4472 6406 END
START -960 -7496 -1248 -32768 4404 7329 END
START 924 -7716 3464 -32768 2476 8573 END
START 3968 -7516 8372 -32768 1938 8616 END
START 6316 -7380 14952 -32768 2769 7944 END
START 7152 -7444 22856 -32768 4153 6708 END
START 6408 -8368 32264 -32768 3697 5631 END
START 7084 -8612 32767 -32768 2352 6237 END
START 9300 -8032 32767 -32768 1987 7311 END
START 15376 -5232 32767 -27124 3333 6027 END
START 14628 -4228 32767 -21142 3441 3281 END
START 16620 -3464 32767 -17362 4995 522 END
START 14824 -4196 32767 -13917 9613 -895 END
START 15308 -4560 32767 -10042 15889 -1712 END
START 12904 -5308 32767 -5990 20676 -2558 END
START 13252 -5332 32767 -2371 20742 -3953 END
START 14388 -5584 32767 2423 17407 -7574 END
START 14300 -6164 32767 6584 13127 -10844 END
START 17912 -6704 32767 10250 8921 -14426 END
START 22788 -6372 30692 13903 9429 -18177 END
START 22516 -5604 26624 16670 10619 -20875 END
START 25144 -5320 24664 17913 12079 -25129 END
START 26048 -6760 23160 19337 13747 -32486 END
START 20604 -9620 20704 21895 11130 -32768 END
START 12192 -13992 21192 26131 4372 -32768 END
START 3796 -19080 20700 32603 -1442 -32768 END
START -3564 -22156 12372 32767 1797 -32768 END