START 14044 6468 -12280 6255 2412 3973 END
START 14816 3340 -12960 998 -735 2695 END
START 11628 1396 -6828 -1534 -3307 1480 END
START 8884 1512 -5000 -2294 -4470 -123 END
START 7876 512 -5892 -3661 -3985 -1253 END
START 6680 -236 -7232 -6389 -2008 -1269 END
START 6364 -1216 -8712 -10281 2 -656 END
START 7360 -2088 -10272 -13761 1173 -128 END
START 7508 -2364 -9916 -17920 1296 -482 END
START 7552 -3012 -9036 -21451 1700 -2010 END
START 6228 -4676 -7244 -24344 1674 -3530 END
START 4960 -5840 -5472 -26927 1101 -3933 END
START 6124 -7676 -3476 -30126 2143 -4099 END
START 5328 -8460 -2020 -32768 5545 -3906 END
START 5632 -8904 1440 -32768 8492 -4879 END
START 4132 -9264 7236 -32768 7627 -6144 END
START 3124 -9572 13188 -32768 4409 -8184 END
START 616 -10592 19304 -32768 3113 -8848 END
START -1952 -11512 28556 -32768 2855 -7852 END
START -1436 -11732 32767 -32768 7052 -5283 END
START 3628 -9880 32767 -32768 14566 -3289 END
START 5140 -8456 32767 -30800 15725 -4650 END
START 5992 -6872 32767 -23760 10295 -6800 END
START 6056 -5672 32767 -17650 6743 -7930 END
START 5644 -4452 32767 -13120 6705 -7606 END
START 4828 -4064 32767 -8596 6698 -6072 END
START 5908 -3924 32767 -4616 8321 -4538 END
START 7744 -3512 32767 -590 10048 -4329 END
START 6804 -3916 32767 4184 7831 -4484 END
START 8436 -3388 32767 9296 3700 -4784 END
START 12076 -3060 32767 12726 2376 -6230 END
START 15136 -2848 32767 14761 2260 -7795 END
START 20492 -2184 32004 16606 2942 -11072 END
START 23716 -2124 29544 18363 3791 -16721 END
START 24480 -3356 28308 20636 4439 -22796 END
START 21044 -4996 25436 22899 5176 -28145 END
START 20672 -5684 21388 24732 4759 -32768 END
START 16612 -7860 18500 25397 3265 -32768 END
START 11544 -9268 15564 25881 703 -32768 END
START 6372 -10848 14352 26176 -2732 -32768 END
START 1540 -12348 12648 26688 -4582 -32768 END
START -1812 -13972 11956 25725 -5474 -32768 END
START -6216 -15392 11712 25131 -2352 -32768 END
START -10560 -13840 9616 24090 -1964 -32515 END
START -13372 -11668 8120 22802 -3713 -26510 END