START 13516 12140 -196 6757 3969 3209 END
START 15280 7544 -10484 8138 3517 2955 END
START 12940 15100 1580 5883 3658 2963 END
START 14656 12576 -5692 6819 4424 2644 END
START 14896 12236 -6144 5618 4001 2210 END
START 14016 12168 -5376 5006 3570 1871 END
START 13164 11800 -5996 3936 3237 1491 END
START 13096 11496 -6708 2915 2931 1155 END
START 13416 11316 -8068 1892 2663 835 END
START 13508 11204 -8652 851 2533 536 END
START 12940 11028 -8384 -232 2591 271 END
START 12432 10976 -8564 -1264 2691 31 END
START 12108 11008 -8900 -2385 2828 -175 END
START 11736 10748 -8712 -3501 2920 -360 END
START 11204 10300 -8572 -4552 3016 -533 END
START 10976 9808 -8264 -5498 3179 -708 END
START 10820 9524 -8072 -6402 3429 -823 END
START 10424 9344 -7556 -7205 3666 -902 END
START 10144 8956 -7188 -7963 3898 -965 END
START 9756 8520 -6672 -8582 4076 -975 END
START 9200 8052 -6448 -9137 4192 -985 END
START 9104 7808 -6468 -9592 4384 -1004 END
START 8572 7464 -6300 -10033 4605 -1010 END
START 8312 7268 -5892 -10458 4823 -1009 END
START 7724 6904 -5584 -10880 4839 -926 END
START 7404 6760 -5180 -11256 4909 -840 END
START 6944 6556 -4964 -11585 5019 -706 END
START 6732 6416 -4824 -11902 5040 -556 END
START 6380 6256 -4680 -12187 5054 -382 END
START 6084 6072 -4448 -12417 5013 -227 END
START 5992 5908 -4232 -12598 4995 -87 END
START 5964 5672 -4116 -12742 4902 61 END
START 5708 5388 -3840 -12870 4702 248 END
START 5644 5148 -4008 -13082 4509 442 END
START 5468 5208 -4064 -13262 4238 620 END
START 5644 5036 -4284 -13517 4015 820 END
START 5544 5092 -3968 -13825 3657 1023 END
START 5620 5180 -4076 -14037 3325 1301 END
START 5932 5064 -3940 -14179 2966 1502 END
START 6316 4856 -3464 -14388 2500 1669 END
START 6888 4692 -3524 -14329 2114 1680 END
START 7228 4600 -3336 -14624 1677 1592 END
START 7676 4492 -3212 -14678 1203 1410 END
START 7664 4564 -3136 -14733 624 1178 END
START 8096 4692 -3212 -14799 34 853 END
START 8128 4824 -3056 -15212 -570 506 END
START 8384 4764 -2948 -15406 -1249 76 END
START 8604 4632 -2904 -15712 -1891 -356 END
START 8560 4616 -2672 -15961 -2544 -796 END
START 8480 4616 -2648 -16242 -3150 -1223 END
START 8172 4528 -2580 -16478 -3722 -1612 END
START 7964 4648 -2620 -16722 -4122 -1895 END
START 7560 4944 -2320 -16971 -4452 -2154 END
START 7304 4964 -2316 -17222 -4689 -2271 END
START 7020 5296 -2296 -17493 -4828 -2360 END
START 6660 5424 -2184 -17763 -4940 -2355 END
START 6296 5564 -2024 -18036 -4956 -2301 END
START 5980 5768 -2024 -18322 -5002 -2225 END
START 5720 5856 -1704 -18575 -4983 -2068 END
START 5524 6252 -1460 -18872 -4973 -1935 END
START 5120 6492 -1284 -19148 -4961 -1726 END
START 4956 6776 -1068 -19371 -4926 -1500 END
START 4716 6984 -816 -19615 -4975 -1333 END
START 4644 7136 -664 -19801 -4969 -1117 END
START 4588 7368 -480 -20005 -5024 -966 END
START 4636 7540 4 -20156 -5098 -836 END
START 4604 7724 44 -20299 -5218 -716 END
START 4536 7964 176 -20431 -5361 -595 END
START 4460 8172 464 -20596 -5523 -552 END
START 4588 8368 568 -20741 -5665 -490 END
START 4652 8380 824 -20899 -5901 -411 END
START 4648 8376 720 -21063 -6079 -319 END
START 4828 8288 896 -21314 -6264 -172 END
START 4752 8416 1100 -21600 -6499 2 END
START 4952 8484 1064 -21988 -6747 161 END
START 5424 8692 1348 -22417 -7031 386 END
START 5784 8936 1836 -22944 -7391 564 END
START 6460 9132 2504 -23473 -7803 705 END
START 7192 8976 3460 -23983 -8199 756 END
START 8012 8952 4188 -24437 -8631 773 END
START 8748 8728 5064 -24826 -9015 693 END
START 9396 8572 6156 -25174 -9419 602 END
START 9888 8604 6992 -25467 -9753 418 END
START 10332 8424 7776 -25704 -10078 231 END
START 10684 8424 8536 -25980 -10380 -33 END
START 10920 8320 9252 -26280 -10650 -239 END
START 11308 7960 10028 -26628 -10818 -477 END
START 11564 7824 10788 -27049 -10929 -661 END
START 11660 7696 11596 -27592 -10893 -837 END
START 11664 7472 12324 -28175 -10644 -970 END
START 11668 7368 13376 -28859 -10295 -1052 END
START 11804 7168 14240 -29546 -9741 -1118 END
START 11724 6888 15456 -30264 -9088 -1148 END
START 11688 6248 16892 -30919 -8410 -1206 END
START 11372 5696 18036 -31465 -7613 -1193 END
START 10712 5236 20008 -31887 -7121 -1104 END
START 10400 4932 21520 -32080 -6579 -996 END
START 9320 4536 24600 -32043 -6123 -788 END
START 8916 4216 25428 -31838 -5736 -574 END
START 8640 4116 26892 -31383 -5112 -294 END
START 8124 3984 28456 -30795 -4672 -3 END
START 7588 3664 29840 -30072 -4259 296 END
START 7356 3292 31184 -29209 -3811 606 END
START 7192 3136 32492 -28217 -3468 905 END
START 7332 3192 32767 -27118 -2973 1186 END
START 7580 3364 32767 -25904 -2335 1453 END
START 7852 3264 32767 -24641 -1736 1644 END
START 8132 3364 32767 -23328 -1150 1744 END
START 8504 3524 32767 -21976 -494 1734 END
START 8740 3764 32767 -20688 176 1666 END
START 8868 4024 32767 -19485 756 1510 END
START 9080 4252 32767 -18273 1327 1307 END
START 8900 4356 32767 -17112 1797 1022 END
START 8584 4528 32767 -15904 2035 800 END
START 8108 4764 32767 -14815 2152 560 END
START 7556 4948 32767 -13699 2113 421 END
START 6920 5016 32767 -12633 1978 289 END
START 6316 5304 32767 -11646 1728 248 END
START 5744 5532 32767 -10689 1353 291 END
START 5048 5756 32767 -9788 867 385 END
START 4652 5936 32767 -9001 375 565 END
START 4104 6244 32340 -8234 -218 758 END
START 3952 6436 31988 -7587 -780 1013 END
START 3848 6740 31336 -6936 -1335 1268 END
START 3848 7084 30648 -6363 -1735 1556 END
START 4036 7332 30248 -5867 -1941 1845 END
START 4380 7508 29800 -5446 -1974 2154 END
START 4544 7624 29528 -5086 -1910 2486 END
START 4824 7624 29332 -4729 -1684 2800 END
START 5092 7836 29060 -4356 -1368 3149 END
START 5560 7956 28748 -3978 -982 3408 END
START 6028 8180 28660 -3573 -519 3677 END
START 6644 8120 28508 -3230 -79 3831 END
START 6996 8224 28284 -2853 379 3992 END
START 7468 8352 28140 -2507 834 4076 END
START 8052 8420 27964 -2238 1360 4154 END
START 8424 8472 28056 -1912 1793 4188 END
START 8856 8484 27484 -1671 2237 4242 END
START 9552 8480 27452 -1383 2780 4209 END
START 10180 8600 27404 -1080 3320 4167 END
START 10832 8568 27232 -776 3884 4017 END
START 11168 8652 27144 -541 4418 3798 END
START 11528 8784 26960 -291 4830 3515 END
START 12088 8760 27132 -22 5229 3219 END
START 12656 8896 26972 258 5630 2905 END
START 13344 8940 26984 561 6006 2527 END
START 13912 8860 26976 904 6396 2105 END
START 14108 8792 27192 1279 6618 1597 END
START 14516 8796 27076 1724 6743 1011 END
START 14504 8672 27500 2207 6567 400 END
START 14440 8568 27820 2727 6176 -217 END
START 14216 8596 27900 3316 5634 -819 END
START 14372 8520 27828 3963 4911 -1390 END
START 14288 8628 27900 4689 4130 -1918 END
START 14416 8812 27492 5415 3300 -2468 END
START 14612 8940 27260 6175 2514 -3006 END
START 14604 9120 27004 6811 1672 -3595 END
START 14788 9144 26652 7489 858 -4169 END
START 14852 9120 26596 8112 41 -4786 END
START 14812 9064 26268 8646 -635 -5330 END
START 15080 9132 25812 9205 -1208 -5881 END
START 15200 9048 25392 9711 -1614 -6418 END
START 15200 9212 25140 10130 -1983 -6999 END
START 15548 9256 24992 10514 -2264 -7579 END
START 15804 9332 24428 10885 -2408 -8184 END
START 16508 9436 24056 11185 -2329 -8841 END
START 17220 9500 23372 11469 -2053 -9624 END
START 18028 9680 22900 11595 -1615 -10445 END
START 18580 9776 22440 11663 -1061 -11417 END
START 19088 9712 22148 11688 -434 -12365 END
START 19068 9588 22160 11698 135 -13419 END
START 19092 9600 22196 11704 682 -14444 END
START 19268 9576 22260 11753 1218 -15483 END
START 19336 9660 22160 11839 1717 -16633 END
START 19316 9512 22352 11957 2147 -17779 END
START 19348 9328 22600 12123 2434 -19039 END
START 18972 9108 22792 12358 2592 -20368 END
START 18720 8932 22740 12608 2666 -21621 END
START 18328 8708 22384 12944 2620 -22911 END
START 18208 8428 22196 13298 2586 -24169 END
START 18116 8236 21980 13681 2529 -25437 END
START 17684 8008 21648 14111 2519 -26728 END
START 17308 7792 21268 14439 2500 -27950 END
START 16556 7612 20824 14803 2469 -29164 END
START 15608 7200 20220 15059 2379 -30219 END
START 14648 6852 19548 15292 2194 -31237 END
START 13548 6616 18988 15494 1827 -32121 END
START 12536 6340 18508 15587 1350 -32768 END
START 11356 6020 18072 15668 777 -32768 END
START 9932 5728 17860 15727 177 -32768 END
START 8776 5552 17836 15812 -482 -32768 END
START 7524 5252 17216 15957 -956 -32768 END
START 6428 5188 17040 16184 -1406 -32768 END
START 5104 4908 16528 16415 -1881 -32768 END
START 4528 4280 16132 16639 -2339 -32768 END
START 3924 3864 15700 16984 -2863 -32768 END
START 3692 3540 14908 17193 -3153 -32768 END
START 3456 3368 14056 17387 -3464 -32768 END
START 3316 3112 13224 17609 -3493 -32768 END
START 2704 2972 12428 17764 -3393 -32768 END
START 2032 2868 11684 17909 -3198 -32768 END
START 1396 2652 10844 18049 -2922 -32768 END
START 580 2532 10216 18057 -2588 -32768 END