START 25344 10308 -8128 5731 5357 4108 END
START 13124 5248 -8280 3417 355 1877 END
START 6188 3416 -3040 616 -2753 327 END
START 12196 2768 -5496 -2732 -999 -539 END
START 12012 2988 -4404 -4776 5 -928 END
START 8376 3248 -2552 -6265 1359 -1792 END
START 8312 3236 -4880 -8852 3610 -3224 END
START 6676 2224 -6016 -11889 4786 -4271 END
START 5196 1232 -6116 -14715 3639 -4810 END
START 4352 356 -5200 -17289 1632 -5163 END
START 5120 -884 -4408 -19984 395 -5106 END
START 5316 -1916 -2808 -22644 254 -5177 END
START 5112 -2804 -1356 -25840 2066 -5067 END
START 5408 -3780 1316 -28538 3318 -5019 END
START 6440 -4588 3656 -30281 2950 -6108 END
START 6128 -5980 5420 -31330 1470 -7384 END
START 5200 -6908 7684 -32768 -763 -8312 END
START 4832 -7512 10472 -32768 -2040 -8907 END
START 3280 -8524 15264 -32768 -2428 -9123 END
START 2436 -8592 19936 -32768 -1605 -8632 END
START 1260 -8264 25040 -32768 -347 -7512 END
START 2400 -7560 28300 -32768 1162 -6822 END
START 2644 -6968 32767 -32253 2523 -6907 END
START 1736 -6712 32767 -29307 1785 -7450 END
START 496 -6068 32767 -25356 -72 -7272 END
START 952 -4996 32767 -21466 -499 -6278 END
START 2520 -3716 32767 -17653 1049 -5373 END
START 3764 -2664 32767 -13614 2405 -4850 END
START 3344 -1968 32767 -9491 2498 -4169 END
START 4360 -1396 32767 -5610 2237 -3313 END
START 5896 -1108 32767 -1943 1846 -2539 END
START 8084 -536 32767 1523 2060 -2921 END
START 10908 140 32767 4718 1570 -3920 END
START 12828 196 32767 7746 1370 -5724 END
START 14636 208 32767 10336 924 -8011 END
START 16924 -116 32767 12705 841 -10089 END
START 19128 -584 32767 15225 868 -13437 END
START 20028 -1608 32767 18309 773 -17269 END
START 22012 -2588 32767 21038 788 -21133 END
START 21980 -3032 32767 23900 3959 -25214 END
START 19660 -4944 29188 27163 5114 -29872 END
START 15472 -7724 25236 30162 3161 -32768 END
START 9840 -10244 19872 32767 -671 -32768 END
START 3696 -12460 14152 32767 -5518 -32768 END
START -1448 -13076 8716 31878 -5412 -32768 END
START -9196 -15048 6252 28429 -4008 -31328 END
START -12100 -13424 2312 24262 -564 -23597 END
START -13720 -10860 -500 18641 2465 -16654 END