START 19068 5032 -11624 5148 3243 7352 END
START 12680 1088 -7528 3404 2 6133 END
START 12112 688 -3912 2545 -678 3496 END
START 17592 648 -7332 -232 1808 -225 END
START 16516 -592 -7292 -2605 1266 -2819 END
START 13300 -1160 -6892 -4642 -429 -3052 END
START 12856 -948 -6144 -7031 -2604 -2251 END
START 14504 -328 -5608 -9514 -2392 -1947 END
START 17224 628 -5808 -12050 -900 -2704 END
START 18396 544 -5356 -14820 1250 -5237 END
START 18196 88 -5912 -17902 2520 -7914 END
START 17520 -1088 -5316 -20626 2586 -10645 END
START 14964 -3020 -4392 -23400 1233 -12978 END
START 13456 -5024 -3084 -26102 -414 -14871 END
START 11588 -7596 -1952 -29114 -1041 -15960 END
START 9580 -9820 572 -32768 859 -15791 END
START 6644 -11668 3688 -32768 2879 -14764 END
START 3840 -13136 6536 -32768 2961 -13294 END
START 2120 -13604 10964 -32768 1261 -12002 END
START 764 -13516 17416 -32768 -228 -10800 END
START 3000 -12012 24600 -32768 -1119 -10495 END
START 3676 -10968 30596 -32768 1446 -12348 END
START 1396 -11044 32767 -32768 2748 -12929 END
START -1664 -10492 32767 -30867 1873 -11241 END
START -1636 -8940 32767 -25362 -1498 -8330 END
START 2736 -6908 32767 -19804 -1741 -5921 END
START 5804 -4708 32767 -15444 1927 -5717 END
START 5104 -3812 32767 -11610 3456 -6006 END
START 5296 -3056 32767 -6967 3336 -5733 END
START 5292 -2580 32767 -2285 2874 -4841 END
START 6920 -1748 32767 2316 2678 -3639 END
START 9324 -1432 32767 6310 2521 -3252 END
START 12444 -1040 32767 9927 2254 -4193 END
START 14256 -1316 32767 13211 1595 -6427 END
START 17284 -1508 32767 16881 1150 -9338 END
START 19976 -1680 29856 20299 1577 -14154 END
START 19060 -2120 25812 22559 2344 -19567 END
START 16116 -3224 22292 23716 2067 -23846 END
START 16416 -3556 20168 25018 757 -28476 END
START 17412 -4168 17928 24950 240 -32768 END
START 17220 -5312 14968 23700 1464 -32768 END
START 13840 -7172 12400 21523 3398 -32768 END
START 9852 -9104 12468 20780 3255 -32768 END
START 3328 -10692 11600 22309 1734 -32768 END
START -5620 -11416 9704 25124 -1528 -32768 END