START 20696 9900 -3904 3688 781 3306 END
START 9296 4644 -6116 -232 -3976 643 END
START 2868 2744 -1908 -4398 -3459 -1825 END
START 5552 2828 -3392 -8819 -3122 -3400 END
START 5816 2108 -1800 -11265 -2063 -5530 END
START 8336 2444 -2120 -12924 -1154 -7537 END
START 6120 1068 -2004 -15355 489 -9932 END
START 3800 -244 -2572 -17796 124 -9401 END
START 2848 -624 -1736 -20448 -1092 -8753 END
START 1956 -1964 396 -23361 -2247 -8295 END
START 3180 -2744 3512 -25797 -2068 -7444 END
START 4836 -2684 7604 -28077 215 -8196 END
START 4480 -2832 10380 -28876 2365 -10295 END
START 308 -3868 12980 -29313 566 -12438 END
START -1592 -4168 16912 -29778 -72 -12548 END
START -3448 -5004 21600 -30646 2513 -12067 END
START -8044 -5868 27696 -30205 4723 -10594 END
START -9124 -6480 32767 -27797 4154 -8907 END
START -8808 -6664 32767 -23062 4029 -8160 END
START -9512 -6092 32767 -17568 2157 -7924 END
START -10216 -5556 32767 -12566 505 -6434 END
START -8868 -4056 32767 -8913 1405 -4200 END
START -8028 -3076 32767 -5711 2836 -1861 END
START -4704 -2240 32767 -1308 4112 -470 END
START -3324 -1844 32767 4289 4551 -1026 END
START -3496 -2128 32767 9694 1938 -1242 END
START -3308 -2052 32767 15145 -57 -1192 END
START -1256 -2504 32767 20647 -425 -1250 END
START 1844 -2276 32767 25851 622 -1923 END
START 3176 -2372 32767 30450 3192 -4059 END
START 2180 -2496 30064 32767 3643 -6265 END
START 1012 -2672 23004 32767 3232 -8115 END
START 2780 -2344 18832 32577 4041 -10297 END
START -112 -3668 15804 31252 6100 -12218 END
START -3364 -5232 11284 31787 4987 -12291 END
START -4500 -4992 2868 31067 1157 -11507 END
START -5572 -2976 -4476 26475 -3192 -10761 END
START -4680 -180 -9676 18158 -3722 -9308 END
START -5440 336 -10556 7929 1494 -6493 END