START 18444 7376 -13172 17307 3266 6048 END
START 9928 -252 -17016 12731 998 6077 END
START 6088 -1712 -13648 8091 -2636 6409 END
START 4492 -2272 -11692 4901 -4094 5812 END
START 2804 -3400 -11048 2221 -4439 5217 END
START 2496 -4308 -13072 -605 -4165 5238 END
START 4472 -4624 -16184 -5871 -4706 3517 END
START 3072 -6164 -15752 -11722 -6534 2909 END
START 4108 -7180 -13700 -16176 -7821 4073 END
START 5400 -7324 -13872 -21273 -3003 5553 END
START 6872 -7168 -15632 -28405 2800 6614 END
START 6480 -8116 -13856 -32768 7468 5846 END
START 4492 -9848 -11032 -32768 6799 4483 END
START 3000 -11652 -7456 -32768 1142 3241 END
START 3080 -13440 -2248 -32768 -2121 2804 END
START 3920 -15604 9236 -32768 807 3296 END
START 5576 -17544 23072 -32768 7955 2051 END
START 48 -19236 32767 -32768 11482 -149 END
START -2264 -19156 32767 -32768 5872 1528 END
START 1228 -17592 32767 -32768 -1732 5223 END
START 12288 -14540 32767 -32768 -5400 6863 END
START 21744 -12264 32767 -29926 -3777 4283 END
START 26616 -11204 32767 -24566 2818 -1660 END
START 23148 -11188 32767 -21482 9761 -7179 END
START 17656 -11468 32767 -19379 14323 -9186 END
START 14280 -10260 32767 -15280 17150 -9157 END
START 15256 -9040 32767 -10169 18746 -9888 END
START 16460 -8164 32767 -4851 16686 -12195 END
START 16456 -7532 32767 259 13763 -15091 END
START 15136 -7652 32767 4768 10767 -16791 END
START 16068 -8172 32767 8694 10100 -17443 END
START 17344 -9040 32767 12067 9576 -17381 END
START 24064 -10636 32767 15847 12224 -19013 END
START 26256 -12968 32767 21188 16654 -23221 END
START 23856 -15708 32767 27959 20255 -27096 END
START 19008 -18792 32120 32767 18759 -29945 END
START 14156 -20476 23696 32767 9871 -32684 END
START 11412 -21124 16524 32767 3403 -32768 END
START 3276 -21052 8088 32767 -24 -32768 END