START 5876 9452 -12204 333 5375 80 END
START 604 2428 -4296 -1533 208 -865 END
START 1008 2136 -6596 -4670 470 -785 END
START 7956 1840 -10800 -7411 -941 -217 END
START 6956 1528 -9608 -9962 -2657 97 END
START 3288 1220 -6844 -12750 -3060 -10 END
START 6012 932 -6968 -16001 -2075 -527 END
START 7592 -52 -6916 -19169 441 -2482 END
START 6360 -1516 -7364 -22174 2427 -3728 END
START 3164 -3184 -6784 -25687 1917 -3824 END
START 4056 -4332 -4276 -28601 -62 -2987 END
START 5372 -5320 -1692 -31139 115 -2405 END
START 7012 -6116 296 -32768 2117 -2805 END
START 7124 -7388 4088 -32768 3131 -3257 END
START 8588 -7988 8316 -32768 3187 -4891 END
START 6812 -8924 13284 -32768 2578 -6609 END
START 3776 -9588 19568 -32768 -490 -7173 END
START 3128 -9052 26760 -32768 -4548 -6048 END
START 4376 -8908 32767 -32768 -4366 -5218 END
START 7380 -8196 32767 -32414 -49 -5655 END
START 5208 -8016 32767 -28249 3405 -7256 END
START 3080 -7980 32767 -23343 2808 -7129 END
START 2500 -6984 32767 -17812 1196 -5992 END
START 3284 -5448 32767 -11917 518 -3724 END
START 5528 -3308 32767 -7289 1980 -1850 END
START 8108 -1508 32767 -3895 4293 -1293 END
START 9248 -184 32767 -248 4512 -1087 END
START 11936 976 32767 3215 3655 -1743 END
START 14068 1724 32767 6234 1874 -2985 END
START 16280 1884 32767 9081 -278 -5116 END
START 18516 1100 32767 11684 -2019 -8267 END
START 21128 240 31728 13020 -2072 -12191 END
START 21172 -1096 31828 14287 346 -15914 END
START 19528 -2676 31040 15744 3156 -19087 END
START 17880 -4816 31028 17432 4719 -21707 END
START 16892 -6028 28884 19943 5650 -24228 END
START 16136 -7712 26768 22249 6687 -27356 END
START 12748 -9280 22980 24712 5967 -30108 END
START 10548 -10480 19088 26563 4070 -32742 END
START 7052 -11904 14268 27897 1948 -32768 END
START 3888 -12580 8928 27950 -547 -32768 END
START -1144 -14448 5568 27626 -3197 -32768 END
START -8036 -14424 3916 28315 -8507 -32768 END
START -12328 -12092 620 27474 -13220 -29810 END
START -14116 -9252 -2496 23986 -13292 -24586 END