START 12668 10768 1060 5636 4001 5085 END
START 13524 6816 -5108 6858 3822 4762 END
START 11700 13512 5612 4649 4680 4533 END
START 13820 10064 -2072 5761 5219 4013 END
START 13752 9924 -620 4875 5078 3394 END
START 12608 9092 368 4878 5204 2798 END
START 11696 8632 932 4451 5260 2249 END
START 11672 8196 64 4270 5270 1744 END
START 11644 7768 -448 4083 5333 1254 END
START 10872 7404 -640 4000 5490 793 END
START 9736 6904 -708 3941 5614 363 END
START 8912 6404 -1104 3900 5568 -41 END
START 8360 6324 -1436 3839 5470 -409 END
START 7812 5684 -1784 3710 5206 -802 END
START 7008 5312 -2484 3496 4752 -1125 END
START 5936 4740 -2924 3212 4075 -1434 END
START 4816 4176 -3128 2811 3190 -1495 END
START 3804 3900 -3380 2432 2111 -1426 END
START 2852 3324 -3764 2009 982 -1166 END
START 2216 2968 -4324 1502 -101 -647 END
START 1676 2752 -4768 977 -972 -121 END
START 1292 2396 -5396 490 -1792 589 END
START 1116 2180 -5172 23 -2647 1376 END
START 1212 2116 -5292 -393 -3492 2182 END
START 1576 1856 -5544 -857 -4193 2986 END
START 2064 1792 -5648 -1365 -4731 3778 END
START 2676 1504 -5888 -1921 -5196 4493 END
START 3080 1568 -5616 -2423 -5556 5165 END
START 3800 1596 -5732 -3007 -5822 5770 END
START 4460 1564 -5848 -3495 -5903 6304 END
START 5192 1628 -5848 -3989 -5877 6777 END
START 5860 1608 -5660 -4421 -5685 7238 END
START 6892 1612 -5936 -4876 -5332 7620 END
START 7760 1624 -5948 -5274 -4859 7951 END
START 8072 1568 -5920 -5662 -4274 8204 END
START 8896 1560 -6008 -6079 -3704 8463 END
START 9676 1600 -6352 -6419 -3065 8566 END
START 10436 1680 -6700 -6823 -2451 8615 END
START 10968 1932 -7044 -7349 -1789 8580 END
START 11676 2124 -7312 -7890 -1238 8442 END
START 12080 2288 -7656 -8573 -819 8235 END
START 12292 2468 -7692 -9299 -507 7938 END
START 12484 2512 -7808 -10063 -358 7612 END
START 12536 2516 -7908 -10843 -306 7286 END
START 12784 2560 -7720 -11600 -329 6959 END
START 12940 2596 -7640 -12340 -431 6617 END
START 12776 2716 -7532 -13034 -500 6293 END
START 12912 2656 -7172 -13696 -584 5936 END
START 12908 2876 -7072 -14304 -619 5578 END
START 12836 2904 -6624 -14888 -737 5221 END
START 12840 2916 -6460 -15520 -853 4836 END
START 12508 3100 -6144 -16032 -1004 4468 END
START 12320 3004 -5920 -16569 -1144 4086 END
START 12124 3108 -5432 -17103 -1404 3674 END
START 11700 3216 -5100 -17564 -1654 3338 END
START 11280 3204 -4612 -18033 -1974 3036 END
START 11140 3452 -4568 -18423 -2191 2801 END
START 10744 3520 -4044 -18852 -2404 2687 END
START 10616 3808 -3900 -19236 -2556 2557 END
START 10468 3884 -3448 -19656 -2754 2481 END
START 10436 4152 -3112 -20073 -2950 2372 END
START 10660 4164 -2724 -20535 -3185 2242 END
START 10860 4172 -2084 -20999 -3347 2123 END
START 11052 4252 -1716 -21460 -3412 1961 END
START 11236 4176 -1188 -21866 -3398 1792 END
START 11360 4408 -744 -22270 -3374 1635 END
START 11456 4472 -272 -22610 -3314 1473 END
START 11620 4496 100 -22938 -3263 1298 END
START 11808 4508 352 -23256 -3154 1114 END
START 11800 4636 568 -23587 -2998 956 END
START 11876 4916 904 -23958 -2853 779 END
START 12016 5064 968 -24406 -2603 619 END
START 12328 5148 1144 -24861 -2305 429 END
START 12660 5272 1304 -25413 -1933 127 END
START 12784 5224 1792 -26005 -1643 -199 END
START 12928 5468 2460 -26682 -1353 -614 END
START 13040 5660 2972 -27388 -1104 -1052 END
START 13232 5744 3652 -28065 -816 -1466 END
START 13156 5916 4400 -28698 -552 -1925 END
START 13236 5676 5412 -29242 -267 -2417 END
START 13328 5440 6148 -29756 -1 -2899 END
START 13432 5284 7108 -30213 315 -3395 END
START 13428 5036 8248 -30612 508 -3964 END
START 13208 4772 9308 -31015 640 -4474 END
START 12940 4468 10496 -31264 668 -4927 END
START 12440 4396 11892 -31513 568 -5401 END
START 11804 4208 12956 -31659 345 -5804 END
START 11252 4056 14080 -31672 20 -6139 END
START 10764 3832 15460 -31588 -363 -6411 END
START 10336 3832 16312 -31459 -827 -6644 END
START 10036 3872 17488 -31258 -1224 -6790 END
START 9692 3812 18648 -31019 -1599 -6928 END
START 9500 3784 19668 -30767 -1848 -7023 END
START 9212 3652 20472 -30494 -2073 -7086 END
START 8836 3452 22188 -30113 -2313 -7130 END
START 8452 3212 23532 -29810 -2566 -7189 END
START 7932 3088 24708 -29404 -2755 -7263 END
START 7356 3136 25896 -28970 -2813 -7257 END
START 6528 3348 26948 -28431 -2752 -7173 END
START 5704 3684 28272 -27827 -2664 -6981 END
START 5020 3864 29032 -27135 -2395 -6645 END
START 4312 3944 29980 -26388 -1978 -6177 END
START 3896 3836 30652 -25630 -1477 -5655 END
START 3440 3844 31360 -24814 -840 -5045 END
START 3268 4156 32060 -24014 -278 -4403 END
START 3152 4368 32512 -23235 396 -3724 END
START 3032 4652 32767 -22399 994 -3048 END
START 2864 4808 32767 -21639 1583 -2438 END
START 2932 4972 32767 -20841 2094 -1824 END
START 2864 5176 32767 -20034 2484 -1284 END
START 3100 5376 32767 -19268 2781 -836 END
START 3572 5668 32767 -18597 3011 -493 END
START 3912 5952 32767 -17982 3253 -224 END
START 4056 6096 32767 -17381 3331 -3 END
START 4540 6400 32767 -16845 3317 84 END
START 4736 6504 32767 -16308 3315 134 END
START 5092 6312 32767 -15665 3261 109 END
START 5132 6436 32767 -14961 3125 61 END
START 5120 6364 32767 -14236 2935 -18 END
START 5012 6484 32767 -13382 2599 -102 END
START 4856 6768 32767 -12474 2216 -178 END
START 4588 6928 32767 -11497 1802 -239 END
START 4400 7204 32767 -10527 1386 -268 END
START 4212 7412 32767 -9686 1035 -265 END
START 4252 7628 32767 -8860 738 -210 END
START 4228 7872 32767 -8149 475 -139 END
START 4348 7864 32767 -7497 256 -74 END
START 4276 7992 32767 -6937 135 45 END
START 4388 8144 32767 -6377 56 174 END
START 4468 8188 32767 -5897 13 328 END
START 4544 8260 32767 -5401 40 531 END
START 4612 8268 32767 -4858 77 750 END
START 4892 8460 32767 -4374 206 948 END
START 5296 8284 32544 -3822 398 1147 END
START 5700 8256 32148 -3305 602 1300 END
START 5968 8436 31748 -2810 770 1423 END
START 6540 8472 31420 -2372 957 1489 END
START 6796 8508 31024 -1900 1109 1540 END
START 7264 8556 30568 -1509 1251 1543 END
START 7596 8692 30084 -1086 1386 1519 END
START 7604 8696 30016 -722 1512 1514 END
START 7932 8768 29336 -368 1669 1459 END
START 8192 8888 29032 -21 1758 1437 END
START 8544 8872 28488 350 1805 1398 END
START 9032 8988 27928 652 1779 1328 END
START 9288 9020 27244 921 1807 1233 END
START 9740 9308 26712 1148 1813 1105 END
START 10312 9384 26036 1260 1874 976 END
START 10628 9620 25700 1286 1907 817 END
START 11064 9780 25472 1286 1991 613 END
START 11544 9900 25164 1214 2100 399 END
START 12212 9828 24980 1169 2247 148 END
START 12512 9876 24996 1147 2472 -148 END
START 13200 9956 25144 1123 2637 -482 END
START 13680 9840 25280 1153 2880 -878 END
START 14280 9696 25504 1240 3055 -1268 END
START 14640 9580 25840 1336 3213 -1696 END
START 15124 9408 25992 1563 3351 -2170 END
START 15144 9508 26616 1775 3371 -2623 END
START 15328 9232 26988 2104 3234 -3073 END
START 15328 9008 27804 2486 2979 -3531 END
START 15396 8856 28468 3018 2589 -3979 END
START 15516 8660 28980 3678 2175 -4436 END
START 15884 8520 29632 4413 1728 -4904 END
START 16036 8348 29880 5210 1279 -5326 END
START 16348 8152 30324 6046 806 -5801 END
START 16856 8144 30548 7000 370 -6261 END
START 17284 7944 30452 7930 108 -6793 END
START 17632 7956 30388 8811 -58 -7370 END
START 18276 8008 30068 9693 -97 -7980 END
START 18512 7976 29856 10457 -82 -8677 END
START 18600 7912 29340 11179 -134 -9395 END
START 18496 7944 29288 11810 -178 -10173 END
START 18596 7956 28780 12369 -180 -10983 END
START 18548 7928 28728 12868 -74 -11756 END
START 18260 7692 28644 13346 16 -12500 END
START 17840 7584 28468 13843 96 -13178 END
START 17512 7500 28548 14401 172 -13848 END
START 17216 7300 28496 15024 232 -14448 END
START 16988 7248 28712 15698 394 -15090 END
START 16828 6992 28568 16398 576 -15731 END
START 16608 6916 28248 17160 850 -16438 END
START 16284 6836 28452 17863 1023 -17151 END
START 15856 6564 27924 18585 1217 -17877 END
START 15164 6316 27952 19282 1296 -18536 END
START 14236 5996 27396 19941 1341 -19148 END
START 13280 5640 26764 20617 1314 -19704 END
START 12416 5576 26312 21260 1263 -20121 END
START 11692 5372 25668 21841 1141 -20525 END
START 11084 5220 25008 22297 924 -20840 END
START 10548 4892 24416 22714 717 -21172 END
START 10244 4604 24092 23031 593 -21549 END
START 9796 4260 23536 23301 524 -21897 END
START 9248 3896 23308 23604 460 -22253 END
START 8568 3864 22996 23909 451 -22664 END
START 7980 3640 22696 24260 471 -23046 END
START 7188 3084 22752 24611 323 -23430 END
START 6652 2840 22500 25069 190 -23708 END
START 5888 2376 22144 25516 -64 -23965 END
START 5244 1928 21544 26059 -449 -24194 END
START 4880 1896 20700 26496 -797 -24407 END
START 5216 1808 19244 26915 -966 -24608 END
START 4028 1140 19256 27176 -1149 -24841 END
START 3648 864 18560 27431 -1548 -25070 END
START 3928 1096 17196 27764 -1888 -25337 END
START 4252 976 15636 27939 -2129 -25745 END
START 4748 1032 14260 28170 -2254 -26206 END
START 4808 888 12648 28145 -2428 -26811 END
START 4824 1288 11448 27867 -2514 -27550 END
START 4808 1600 9540 27253 -2503 -28402 END
START 4112 1336 8276 26467 -2541 -29321 END
START 3124 1224 7852 25556 -2776 -30206 END
START 2324 1092 7024 24612 -3046 -31055 END
START 1380 924 6080 23517 -3232 -31732 END
START 540 648 5284 22519 -3165 -32290 END
START -344 392 4340 21561 -2980 -32699 END
START -1920 120 3568 20588 -2546 -32768 END
START -4104 4 3260 19710 -2108 -32768 END
START -5884 -424 3056 18906 -1702 -32768 END
START -6580 -612 2940 17974 -1604 -32427 END
START -7644 -716 3240 16978 -1563 -31850 END
START -8720 -884 3596 15981 -1773 -31153 END
START -10144 -820 3672 15173 -1853 -30283 END
START -10852 -1084 3116 14600 -1679 -29309 END
START -11324 -1180 2412 14145 -1113 -28161 END
START -12264 -1268 3048 13719 -593 -26886 END