START 13704 9088 -10140 3834 3590 2365 END
START 9120 3500 -8604 -174 1136 1315 END
START 1184 1436 -2708 -2464 25 1187 END
START 8164 1632 -5848 -4723 951 939 END
START 9856 2208 -6192 -6097 355 37 END
START 7476 1752 -5020 -7851 829 -1092 END
START 7960 1496 -5824 -9720 1124 -1838 END
START 7452 1080 -5604 -11693 623 -2239 END
START 7468 868 -6040 -13806 719 -2288 END
START 7868 480 -6012 -16382 1138 -2944 END
START 7376 -400 -5092 -18933 1859 -3751 END
START 7436 -1516 -4844 -21855 3066 -4483 END
START 6300 -3012 -4308 -25340 4960 -5180 END
START 5424 -4504 -1912 -28175 4169 -4748 END
START 5804 -5688 -4 -30489 3390 -4481 END
START 6292 -6536 1404 -32768 3088 -4719 END
START 5852 -7668 3640 -32768 3285 -5858 END
START 4108 -8792 7948 -32768 976 -6193 END
START 3248 -9420 12548 -32768 -1207 -6363 END
START 3164 -9396 18532 -32768 -2692 -5468 END
START 4316 -8972 24788 -32768 -1063 -5090 END
START 5308 -8756 32388 -32768 1909 -5276 END
START 5980 -8248 32767 -32768 4441 -5621 END
START 3068 -7156 32767 -31884 5266 -5921 END
START 3072 -6076 32767 -27085 2848 -5270 END
START 3476 -5016 32767 -21774 -227 -4418 END
START 5804 -3776 32767 -15694 -2375 -3394 END
START 7076 -2124 32767 -11531 -1321 -2181 END
START 9312 -764 32767 -7848 484 -1030 END
START 11408 -108 32767 -3775 2375 -908 END
START 13180 592 32767 454 3560 -824 END
START 14580 1064 32767 4762 3154 -1679 END
START 16776 1112 32767 9334 1022 -3323 END
START 18152 948 32767 13097 -793 -5992 END
START 20212 500 32767 16090 -2025 -8891 END
START 22420 372 28696 17740 537 -13215 END
START 22412 -996 26020 18368 4199 -17914 END
START 21404 -2348 22332 19509 5895 -22522 END
START 19964 -3400 18476 19751 6295 -27478 END
START 18080 -4724 15424 19454 6519 -31808 END
START 16336 -4676 11164 18478 7195 -32768 END
START 14480 -5316 8312 16480 6419 -32768 END
START 10976 -6292 6204 13698 5467 -32768 END
START 3560 -9144 5636 11833 3145 -32768 END
START -4328 -10860 7224 11536 -3366 -32768 END
START -11380 -12244 10528 13070 -10768 -32768 END
START -15616 -12704 11792 13410 -9653 -32768 END