START 11816 9280 -5732 2578 1182 -385 END
START 14424 4504 -5760 1414 -1406 -1701 END
START 9984 4116 -3712 -976 -2728 -1698 END
START 9692 4084 -2508 -3244 -3041 -1961 END
START 8976 4404 -1620 -5729 -1368 -2578 END
START 8196 3820 -1568 -7786 37 -3461 END
START 8800 3072 -2996 -10117 524 -3905 END
START 9540 1988 -3436 -12695 1289 -5198 END
START 7068 236 -3668 -14918 1553 -5914 END
START 5620 -1296 -4064 -17979 781 -6203 END
START 4592 -3032 -2528 -20577 -52 -6312 END
START 4576 -4168 -1724 -23168 -252 -5944 END
START 4608 -4892 428 -25718 -39 -5652 END
START 5172 -5776 2932 -27257 -27 -6012 END
START 5308 -6924 4184 -28769 751 -6906 END
START 4732 -7636 5072 -30542 1525 -7972 END
START 2844 -8564 7204 -32490 1790 -8469 END
START 2844 -8468 9664 -32768 2270 -8140 END
START 3656 -8568 13892 -32768 5406 -8566 END
START 3048 -8804 19988 -32768 7740 -10498 END
START -652 -9984 26636 -32768 3750 -12187 END
START -1232 -9588 32104 -31566 -1778 -12153 END
START 116 -8720 32767 -28618 -1913 -11561 END
START -284 -8344 32767 -25790 978 -9831 END
START 40 -7236 32767 -22122 2247 -7937 END
START 2024 -5572 32767 -19011 3848 -6994 END
START 2540 -4248 32767 -15974 6409 -6594 END
START 1080 -3760 32767 -11996 6997 -5588 END
START 1408 -3200 32767 -6566 4661 -4591 END
START 2704 -2268 32767 -1224 2188 -3879 END
START 4696 -1200 32767 3344 1469 -3024 END
START 7448 -1096 32767 7213 2955 -3268 END
START 8344 -1016 32767 10718 2983 -3100 END
START 11344 -1108 32767 14006 3714 -3636 END
START 12996 -2000 32767 16766 5321 -5335 END
START 12744 -3328 32767 20077 5426 -7273 END
START 13484 -3828 32767 23902 4518 -9672 END
START 14824 -4332 32156 26674 4543 -12465 END
START 13352 -5408 28904 28806 4149 -15336 END
START 13536 -6448 26912 30503 3580 -18119 END
START 13556 -7412 23560 32588 3242 -22283 END
START 8816 -9224 19300 32767 2561 -25421 END
START 4212 -10336 14040 32767 1848 -26805 END
START -496 -10780 8280 32767 1115 -26868 END
START -3660 -10712 3976 32472 -3412 -26008 END
START -6676 -9424 352 29448 -6584 -23774 END
START -8408 -8456 -1144 25714 -6606 -20378 END
START -8212 -6672 -4308 21382 -4660 -16690 END
START -9844 -5316 -7256 15673 -2771 -12773 END
START -10724 -3548 -7408 10426 -2434 -8571 END