START 20660 5432 -12212 6322 3899 -1857 END
START 9768 2356 -11464 2481 728 -2764 END
START 9140 1624 -9340 -1005 -1088 -4298 END
START 3152 376 -5436 -3753 -1828 -5015 END
START 1960 164 -5896 -5722 -4061 -4600 END
START 1336 -360 -6604 -7998 -4931 -3744 END
START 1916 -540 -7448 -10791 -6443 -2734 END
START 3484 -616 -7608 -14366 -6824 -1964 END
START 5052 -1128 -7124 -18541 -4691 -2094 END
START 4596 -2432 -6192 -22564 -1621 -2357 END
START 4008 -3576 -5772 -26821 -990 -2233 END
START 3872 -5404 -2548 -30742 -1067 -1933 END
START 4624 -6016 824 -32768 -1234 -1678 END
START 4944 -6564 4728 -32768 -766 -1741 END
START 5836 -7136 9220 -32768 -1467 -1919 END
START 8284 -8056 12772 -32768 -1009 -3143 END
START 10760 -9348 14796 -32768 36 -5423 END
START 9708 -9572 16388 -32768 -369 -7362 END
START 7880 -10200 21368 -32768 -1671 -9695 END
START 5644 -11608 27320 -32768 -4867 -10273 END
START 7456 -11788 31440 -32768 -3491 -10399 END
START 6596 -11740 32767 -32233 -520 -9414 END
START 6924 -10356 32767 -30497 3365 -9236 END
START 5416 -9140 32767 -27505 3481 -9901 END
START 2544 -8408 32767 -22489 -720 -9692 END
START 2624 -7968 32767 -17387 -5366 -8193 END
START 3664 -6952 32767 -13789 -4763 -6060 END
START 5588 -5896 32767 -11370 823 -4554 END
START 5100 -5296 32767 -7838 5397 -3283 END
START 3320 -4920 32767 -3022 5145 -2141 END
START 4424 -4012 32767 3079 1085 -745 END
START 6780 -2952 32767 8646 -2462 197 END
START 10748 -1900 32767 12423 -3918 194 END
START 15100 -984 32767 14814 -2341 -1039 END
START 18812 -740 32767 14553 2275 -3695 END
START 19928 -1444 32767 14950 4822 -6667 END
START 24080 -3116 32767 17740 4063 -10763 END
START 23876 -4864 32767 21753 3154 -16783 END
START 22716 -8012 32767 25643 605 -22181 END
START 19556 -10664 32767 29973 -918 -27047 END
START 15588 -13536 29424 32767 -1560 -31126 END
START 11180 -15584 23308 32767 -1201 -32768 END
START 5324 -17324 15896 32767 276 -32768 END
START -700 -17656 9688 32767 2319 -32768 END
START -4820 -16704 4896 30147 4492 -29052 END