START 29080 8524 -13436 10961 6568 5230 END
START 15364 4072 -12832 8621 303 4569 END
START 11428 1896 -8824 6627 -4119 3867 END
START 3972 1312 -3804 4522 -5241 3365 END
START 6328 760 -6508 2288 -4008 2483 END
START 11796 1148 -11624 -1879 -2352 1290 END
START 11440 304 -9960 -6167 -1412 -427 END
START 10280 -24 -9216 -9182 9 -1639 END
START 8104 -1224 -7776 -11497 157 -2536 END
START 9288 -1840 -8648 -14261 740 -3603 END
START 9204 -2812 -9244 -18251 3175 -5107 END
START 8652 -4408 -9672 -22974 6698 -6733 END
START 6028 -5964 -8796 -27273 8072 -8090 END
START 4612 -7024 -6968 -30888 6888 -8411 END
START 5724 -8032 -4736 -32768 3656 -8797 END
START 8516 -10584 -1120 -32768 4245 -10030 END
START 9124 -12276 1012 -32768 8032 -12434 END
START 6348 -13048 3752 -32768 10738 -15148 END
START 2440 -13064 8648 -32768 11080 -17954 END
START -3284 -13340 15996 -32768 7775 -17886 END
START -5996 -13232 25704 -32768 4513 -16178 END
START -3892 -14020 32767 -32768 2344 -15411 END
START -5088 -14820 32767 -32768 1801 -15842 END
START -7628 -14752 32767 -32146 3539 -15018 END
START -11684 -13756 32767 -26997 6962 -11065 END
START -11680 -11888 32767 -22380 12093 -3810 END
START -7332 -9020 32767 -17697 20324 178 END
START -6320 -6400 32767 -11240 23651 471 END
START -5368 -4668 32767 -3034 19466 550 END
START 4944 -5776 32767 4821 15002 -1323 END
START 5084 -1736 32767 10586 10326 -2230 END
START 7692 -2444 32767 16242 8634 -4350 END
START 9412 -3300 32767 20775 10297 -6984 END
START 10356 -5392 32767 23666 14901 -9358 END
START 7188 -8732 32767 27411 14528 -10896 END
START 6548 -9920 31920 32767 11540 -11790 END
START 9144 -10140 26176 32767 8133 -14168 END
START 6784 -10112 19192 32767 5834 -17643 END
START 4292 -9440 11556 32767 4769 -19992 END
START 2096 -9076 6592 32767 3263 -21089 END
START -544 -8288 2016 31221 1000 -22006 END
START -6408 -8640 828 28271 -3351 -21106 END
START -11236 -9020 -400 27827 -11334 -17893 END
START -14020 -7840 -1884 27127 -21199 -13509 END