START 18636 5680 -13136 10244 3113 745 END
START 11268 1168 -15232 5182 -1966 40 END
START 4548 -52 -8448 921 -5116 197 END
START 6388 -280 -8100 -2216 -4396 517 END
START 10872 -232 -10588 -5656 -2854 41 END
START 9764 -340 -10724 -9409 -244 -400 END
START 7416 -640 -10260 -13459 1459 -1099 END
START 7064 -1924 -10932 -17190 1480 -1879 END
START 6240 -2476 -10448 -20778 -605 -2928 END
START 6424 -3808 -10328 -24529 -844 -4410 END
START 4748 -5584 -9900 -28848 -71 -5189 END
START 3196 -7592 -7856 -32768 -695 -4708 END
START 4596 -9524 -5864 -32768 130 -4125 END
START 5560 -11812 -1096 -32768 3329 -4752 END
START 4480 -13684 6892 -32768 5153 -5857 END
START 3964 -14328 15588 -32768 5303 -7515 END
START 1856 -13692 23648 -32768 3512 -8836 END
START 324 -12668 32084 -32768 2243 -9373 END
START -2608 -12360 32767 -32768 546 -7932 END
START 528 -12716 32767 -32768 1654 -5140 END
START 4928 -9188 32767 -29196 6611 -4046 END
START 5292 -8344 32767 -23060 10276 -5323 END
START 2232 -8380 32767 -14944 6562 -5861 END
START 3448 -7080 32767 -6725 1077 -4754 END
START 6468 -5508 32767 -557 416 -3760 END
START 7652 -4220 32767 3851 2161 -2890 END
START 9884 -3396 32767 7544 3855 -2414 END
START 13068 -2920 32767 11211 3892 -3083 END
START 18756 -1432 32767 14472 1847 -5490 END
START 24232 12 32767 17586 -2730 -10383 END
START 32767 1200 32767 20998 -5669 -16345 END
START 32767 352 32767 25903 -3881 -25549 END
START 32767 -3276 31888 28913 1170 -32768 END
START 32767 -7764 23856 29058 5013 -32768 END
START 32767 -12524 16348 28671 6652 -32768 END
START 20528 -19128 10656 28994 5186 -32768 END
START 840 -24100 6040 30169 -2646 -32768 END
START -16516 -26520 4344 29822 -10531 -32768 END