START 25708 6932 -9080 7664 5853 2129 END
START 14348 2844 -9352 5233 4051 791 END
START 7072 1956 -3700 1940 1605 237 END
START 9340 1180 -4648 106 1400 159 END
START 8064 1440 -4500 -1730 240 0 END
START 8608 1268 -6032 -3509 480 -241 END
START 8032 1356 -6348 -6103 175 -558 END
START 8124 1020 -6692 -9144 918 -1272 END
START 6920 528 -6864 -12179 1845 -1380 END
START 6768 112 -7132 -15222 1956 -1688 END
START 7124 -876 -6552 -18175 1882 -2146 END
START 7456 -1424 -5792 -21195 1697 -2941 END
START 8808 -2220 -5144 -24788 3465 -4261 END
START 8296 -3636 -2748 -28174 5611 -5783 END
START 7140 -5288 -900 -30203 6504 -6958 END
START 6920 -6736 36 -31466 7057 -7580 END
START 7808 -8428 1064 -32768 7729 -7653 END
START 9460 -8380 3588 -32768 9573 -7830 END
START 11372 -8304 6940 -32768 10718 -8569 END
START 13592 -6916 9716 -32768 14771 -12456 END
START 4520 -8316 15744 -32768 13948 -15945 END
START -4680 -8956 24376 -32768 2231 -15581 END
START -3824 -8192 32767 -32768 -7249 -13225 END
START -1348 -7268 32767 -30956 -7288 -12331 END
START -788 -6264 32767 -26413 -1448 -12112 END
START -4176 -6076 32767 -20950 2849 -9927 END
START -5960 -5092 32767 -13377 2156 -5481 END
START -1816 -2756 32767 -5292 -626 -1364 END
START 3308 -320 32767 -267 -315 -867 END
START 4560 384 32767 3850 69 -432 END
START 7336 1248 32767 7220 -362 -277 END
START 10224 2016 32767 9853 -898 -368 END
START 15220 3320 31936 11137 -2060 -2138 END
START 17616 3128 29244 12161 -4119 -5345 END
START 19964 2300 27540 14116 -6352 -8834 END
START 22596 2048 25056 14756 -5828 -13103 END
START 23124 1076 22896 15025 -2957 -17750 END
START 21792 132 20784 14604 -865 -22369 END
START 21548 -800 19820 13570 840 -27210 END
START 16480 -3296 21220 13702 1394 -31573 END
START 12280 -5136 22140 15849 -1014 -32768 END
START 7872 -6776 22260 19578 -5182 -32768 END
START 6276 -7328 18444 21904 -5893 -32768 END
START 992 -8972 12732 21375 -3017 -32768 END
START -3804 -8804 8516 19146 -269 -32217 END
START -6996 -8504 4628 15630 2012 -27278 END
START -8928 -7900 4240 12928 2060 -22340 END
START -10880 -6644 1776 10643 3854 -17506 END