START 7972 7424 -2112 -1057 4866 10363 END
START 10856 2040 -15244 218 4325 10262 END
START 9552 8756 -3316 -1863 4468 10238 END
START 7756 7352 -2512 -205 4624 10236 END
START 7868 7060 -3092 -1049 3700 10007 END
START 9156 7372 -3912 -808 3265 9892 END
START 9328 7296 -4624 -1080 2850 9812 END
START 9260 7080 -4760 -1174 2474 9658 END
START 10104 7112 -5800 -1410 2293 9513 END
START 9948 7088 -5372 -1737 2117 9273 END
START 10416 7184 -5700 -2071 1841 9001 END
START 11516 7460 -6308 -2503 1631 8634 END
START 12600 7360 -6752 -2907 1671 8195 END
START 13152 7308 -6864 -3374 1703 7677 END
START 13048 7076 -6212 -3814 1478 6993 END
START 13048 7048 -5716 -4329 956 6371 END
START 13108 6984 -5344 -4706 448 5780 END
START 13096 6900 -5052 -5039 100 5165 END
START 13244 7000 -4856 -5331 -207 4509 END
START 13392 7092 -4640 -5580 -490 3854 END
START 13420 7088 -4640 -5830 -673 3132 END
START 13228 7096 -4440 -6003 -825 2499 END
START 12972 7080 -4388 -6243 -1083 1795 END
START 12780 7000 -4196 -6534 -1422 1155 END
START 12460 6944 -3996 -6847 -1805 586 END
START 12144 6576 -4028 -7137 -2115 90 END
START 11788 6688 -3848 -7460 -2375 -309 END
START 11420 6612 -4296 -7797 -2526 -640 END
START 11300 6780 -4084 -8141 -2541 -865 END
START 10704 6840 -4316 -8503 -2511 -1033 END
START 10348 6756 -4536 -8941 -2340 -1110 END
START 9880 6692 -4508 -9451 -2263 -1059 END
START 9352 6764 -4360 -9990 -2215 -1010 END
START 9048 6656 -4368 -10556 -2085 -864 END
START 8708 6764 -4264 -11105 -1893 -719 END
START 8676 6848 -4096 -11688 -1638 -500 END
START 8408 6900 -4040 -12246 -1287 -315 END
START 8356 6880 -3964 -12770 -902 -135 END
START 8220 6876 -4096 -13342 -431 -26 END
START 8176 6852 -4284 -13920 18 76 END
START 7960 6724 -4192 -14561 495 166 END
START 7784 6688 -4296 -15128 975 246 END
START 7416 6588 -4088 -15853 1431 351 END
START 7168 6544 -3968 -16618 1903 394 END
START 6728 6480 -3636 -17436 2318 463 END
START 6276 6236 -3032 -18181 2695 550 END
START 5984 5936 -2844 -18840 3048 634 END
START 5536 5592 -2324 -19400 3412 650 END
START 5056 5336 -2036 -19920 3761 731 END
START 4548 5136 -1840 -20388 3999 776 END
START 4000 5092 -1700 -20797 4200 833 END
START 3680 5084 -1700 -21240 4317 1000 END
START 3236 5076 -1408 -21688 4299 1114 END
START 2936 5280 -1432 -22253 4221 1235 END
START 2812 5476 -1196 -22855 4083 1403 END
START 2692 5400 -880 -23514 3841 1529 END
START 2628 5480 -628 -24167 3610 1742 END
START 2756 5328 -256 -24795 3407 1969 END
START 2756 4888 252 -25307 3341 2199 END
START 2812 4620 644 -25710 3292 2479 END
START 2844 4444 788 -25989 3275 2785 END
START 2896 4548 1180 -26228 3284 3134 END
START 2740 4472 1428 -26483 3268 3501 END
START 2640 4592 1648 -26688 3128 3856 END
START 2680 4636 2032 -26952 3012 4196 END
START 2600 4548 1952 -27253 2866 4589 END
START 2572 4680 2192 -27610 2753 4953 END
START 2464 4808 2376 -28008 2622 5321 END
START 2464 4932 2636 -28445 2488 5670 END
START 2560 4812 2964 -28812 2435 5995 END
START 2644 4828 3360 -29242 2283 6285 END
START 2800 4852 3664 -29627 2147 6577 END
START 3008 4956 3944 -29941 2018 6819 END
START 3048 4788 4244 -30296 1873 7062 END
START 3352 4568 4468 -30655 1741 7206 END
START 3724 4680 4376 -30998 1705 7452 END
START 4016 4912 4604 -31448 1753 7647 END
START 4152 5136 5020 -31924 1884 7864 END
START 4592 5216 5340 -32457 2056 8015 END
START 4844 5228 5836 -32768 2326 8217 END
START 5208 5240 6908 -32768 2591 8429 END
START 5512 5220 7912 -32768 2880 8598 END
START 6004 5336 8980 -32768 3197 8744 END
START 6540 5192 10208 -32768 3491 8803 END
START 7064 5088 11048 -32768 3838 8850 END
START 7700 5400 12132 -32768 4286 8845 END
START 8232 5496 13268 -32768 4724 8745 END
START 8940 5648 14508 -32768 5223 8579 END
START 9508 5756 15856 -32768 5662 8330 END
START 10148 5840 17076 -32768 6140 7984 END
START 10776 5804 18556 -32768 6585 7529 END
START 11428 5568 19700 -32768 6929 6964 END
START 11680 5456 21020 -32241 7133 6267 END
START 12020 5268 22348 -31650 7269 5557 END
START 12208 5216 23572 -31007 7236 4780 END
START 11856 5176 24988 -30297 7018 3958 END
START 11672 5032 26140 -29506 6691 3152 END
START 11060 4840 27300 -28678 6101 2419 END
START 9864 4976 29084 -27748 5307 1691 END
START 8808 4848 30216 -26812 4308 1158 END
START 7828 4756 31904 -25713 3009 708 END
START 7088 4704 32767 -24522 1506 351 END
START 6264 4632 32767 -23125 -323 61 END
START 5616 4592 32767 -21626 -2152 -176 END
START 5024 4560 32767 -19877 -4189 -420 END
START 4728 4376 32767 -17988 -6303 -570 END
START 4448 4436 32767 -16002 -8323 -642 END
START 4424 4564 32767 -14127 -10205 -677 END
START 4776 4936 32767 -12104 -11919 -641 END
START 5308 5200 32767 -10317 -13386 -585 END
START 5796 5544 32767 -8611 -14594 -509 END
START 6652 5884 32767 -7108 -15471 -452 END
START 7460 6436 32767 -5715 -16007 -397 END
START 8484 6820 32767 -4544 -16136 -392 END
START 9592 7164 32767 -3518 -15874 -376 END
START 10636 7444 32767 -2647 -15175 -328 END
START 11488 7460 32767 -1951 -14127 -270 END
START 12388 7552 32767 -1384 -12757 -188 END
START 12944 7860 32408 -913 -11117 -72 END
START 13716 8344 30964 -656 -9220 98 END
START 14240 8872 29968 -553 -7316 287 END
START 14544 9488 29044 -658 -5399 466 END
START 14880 9788 28056 -1004 -3539 574 END
START 15104 9808 27644 -1386 -1817 635 END
START 15204 9848 27240 -1794 -482 604 END
START 15180 9916 27072 -2263 772 543 END
START 14788 9936 27340 -2608 1618 484 END
START 14528 9812 27344 -2875 2211 392 END
START 14176 9712 27540 -3007 2587 308 END
START 13936 9496 27960 -2952 2809 295 END
START 13780 9548 27804 -2764 2963 244 END
START 13860 9796 28172 -2525 2919 240 END
START 13776 9716 28200 -2243 2766 222 END
START 13608 9812 28272 -1905 2454 135 END
START 13872 9736 28344 -1619 2082 -8 END
START 14052 9568 28200 -1323 1705 -191 END
START 14264 9524 28384 -1018 1294 -400 END
START 14220 9384 28460 -725 817 -595 END
START 14288 9424 28416 -360 383 -808 END
START 14316 9360 28668 94 1 -985 END
START 14512 9292 28688 614 -305 -1149 END
START 14680 9204 28668 1152 -576 -1348 END
START 15072 9060 28568 1779 -772 -1546 END
START 15232 9036 28432 2412 -907 -1768 END
START 15468 8980 28308 3069 -995 -2018 END
START 15720 9148 27976 3655 -1051 -2272 END
START 16000 8972 27488 4306 -1028 -2605 END
START 16152 9104 27080 4907 -952 -2924 END
START 16388 9040 26684 5463 -912 -3282 END
START 16420 9020 26608 5914 -868 -3627 END
START 16508 9024 26232 6387 -828 -3945 END
START 17040 9048 25948 6791 -719 -4299 END
START 17516 9012 25472 7198 -458 -4606 END
START 18124 9044 25100 7580 -87 -4980 END
START 18640 9080 24588 7943 328 -5410 END
START 19024 9056 24392 8314 721 -5910 END
START 19420 9120 23960 8621 1121 -6484 END
START 19652 9124 23984 8878 1407 -7059 END
START 20088 9056 23536 9156 1733 -7689 END
START 20260 9056 23408 9375 2012 -8352 END
START 20436 9088 23120 9612 2301 -9017 END
START 20584 9044 23076 9801 2566 -9726 END
START 20708 8964 23040 10005 2824 -10467 END
START 20704 8820 23224 10243 3038 -11226 END
START 20528 8688 23444 10555 3228 -11997 END
START 20292 8664 23580 10886 3335 -12744 END
START 19880 8332 23744 11290 3451 -13490 END
START 19400 8252 24092 11785 3414 -14208 END
START 18912 7972 24372 12309 3261 -14887 END
START 18696 7776 24628 12930 2980 -15526 END
START 18544 7392 24948 13649 2629 -16121 END
START 18468 7096 25284 14415 2254 -16752 END
START 18428 6764 25596 15277 1830 -17375 END
START 18620 6516 25728 16228 1432 -18008 END
START 19044 6452 25508 17211 1140 -18662 END
START 19656 6256 25440 18141 930 -19428 END
START 20700 6148 25204 19104 898 -20359 END
START 21508 5976 24708 19966 1015 -21425 END
START 22116 5764 24180 20797 1186 -22635 END
START 22372 5356 23580 21570 1480 -23972 END
START 22336 5172 23112 22326 1784 -25365 END
START 22040 4908 22524 23035 2008 -26682 END
START 21288 4672 21976 23739 2183 -27949 END
START 20232 4384 20700 24410 2262 -29215 END
START 19220 4068 19512 24972 2366 -30429 END
START 17940 3984 18464 25439 2363 -31497 END
START 16600 3880 17120 25669 2384 -32347 END
START 15164 3772 16060 25866 2311 -32768 END
START 13740 3708 15124 25879 2111 -32768 END
START 12200 3696 13980 25786 1853 -32768 END
START 10772 3748 13080 25564 1518 -32768 END
START 9400 3856 12456 25323 1191 -32768 END
START 8136 3864 11500 24925 901 -32768 END
START 7048 3812 10512 24440 653 -32768 END
START 5896 3748 9872 23890 453 -32768 END
START 4700 3668 9112 23353 153 -32768 END
START 3752 3640 8992 22844 -108 -32768 END
START 2904 3648 8404 22316 -345 -32768 END
START 2316 3608 8012 21806 -458 -32573 END
START 1672 3564 7748 21338 -446 -31986 END
START 964 3484 7240 20953 -428 -31389 END
START 292 3596 7180 20531 -527 -30727 END
START -416 3776 6724 20076 -646 -30075 END
START -780 3856 6148 19693 -746 -29415 END
START -996 3668 5704 19271 -775 -28749 END
START -1428 3788 4972 18832 -784 -28031 END
START -1776 3948 4576 18253 -651 -27290 END
START -2168 4160 3852 17623 -418 -26532 END
START -2708 4420 3420 16982 -171 -25786 END
START -3188 4424 3008 16229 155 -24970 END
START -3628 4552 2684 15463 456 -24199 END
START -4228 4628 2604 14606 781 -23503 END
START -4772 4668 2544 13714 1035 -22745 END
START -5320 4648 2740 12894 1308 -21960 END
START -5604 4464 2940 12121 1666 -21187 END
START -5676 4320 3012 11511 2062 -20409 END
START -5804 4096 3252 11022 2444 -19601 END
START -5856 3996 3380 10676 2872 -18852 END
START -6064 3872 3212 10405 3256 -18149 END
START -6588 4124 3560 10189 3393 -17497 END
START -6936 4328 3408 9888 3273 -16899 END
START -7060 4364 3476 9583 2966 -16294 END
START -7120 4228 3228 9213 2553 -15706 END
START -7216 3896 3008 8911 2125 -15053 END
START -7348 3664 2988 8665 1777 -14370 END
START -7428 3680 2668 8526 1554 -13670 END
START -8084 4064 2372 8409 1297 -12935 END
START -8328 4372 1792 8268 1111 -12160 END
START -8416 4940 1500 8020 903 -11392 END
START -8324 5024 888 7675 849 -10699 END
START -8052 4896 708 7316 745 -10073 END
START -7916 4712 856 6911 670 -9486 END
START -7652 4704 1000 6578 597 -8972 END
START -7380 4652 812 6336 658 -8465 END
START -7160 4392 688 6174 748 -7964 END
START -7192 4396 720 6094 897 -7463 END
START -7172 4392 412 6041 1033 -6966 END
START -7424 4392 264 5972 1155 -6439 END
START -7572 4280 -100 5821 1250 -5920 END
START -7592 4468 -636 5608 1346 -5445 END
START -7724 4676 -936 5333 1377 -4915 END
START -7844 4668 -1300 4958 1377 -4400 END
START -7820 4808 -1756 4498 1396 -3906 END
START -8076 4864 -2380 3918 1458 -3423 END
START -8024 4956 -2796 3268 1527 -2930 END
START -8324 5028 -2644 2549 1565 -2432 END
START -8776 5000 -2740 1735 1553 -1885 END
START -8988 4972 -2796 1033 1454 -1310 END
START -9400 4956 -2524 290 1361 -692 END
START -9568 4844 -2172 -276 1310 -88 END
START -9628 4780 -1992 -823 1174 581 END
START -9832 4732 -1560 -1293 998 1252 END
START -9876 4872 -1128 -1753 881 1975 END
START -9692 4992 -652 -2156 741 2670 END
START -9524 5124 -208 -2474 611 3422 END
START -9156 5052 -60 -2777 526 4138 END
START -8796 4852 444 -3094 488 4787 END
START -8220 4844 1036 -3365 470 5365 END
START -7880 4888 1796 -3584 408 5952 END
START -7412 5224 2384 -3789 363 6509 END
START -8492 6256 3700 -3933 -76 6955 END
START -6832 6780 3832 -4293 -343 7329 END
START -5588 5804 3972 -4378 -293 7560 END
START -4980 5832 4700 -4379 -247 7691 END
START -3992 5492 5132 -4257 -115 7785 END