START 19652 8564 -12956 7974 1338 950 END
START 15840 3620 -15220 4593 -274 -218 END
START 2528 2676 -6460 1894 -1818 -775 END
START 1108 1676 -5792 -933 -2092 -1206 END
START 4060 980 -8620 -3208 -2836 -832 END
START 4688 568 -9392 -6339 -2776 -754 END
START 4944 424 -9884 -9657 -4145 -812 END
START 3348 -748 -7060 -12552 -3906 -844 END
START 3892 -1004 -7356 -15632 -1436 -633 END
START 3260 -1820 -7480 -18904 1729 -715 END
START 2016 -2856 -7256 -22032 3368 -442 END
START 1244 -3788 -7008 -25005 3687 -157 END
START 1336 -4696 -7284 -28046 2805 162 END
START 1384 -6356 -5836 -31617 1980 275 END
START 1892 -7716 -3600 -32768 2043 587 END
START 2240 -9012 -932 -32768 4279 842 END
START 1076 -10104 3248 -32768 5675 1501 END
START 668 -11112 8264 -32768 5745 2530 END
START 2604 -11284 16400 -32768 2505 2801 END
START 8320 -9812 25852 -32768 319 787 END
START 12364 -8868 32767 -32768 -453 -3297 END
START 12760 -8728 32767 -32768 -3734 -7395 END
START 12580 -6164 32767 -32727 -3707 -7658 END
START 14792 -1928 32767 -27774 606 -6279 END
START 15560 2268 32767 -20454 4524 -6758 END
START 15428 4064 32767 -11949 5579 -8447 END
START 15316 5260 32767 -4833 4882 -9950 END
START 15512 5264 32767 591 3158 -10656 END
START 16128 5416 32767 4726 2463 -11375 END
START 17300 5284 32767 7948 2835 -12020 END
START 19472 4808 32767 10037 3754 -13058 END
START 21976 3904 32767 11860 2951 -15416 END
START 23108 3196 32767 14479 -678 -18962 END
START 25660 1732 32767 17528 -4387 -24334 END
START 25672 -188 32767 20693 -6164 -31218 END
START 22540 -4000 32767 22969 -2442 -32768 END
START 18044 -7804 32767 23844 4064 -32768 END
START 11072 -12068 32664 26292 6310 -32768 END
START 2516 -16076 28468 30856 2051 -32768 END
START -1828 -16204 20656 32767 -3214 -32768 END
START -6224 -15624 13020 32767 -2147 -32768 END
START -11424 -13888 6204 31038 1145 -30358 END