START 26828 9232 -14632 -2664 -1477 5200 END
START 23436 1212 -12932 -4296 -688 1767 END
START 16880 1588 -9300 -5364 990 219 END
START 4700 700 -3016 -6890 1369 128 END
START 4584 680 -3816 -8960 4319 553 END
START 9104 640 -7820 -10521 5725 1022 END
START 5512 820 -5624 -12260 6148 951 END
START 5168 460 -7152 -14576 6454 119 END
START 5900 -580 -8340 -17180 6114 -454 END
START 4656 -1580 -7112 -19668 4446 -327 END
START 5416 -2748 -6492 -22324 4502 -155 END
START 5744 -4128 -5020 -25581 6415 135 END
START 6192 -5348 -2936 -28498 9551 72 END
START 6708 -5900 -904 -30966 12192 -327 END
START 6988 -7344 648 -32751 13525 -1331 END
START 5748 -9048 1796 -32768 13885 -2557 END
START 4592 -10828 4264 -32768 12160 -3311 END
START 2260 -13152 9780 -32768 9012 -2867 END
START 4588 -13304 17964 -32768 6103 -2162 END
START 8712 -12004 25608 -32768 8447 -4090 END
START 7296 -12324 32328 -32768 9939 -5940 END
START 5548 -12544 32767 -32768 7174 -6836 END
START 4436 -12572 32767 -29149 1992 -5538 END
START 6772 -11664 32767 -24276 -759 -3329 END
START 11236 -9812 32767 -18004 -678 -1641 END
START 15660 -7056 32767 -12936 3347 -1864 END
START 15896 -5912 32767 -8852 7170 -2905 END
START 15268 -5364 32767 -4810 7377 -3853 END
START 15140 -4960 32767 -1072 6095 -3769 END
START 15932 -4276 32767 2696 4215 -3862 END
START 18952 -3672 32767 5836 2490 -5255 END
START 22288 -3144 30416 7844 1932 -8398 END
START 24840 -2624 26800 8852 2051 -12869 END
START 25676 -3220 24600 10108 1245 -17876 END
START 24560 -4060 21520 11207 1010 -22505 END
START 26212 -4052 20440 11718 1804 -26659 END
START 25332 -4472 18756 11677 5127 -31800 END
START 24140 -5556 17604 11228 8653 -32768 END
START 19404 -7604 16372 10751 11118 -32768 END
START 14064 -8392 15992 11331 10988 -32768 END
START 10384 -8532 16552 12649 9542 -32768 END
START 4876 -9792 17252 14982 7024 -32768 END
START 104 -10080 16304 17319 4009 -32768 END
START -2552 -10428 15016 18520 2795 -32768 END
START -6208 -10572 13868 18746 2778 -32768 END
START -9320 -9964 11860 18610 1678 -27660 END