START 11836 11256 5132 5922 835 2606 END
START 13716 6844 -5652 7346 50 2117 END
START 13256 13104 4104 5658 832 2030 END
START 12740 10728 1984 6935 1511 1565 END
START 12604 10300 1660 6293 1184 1050 END
START 12388 10288 1324 6360 1085 577 END
START 11476 10424 876 5919 940 261 END
START 10220 10256 828 5608 695 77 END
START 10092 10284 168 5268 510 -53 END
START 9660 10120 -380 4948 517 -83 END
START 9596 9980 -1024 4546 496 -38 END
START 9292 9744 -1668 4126 487 68 END
START 9072 9736 -1820 3667 559 197 END
START 8532 9508 -2048 3152 591 403 END
START 8544 9492 -2600 2714 691 626 END
START 8160 9348 -2420 2223 750 817 END
START 8192 9184 -2852 1741 856 970 END
START 8256 9228 -3144 1191 934 1128 END
START 8292 9092 -3436 594 1017 1147 END
START 8472 9040 -3496 -70 1080 1178 END
START 8312 8636 -3448 -745 1051 1174 END
START 8548 8472 -3692 -1412 1104 1235 END
START 8296 8124 -3584 -2082 1156 1296 END
START 8296 7844 -3700 -2644 1225 1377 END
START 7892 7828 -3928 -3213 1314 1438 END
START 7600 7684 -3980 -3753 1269 1568 END
START 6992 7572 -4232 -4250 1157 1733 END
START 6364 7416 -4712 -4650 912 1979 END
START 6024 7568 -5136 -5207 629 2243 END
START 5872 7748 -5328 -5867 309 2534 END
START 6256 7924 -5896 -6655 127 2797 END
START 6384 7732 -6108 -7496 140 3089 END
START 6792 7744 -6092 -8426 -44 3313 END
START 6992 7576 -6076 -9291 -106 3462 END
START 7424 7388 -5728 -10145 -93 3553 END
START 7880 7244 -5568 -10932 56 3540 END
START 8308 7036 -5428 -11597 285 3488 END
START 8628 6924 -4856 -12189 478 3325 END
START 8996 6556 -4636 -12700 694 3172 END
START 9016 6524 -4152 -13096 909 2950 END
START 9172 6296 -3676 -13492 1129 2736 END
START 9276 6272 -3192 -13808 1213 2602 END
START 8988 6244 -2772 -14079 1261 2412 END
START 8940 6024 -2376 -14343 1289 2283 END
START 8868 5960 -1984 -14336 1290 2143 END
START 8948 5844 -1692 -14543 1315 1988 END
START 8920 5648 -1644 -14538 1274 1886 END
START 8884 5676 -1344 -14293 1238 1755 END
START 9236 5432 -1420 -14446 1219 1672 END
START 9096 5368 -1388 -14209 1096 1535 END
START 9344 5400 -1384 -14361 935 1446 END
START 9440 5628 -1464 -14333 759 1290 END
START 9896 5732 -1740 -14497 578 1102 END
START 9920 5604 -1868 -14366 439 872 END
START 10000 5500 -2224 -14659 266 579 END
START 9972 5568 -2316 -14707 79 347 END
START 9828 5396 -2788 -14803 -139 101 END
START 9692 5468 -3108 -15209 -409 -100 END
START 9480 5432 -3644 -15492 -769 -255 END
START 9280 5564 -4112 -16023 -1137 -417 END
START 9132 5528 -4324 -16637 -1560 -527 END
START 8944 5640 -4464 -17342 -2030 -582 END
START 8976 5600 -4324 -18085 -2474 -582 END
START 9120 5480 -4464 -18903 -2823 -593 END
START 9236 5404 -4524 -19699 -3091 -589 END
START 9212 5184 -3696 -20393 -3364 -656 END
START 9408 5004 -3088 -20966 -3599 -673 END
START 9808 4908 -2864 -21499 -3765 -748 END
START 10020 4620 -2024 -21980 -3888 -905 END
START 10228 4508 -1436 -22394 -4028 -1043 END
START 10240 4536 -808 -22842 -4152 -1205 END
START 10400 4664 -364 -23245 -4137 -1359 END
START 10612 4672 216 -23668 -4008 -1457 END
START 10716 4680 876 -24007 -3790 -1592 END
START 10824 4372 1276 -24365 -3510 -1720 END
START 11032 4292 1712 -24691 -3110 -1883 END
START 11032 4096 2152 -24957 -2753 -2064 END
START 10676 4160 2464 -25236 -2396 -2213 END
START 10456 4060 2812 -25513 -2074 -2322 END
START 10172 3988 3180 -25858 -1765 -2379 END
START 9596 4064 3756 -26153 -1500 -2369 END
START 9308 3908 4196 -26449 -1277 -2292 END
START 8736 3864 4900 -26715 -1155 -2176 END
START 8128 3792 5512 -26886 -1129 -1980 END
START 7692 3544 6052 -26939 -1164 -1685 END
START 7392 3424 6884 -27032 -1296 -1398 END
START 6968 3276 7348 -27025 -1451 -1013 END
START 6696 3272 8324 -27045 -1643 -588 END
START 6384 3288 9012 -27019 -1836 -196 END
START 6076 3344 9464 -26940 -2002 264 END
START 5820 3236 10316 -26865 -2129 776 END
START 5700 3220 11128 -26727 -2179 1281 END
START 5484 3212 11868 -26587 -2264 1806 END
START 5052 3204 12484 -26416 -2335 2360 END
START 4512 3112 13168 -26228 -2398 2930 END
START 4016 3080 13908 -26004 -2451 3568 END
START 3368 3252 14732 -25801 -2564 4264 END
START 2744 3340 15524 -25591 -2598 4986 END
START 2220 3548 16104 -25330 -2638 5797 END
START 1676 3668 16884 -25047 -2648 6598 END
START 1064 3696 17636 -24739 -2730 7460 END
START 1076 3892 18424 -24368 -2734 8320 END
START 1028 4016 19184 -23964 -2662 9211 END
START 1284 4100 20004 -23432 -2597 10064 END
START 1420 4180 20740 -22797 -2498 10844 END
START 1588 4396 21360 -22126 -2271 11591 END
START 1788 4488 22088 -21404 -2147 12277 END
START 2008 4796 22280 -20667 -2086 12751 END
START 2196 5200 22780 -19916 -2158 13436 END
START 2356 5484 22884 -19223 -2293 13957 END
START 2832 5864 22724 -18645 -2316 14433 END
START 3036 6192 22832 -18153 -2421 14872 END
START 3324 6468 22728 -17734 -2489 15304 END
START 3600 6932 22376 -17413 -2620 15697 END
START 3824 7216 22472 -17182 -2772 16095 END
START 4080 7532 22312 -17007 -2914 16493 END
START 4472 7872 22608 -16913 -3055 16874 END
START 4884 8076 22668 -16834 -3179 17226 END
START 5688 8308 23088 -16854 -3263 17593 END
START 6480 8364 23312 -16875 -3339 17798 END
START 7972 8248 23824 -16936 -3443 17901 END
START 9564 8040 24624 -17027 -3461 17868 END
START 11356 7892 25640 -17088 -3412 17614 END
START 13008 7876 26492 -17106 -3332 17145 END
START 14336 7716 27480 -17045 -3341 16418 END
START 15716 7592 28948 -16937 -3429 15547 END
START 16868 7368 30004 -16729 -3579 14477 END
START 18032 7280 31048 -16469 -3664 13311 END
START 18916 7472 32044 -16120 -3679 12078 END
START 19772 7372 32767 -15723 -3562 10728 END
START 20492 7384 32767 -15077 -3415 9352 END
START 20792 7476 32767 -14539 -3194 7914 END
START 20788 7424 32767 -13637 -2987 6595 END
START 20556 7352 32767 -12682 -2843 5223 END
START 20244 7292 32767 -11612 -2744 4029 END
START 19884 7260 32767 -10522 -2661 2866 END
START 19340 7212 32767 -9290 -2609 1762 END
START 18716 7112 32767 -8041 -2677 770 END
START 18196 7004 32767 -6873 -2741 -31 END
START 17544 7180 32767 -5692 -2868 -842 END
START 16824 7152 32767 -4674 -3073 -1547 END
START 16344 7368 32767 -3759 -3308 -2191 END
START 15708 7352 32767 -3038 -3609 -2716 END
START 15236 7264 32767 -2376 -3906 -3105 END
START 14684 7280 32767 -1753 -4174 -3435 END
START 14340 7468 32767 -1180 -4333 -3685 END
START 14224 7444 32767 -579 -4370 -3907 END
START 14152 7460 32767 59 -4271 -4081 END
START 14124 7512 32767 654 -4085 -4260 END
START 14092 7432 32584 1252 -3808 -4495 END
START 13928 7468 32344 1880 -3452 -4657 END
START 13688 7472 32052 2457 -3074 -4850 END
START 13600 7576 31752 3078 -2675 -5021 END
START 13596 7584 31512 3722 -2239 -5162 END
START 13620 7572 31064 4435 -1750 -5333 END
START 13856 7684 30456 5125 -1212 -5494 END
START 13988 7840 29584 5761 -594 -5713 END
START 14124 7800 28824 6377 -4 -5953 END
START 14124 7912 28264 6851 535 -6244 END
START 14184 7804 27452 7345 951 -6560 END
START 14372 7768 26788 7789 1266 -6944 END
START 14208 7732 25972 8207 1484 -7343 END
START 14028 7692 24992 8611 1644 -7772 END
START 13928 7884 24036 8956 1706 -8201 END
START 13860 8084 23304 9212 1685 -8594 END
START 14092 8184 22420 9378 1609 -8918 END
START 14340 8320 21992 9473 1524 -9325 END
START 14836 8316 21364 9552 1451 -9799 END
START 15080 8144 21368 9617 1249 -10288 END
START 15068 7984 20964 9726 957 -10892 END
START 15092 7716 20796 9834 618 -11526 END
START 14936 7668 20800 10047 264 -12120 END
START 14784 7660 20496 10282 -145 -12686 END
START 14824 7616 20612 10517 -579 -13215 END
START 14684 7484 20712 10789 -1034 -13712 END
START 14708 7308 20852 11106 -1453 -14213 END
START 14916 7232 20964 11502 -1982 -14713 END
START 15356 7132 21136 11930 -2516 -15286 END
START 15944 7028 21276 12386 -2937 -15877 END
START 16880 7048 21320 12877 -3281 -16630 END
START 17784 6948 21512 13392 -3541 -17544 END
START 18676 6924 21948 13964 -3777 -18639 END
START 19344 6700 22240 14534 -4039 -19828 END
START 19836 6432 22756 15201 -4336 -21218 END
START 20224 6196 22884 15859 -4560 -22624 END
START 20812 5968 22648 16631 -4633 -24156 END
START 21060 5792 22792 17361 -4511 -25543 END
START 21152 5504 22744 18149 -4320 -26940 END
START 21352 5400 22560 19022 -4036 -28309 END
START 21184 4968 22284 19833 -3710 -29661 END
START 21088 4516 21928 20723 -3413 -31080 END
START 20828 4204 21056 21572 -3123 -32516 END
START 20556 3872 20204 22290 -2788 -32768 END
START 20324 3824 19180 22834 -2335 -32768 END
START 19692 3616 17916 23274 -1820 -32768 END
START 18836 3280 16876 23514 -1327 -32768 END
START 17248 3016 15404 23628 -882 -32768 END
START 16344 2872 14592 23642 -413 -32768 END
START 15400 2528 13744 23583 126 -32768 END
START 14752 2524 12564 23460 753 -32768 END
START 13704 2332 11704 23240 1401 -32768 END
START 12672 2284 10908 23072 1924 -32768 END
START 11496 2096 9928 22799 2306 -32768 END
START 10296 1876 8980 22449 2520 -32768 END
START 9328 1744 8232 22040 2566 -32768 END
START 8828 1644 7032 21578 2556 -32768 END
START 8408 1832 6060 20927 2518 -32768 END
START 7956 1952 5160 20243 2497 -32768 END
START 7520 1960 4356 19416 2389 -32768 END
START 6748 2036 4132 18603 2209 -32768 END
START 5520 1912 4020 17772 1818 -32768 END
START 4572 1756 3944 16968 1339 -32768 END
START 3772 1600 4188 16192 907 -32768 END
START 3476 1632 4320 15470 561 -32768 END
START 3528 1688 4304 14848 375 -32768 END
START 3632 1488 4356 14366 506 -32768 END
START 3944 1356 4388 13967 772 -32768 END
START 3908 1024 4648 13700 1179 -32768 END
START 3072 724 5376 13440 1494 -32768 END
START 1932 448 5892 13299 1686 -32768 END
START 148 376 6480 13209 1676 -32768 END
START -1076 216 6660 13212 1619 -32768 END
START -2892 140 7020 13321 1497 -32768 END
START -4620 276 7204 13452 1427 -32768 END
START -6416 516 7160 13667 1380 -32768 END
START -8040 772 7260 13895 1312 -32768 END
START -9428 920 7064 14188 1240 -32768 END
START -10480 1068 6888 14496 1081 -32768 END
START -11632 1436 6556 14784 945 -32768 END
START -12548 1804 6020 15111 883 -31539 END
START -13328 2080 5556 15313 803 -29947 END
START -13848 2220 5268 15462 650 -28390 END
START -14440 2488 4588 15533 406 -26661 END
START -14948 2528 4012 15482 125 -24926 END
START -15468 2852 3532 15357 -156 -23181 END
START -15724 3172 2988 15195 -415 -21340 END
START -15848 3340 2496 14978 -608 -19633 END
START -15612 3608 1864 14699 -815 -17940 END
START -15552 3948 1444 14366 -970 -16361 END
START -15240 4148 1092 14007 -1131 -14816 END
START -15104 4332 668 13587 -1332 -13355 END
START -15004 4324 520 13109 -1572 -11908 END
START -14424 4492 4 12619 -1750 -10543 END
START -14096 4804 -412 12068 -1795 -9243 END
START -13548 4948 -628 11389 -1685 -8028 END
START -12884 5232 -864 10689 -1453 -6892 END
START -12256 5324 -1044 9947 -1161 -5858 END
START -11856 5448 -1164 9276 -846 -4936 END
START -11432 5528 -1112 8589 -499 -4088 END
START -11468 5504 -1052 7945 -304 -3278 END
START -11152 5436 -824 7378 -185 -2542 END
START -10548 5484 -1088 6727 -6 -1783 END
START -10108 5628 -1916 6100 331 -1081 END
START -9468 5916 -2236 5418 826 -378 END
START -8964 5976 -2572 4688 1508 278 END
START -8296 6164 -2952 3849 2242 905 END
START -7840 6136 -2804 2919 3073 1541 END
START -7836 6136 -2848 2075 3798 2091 END
START -7864 6388 -2640 1218 4438 2675 END
START -7900 6584 -2340 417 4994 3297 END
START -8264 6984 -2112 -402 5474 3905 END
START -8404 6908 -1956 -1256 5965 4545 END
START -8788 6880 -1376 -2166 6383 5292 END