START 24404 13056 -15616 4356 2649 2748 END
START 15064 2640 -13200 -113 -571 1454 END
START 11020 544 -8196 -2353 -1625 732 END
START 6700 -152 -4508 -4058 -3292 101 END
START 7492 -228 -5432 -6280 -3311 -1151 END
START 7496 -404 -8116 -10115 -2975 -1836 END
START 7520 -1260 -7944 -14345 -4141 -1786 END
START 7912 -2160 -6936 -17660 -5458 -1432 END
START 8396 -2920 -6576 -20672 -6044 -1101 END
START 10348 -3400 -6460 -23903 -5855 -1279 END
START 10844 -4512 -5852 -27946 -4369 -2655 END
START 10072 -6416 -5272 -32677 -2393 -3977 END
START 8056 -8688 -2864 -32768 -2043 -4591 END
START 7540 -10524 1484 -32768 -3287 -4771 END
START 7404 -11144 5108 -32768 -2950 -4394 END
START 7348 -11220 11700 -32768 150 -4124 END
START 7620 -10876 18972 -32768 3384 -4997 END
START 6940 -12396 29444 -32768 3800 -7146 END
START 4548 -12548 32767 -32768 -172 -9174 END
START 2984 -12536 32767 -32768 -5221 -9288 END
START 4912 -10404 32767 -25630 -7072 -6250 END
START 8124 -7508 32767 -19642 -1977 -3710 END
START 9292 -5360 32767 -14311 2766 -1538 END
START 12856 -2612 32767 -9289 5677 -1347 END
START 14328 -1004 32767 -4662 8618 -2427 END
START 14700 300 32767 -89 9860 -4323 END
START 15284 252 32767 3485 8586 -6376 END
START 15996 344 31304 6442 6304 -8775 END
START 16020 -284 28192 8249 4679 -10960 END
START 17620 -848 26640 9198 2862 -12563 END
START 21124 -1392 26968 10555 2482 -15075 END
START 23320 -1760 27392 12327 1303 -18096 END
START 23712 -1544 27772 15186 -1868 -21574 END
START 25392 -1560 27696 18173 -4811 -24836 END
START 26680 -1664 24936 20165 -3950 -29004 END
START 23520 -2944 21324 20191 -1816 -32768 END
START 19260 -5108 18424 19334 -155 -32768 END
START 14860 -7172 16032 17748 1669 -32768 END
START 8276 -10392 15032 16658 3759 -32768 END
START 1720 -12148 12664 16273 3828 -32768 END
START -7244 -13792 12276 17349 570 -32768 END
START -11524 -13700 10748 19555 -6218 -32768 END
START -11116 -11592 6684 19646 -9823 -28338 END
START -11712 -9076 1552 16152 -7907 -24333 END
START -12696 -7684 -3040 9332 -3470 -20058 END
START -13312 -6964 -4140 1571 2601 -15242 END
START -15228 -6864 -3080 -5024 7217 -10653 END
START -14532 -7728 -592 -8910 8678 -6047 END