START 12796 7860 -11000 -2653 4661 1923 END
START 7036 684 -10308 -4337 1068 2091 END
START 5232 -252 -7332 -6236 -228 2101 END
START 1680 -820 -4924 -8555 797 1869 END
START 4356 -784 -5860 -11346 2541 1258 END
START 4440 -1340 -6408 -13938 2936 -56 END
START 3132 -2316 -7108 -16783 1436 -705 END
START 2356 -3532 -6196 -19922 -196 -878 END
START 2044 -5048 -5320 -23432 -577 -420 END
START 2200 -6612 -3800 -26988 139 29 END
START 3136 -8084 -2588 -29864 1229 177 END
START 4920 -9708 -1568 -32768 3231 -949 END
START 5916 -11792 -208 -32768 5682 -3473 END
START 4024 -14376 3692 -32768 7671 -6387 END
START -604 -15624 9984 -32768 6081 -8607 END
START -5688 -15356 19352 -32768 0 -8391 END
START -5084 -14208 27736 -32768 -2686 -5099 END
START -456 -12872 32767 -32768 232 -860 END
START 5992 -11172 32767 -32768 5465 811 END
START 8924 -9764 32767 -32768 9140 789 END
START 11248 -8820 32767 -28898 10034 163 END
START 11984 -8536 32767 -22352 9134 -1227 END
START 11648 -7760 32767 -13972 5340 -2265 END
START 14244 -5288 32767 -6005 3459 -3755 END
START 13928 -3956 32767 -1151 5338 -5271 END
START 12368 -3276 32767 3155 6087 -5617 END
START 12080 -2916 32767 7408 5343 -5737 END
START 14132 -2976 32767 11012 4310 -6829 END
START 14788 -3488 32767 13760 3555 -9092 END
START 15356 -4516 32767 16161 2729 -11732 END
START 15680 -5520 32572 18572 1986 -14639 END
START 15848 -6112 31212 20132 4297 -17933 END
START 15736 -6976 28352 21443 8087 -21203 END
START 12768 -7880 24680 22562 9299 -24506 END
START 9880 -9100 22456 24934 4547 -26813 END
START 12624 -9064 19292 27226 331 -31010 END
START 12836 -10048 14552 26700 1031 -32768 END
START 10064 -11968 8488 24729 3314 -32768 END
START 2088 -14176 5248 22152 1443 -32768 END
START -5192 -15740 4152 21374 -2742 -32768 END
START -9340 -16936 3764 19120 -847 -32768 END