START 12636 9272 -4928 21399 5893 3144 END
START 11712 6336 -8716 18112 3633 2352 END
START 7240 3556 -8404 13311 1206 2630 END
START 1740 3656 -6932 8870 714 3168 END
START 5400 2888 -9304 4868 839 3216 END
START 4232 2020 -8260 2856 194 3326 END
START 1156 1572 -8432 962 25 3238 END
START 1508 1064 -10700 -1484 -977 3269 END
START 1076 420 -11588 -4634 -1446 3756 END
START -148 -620 -11352 -8149 -756 4652 END
START -992 -1280 -11852 -12027 -727 5882 END
START 404 -2032 -11392 -16690 -436 6375 END
START 1236 -3176 -9512 -20721 1052 6179 END
START 1068 -4592 -8256 -23799 1919 5595 END
START 508 -5828 -8180 -27011 2675 5295 END
START 228 -7360 -7636 -30792 2605 4741 END
START -500 -9532 -6040 -32768 2132 4541 END
START -1824 -11436 -4252 -32768 1074 5422 END
START -1896 -13000 816 -32768 -250 8301 END
START 2580 -13252 8576 -32768 -170 10561 END
START 8780 -12696 20604 -32768 -138 9747 END
START 14592 -10660 30208 -32768 2479 5603 END
START 13788 -9460 32767 -32768 6564 909 END
START 8916 -10228 32767 -32768 4753 -1090 END
START 6840 -10240 32767 -32132 -822 -186 END
START 10448 -9320 32767 -26189 -476 1297 END
START 15264 -7312 32767 -20114 5367 484 END
START 13108 -6356 32767 -13807 8729 -1298 END
START 12208 -5504 32767 -7810 7793 -1899 END
START 11872 -4988 32767 -1755 4786 -1194 END
START 15024 -3704 32767 4611 2580 -1153 END
START 17832 -3200 32767 10773 1749 -2194 END
START 22084 -2388 32767 15626 618 -4696 END
START 27876 -1684 32767 18585 645 -9777 END
START 32280 -1580 28792 19519 1357 -16539 END
START 32767 -1748 23716 19528 2664 -24915 END
START 32767 -3032 20444 18829 6138 -32768 END
START 32767 -6044 16036 18064 10214 -32768 END
START 28636 -9740 10260 16076 11896 -32768 END
START 21168 -14804 7508 14555 9850 -32768 END
START 8900 -19712 7336 15584 3791 -32768 END
START -2300 -22068 7260 16728 -2035 -32768 END
START -10924 -22148 7424 17285 -4508 -32768 END
START -18220 -21112 6736 15354 -3427 -32768 END