START 18372 13032 -12584 -1366 1881 1426 END
START 11388 5056 -10452 -4192 -2045 1010 END
START 12884 4516 -8304 -5904 -1448 1167 END
START 12876 4540 -7564 -8636 -245 314 END
START 12192 3532 -7104 -10796 1423 -1293 END
START 10124 2484 -8028 -13143 2059 -3298 END
START 8548 1112 -9812 -16039 1180 -5545 END
START 5464 -260 -10904 -19348 -1381 -7267 END
START 3852 -2688 -11164 -23059 -5695 -7891 END
START 2512 -4816 -9792 -27194 -8682 -6687 END
START 3444 -7108 -8068 -31786 -8306 -4785 END
START 4348 -10084 -3916 -32768 -6951 -2484 END
START 8740 -12644 1728 -32768 -3882 -1519 END
START 10888 -15568 7684 -32768 532 -3110 END
START 8352 -17932 13512 -32768 -141 -4944 END
START 5032 -18460 18384 -32768 -3151 -5823 END
START 3816 -16924 20984 -32768 -4761 -4293 END
START 4220 -14904 24084 -32768 -1721 -3238 END
START 5140 -14480 30696 -32768 1148 -3676 END
START 6420 -13652 32767 -32768 4210 -6354 END
START 3332 -13532 32767 -32768 6277 -9025 END
START -2552 -13060 32767 -32768 3130 -8775 END
START -4744 -10008 32767 -24005 -3905 -5831 END
START -568 -6916 32767 -16002 -7258 -2124 END
START 6500 -3508 32767 -11804 -2806 -462 END
START 9616 -1952 32767 -9152 3686 -534 END
START 9916 -1096 32767 -5924 6793 -1479 END
START 9800 -348 32767 -1487 7147 -2716 END
START 9624 84 32767 3778 5185 -3743 END
START 10684 -204 32767 8282 2787 -4730 END
START 12292 -404 32767 11532 1026 -6216 END
START 13732 -1400 32572 13482 1689 -7909 END
START 13796 -2328 31196 14584 4102 -9058 END
START 14848 -3844 30924 16490 6176 -9700 END
START 15384 -5248 30480 18603 7027 -11331 END
START 13668 -7228 30236 21253 6645 -12838 END
START 13076 -8168 29132 24782 4305 -13838 END
START 14884 -8228 27380 28293 2575 -15352 END
START 16676 -8008 23328 30441 3215 -18390 END
START 17348 -8112 19468 31038 5020 -21351 END
START 16244 -7928 13868 30147 7484 -25261 END
START 14748 -8012 7976 27332 8193 -29303 END
START 12244 -8224 3784 23267 8382 -32768 END
START 7676 -9024 1500 19872 8024 -32768 END
START 1604 -9368 -1704 16792 5270 -32768 END
START -7560 -10248 -2504 13019 -740 -32768 END
START -11928 -10524 -612 10412 -4613 -31002 END