START 21768 11248 -12780 15055 7374 4141 END
START 5800 -2200 -16728 10495 980 4275 END
START 7560 -2344 -19564 3348 -3579 4496 END
START 6264 -3516 -16812 -2876 -4675 3372 END
START 8652 -5232 -15848 -7583 -2804 1041 END
START 4700 -7168 -16364 -11551 -1211 -771 END
START 12 -8700 -17456 -16727 -2594 -98 END
START -488 -9692 -16528 -21913 -4079 1541 END
START 488 -10124 -15524 -27169 -2651 3717 END
START 2456 -9432 -14804 -32768 1658 5053 END
START 2988 -8544 -11192 -32768 6110 4790 END
START 3608 -6968 -6412 -32768 6429 2956 END
START 3984 -5304 1320 -32768 4306 562 END
START 5652 -5796 13812 -32768 4223 -1121 END
START 4956 -7216 32767 -32768 4729 -2926 END
START 6124 -7484 32767 -32768 3936 -2987 END
START 8144 -4804 32767 -32768 3288 -4095 END
START 8064 -2936 32767 -28422 1538 -4220 END
START 12192 416 32767 -19967 607 -4470 END
START 14724 1816 32767 -12005 3588 -5956 END
START 13780 2576 32767 -3778 4810 -6976 END
START 15024 2704 32767 4794 2907 -8562 END
START 19024 2984 32767 12682 535 -12439 END
START 17180 944 32767 19356 -2073 -17768 END
START 14604 -1564 32767 24413 -4664 -22199 END
START 12752 -4532 32767 28352 -5460 -26307 END
START 8056 -7396 28816 31231 -5055 -29602 END
START 3684 -9820 24232 32767 -4276 -30603 END
START 720 -11916 17844 32767 -2210 -29453 END
START -2208 -13500 10616 32767 1045 -26616 END
START -6976 -14728 3824 32767 3421 -22722 END
START -11368 -13408 -3960 30545 762 -16882 END
START -13148 -10224 -11336 24698 -7311 -11764 END
START -12812 -7876 -14640 16935 -12585 -7490 END
START -12388 -5880 -15244 10634 -14973 -2277 END
START -7008 -3456 -17612 4522 -14693 2407 END
START -2836 -1820 -19772 -3045 -9750 5014 END
START -692 -1368 -20184 -10948 -5596 6914 END
START 940 -1652 -18584 -17866 -3183 7834 END
START 3488 -2064 -16880 -24180 -1481 7918 END
START 4552 -2964 -15188 -30649 -223 6294 END
START 4628 -4896 -10736 -32768 -1313 5217 END
START 5360 -6324 -3744 -32768 -2154 4748 END
START 8304 -7048 5152 -32768 1181 5843 END
START 9764 -6812 15476 -32768 4715 6472 END
START 17480 -4744 31048 -32768 5151 4396 END
START 22252 -2152 32767 -32768 7648 -3019 END
START 17028 -744 32767 -31922 4284 -10151 END
START 12948 -960 32767 -24395 -544 -13386 END
START 14036 -1676 32767 -14454 453 -14452 END
START 11728 -2484 32767 -4234 3723 -15734 END
START 10872 -3276 32767 7118 5237 -16959 END
START 6096 -4784 32767 18222 4429 -17470 END
START 7016 -5296 32767 28583 1233 -17396 END
START 8160 -6280 32767 32767 -1149 -18776 END
START 13208 -6912 32767 32767 -2165 -22098 END
START 11864 -8708 26208 32767 -1130 -27135 END
START 7752 -9312 13872 32767 -1102 -29967 END
START 2828 -10084 5144 32767 376 -30393 END
START -4076 -10040 -816 32767 1423 -27731 END
START -5864 -9224 -6388 30220 280 -23122 END
START -6612 -7480 -10008 23036 517 -20219 END