START 12892 456 -8744 18460 4934 3645 END
START 13072 -2224 -11552 14075 1566 2427 END
START 12524 -2160 -18032 5576 4644 2084 END
START 8156 -1616 -16840 -2360 3758 2510 END
START 6084 -896 -15968 -8264 3405 3536 END
START 2376 -472 -13440 -13850 3025 3735 END
START 3536 468 -13256 -18936 2599 2847 END
START 4532 444 -12476 -23554 2620 1015 END
START 3356 172 -11308 -27553 936 -1357 END
START 1472 124 -9292 -31409 -3319 -2059 END
START 692 56 -4068 -32768 -6843 -964 END
START 3088 1332 3736 -32768 -7765 960 END
START 7296 1696 15244 -32768 -4015 2071 END
START 12888 -188 31684 -32768 2026 1755 END
START 17392 -1968 32767 -32768 5272 -2605 END
START 14540 -4084 32767 -31112 1020 -8799 END
START 12844 -4400 32767 -18066 -8203 -12546 END
START 13452 -2276 32767 -6662 -6412 -14045 END
START 10280 -848 32767 1458 743 -13077 END
START 9360 -244 32767 8732 5831 -12716 END
START 6972 -816 32767 16149 7887 -13718 END
START 3708 -2616 32767 23045 5905 -15298 END
START 912 -4812 31948 28501 1544 -16800 END
START -296 -6788 22884 32263 -635 -17716 END
START -2008 -7260 12404 32742 -1759 -17550 END
START -4792 -6836 3780 30330 -1589 -15426 END
START -5460 -6272 -2268 26126 -1089 -12992 END
START -5664 -5552 -6668 21339 -256 -10402 END
START -6236 -4332 -10312 16245 -508 -8233 END
START -6688 -3576 -12752 11278 -1694 -6051 END
START -6152 -2532 -14336 6555 -3482 -3735 END
START -4540 -1480 -16120 1424 -4726 -1914 END
START -3104 -868 -17376 -4381 -5240 -913 END
START -1528 -580 -16508 -9853 -6070 -429 END
START 1056 -648 -15380 -15063 -5304 -885 END
START 1904 -1404 -13932 -20504 -4326 -1743 END
START 2024 -2172 -11004 -25400 -5451 -2505 END
START 4528 -2684 -6660 -29696 -6701 -2924 END
START 6984 -2972 -1116 -32768 -5521 -2785 END
START 13364 -2620 9880 -32768 -2295 -2729 END
START 19220 -2032 22164 -32768 5647 -5447 END
START 16932 -1676 32767 -32768 8781 -10861 END
START 12160 -2856 32767 -30826 1571 -15781 END
START 14492 -4404 32767 -22831 -3464 -19609 END
START 12204 -6316 32767 -13470 -2473 -23281 END
START 6840 -8244 32767 -2449 406 -25045 END
START 1924 -9252 32767 8671 2505 -24343 END
START -308 -9504 32767 18819 3854 -22735 END
START 412 -10064 32767 28408 2462 -22379 END
START 3860 -10392 32767 32767 -2435 -25338 END
START 4640 -11860 32767 32767 -7611 -32149 END
START 876 -14124 24004 32767 -10662 -32768 END
START -9388 -15908 14120 32767 -10790 -32768 END
START -13132 -14704 5148 32767 -11395 -27998 END