START 3524 11704 -12640 5082 3917 2679 END
START 6524 3188 -11608 4064 126 3433 END
START -6284 1320 -4956 1383 -3694 4098 END
START -4124 1616 -8080 -3209 -4837 3833 END
START -868 808 -8452 -7795 -5038 2272 END
START 2008 -976 -9968 -11545 -4148 111 END
START -628 -2472 -10296 -14367 -3899 -41 END
START -1044 -3840 -11376 -19088 -2916 412 END
START -2248 -5280 -10644 -24171 -1099 1498 END
START -1772 -6344 -9512 -28935 -304 2300 END
START -376 -7464 -8300 -32768 722 2097 END
START 668 -8768 -5904 -32768 1853 785 END
START -600 -9596 -3760 -32768 1619 -602 END
START -3908 -10508 700 -32768 -1622 -991 END
START -6560 -9184 7860 -32768 -6381 1392 END
START -1676 -7476 22704 -32768 -8329 4554 END
START 6892 -3308 32767 -32768 -2968 5648 END
START 15252 504 32767 -32768 6187 1734 END
START 12936 864 32767 -31591 7446 -4635 END
START 7248 288 32767 -20509 122 -7526 END
START 7540 808 32767 -8314 -3187 -6214 END
START 11552 1856 32767 2365 633 -4620 END
START 13408 2452 32767 11330 3521 -4939 END
START 13252 2196 32767 20650 2174 -7110 END
START 12540 1248 32767 27887 -951 -10129 END
START 10140 -404 32767 32620 -3649 -13241 END
START 7176 -2796 25652 32767 -6434 -15465 END
START 4872 -4220 17128 32767 -8614 -17255 END
START 3008 -5172 8452 32767 -9504 -18102 END
START 512 -5484 3176 32767 -8884 -17851 END
START -2044 -5724 -2436 29332 -7976 -16493 END
START -4348 -5156 -7756 23604 -7739 -13719 END
START -4952 -4152 -10936 17038 -8558 -11210 END
START -6412 -4196 -11636 11003 -8573 -8294 END
START -5904 -3780 -12880 6017 -8912 -5303 END
START -4316 -3344 -14084 549 -8198 -3253 END
START -3820 -2916 -14124 -4734 -7132 -1527 END
START -2776 -2892 -14972 -10287 -7190 -231 END
START -664 -2980 -14400 -16534 -6427 -151 END
START -1496 -3840 -12624 -22531 -5603 484 END
START 120 -4256 -9620 -27757 -5314 826 END
START -1176 -5144 -6412 -32276 -4283 2009 END
START -1096 -5724 -1860 -32768 -4410 4861 END
START 436 -5380 6392 -32768 -4644 8165 END
START 3496 -4860 21576 -32768 -4758 10900 END
START 12368 -2240 32767 -32768 -2949 11987 END
START 20560 -204 32767 -31950 2848 7375 END
START 20532 1136 32767 -26415 1790 413 END
START 21420 1328 32767 -18317 -1469 -5816 END
START 21568 952 32767 -7604 -708 -9305 END
START 21856 332 32767 2701 2169 -11533 END
START 24776 -512 32767 14903 4766 -15662 END
START 20520 -2300 32767 26036 4977 -21608 END
START 16076 -4544 32767 32767 517 -26936 END
START 13568 -7636 32767 32767 175 -31531 END
START 8440 -10312 27936 32767 1689 -32768 END
START 4276 -11788 17588 32767 2141 -32768 END
START 104 -12940 8728 32767 -546 -32768 END
START -2760 -12340 1856 32767 -8685 -32768 END