START 11792 1256 -17888 5179 6080 1952 END
START 336 -4124 -15772 2218 1088 2133 END
START -836 -4808 -13220 -309 -1999 3435 END
START -1076 -3192 -17212 -4479 -1921 4134 END
START 1460 -2288 -18852 -11947 1177 4227 END
START 2876 -1896 -18336 -19099 4723 3325 END
START 3780 -2672 -17400 -25046 6091 1970 END
START 4200 -3908 -14684 -30606 5402 -304 END
START 4068 -6048 -11284 -32768 2863 -2404 END
START 4092 -8656 -7744 -32768 -247 -4240 END
START 3668 -11948 -724 -32768 -1782 -4732 END
START 5904 -15168 10056 -32768 1064 -3489 END
START 4256 -13504 25448 -32768 6434 -2045 END
START 4940 -12248 32767 -32768 8955 -2244 END
START 5976 -9552 32767 -32768 7010 -3592 END
START 9348 -7768 32767 -32127 3082 -6421 END
START 10648 -6944 32767 -23176 -322 -9565 END
START 11368 -4820 32767 -12591 483 -10580 END
START 12428 -3140 32767 -3308 4468 -11140 END
START 11888 -2528 32767 5443 7778 -12643 END
START 10476 -3312 32767 14514 6872 -14351 END
START 11048 -3432 32767 22584 3714 -18432 END
START 8972 -5916 32767 29470 380 -22414 END
START 6604 -8584 32767 32767 -1269 -24946 END
START 2640 -10884 24664 32767 -1911 -24244 END
START 1936 -11112 18172 32767 -1978 -22165 END
START 1520 -11332 11364 32767 189 -20100 END
START -532 -11680 4812 32767 3644 -17496 END
START -3692 -12100 -772 32767 5888 -14246 END
START -5616 -11260 -10400 30392 5973 -9053 END
START -7624 -8564 -21436 20245 2808 -3664 END
START -7124 -6308 -24944 6517 -4793 -682 END
START -5940 -5852 -20420 -2061 -9404 157 END
START -4720 -5104 -17136 -6764 -10750 2218 END
START -2716 -4276 -17864 -11126 -10785 3858 END
START 1412 -3528 -20116 -18234 -9854 5446 END
START 4328 -3996 -18128 -27442 -5727 6058 END
START 6672 -5336 -12056 -32768 -1931 6320 END
START 11520 -5080 -5140 -32768 1466 3249 END
START 10708 -6680 4092 -32768 4347 -926 END
START 7868 -8548 14372 -32768 3734 -3971 END
START 1968 -9064 27668 -32768 -2811 -4603 END
START 3000 -7240 32767 -32768 -10750 -4285 END
START 9364 -4968 32767 -28118 -11601 -5220 END
START 16116 -1752 32767 -19614 -4253 -9571 END
START 12448 -1572 32767 -13320 7670 -12549 END
START 6004 -2600 32767 -6393 14125 -11142 END
START 4012 -4020 32767 4813 12485 -9881 END
START 1660 -5324 32767 18079 6206 -10336 END
START 2720 -6272 32767 29340 2588 -10484 END
START 3008 -8136 32767 32767 5424 -10377 END
START 2556 -9268 32767 32767 11981 -9524 END
START -48 -10620 26692 32767 16795 -8602 END