START 22784 5348 -2004 32176 -3138 5101 END
START 21412 -2568 -17832 26781 -4112 1465 END
START 6636 -4920 -13124 15984 -4018 -367 END
START 4040 -5816 -12832 9796 -6115 515 END
START 3372 -5004 -14796 5867 -6366 2587 END
START 5012 -4168 -18188 352 -4042 3974 END
START 2668 -3716 -17920 -6122 -2337 4628 END
START 6104 -2532 -18644 -12660 -1421 4234 END
START 7292 -2212 -16908 -18195 236 2143 END
START 5900 -2724 -15336 -22988 1352 522 END
START 5768 -3504 -13848 -28188 3050 -1137 END
START 3672 -5224 -11412 -32768 5349 -2812 END
START -472 -7092 -6312 -32768 3501 -2153 END
START 2108 -7012 4116 -32768 2549 -1150 END
START 4624 -6628 17600 -32768 7332 -1163 END
START 7364 -5812 32767 -32768 11509 -2346 END
START 10648 -4412 32767 -32768 10731 -7019 END
START 7660 -4220 32767 -30876 6442 -11129 END
START 4856 -4496 32767 -22123 1233 -11381 END
START 5756 -4300 32767 -11147 600 -9397 END
START 7624 -3732 32767 -882 2583 -7715 END
START 8932 -2580 32767 7091 5289 -7868 END
START 7076 -2492 32767 14369 5191 -8662 END
START 6856 -2824 32767 20019 3345 -9797 END
START 5652 -4304 32767 23709 1762 -11444 END
START 2952 -6016 26248 27076 -640 -12907 END
START 624 -6640 19472 30093 -4370 -13625 END
START -864 -6524 12928 31224 -7260 -13628 END
START -1396 -5544 6516 30450 -8230 -13062 END
START -1912 -4616 1472 28172 -7685 -11980 END
START -1936 -2948 -4004 24104 -6649 -10732 END
START -2500 -1396 -8964 18119 -5025 -9340 END
START -3668 -608 -12532 10817 -4285 -7394 END
START -4536 108 -12820 3870 -5609 -5346 END
START -3660 116 -10944 -935 -5912 -3788 END
START -2600 492 -11204 -5030 -5830 -2528 END
START -1096 672 -11172 -9430 -5548 -2192 END
START 228 -52 -11452 -14132 -5016 -2410 END
START 2188 -404 -11304 -19372 -4419 -3380 END
START 2232 -1904 -9376 -24518 -2771 -4910 END
START 1700 -3420 -7084 -29074 -2476 -5139 END
START 3012 -4876 -4348 -32768 -2244 -4892 END
START 4432 -6600 2020 -32768 -1330 -3873 END
START 8968 -6472 12740 -32768 1640 -3827 END
START 13648 -5616 25228 -32768 7416 -6225 END
START 14124 -5772 32767 -32768 9581 -12152 END
START 6224 -6212 32767 -32768 2054 -17277 END
START 2104 -8528 32767 -25283 -8206 -18621 END
START 3616 -9964 32767 -14005 -7351 -15373 END
START 8044 -9468 32767 -2705 6495 -12695 END
START 5868 -9336 32767 6918 14512 -11632 END
START 3264 -9864 32767 18635 12347 -11587 END
START 4320 -10608 32767 31144 4319 -13468 END
START 5932 -12084 32767 32767 -2422 -17009 END
START 6532 -13808 32767 32767 -4653 -21757 END
START 1516 -14868 22668 32767 -5153 -24376 END
START -1688 -15204 11300 32767 -6600 -22883 END
START -3200 -11448 -1500 32767 -2102 -19824 END