START 19132 7676 -5184 3025 10067 5628 END
START 15852 2040 -10088 2245 2587 5216 END
START 11132 2212 -7584 -1131 -1318 3915 END
START 11440 1520 -9572 -7268 -945 2239 END
START 10996 1144 -9224 -14000 1900 12 END
START 9064 -708 -8968 -18821 5148 -1871 END
START 8776 -2724 -9780 -23429 5846 -3626 END
START 6216 -4892 -8892 -27623 3911 -4736 END
START 4676 -6464 -7856 -32255 230 -5123 END
START 5600 -8576 -3468 -32768 -2638 -4207 END
START 8280 -9568 3200 -32768 -30 -3538 END
START 7392 -9876 10996 -32768 6711 -2952 END
START 5588 -9528 24184 -32768 8550 -3141 END
START 5512 -8704 32767 -32768 4806 -5127 END
START 4172 -7924 32767 -32768 1274 -7943 END
START 652 -7492 32767 -26718 -723 -9108 END
START -2500 -7444 32767 -15329 -588 -7613 END
START -764 -6144 32767 -2479 1387 -5178 END
START 1264 -4700 32767 8484 4154 -3947 END
START 4324 -2636 32767 18027 4835 -4127 END
START 8496 -1856 32767 25429 5335 -5963 END
START 10792 -2992 32767 30258 6146 -8859 END
START 9968 -4796 26880 32767 7122 -11831 END
START 7284 -6244 18208 32767 7430 -13164 END
START 5684 -6896 10376 32767 6443 -13764 END
START 4044 -7356 4672 32767 4917 -13854 END
START 2448 -6916 668 32040 1846 -14010 END
START 1196 -6392 -2880 29974 -1775 -14232 END
START -736 -5852 -6356 27053 -4892 -13779 END
START -3016 -5148 -11360 22713 -8888 -12157 END
START -4548 -4024 -13868 16251 -12859 -9505 END
START -5340 -3016 -15348 8860 -13285 -6148 END
START -4464 -2080 -16992 15 -8702 -2149 END
START -4016 -1780 -17328 -8678 -5134 1216 END
START -2184 -2360 -14884 -15550 -4994 3272 END
START 848 -2464 -12012 -20437 -5504 3361 END
START 3380 -2480 -10508 -24293 -7657 1933 END
START 5492 -2712 -7684 -28019 -9358 182 END
START 6648 -2852 -4384 -31827 -10364 -659 END
START 8024 -2632 -60 -32768 -8579 -548 END
START 12024 -2216 7064 -32768 -1360 -801 END
START 15876 -2644 19708 -32768 9029 -2929 END
START 15392 -6172 32767 -32768 15915 -9207 END
START 8992 -9636 32767 -32768 10066 -16140 END
START 3048 -11452 32767 -23696 3773 -20223 END
START -5136 -10988 32767 -6622 -1089 -18197 END
START -3452 -9756 32767 7391 -1436 -13658 END
START -1088 -8008 32767 17451 2573 -10701 END
START 2092 -7896 32767 26108 4018 -10324 END
START 4668 -10108 32767 32767 3475 -12482 END
START 4524 -12492 32767 32767 2315 -15620 END
START 2100 -14580 32767 32767 672 -17650 END
START 1064 -15692 22252 32767 -326 -18770 END
START -1212 -15364 10740 32767 -552 -18810 END
START -2888 -13964 876 32767 -1990 -17933 END
START -2884 -11028 -6432 32767 -4252 -16954 END
START -2480 -8296 -12816 32767 -4473 -18724 END