START 14088 -192 -11992 17410 -3523 -751 END
START 8184 -4456 -17772 10619 833 487 END
START 3660 -4620 -18072 4656 6437 3879 END
START -2268 -3700 -17008 -2234 8538 5637 END
START 704 -3032 -18304 -8156 7588 6398 END
START -124 -1764 -17524 -12838 5805 5904 END
START 1812 -964 -18140 -18572 4033 3981 END
START 212 -1108 -16632 -24081 3134 2677 END
START -616 -1424 -15744 -29891 3357 1823 END
START -2772 -3152 -12368 -32768 5218 1490 END
START -6356 -5956 -9360 -32768 3945 2657 END
START -9536 -8276 -2572 -32768 -207 6853 END
START -1860 -10368 9852 -32768 -770 11384 END
START 8164 -10636 27028 -32768 9197 11106 END
START 7432 -10020 32767 -32768 14164 7408 END
START 6456 -9464 32767 -32768 7793 3273 END
START 5532 -8276 32767 -32768 543 1055 END
START 7136 -5516 32767 -24425 -1779 1459 END
START 12168 -2068 32767 -15627 1931 1358 END
START 14716 432 32767 -8901 7935 -582 END
START 13196 116 32767 -647 10494 -2944 END
START 11312 -2344 32767 8960 6822 -5653 END
START 10472 -5288 32767 20274 1534 -8413 END
START 7512 -9216 32767 31270 -4430 -11558 END
START 6176 -11052 32767 32767 -8580 -13967 END
START 6252 -11020 23532 32767 -5176 -15515 END
START 3972 -10636 10852 32767 2151 -15874 END
START -436 -9416 -700 32767 7354 -13895 END
START -4560 -7336 -9096 29378 6353 -10952 END
START -7160 -5616 -14308 23667 7 -8112 END
START -6764 -3652 -17920 18392 -6712 -6232 END
START -6204 -2500 -19984 11453 -8865 -4862 END
START -6992 -1848 -20900 3656 -6274 -2535 END
START -8164 -1844 -20972 -3785 -4974 465 END
START -7852 -2080 -20516 -10295 -6181 3281 END
START -5428 -2452 -19532 -17407 -8179 5204 END
START -1552 -3064 -16404 -24498 -9138 5020 END
START 32 -4564 -10928 -29636 -7887 3869 END
START -84 -5608 -6396 -32768 -8319 3289 END
START 2136 -6776 308 -32768 -8698 4498 END
START 8248 -5896 12188 -32768 -2972 5440 END
START 16172 -6204 31712 -32768 9522 2811 END
START 10612 -8052 32767 -32768 12208 -2530 END
START 8420 -9596 32767 -26680 570 -7895 END
START 9216 -8912 32767 -8752 -7256 -11997 END
START 7404 -8804 32767 6475 -7586 -14226 END
START 6272 -8512 32767 19682 -4548 -14843 END
START 6180 -9892 32767 29725 -1461 -15789 END
START 6484 -14532 32767 32767 -1341 -19914 END
START 4248 -20064 32767 32767 -1123 -24171 END
START 1924 -22828 32767 32767 1247 -26420 END
START 3616 -21236 17824 32767 -2192 -29086 END
START 2696 -19284 1756 32767 -8621 -32287 END
START 1800 -15636 -9420 32767 -14545 -32768 END
START -6924 -14400 -18040 32767 -9357 -32768 END