START 19772 5772 -9000 26884 -5375 2998 END
START 13524 -552 -16988 21113 -7874 1233 END
START 7948 -1536 -13580 13096 -5447 385 END
START 2580 -1612 -10568 7073 -3130 1970 END
START 2244 -2204 -8852 2850 -754 3743 END
START 4548 -1908 -9144 -705 1736 3695 END
START 4452 -2504 -9608 -4236 3337 2200 END
START 3380 -2832 -11608 -8008 2989 1419 END
START 2264 -3280 -12476 -12509 491 1436 END
START 3104 -3064 -12328 -17407 -1696 1250 END
START 3776 -3416 -10972 -23047 -1033 991 END
START 4556 -4620 -9692 -28319 2318 503 END
START 4784 -5368 -8408 -32768 5824 -669 END
START 3328 -6852 -4596 -32768 7046 -1643 END
START 1436 -7528 2492 -32768 3562 -1799 END
START 1576 -6352 10988 -32768 2190 246 END
START 4000 -4960 23484 -32768 5975 2590 END
START 9092 -3704 32767 -32768 11337 1314 END
START 7372 -3416 32767 -32768 7700 -3504 END
START 3552 -3428 32767 -25970 -47 -7940 END
START -2840 -3920 32767 -13842 -7899 -6263 END
START 2688 -3720 32767 1962 -7880 -2277 END
START 8932 -3244 32767 14744 -3337 -1310 END
START 11852 -3680 32767 25126 -806 -2930 END
START 12848 -4296 32767 32721 -1347 -5888 END
START 12744 -6024 32767 32767 -1777 -9367 END
START 10696 -7484 19640 32767 -1974 -12119 END
START 8196 -8792 11184 32767 -1512 -13928 END
START 4484 -8948 3320 32767 -1492 -14758 END
START 1240 -8700 -3088 32677 -1698 -14345 END
START -1380 -7408 -9324 28618 -3354 -13333 END
START -2816 -5836 -14356 22538 -3227 -11668 END
START -4584 -4672 -17940 14723 -1239 -9229 END
START -6100 -4580 -18908 6396 -34 -6553 END
START -6828 -4540 -17572 -55 -957 -3636 END
START -6468 -4300 -17204 -5050 -2705 -766 END
START -3484 -3864 -16412 -10168 -5821 839 END
START 804 -3456 -14640 -14917 -6605 47 END
START 1956 -4168 -12400 -19249 -6051 -1085 END
START 4196 -4120 -10300 -23006 -4876 -2324 END
START 4188 -4008 -8844 -27302 -5342 -3042 END
START 5348 -3328 -5612 -32348 -6116 -2394 END
START 11540 -1668 2568 -32768 -3346 -2039 END
START 15028 364 11772 -32768 3912 -4192 END
START 16624 1580 23860 -32768 9583 -8827 END
START 14408 -800 32767 -32768 9452 -15653 END
START 8132 -4024 32767 -32768 3128 -20994 END
START 4912 -5716 32767 -22811 -1445 -23556 END
START 36 -7332 32767 -11455 348 -21672 END
START -3332 -7316 32767 -1323 4778 -17391 END
START -3628 -6996 32767 9057 7981 -12583 END
START -3084 -6920 32767 18940 8017 -9767 END
START -2868 -7612 32767 28468 6039 -8144 END
START -1200 -8408 32767 32767 3123 -7646 END
START -292 -9576 30352 32767 536 -8636 END
START -1724 -9688 19408 32767 -4451 -10330 END
START -1960 -10204 11452 32767 -8296 -12357 END
START -4428 -9432 4964 32767 -5890 -11896 END