START 22116 8008 -2068 29376 -3016 91 END
START 12016 2920 -13400 24661 -5744 -2579 END
START 9192 1924 -15172 15198 -3053 -3252 END
START 3964 356 -13756 7061 278 -2237 END
START 4372 -364 -13764 -534 1817 -960 END
START 4600 -2548 -12392 -6568 7589 -829 END
START 4288 -3456 -13176 -12437 10175 -685 END
START 3840 -4748 -14996 -16918 8322 -1568 END
START 4732 -4740 -15884 -22920 3440 -2981 END
START 6636 -4792 -13360 -26552 2750 -5505 END
START 4984 -5484 -14580 -29636 2550 -7779 END
START 4076 -6552 -15856 -32768 512 -9205 END
START 1980 -9344 -13672 -32768 1659 -8747 END
START -1408 -12060 -8564 -32768 874 -6033 END
START 4008 -13324 2368 -32768 1640 -4856 END
START 7160 -14576 17192 -32768 7039 -8277 END
START 5720 -17160 32767 -32768 11096 -13484 END
START -3400 -20308 32767 -32768 4271 -20055 END
START -10088 -20780 32767 -24278 -7890 -19945 END
START -8524 -16020 32767 -10336 -3907 -13792 END
START -1572 -10492 32767 945 6708 -9067 END
START 2128 -5828 32767 11889 11033 -8302 END
START 4156 -3020 32767 21790 9596 -11056 END
START 5752 -4008 32767 30740 6653 -15199 END
START 3436 -6176 32767 32767 4196 -18594 END
START 24 -7280 25996 32767 2230 -18359 END
START 308 -7160 17048 32767 2188 -16367 END
START 76 -5944 6316 32767 5411 -13528 END
START 756 -4320 40 28994 7893 -11814 END
START 220 -2812 -3752 23111 8110 -12081 END
START -2096 -2692 -4368 19023 5916 -12857 END
START -4856 -2872 -5796 17475 1142 -11827 END
START -2248 -3184 -12420 15975 -1947 -11492 END
START -4760 -2848 -13160 10915 -5761 -7786 END
START -4160 -3016 -15920 4233 -6518 -5884 END
START -3424 -3256 -14748 -2670 -5454 -3684 END
START -2692 -3544 -14284 -9040 -4375 -2247 END
START -1900 -3824 -12700 -15038 -4508 -1326 END
START -648 -4268 -10264 -19468 -4936 -617 END
START 1688 -4396 -9764 -23338 -5842 -1549 END
START 1556 -4996 -8096 -27761 -6484 -2480 END
START 2732 -5356 -5004 -31811 -7385 -2761 END
START 4336 -4864 -280 -32768 -6229 -2611 END
START 4784 -4404 7840 -32768 -5648 -1688 END
START 11500 -3692 21604 -32768 -6765 -2365 END
START 18384 -2628 32767 -32768 593 -7024 END
START 17772 -8216 32767 -32768 7852 -16442 END
START 6124 -15244 32767 -29072 8781 -23695 END
START -7288 -18912 32767 -15106 10820 -23894 END
START -20160 -18992 32767 472 17594 -14724 END
START -20372 -18960 32767 15317 13129 -5897 END
START -9928 -16624 32767 30304 5050 -3506 END
START -2316 -14760 32767 32767 -1098 -7302 END
START 4000 -13936 32767 32767 -2926 -12834 END
START 3844 -14212 21504 32767 915 -17338 END
START 396 -14292 10732 32767 2770 -18317 END
START -3180 -13304 3140 32767 2667 -17314 END
START -3564 -11264 -2904 32767 4353 -14268 END
START -3484 -10096 -5092 32767 9348 -11873 END