START 5708 -2964 -6108 16094 -1572 778 END
START -236 -4096 -5424 11544 -5260 2418 END
START 1348 -2340 -12644 2326 -4122 3640 END
START 1052 -3892 -10640 -8962 -1192 4562 END
START 1212 -4208 -4764 -15366 4582 6386 END
START 2320 -4044 -2308 -17362 9670 6277 END
START -384 -2524 -6908 -19764 9152 5341 END
START 304 -2700 -7344 -23069 3255 4333 END
START -528 -2004 -5604 -25976 -3444 4694 END
START 6392 -1376 -1940 -29828 -7061 5095 END
START 13288 560 5424 -32349 -4134 3407 END
START 17756 1780 12312 -32768 -811 256 END
START 24336 2000 17928 -32768 779 -4412 END
START 23320 3484 29656 -32768 158 -9990 END
START 22772 3484 32767 -29118 -617 -15258 END
START 18484 3284 32767 -21874 -2261 -21183 END
START 11536 1320 32767 -11667 -4039 -25949 END
START 3080 -1052 32767 -1248 -3346 -27240 END
START -3484 -2684 32767 8580 -631 -25249 END
START -8364 -3388 32767 16842 2576 -22541 END
START -12604 -4816 32767 24676 5527 -18822 END
START -15264 -5116 32767 30458 4639 -14262 END
START -14036 -5416 23056 32767 2908 -10271 END
START -13396 -4704 10904 32275 78 -6977 END
START -11780 -3876 4944 29336 -1507 -4238 END
START -9272 -3220 72 26063 -804 -1838 END
START -5192 -2120 -4680 21875 987 -490 END
START -4016 -1504 -7288 17476 1817 93 END
START -4284 -1132 -10220 13318 476 897 END
START -3184 -956 -11532 8640 -1265 2138 END
START -260 -384 -11744 4093 -1147 3402 END
START 680 -116 -13388 -973 -1098 4599 END
START 2760 272 -13344 -6206 -912 5753 END
START 5784 124 -11496 -11677 177 5917 END
START 9440 -140 -7896 -15988 1628 4762 END
START 9148 -560 -4504 -18908 2454 1997 END
START 6988 -1140 -1716 -21003 208 567 END
START 7588 -1108 1300 -23417 -1972 -123 END
START 9580 -764 6420 -26125 -1833 -1009 END
START 12288 116 13400 -28111 1284 -3001 END
START 12648 1472 19380 -28571 4850 -5477 END
START 11832 2588 25816 -28107 6228 -8644 END
START 8764 3412 32767 -25462 4753 -11458 END
START 6840 3892 32767 -21198 2534 -14063 END
START 4220 3160 32767 -15907 580 -16220 END
START 1288 2148 32767 -9086 -1909 -17877 END
START -2812 980 32767 -1714 -3339 -18779 END
START -6552 -716 32767 4679 -3249 -18496 END
START -11048 -3404 32767 11507 -2670 -16388 END
START -15204 -5196 32767 20563 -5655 -12287 END
START -12544 -5480 32767 29483 -8439 -8466 END
START -9848 -5056 32767 32767 -7463 -6201 END
START -7688 -5212 27696 32767 -5170 -4927 END
START -7804 -5652 18280 32767 -4211 -3992 END
START -10016 -5744 6364 32767 -5971 -1325 END
START -12252 -6080 -648 31855 -12232 2269 END
START -9904 -4344 -5188 26436 -19146 6257 END
START 1432 -372 -7424 18782 -16247 5346 END
START 7360 992 -8952 9396 405 341 END