START 23416 6184 -17108 9572 2633 161 END
START 14452 -1164 -25388 3839 -2663 379 END
START 6384 -3836 -17988 -2932 -5685 774 END
START 2632 -5100 -14172 -8032 -7979 2074 END
START 1848 -5292 -12796 -12800 -6110 3482 END
START 584 -5620 -11900 -18262 -4370 4509 END
START 3324 -5616 -12860 -23106 -3329 4777 END
START 1148 -5328 -10980 -28781 -3025 4759 END
START 1380 -4208 -7076 -32768 -4474 5879 END
START 4732 -576 -332 -32768 -4885 6550 END
START 9792 1824 10216 -32768 -1158 5564 END
START 16000 3332 23560 -32768 7756 2156 END
START 13608 2128 32767 -32768 12107 -2905 END
START 11232 1356 32767 -31951 3511 -7820 END
START 11956 1748 32767 -19889 -5619 -10415 END
START 19752 2580 32767 -9956 -3496 -11583 END
START 21444 2224 32767 -4049 9250 -14188 END
START 13368 640 32767 2765 12064 -16091 END
START 11164 -948 32767 10886 8004 -17980 END
START 9492 -3260 32767 19070 3307 -20007 END
START 8704 -5236 32767 26194 299 -21889 END
START 7652 -6508 32767 30547 1266 -23907 END
START 1448 -8620 25488 32767 2382 -24909 END
START -2412 -9600 17416 32767 2102 -23260 END
START -5524 -9924 9328 32767 2588 -20503 END
START -8816 -9444 3020 32349 804 -16678 END
START -10864 -7864 -3236 28725 -2321 -12891 END
START -10308 -6128 -7368 23106 -5877 -9576 END
START -10524 -5228 -9692 17794 -6756 -6007 END
START -10244 -4296 -12352 11896 -6693 -2065 END
START -7988 -3292 -14748 5055 -5510 1399 END
START -7116 -2532 -16448 -1793 -4065 3819 END
START -5252 -2528 -15872 -8625 -4172 5700 END
START -2416 -2272 -15504 -14581 -5017 6125 END
START 612 -2272 -14808 -21126 -4786 5212 END
START 2160 -3048 -11648 -26386 -4241 3905 END
START 2168 -3084 -9108 -30558 -3908 3211 END
START 3456 -3140 -4792 -32768 -5609 3696 END
START 6612 -1184 1172 -32768 -6159 4636 END
START 15664 720 11064 -32768 -2390 3912 END
START 22956 2328 25284 -32768 8149 -1568 END
START 23316 916 32767 -32768 14589 -9571 END
START 17912 -1232 32767 -32106 10764 -19608 END
START 8544 -4584 32767 -15949 -3340 -25049 END
START 7680 -4700 32767 -2576 -6215 -24409 END
START 8504 -5296 32767 8022 1605 -21864 END
START 8012 -5864 32767 16850 8018 -21273 END
START 5432 -8004 32767 27284 9518 -22813 END
START 1628 -9600 32767 32767 5812 -24074 END
START -564 -11516 32767 32767 2754 -25606 END
START -3316 -13528 26792 32767 525 -26209 END
START -6956 -14564 13964 32767 -2361 -24207 END
START -7880 -11108 572 32767 -3549 -20345 END
START -9028 -11488 -4624 32767 -2090 -16895 END
START -13516 -9392 -4904 31082 -2310 -12748 END