START 27116 8780 -8928 14120 4801 5515 END
START 19440 2484 -15468 9529 2125 4648 END
START 14092 856 -12984 4766 -401 4022 END
START 5692 408 -7124 1016 -1978 3322 END
START 8660 332 -9440 -3461 282 1523 END
START 10732 -832 -13008 -7504 1684 421 END
START 8692 -1108 -12528 -11504 315 -310 END
START 8136 -1112 -12044 -15571 269 -1277 END
START 7564 -1788 -11216 -20081 1080 -2402 END
START 7168 -2612 -10464 -24565 2754 -3692 END
START 5156 -3728 -8504 -29390 2904 -4880 END
START 4016 -5048 -5036 -32768 1432 -4770 END
START 5448 -4764 -644 -32768 750 -4881 END
START 5864 -4676 7636 -32768 3274 -5250 END
START 6152 -4536 19884 -32768 5890 -5572 END
START 7836 -4784 32767 -32768 8480 -7614 END
START 4484 -5696 32767 -32768 5928 -10705 END
START 2136 -4640 32767 -28657 502 -10792 END
START 4956 -3308 32767 -19756 -696 -8792 END
START 8204 -1528 32767 -10149 2749 -8023 END
START 10220 256 32767 -1385 7032 -8807 END
START 6184 -212 32767 6689 9611 -10304 END
START 2904 -1212 32767 14885 8903 -10874 END
START -672 -4668 32767 22853 7851 -11567 END
START -3720 -7796 32767 29487 4874 -10924 END
START -3900 -9552 28752 32767 2581 -9747 END
START -4280 -9928 18108 32767 1946 -8359 END
START -4716 -9568 7788 32767 1440 -6125 END
START -3880 -8188 -868 32245 240 -3626 END
START -2412 -6656 -6724 27618 -1037 -1931 END
START -2028 -5152 -9976 22602 -3103 -607 END
START -1016 -3372 -12212 18722 -5678 492 END
START -8 -1804 -15316 13748 -6333 396 END
START -788 -836 -16908 8365 -6473 1123 END
START 236 -156 -17520 2500 -6283 1858 END
START 1836 460 -16756 -3193 -5824 1594 END
START 2820 444 -15236 -8005 -6201 532 END
START 3624 -68 -13364 -12122 -6538 -777 END
START 3368 -844 -12208 -15662 -6469 -1619 END
START 4344 -1796 -12072 -19943 -6511 -2216 END
START 6156 -2208 -10364 -25339 -5419 -3143 END
START 7536 -3000 -6804 -30074 -4030 -4038 END
START 10604 -3076 -2400 -32768 -2357 -4994 END
START 15104 -2524 6320 -32768 3552 -7069 END
START 14876 -2600 16176 -32768 10884 -10295 END
START 11952 -4000 32092 -32768 11302 -13936 END
START 12288 -4672 32767 -32768 8071 -18979 END
START 8304 -6456 32767 -27704 5663 -24632 END
START 2372 -9112 32767 -19402 7387 -26209 END
START -2640 -11040 32767 -9402 10975 -23677 END
START -7224 -11692 32767 4146 13877 -19600 END
START -7068 -11700 32767 18886 10292 -16449 END
START -5164 -11680 32767 31648 4302 -15450 END
START -2436 -12316 32767 32767 899 -15422 END
START 160 -12392 32004 32767 -1167 -16724 END
START -1312 -13432 20908 32767 -2783 -18369 END
START -6672 -14420 11524 32767 -6442 -16608 END