START 10564 -472 -14284 5335 8568 1506 END
START -752 3108 -2304 1506 5874 1599 END
START -4064 3836 -2556 -268 1194 2308 END
START -916 3744 -5964 -5061 -2761 1137 END
START 2552 2148 -6752 -9581 -3262 354 END
START -72 -136 -6472 -12661 324 2504 END
START -1296 -156 -8060 -17523 3837 5588 END
START -1364 -1912 -7348 -23828 10057 7627 END
START -1656 -3716 -5008 -27780 12968 9733 END
START -784 -4224 -6116 -30874 11057 9797 END
START 1076 -5512 -4412 -32768 6299 8279 END
START 3052 -7532 -392 -32768 3005 7480 END
START 5424 -8060 4628 -32768 450 7237 END
START 10984 -8164 10048 -32768 -566 6447 END
START 18488 -7584 19520 -32768 299 3835 END
START 24168 -6048 30528 -32768 1122 -284 END
START 27612 -3496 32767 -32768 4138 -6009 END
START 26112 -620 32767 -29315 7232 -11658 END
START 22356 1600 32767 -23223 8976 -16521 END
START 18328 816 32767 -16063 9913 -21323 END
START 11784 -160 32767 -7432 10086 -24853 END
START 3916 -948 32767 -864 8358 -26637 END
START -356 -1708 32767 5935 8039 -27356 END
START -5916 -5092 32767 13340 8728 -26869 END
START -12448 -7596 32767 21495 5477 -23663 END
START -13248 -9268 32767 29414 1704 -18373 END
START -12128 -9156 32767 32767 777 -13895 END
START -9992 -8744 23296 32767 1503 -9954 END
START -8688 -8124 14232 32767 2597 -6891 END
START -7128 -6820 4880 32767 2327 -3864 END
START -6368 -5384 -1248 32755 837 -1779 END
START -6816 -3948 -5880 27537 -1745 825 END
START -4940 -2532 -9024 21813 -3125 2556 END
START -3120 -1340 -10732 15309 -2661 3806 END
START -2264 -944 -11364 9614 -1461 5218 END
START -1728 -940 -12896 4348 -813 6929 END
START 1868 -88 -13832 -1179 -452 7795 END
START 3932 184 -12596 -6395 -606 7141 END
START 4440 -280 -10828 -10206 -921 6829 END
START 6200 -512 -9984 -14314 -1205 6592 END
START 8524 -700 -7920 -18816 448 5185 END
START 8008 -2020 -5576 -22393 1690 3920 END
START 8232 -2528 -3848 -25994 2348 2542 END
START 6800 -3984 -532 -29618 2539 1834 END
START 7356 -4516 4808 -32221 3504 1946 END
START 5604 -5028 9632 -32768 5526 1418 END
START 7120 -4368 16676 -32768 5333 2239 END
START 8980 -3020 23520 -32768 6608 1160 END
START 10032 -1984 30676 -32276 7244 -984 END
START 12248 -1072 32767 -28549 7220 -4020 END
START 14344 1028 32767 -21425 7953 -9872 END
START 11436 1104 32767 -15032 6374 -15575 END
START 8016 -468 32767 -7267 4762 -19975 END
START 3308 -2616 32767 1970 2669 -22420 END
START -1996 -4932 32767 12331 1048 -23776 END
START -5292 -7924 32767 22783 -246 -23890 END
START -10504 -11212 32767 32767 -764 -21775 END
START -12956 -12736 32767 32767 -2827 -18266 END
START -12936 -13200 31456 32767 -5377 -15227 END
START -11596 -12984 13428 32767 -8746 -11851 END
START -7404 -9084 160 32767 -14081 -10676 END
START -4624 -4812 -4164 32050 -15819 -11888 END
START -4772 -1512 -7428 22618 -10186 -10946 END