START 22696 9112 -12168 19174 4597 556 END
START 12632 -1228 -16480 13049 3179 -319 END
START 5516 -3804 -12636 7312 3446 300 END
START 3016 -3828 -12168 2703 2031 1255 END
START 1160 -3824 -12700 -1625 2591 1816 END
START -372 -3512 -13160 -5867 3087 2678 END
START -660 -2964 -14576 -10285 2576 3327 END
START 336 -2224 -15696 -15828 1858 3438 END
START 1748 -2080 -15804 -21691 1847 2774 END
START 2536 -2720 -14384 -27706 2482 1145 END
START 1356 -3828 -11508 -32609 2477 -718 END
START -852 -5328 -8080 -32768 681 -2262 END
START -3236 -6496 -4608 -32768 -2966 -2111 END
START -3908 -6648 2196 -32768 -5353 616 END
START 868 -7576 21540 -32768 -1507 4117 END
START 11040 -7116 32767 -32768 7786 3536 END
START 14088 -5652 32767 -32768 14030 -3204 END
START 8760 -6068 32767 -28597 7710 -9739 END
START 3856 -5604 32767 -13941 -2711 -10774 END
START 5100 -3320 32767 1697 -5251 -9110 END
START 7192 -1200 32767 12257 -1860 -7633 END
START 6984 -4 32767 20056 1829 -7602 END
START 7348 -276 32767 25906 2918 -8948 END
START 5700 -2152 32767 29687 2868 -11543 END
START 1884 -4608 27240 32461 873 -12733 END
START -640 -5888 17608 32767 -1623 -12498 END
START -1688 -6888 8724 32767 -3788 -11764 END
START -2120 -6964 712 32074 -5175 -10646 END
START -2000 -6084 -7516 27622 -5200 -9845 END
START -2896 -5244 -12488 21020 -5034 -9178 END
START -3856 -4896 -15076 14170 -5166 -8216 END
START -4748 -4768 -16656 8461 -5912 -6690 END
START -4548 -4192 -18352 2630 -6093 -4852 END
START -2804 -3456 -20532 -4024 -6618 -3522 END
START -408 -2920 -19976 -11770 -6479 -3588 END
START 1600 -3048 -17016 -18359 -5977 -4272 END
START 3840 -3192 -14244 -23701 -5359 -6290 END
START 3920 -4072 -10892 -28286 -5834 -8057 END
START 4000 -4404 -6552 -32768 -6900 -8422 END
START 5584 -3892 964 -32768 -6569 -7716 END
START 8996 -3036 13508 -32768 -3668 -6752 END
START 16456 -1468 29652 -32768 5662 -8227 END
START 17160 -3112 32767 -32768 13712 -14682 END
START 9204 -5952 32767 -27930 792 -22427 END
START 5912 -6384 32767 -13830 -11928 -26529 END
START 3420 -6540 32767 -1491 -9655 -24874 END
START 1748 -6716 32767 8328 -1298 -20803 END
START 2692 -7684 32767 18839 1598 -18713 END
START 4460 -8064 32767 31220 -3237 -20795 END
START 5316 -9376 32767 32767 -11595 -25384 END
START 8468 -9604 32767 32767 -17963 -32493 END
START 7980 -11548 24408 32767 -17652 -32768 END
START 1736 -13520 13576 32767 -10758 -32768 END
START -10696 -13068 3036 32767 -6791 -30464 END