START 29676 6296 -5824 20185 5416 -1797 END
START 16220 -1332 -12784 16424 494 -2680 END
START 11084 -2720 -13656 11650 -1991 -2224 END
START 5288 -3120 -13148 5738 -4011 -878 END
START 3868 -3140 -13592 -561 -3166 753 END
START 2132 -3648 -13528 -5259 -2785 3261 END
START 2604 -3000 -13596 -10121 -2705 5149 END
START 2952 -3112 -12484 -14589 -1345 5865 END
START 3944 -3512 -12448 -19800 154 5986 END
START 4136 -4520 -11156 -24704 1558 5093 END
START 1172 -6136 -7748 -28757 559 4580 END
START 64 -7284 -4328 -31319 -989 4910 END
START -2552 -8052 -1208 -32768 -2369 6873 END
START 960 -7748 3616 -32768 -3226 10574 END
START 7752 -6836 15864 -32768 3417 11971 END
START 13904 -3312 27332 -32768 9188 10834 END
START 19580 -1736 32767 -32768 2372 4806 END
START 24276 188 32767 -23982 -13171 -2432 END
START 28432 2816 32767 -14514 -22711 -9050 END
START 29248 4696 32767 -9863 -20765 -14305 END
START 26820 2192 32767 -5711 -12390 -16011 END
START 26284 1056 32767 1022 -2362 -14337 END
START 24476 480 32767 5918 6256 -13354 END
START 23036 -336 32767 13537 7691 -16128 END
START 18596 -1012 32767 21618 3354 -20426 END
START 15836 -2956 29892 27185 -1284 -24505 END
START 13664 -4164 18352 30093 722 -26532 END
START 9276 -4760 8180 28164 3363 -26967 END
START 4604 -4944 2852 25474 3370 -26293 END
START 36 -5260 -2036 22032 1427 -24341 END
START -3576 -4512 -4556 17502 -916 -21013 END
START -7108 -3888 -5404 13413 -2202 -16715 END
START -8012 -3168 -6504 10024 -3742 -11545 END
START -7848 -1972 -9360 5969 -3923 -6555 END
START -7112 -1692 -10904 824 -4496 -2197 END
START -2252 -1304 -11084 -4535 -3179 28 END
START -1144 -1560 -10656 -10319 443 781 END
START -2240 -2324 -9292 -15045 1714 1815 END
START -1684 -3156 -8228 -19270 952 2841 END
START -420 -3884 -6824 -22864 75 3576 END
START 1248 -4188 -6328 -26745 491 4019 END
START 1252 -4708 -4560 -31283 909 4439 END
START 2596 -4964 -1512 -32768 985 4754 END
START 2760 -4812 2404 -32768 2599 5334 END
START 4756 -4056 8116 -32768 3981 6316 END
START 8616 -3208 17904 -32768 6079 6461 END
START 13464 -3952 32767 -32768 6651 4073 END
START 17976 -4208 32767 -32768 5014 -2102 END
START 16304 -5572 32767 -24696 745 -8614 END
START 16112 -6080 32767 -12157 -3189 -10572 END
START 18496 -5408 32767 791 1258 -11117 END
START 19812 -5524 32767 11466 8923 -11358 END
START 20580 -5580 32767 23075 14530 -13734 END
START 18888 -7572 32767 32767 13758 -18641 END
START 16652 -10852 32767 32767 8092 -24538 END
START 11940 -14276 32767 32767 5629 -29043 END
START 6388 -16420 21812 32767 2172 -30902 END
START 5396 -16528 11544 32767 -805 -32404 END
START 2940 -15020 3844 32767 -1445 -32768 END
START -1360 -14440 -952 32767 -1668 -32768 END