START -11984 6552 -9332 -20 2093 -2984 END
START 13004 1536 -17588 -2920 -392 -2413 END
START 6748 -1004 -10240 -7174 -4669 -3283 END
START 9340 -1620 -7556 -10298 -7450 -5367 END
START 4472 -2164 -1488 -11521 -7165 -6529 END
START 5140 -2344 -3940 -13420 -5783 -6388 END
START 5176 -2148 -5344 -17312 -3258 -6214 END
START 5828 -2424 -6564 -22433 -1996 -6294 END
START 8952 -2864 -5468 -27180 -2393 -7718 END
START 10240 -4704 -2196 -30781 -2878 -10748 END
START 9628 -5948 1056 -32768 -3798 -13097 END
START 10928 -7252 4228 -32768 -3087 -15018 END
START 11064 -10168 9392 -32768 -602 -17767 END
START 5904 -13032 15892 -32768 -2429 -19937 END
START 3620 -15060 25040 -32768 -7646 -19926 END
START 3952 -15372 32767 -32768 -8532 -19237 END
START 2820 -15208 32767 -32077 -4021 -18383 END
START 804 -14548 32767 -30617 1732 -17968 END
START -5792 -14612 32767 -26738 3071 -17742 END
START -11652 -13572 32767 -21280 -117 -15086 END
START -13128 -12184 32767 -15855 -1773 -10026 END
START -13740 -10724 32767 -10720 -282 -4467 END
START -12900 -9652 32767 -4759 1333 95 END
START -8736 -8036 32767 978 2457 2423 END
START -7448 -6876 32767 6082 4346 3060 END
START -7432 -7072 32767 10979 3138 4187 END
START -4988 -7228 32767 15204 1613 4825 END
START -2476 -8256 32767 19034 3580 4627 END
START -3324 -9112 32767 22498 6514 4832 END
START -1776 -10048 32767 26632 7708 6130 END
START 3776 -9660 32767 31624 9158 5864 END
START 8712 -9188 29748 32767 9893 2780 END
START 12252 -8124 24456 32767 10058 -2086 END
START 14648 -7468 18712 32767 9402 -9114 END
START 14640 -7444 12312 32767 10114 -15851 END
START 12620 -7572 4420 32767 12591 -21834 END
START 10772 -7532 -836 32767 15880 -25635 END
START 7508 -7316 -4356 32767 16944 -28806 END
START 1820 -7348 -6100 32767 13371 -29987 END
START -1240 -6972 -7736 30569 8016 -29077 END
START -2196 -6708 -9708 26851 5550 -28327 END
START -4004 -6952 -11444 21349 4891 -27877 END
START -6004 -7940 -13020 14598 5366 -27001 END
START -9976 -8644 -14532 6220 7543 -24663 END
START -14288 -9500 -14724 -3530 10462 -20742 END
START -22128 -11232 -13668 -12888 10443 -14290 END
START -28360 -13036 -11192 -20806 3861 -4004 END
START -29684 -15060 -8688 -26229 -1613 8709 END
START -28824 -17776 -8172 -31805 -5297 22341 END
START -26540 -21572 -8972 -32768 -8795 32767 END
START -22504 -26960 -10316 -32768 -13427 32767 END
START -17864 -32768 -7624 -32768 -13666 32767 END
START -10608 -32768 -916 -32768 -9351 32767 END
START -3676 -32768 15564 -32768 -3121 32767 END