START 13044 7208 -10164 -2875 -3193 4459 END
START 10264 464 -17584 -5830 -3534 4620 END
START 9432 264 -14100 -9067 -1932 4440 END
START 8756 308 -12708 -12151 -812 2394 END
START 7312 -164 -11272 -15041 -2169 -8 END
START 3868 -752 -9232 -17528 -3743 -1580 END
START 6380 -1644 -9696 -21523 -4534 -2439 END
START 10096 -2736 -8076 -25296 -3272 -3575 END
START 13368 -4156 -7056 -28764 1114 -6074 END
START 11428 -6380 -5860 -32768 4707 -8653 END
START 8336 -9300 -2884 -32768 4842 -9774 END
START 6468 -11632 1464 -32768 4570 -10073 END
START 4124 -13260 7772 -32768 3756 -9443 END
START 2956 -13840 13744 -32768 2331 -8714 END
START 4948 -13936 23104 -32768 4099 -9021 END
START 2328 -14496 31548 -32768 8120 -9830 END
START 224 -15064 32767 -32768 7957 -10606 END
START -3612 -15068 32767 -32768 2152 -11111 END
START -1664 -14200 32767 -25907 -2448 -9441 END
START -1172 -12260 32767 -18508 -1637 -8438 END
START 1416 -10056 32767 -11692 1527 -7109 END
START 112 -8092 32767 -5844 6393 -6403 END
START -1644 -7376 32767 592 6898 -5063 END
START -2084 -6380 32767 7362 4524 -3886 END
START -608 -6036 32767 13966 1937 -2948 END
START 1096 -6352 32767 19678 129 -2725 END
START 4528 -7072 32767 24506 744 -3308 END
START 6356 -7872 32767 28962 4251 -4675 END
START 5968 -8652 32767 32767 6515 -5870 END
START 7956 -8644 27640 32767 7372 -7126 END
START 10188 -8736 21748 32767 8228 -9260 END
START 12688 -8296 17040 32767 9460 -13525 END
START 11528 -8544 10520 32767 10229 -17753 END
START 14160 -6988 4232 32767 10536 -21205 END
START 12928 -5524 -1160 32767 13458 -25598 END
START 10744 -5164 -5172 32767 15173 -28871 END
START 5456 -4452 -8148 27924 15142 -30890 END
START 672 -4960 -8800 23489 13645 -30717 END
START -2768 -5120 -8908 19233 11628 -29925 END
START -6608 -6072 -8768 14538 10331 -28636 END
START -11348 -6728 -7872 9784 9763 -25565 END
START -14684 -7256 -7388 4282 10243 -21441 END
START -17332 -8308 -6700 -1539 11964 -17202 END
START -20436 -10008 -5076 -7177 13302 -12919 END
START -23568 -11412 -3596 -11063 13129 -7512 END
START -24800 -12500 -3220 -13731 12260 -1954 END
START -27620 -13476 -4656 -15650 10199 4430 END
START -30304 -14348 -8360 -18642 2379 13227 END
START -26140 -14680 -12628 -25015 -4916 21772 END
START -19796 -16256 -13096 -32768 -4181 29331 END
START -18272 -20480 -10088 -32768 4896 32767 END
START -18544 -26316 -6660 -32768 6582 32767 END
START -17180 -31312 684 -32768 2409 32767 END
START -11732 -32768 8052 -32768 -2257 32767 END
START -3468 -32768 17248 -32768 -2843 32767 END