START 13380 7180 -11160 6134 -4223 4871 END
START 16780 2560 -15348 2084 -4639 2834 END
START 14896 1596 -13468 -1986 -6927 891 END
START 14220 1628 -11476 -5565 -9493 -1653 END
START 13028 964 -10580 -9158 -11778 -4010 END
START 16660 880 -9784 -13214 -13239 -6481 END
START 16364 276 -7680 -18211 -10528 -9872 END
START 15696 -1884 -5028 -22371 -8680 -13027 END
START 14224 -3944 -2660 -24669 -10599 -14960 END
START 17964 -5156 -204 -28104 -11535 -17534 END
START 18404 -7408 3164 -31092 -8802 -21156 END
START 16424 -10480 6320 -32768 -4468 -24114 END
START 11708 -13444 11948 -32768 328 -25550 END
START 6840 -14432 18396 -32768 2088 -26850 END
START 1716 -16008 24788 -32768 -1974 -29902 END
START -2356 -16176 30972 -31894 -4531 -32174 END
START -8048 -16176 32767 -29964 1106 -32768 END
START -19196 -16956 32767 -26783 5240 -29677 END
START -26552 -16384 32767 -20597 4755 -23126 END
START -29216 -13760 32767 -13499 3512 -14638 END
START -27416 -11252 32767 -6650 1626 -6984 END
START -21208 -8568 32767 387 2184 -3314 END
START -17328 -6784 32767 7853 3338 -1849 END
START -14184 -5396 32767 14632 2866 -805 END
START -9088 -4420 32767 21868 1414 -928 END
START -5452 -4972 32767 28975 750 -3119 END
START -1708 -5872 32767 32767 935 -5235 END
START 1256 -5492 28564 32767 2510 -7437 END
START 6960 -5176 24128 32767 5786 -10712 END
START 6816 -4856 16724 32767 11753 -15925 END
START 3376 -5836 9628 32767 13285 -18245 END
START 2072 -5208 3372 32767 14570 -19150 END
START -1368 -4932 120 32767 14332 -18602 END
START -3692 -4416 -2348 32767 12329 -17078 END
START -4492 -4020 -4696 31895 9363 -15983 END
START -4780 -3924 -7340 27469 7194 -15355 END
START -5988 -4316 -9160 21597 7905 -14230 END
START -8472 -4660 -10692 14069 11247 -12566 END
START -12776 -5664 -11564 5413 15126 -8578 END
START -17672 -6628 -12016 -2488 16397 -2561 END
START -21880 -7896 -11956 -9885 14431 5637 END
START -22600 -10144 -11652 -16277 11139 14299 END
START -21924 -12648 -11312 -22768 7652 22117 END
START -21804 -17140 -11568 -30086 5943 29476 END
START -27384 -22812 -10696 -32768 4585 32767 END
START -28400 -31468 -8708 -32768 1586 32767 END
START -20736 -32768 -5072 -32768 2643 32767 END
START -5220 -32768 8012 -32768 8436 32767 END