START 6352 1960 -5588 -1833 -2023 -2882 END
START 8544 -1280 -10868 -5639 -6723 -3832 END
START 7800 -2928 -9244 -9687 -7110 -3900 END
START 7020 -1740 -7380 -13835 -7298 -3559 END
START 8044 -1876 -4504 -18466 -2909 -4602 END
START 8520 -2292 -3084 -22250 2121 -5926 END
START 7308 -3120 -1880 -25567 3335 -7575 END
START 9044 -3876 -236 -28569 2464 -9551 END
START 10148 -4788 2492 -30610 1595 -12563 END
START 8088 -6444 5188 -32592 146 -14994 END
START 8892 -8744 10496 -32768 -404 -16494 END
START 8020 -10380 15104 -32768 1627 -18890 END
START 4144 -13020 21572 -32768 1086 -21081 END
START -1712 -14548 28652 -32198 -2799 -21383 END
START -5284 -14652 32767 -28885 -4867 -19293 END
START -10848 -13856 32767 -26918 -4933 -14644 END
START -13132 -12660 32767 -24537 -3697 -8082 END
START -13936 -11880 32767 -21716 54 -1239 END
START -13852 -11528 32767 -16725 3047 4661 END
START -11792 -9944 32767 -10270 3433 9374 END
START -6124 -8028 32767 -2544 2797 11504 END
START 892 -5368 32767 4546 2964 9296 END
START 4676 -4108 32767 10151 3285 5507 END
START 6564 -3816 32767 15666 3903 1643 END
START 7648 -4400 32767 20434 5543 -1828 END
START 6880 -5456 32767 24872 7955 -4613 END
START 5648 -6828 32767 28544 9067 -7085 END
START 4860 -7532 29432 31982 9305 -9015 END
START 5068 -8000 25464 32767 9188 -11328 END
START 5900 -7660 19396 32767 10980 -14858 END
START 2660 -7644 12944 32767 11095 -18022 END
START 948 -7208 8140 32767 9758 -19245 END
START 1924 -6552 5508 32767 9468 -20620 END
START 724 -6192 2580 32767 11142 -22579 END
START -1548 -5692 -544 32727 11406 -23448 END
START -2060 -5496 -3436 29609 11539 -23476 END
START -3940 -5476 -6020 25345 11817 -22825 END
START -6440 -5428 -7452 20320 11018 -20642 END
START -8508 -5008 -7704 15492 9205 -17713 END
START -8568 -4520 -8908 9792 8097 -15119 END
START -9600 -4496 -9212 2887 8649 -12820 END
START -10952 -5256 -8596 -4141 10367 -9942 END
START -14424 -7152 -7676 -10344 11966 -5504 END
START -19580 -8948 -7216 -16372 13066 1516 END
START -23176 -10760 -7484 -20988 12955 8867 END
START -28608 -14076 -9788 -24936 10879 16432 END
START -32768 -18792 -12968 -26993 147 25322 END
START -32768 -24600 -18428 -32768 -16826 32767 END
START -22332 -32768 -24240 -32768 -26383 32767 END
START -1512 -32768 -16632 -32768 -25153 32767 END
START 14808 -32768 15016 -32768 -8118 32767 END
START 31424 -32768 32767 -32768 19212 32767 END
START 24232 -32768 32767 -32768 32064 32767 END