START 15604 4568 -7368 7348 3579 -8229 END
START 5028 1496 -11016 4239 -1852 -8501 END
START 2324 912 -11752 313 -3232 -7118 END
START -2896 1316 -8576 -4373 -5073 -5141 END
START -696 1872 -8044 -9633 -4180 -4170 END
START 2244 1580 -6516 -13473 -2209 -4440 END
START 3952 1552 -6216 -17126 -1024 -6458 END
START 4416 96 -3276 -19743 -2713 -8613 END
START 4976 -1160 -1668 -21212 -4941 -10665 END
START 4768 -2144 744 -23812 -7377 -12473 END
START 4984 -3960 4916 -26598 -7008 -13286 END
START 8088 -6588 11844 -27569 -3643 -14220 END
START 10512 -8544 16760 -26595 700 -17807 END
START 6208 -10864 19188 -25324 1595 -21776 END
START 1284 -12608 22112 -23081 -2735 -22384 END
START 1972 -12136 24744 -21750 -3736 -22145 END
START 2968 -11568 25368 -20682 532 -22582 END
START 992 -10968 25084 -20421 4326 -23753 END
START -1608 -10952 26280 -19259 6640 -25773 END
START -10568 -11036 27996 -17591 4272 -27521 END
START -18772 -10584 32048 -15521 -1113 -26149 END
START -24956 -10584 32767 -13874 -22 -20893 END
START -30868 -11320 32767 -13024 2297 -12693 END
START -31412 -11788 32767 -11316 2197 -3186 END
START -28028 -11360 32767 -6699 -155 3739 END
START -20524 -9652 32767 134 -3608 7174 END
START -14212 -7728 32767 7123 -4789 6711 END
START -12816 -7360 32767 12440 -5408 7163 END
START -8968 -7028 32767 16603 -5882 8875 END
START -2960 -7372 32767 20822 -3247 9108 END
START 264 -8024 32767 25445 43 7314 END
START 3128 -8872 32767 30198 1980 5087 END
START 4900 -9760 32092 32767 3189 1713 END
START 5188 -10140 26544 32767 3941 -1395 END
START 4440 -10136 21024 32767 3897 -3782 END
START 6588 -9920 18160 32767 5951 -5974 END
START 7856 -9164 13472 32767 9559 -9504 END
START 6272 -8756 7092 32767 11927 -12631 END
START 4404 -8248 1792 32767 12512 -14249 END
START 3028 -7416 -1148 32767 12022 -15121 END
START 1536 -6492 -3828 32767 10235 -15923 END
START 1120 -5908 -5780 32767 9421 -16584 END
START -164 -5084 -8532 30557 10666 -17243 END
START -2516 -5076 -10704 25823 13074 -17621 END
START -5280 -4988 -12336 20769 14906 -16955 END
START -7964 -4672 -14676 15404 16310 -16083 END
START -12568 -4568 -16748 9284 15839 -13883 END
START -17228 -3676 -19200 2144 12800 -10151 END
START -19920 -3276 -20664 -6722 7089 -4868 END
START -21284 -3900 -21484 -16484 2192 1561 END
START -19728 -5524 -20332 -27303 270 9144 END
START -17632 -7920 -19748 -32768 527 15125 END
START -14948 -10672 -16532 -32768 31 19470 END
START -15012 -14456 -13904 -32768 -149 23318 END
START -15808 -19408 -10780 -32768 -369 28921 END
START -14164 -26644 -724 -32768 -1899 32767 END
START -6948 -31428 16680 -32768 1684 32767 END