START 14352 3588 -5388 -11643 4383 -7527 END
START 11892 -1900 -8700 -12383 1778 -9349 END
START 2456 -3940 -3356 -15236 6 -10759 END
START 5796 -3432 -5960 -18419 1325 -11536 END
START 3892 -4644 -4692 -21478 3583 -12542 END
START 960 -5496 -4436 -24881 3306 -12775 END
START 3384 -6368 -3536 -28669 2943 -12913 END
START 4884 -7692 -2032 -32060 4352 -13440 END
START 4612 -8380 1340 -32768 5344 -14327 END
START 7180 -9372 6056 -32768 6148 -15602 END
START 7608 -10664 10280 -32768 8002 -17678 END
START 3100 -12184 17092 -32768 5733 -19565 END
START 1128 -13532 25236 -32768 -1768 -19998 END
START -1476 -15256 32767 -32768 -5991 -19847 END
START -5260 -17048 32767 -32540 -4794 -18213 END
START -10632 -18296 32767 -27893 -387 -14075 END
START -17040 -17084 32767 -20488 2191 -8466 END
START -18372 -14668 32767 -12330 1804 -1706 END
START -17532 -10692 32767 -4555 -1469 3615 END
START -12684 -7180 32767 2555 -4811 7543 END
START -5536 -4732 32767 8823 -5348 9830 END
START 2344 -3432 32767 14451 -4934 9887 END
START 9520 -3364 32767 19263 -3414 7669 END
START 12704 -4036 32767 22974 -684 4163 END
START 13228 -5544 32767 27030 783 29 END
START 12828 -7052 32767 31013 713 -3084 END
START 14000 -8536 32604 32767 1093 -6208 END
START 16684 -9488 28688 32767 3474 -9998 END
START 17428 -10504 24432 32767 6448 -14303 END
START 17652 -10556 18976 32767 9268 -19562 END
START 15540 -11204 12244 32767 12030 -25182 END
START 11488 -11984 5904 32767 13238 -29478 END
START 7260 -13024 1576 32767 11816 -32310 END
START 2112 -13264 -1024 32767 7058 -32768 END
START -748 -12884 -4308 32767 96 -32392 END
START -2280 -12152 -6592 32767 -5734 -32120 END
START -3872 -11276 -8448 32767 -9563 -31279 END
START -5756 -9592 -10372 27782 -11631 -30591 END
START -7960 -9244 -12076 19865 -11456 -29752 END
START -14136 -8228 -14296 10932 -9217 -26812 END
START -20660 -7244 -12300 658 -6162 -19835 END
START -22500 -7608 -10812 -7282 1734 -10362 END
START -23896 -8172 -11680 -15263 10073 -1067 END
START -25280 -9064 -11508 -22906 12318 7789 END
START -23840 -9832 -11256 -29182 12440 15666 END
START -21876 -11540 -11660 -32768 12777 22029 END
START -20972 -14964 -9852 -32768 12099 27924 END
START -20556 -18868 -9608 -32768 16573 32767 END
START -23600 -27860 -6032 -32768 19804 32767 END
START -21440 -32768 5712 -32768 18295 32767 END
START -17236 -32768 28368 -32768 13871 32767 END
START -8100 -32768 32767 -32768 7620 32767 END
START 2420 -32768 32767 -32768 2496 32767 END
START 14540 -28272 32767 -32768 -5122 32767 END
START 26176 -17512 32767 -32768 3539 32767 END