START 20588 6760 -20792 8801 8454 -3640 END
START 2304 3724 -17664 1822 1433 -4208 END
START -1772 844 -13140 -2652 -5559 -3568 END
START -3712 336 -11312 -6250 -9233 -931 END
START -1196 340 -11852 -10658 -6807 1634 END
START 3488 124 -15320 -17854 601 2989 END
START 1520 -1544 -14832 -26285 7596 3986 END
START 488 -4624 -10708 -32596 7242 4612 END
START -168 -6844 -6612 -32768 941 5675 END
START 3084 -7960 -4256 -32768 -5016 6786 END
START 7860 -8680 -2444 -32768 -4922 7485 END
START 10752 -10156 2676 -32768 1578 7326 END
START 9184 -10536 12020 -32768 2324 6486 END
START 9860 -7812 18264 -32768 -2194 4613 END
START 12868 -4856 23424 -32768 -3697 2196 END
START 11768 -3808 32767 -32768 2066 263 END
START 6612 -4704 32767 -32768 5886 1017 END
START 6388 -5028 32767 -32768 7047 4400 END
START 8832 -3792 32767 -26459 5451 6320 END
START 14324 -1620 32767 -12959 4229 5173 END
START 14536 848 32767 -1102 4136 2480 END
START 13644 3472 32767 6713 1297 1907 END
START 16364 4568 32767 12208 1704 993 END
START 20292 4332 32767 16544 4172 -1676 END
START 20332 2272 32767 19834 6299 -6496 END
START 17880 -536 32767 23620 6262 -11187 END
START 14504 -2040 32767 27720 5730 -15046 END
START 12636 -3704 28460 31932 5498 -18274 END
START 11300 -4216 21544 32767 5829 -22187 END
START 9504 -4448 15112 32767 6705 -26594 END
START 8516 -5108 10316 32767 7750 -30743 END
START 6764 -5256 6352 32767 9894 -32768 END
START 1908 -6512 2948 31118 10885 -32768 END
START -2112 -7232 1188 29406 10239 -32768 END
START -5200 -6716 -776 27279 8661 -32768 END
START -5368 -5848 -2832 24796 6906 -32768 END
START -5392 -6144 -4452 21317 7590 -32490 END
START -7440 -6952 -5872 17401 9593 -31374 END
START -11308 -8168 -5740 13845 9593 -29947 END
START -14872 -9728 -4576 11755 5902 -28148 END
START -18344 -11372 -3860 10437 2108 -25288 END
START -22688 -12156 -4204 7809 1413 -19754 END
START -28772 -12496 -6676 2684 3648 -9667 END
START -32768 -12668 -10516 -5973 7517 7231 END
START -32768 -12664 -16320 -20382 10263 28731 END
START -32768 -17328 -19608 -32768 5072 32767 END
START -26276 -25988 -18448 -32768 531 32767 END
START -13172 -32768 -8656 -32768 6425 32767 END
START -5164 -32768 14588 -32768 10564 32767 END
START 13292 -32768 32767 -32768 11867 32767 END
START 32767 -29920 32767 -32768 30169 32767 END