START 13740 8800 -14468 -4922 -3855 -2418 END
START 3972 -2232 -4808 -9301 -4095 -4101 END
START 6700 16 -8124 -14153 -2646 -4331 END
START 9172 -700 -8136 -17730 -1264 -4995 END
START 9956 -1556 -5392 -20593 -270 -5330 END
START 12000 -1772 -4936 -22972 587 -6904 END
START 12316 -2836 -4156 -26063 862 -9219 END
START 10308 -4736 -3104 -29612 879 -10966 END
START 7296 -7532 -1604 -32680 -843 -10772 END
START 7452 -8644 1620 -32768 -4114 -9761 END
START 9836 -9900 5900 -32768 -2390 -9781 END
START 8848 -10544 8040 -32768 3117 -10455 END
START 5668 -10636 13896 -32768 3273 -11161 END
START 2980 -10772 19896 -32768 952 -12238 END
START -700 -11660 29792 -32768 -2542 -10940 END
START -156 -11896 32767 -32768 -1833 -9436 END
START -724 -12332 32767 -31748 -1472 -8165 END
START 168 -10576 32767 -23713 -2 -7622 END
START -2172 -9992 32767 -17953 -1181 -6119 END
START -3240 -9004 32767 -10710 -5058 -3228 END
START 1956 -7728 32767 -3395 -5658 -752 END
START 5284 -6544 32767 3942 -3828 -511 END
START 8164 -5752 32767 11587 -3639 -1781 END
START 9756 -5012 32767 17894 -2903 -3700 END
START 11336 -5188 32767 22327 -782 -5741 END
START 12484 -6032 32767 27141 1030 -8196 END
START 13432 -6644 32767 32653 2710 -12181 END
START 12388 -7660 27108 32767 3462 -16833 END
START 13296 -7992 20324 32767 2927 -21572 END
START 12680 -7736 12928 32767 2873 -27424 END
START 10480 -7496 7696 32767 2282 -32743 END
START 7392 -8272 3472 32767 3186 -32768 END
START 3664 -8304 1200 32767 4229 -32768 END
START 692 -8244 -896 31224 5662 -32768 END
START -1692 -8732 -2048 28663 7683 -32768 END
START -3500 -8120 -3872 25505 10088 -32768 END
START -5348 -7724 -4900 21968 12712 -32768 END
START -8560 -8432 -5868 18317 13514 -32611 END
START -14436 -9556 -5100 15566 8024 -31149 END
START -18176 -8892 -4796 12430 697 -27559 END
START -18992 -7524 -4808 7109 1553 -22167 END
START -22156 -6156 -5196 541 9615 -14392 END
START -27692 -6084 -4856 -4478 14301 -3802 END
START -28716 -6212 -6036 -7684 11372 8277 END
START -24864 -6416 -9044 -11094 4906 17986 END
START -20444 -6684 -12120 -17693 212 25580 END
START -15940 -8076 -13160 -26370 542 31048 END
START -14484 -10680 -12948 -32768 4907 32767 END
START -15084 -15596 -11656 -32768 12109 32767 END
START -17904 -23684 -7312 -32768 13627 32767 END
START -17044 -31892 3108 -32768 -273 32767 END
START -6460 -32768 14936 -32768 -7774 32767 END
START 14784 -32768 30184 -32768 4095 32767 END
START 20748 -32768 32767 -32768 18584 32767 END