START 15932 6256 -7408 -4540 -1352 -2852 END
START 14600 -528 -11232 -7347 -4235 -3973 END
START 9288 -2720 -4052 -10508 -4187 -6004 END
START 9900 -2948 -4176 -13014 -3232 -7192 END
START 6240 -3072 -1328 -15244 -3281 -8193 END
START 8064 -3672 -1932 -18110 -2814 -9069 END
START 8864 -3888 -940 -21139 -2437 -10107 END
START 10692 -4624 596 -23532 -336 -12536 END
START 10108 -5636 548 -25683 1836 -14697 END
START 9320 -6656 1188 -28762 3437 -17199 END
START 7160 -8124 3548 -31603 2845 -19063 END
START 4732 -9148 7052 -32768 1736 -20181 END
START 1852 -10228 11944 -32768 97 -21212 END
START -564 -11620 19380 -32768 -2575 -21163 END
START -1980 -13272 28664 -32768 -707 -21581 END
START -7692 -13836 32767 -32768 865 -19948 END
START -11040 -13164 32767 -29382 1346 -16752 END
START -15612 -12616 32767 -23833 -2162 -12868 END
START -15248 -11056 32767 -18021 -5859 -8153 END
START -12392 -9424 32767 -11616 -2721 -3991 END
START -10732 -7532 32767 -6274 257 -647 END
START -8672 -6020 32767 -1334 1579 1367 END
START -7028 -4504 32767 4053 1470 2917 END
START -4140 -4144 32767 9421 225 4010 END
START 128 -4196 32767 14508 -170 3497 END
START 2856 -5220 32767 18948 892 1686 END
START 3516 -6632 32767 23698 2519 -364 END
START 4160 -7900 32767 29016 5102 -2090 END
START 3188 -8840 32767 32767 8006 -2926 END
START 4972 -9152 31368 32767 9376 -3223 END
START 8456 -8940 27340 32767 11693 -6105 END
START 9180 -8720 20752 32767 13367 -10535 END
START 8180 -8584 13360 32767 13787 -15210 END
START 6832 -8212 6876 32767 13182 -18916 END
START 4588 -7848 1860 32767 12891 -21316 END
START 1436 -7580 -960 32767 10766 -21970 END
START -296 -7024 -3260 32767 7065 -21883 END
START -1256 -6632 -4164 32767 642 -22488 END
START -2236 -6544 -4820 32767 -6614 -23945 END
START -3460 -6848 -5668 32767 -13660 -25757 END
START -5172 -6588 -7240 32767 -17176 -26425 END
START -6624 -6028 -9092 28917 -15564 -25824 END
START -7652 -3984 -12424 19502 -6685 -22965 END
START -8640 -2512 -16416 6003 6580 -19819 END
START -12300 -2596 -18340 -7668 13895 -16373 END
START -16580 -4536 -15892 -18825 11191 -12884 END
START -18528 -7088 -12944 -26100 4388 -8971 END
START -22152 -9404 -10680 -32032 -211 -3321 END
START -24436 -11216 -9552 -32768 -1493 5465 END
START -27468 -14096 -9388 -32768 -279 16614 END
START -30892 -19184 -9920 -32768 83 31147 END
START -27844 -27516 -5096 -32768 -1788 32767 END
START -15884 -32768 7884 -32768 1649 32767 END