START 20728 8056 -4940 2607 6893 -2724 END
START 16864 -276 -9612 2497 3683 -9298 END
START 4956 -2168 -3880 83 -936 -13243 END
START 828 -2720 -3740 -3463 -4999 -14113 END
START 1540 -3088 -2192 -7534 -7849 -14019 END
START 8180 -2400 -4316 -11380 -7449 -14842 END
START 10704 -2512 -3096 -15684 -3658 -18499 END
START 11416 -3776 -3240 -20108 1094 -22427 END
START 8904 -5444 -2656 -23213 2587 -24968 END
START 7040 -6028 -1120 -25519 1364 -26617 END
START 5912 -6644 680 -28051 231 -29211 END
START 3496 -7596 2804 -30324 -1871 -32080 END
START 480 -9536 6564 -32768 -3801 -32768 END
START -2760 -13784 14832 -32768 652 -32768 END
START -16132 -19048 26632 -32768 2771 -32768 END
START -26588 -20896 32767 -30030 -2611 -32768 END
START -30248 -21496 32767 -23148 -6980 -28574 END
START -29372 -19904 32767 -15932 -8649 -20473 END
START -25800 -17772 32767 -9542 -9023 -13545 END
START -22520 -15236 32767 -5849 -4308 -7666 END
START -23156 -13208 32767 -1837 2771 -571 END
START -21920 -10896 32767 2656 5879 6821 END
START -17296 -8900 32767 6763 6030 11039 END
START -12760 -8824 32767 12151 5029 11766 END
START -13872 -7996 32767 18002 2185 10652 END
START -10112 -10164 32767 23610 295 10727 END
START -7032 -11220 32767 29840 1424 11334 END
START -5464 -11796 30164 32767 3980 12454 END
START -2000 -11536 23728 32767 5413 13413 END
START 3016 -10112 18656 32767 5561 11565 END
START 6952 -8380 13492 32767 5878 6692 END
START 8132 -6220 6536 32767 7704 343 END
START 7088 -5120 644 32767 9273 -5459 END
START 6136 -3552 -2200 32767 10391 -10261 END
START 4360 -2688 -5320 32767 11517 -14711 END
START 2308 -2200 -6768 31627 11753 -16925 END
START -860 -756 -9320 27012 7559 -18309 END
START -1764 -1228 -10064 24067 3693 -19260 END
START -3012 -1284 -10776 20383 48 -20178 END
START -4860 -1832 -11340 15951 -1635 -20350 END
START -6452 -2124 -12432 9341 -437 -19930 END
START -10140 -3380 -12876 2281 2195 -17894 END
START -14984 -3868 -13616 -5015 4094 -13835 END
START -17512 -5132 -13404 -13215 2811 -8599 END
START -19344 -7164 -11452 -20398 -81 -1694 END
START -17656 -9092 -8340 -26186 -4102 4702 END
START -15520 -10724 -5604 -29845 -7488 9359 END
START -15012 -12556 -5084 -32768 -9351 13474 END
START -16736 -15024 -6400 -32768 -9246 18730 END
START -20964 -19068 -6284 -32768 -11681 27046 END
START -19328 -24676 -2364 -32768 -14912 32767 END
START -12096 -29440 7068 -32768 -12053 32767 END
START -4844 -32064 22664 -32768 -2620 32767 END