START 22004 8080 -9548 2012 -4647 -1443 END
START 14260 2744 -11188 -3230 -6587 -4258 END
START 13168 424 -7700 -7078 -5349 -7281 END
START 11024 392 -7484 -9956 -5153 -8671 END
START 10780 -96 -8004 -13827 -3752 -9944 END
START 11340 -484 -7524 -18261 -2117 -11101 END
START 13096 -1256 -5928 -22481 441 -13974 END
START 13344 -2652 -3860 -25897 2197 -17435 END
START 12196 -4860 -2784 -28870 2285 -21258 END
START 10924 -7192 12 -31297 438 -24435 END
START 9056 -9604 3748 -32768 -728 -27091 END
START 5100 -11580 8112 -32768 -2603 -28734 END
START 716 -12212 13996 -32768 -4880 -28675 END
START -3028 -12024 20628 -32768 -4436 -27181 END
START -6788 -12096 27932 -32768 -2054 -23949 END
START -5272 -12372 32767 -32768 4206 -23021 END
START -16984 -15932 32767 -30855 2940 -24662 END
START -25772 -16652 32767 -22231 -11203 -20575 END
START -27132 -15828 32767 -14787 -14795 -11738 END
START -24804 -14080 32767 -9315 -6487 727 END
START -19740 -11760 32767 -4173 -565 9133 END
START -11476 -8448 32767 2847 927 12958 END
START -5540 -6236 32767 10396 1083 12854 END
START -1864 -4940 32767 17073 -1255 12085 END
START 7184 -4772 32767 22679 -380 9119 END
START 8960 -5796 32767 27735 4051 4921 END
START 10520 -6824 32767 32052 8102 1601 END
START 11012 -7508 28148 32767 11256 -1191 END
START 12132 -7708 23044 32767 13274 -4164 END
START 14940 -7060 17760 32767 14388 -8620 END
START 15320 -6252 11884 32767 15048 -14752 END
START 12300 -5804 6168 32767 14710 -19449 END
START 9708 -5012 2652 32767 13027 -22254 END
START 7944 -4104 -540 32767 12644 -25104 END
START 4104 -4264 -3084 29790 13260 -26578 END
START 1000 -3668 -5772 25545 14415 -25781 END
START -1452 -2464 -8196 19386 17188 -23738 END
START -3740 -2480 -9032 13004 20674 -22100 END
START -7928 -3276 -9216 8759 21759 -20191 END
START -11544 -3884 -9652 6378 17842 -17848 END
START -15072 -4628 -10636 3739 10910 -15519 END
START -16500 -5616 -11732 754 4714 -11518 END
START -17248 -5752 -13464 -3864 1780 -7786 END
START -19568 -7028 -14488 -9690 388 -2348 END
START -20264 -7352 -15584 -16298 -861 4862 END
START -17932 -9224 -16812 -24724 -1287 10688 END
START -15456 -11600 -18680 -32768 -4675 14952 END
START -12628 -15200 -18452 -32768 -10474 17704 END
START -10572 -19728 -15660 -32768 -13729 20599 END
START -8612 -25364 -9720 -32768 -8732 23641 END
START -9324 -30844 -5100 -32768 -916 26713 END
START -10228 -32768 3192 -32768 2117 28362 END
START -11380 -32768 18228 -32768 582 29583 END
START -8092 -32768 32767 -32768 -4038 30447 END