START 31316 8560 -13384 -11691 12728 -5601 END
START 13384 -912 -5644 -12183 10186 -13192 END
START 9008 -2848 -1576 -12629 7522 -17178 END
START 7572 -4828 -1064 -12574 3899 -18685 END
START 6620 -6704 -772 -13129 1500 -18677 END
START 7404 -7676 -2836 -16576 3048 -18747 END
START 7320 -9468 -1068 -20428 4964 -20030 END
START 5660 -10872 1664 -22246 5581 -21110 END
START 4860 -11284 2920 -22879 5697 -23444 END
START 2124 -11792 3508 -23094 3115 -25039 END
START 1396 -12080 4088 -24497 -138 -27199 END
START -1424 -12488 6508 -26728 -2004 -29133 END
START -4992 -13712 10756 -29147 -2386 -30479 END
START -9332 -15836 17800 -31448 -261 -31825 END
START -16244 -19636 28388 -31031 1633 -31365 END
START -20724 -20584 32767 -26079 1757 -29471 END
START -27600 -20840 32767 -20210 -1651 -26689 END
START -30820 -19424 32767 -14026 -6089 -20651 END
START -30396 -17152 32767 -9519 -2680 -13028 END
START -30792 -15040 32767 -5468 790 -5522 END
START -28248 -13796 32767 222 1581 27 END
START -24344 -12840 32767 6400 -488 3791 END
START -20208 -12444 32767 12162 -2756 6327 END
START -16064 -12792 32767 17849 -4322 8377 END
START -10732 -13696 32767 22974 -3477 9714 END
START -6036 -14688 32767 27664 66 9813 END
START -4636 -15232 32767 32067 2141 9563 END
START -1652 -15124 27696 32767 2627 9433 END
START 3196 -13760 24004 32767 3650 7489 END
START 4864 -12924 19592 32767 4293 3894 END
START 4928 -12112 14788 32767 2991 1084 END
START 5856 -10624 10520 32767 1859 -1870 END
START 7992 -8608 5748 32767 3972 -5761 END
START 7520 -7308 2336 32767 7765 -9657 END
START 4928 -6412 -908 32767 10260 -12829 END
START 2396 -5668 -3124 32767 10409 -14989 END
START 720 -4988 -5560 32592 10774 -16790 END
START -2236 -4716 -6784 29179 10958 -17310 END
START -4120 -4336 -8500 26014 10338 -17418 END
START -4220 -4292 -10576 22551 11296 -18455 END
START -3688 -4832 -15396 16723 18137 -20854 END
START -8188 -5780 -21432 5696 30625 -22393 END
START -20148 -7784 -24644 -5641 32767 -19280 END
START -29908 -8948 -23104 -12799 13937 -10818 END
START -27340 -9088 -22468 -18161 -6935 -474 END
START -19128 -9640 -19248 -24440 -13647 6956 END
START -13716 -10172 -16944 -32010 -8379 11827 END
START -11688 -11604 -16232 -32768 -1131 14677 END
START -11856 -14740 -16928 -32768 -908 16660 END
START -10384 -19848 -14404 -32768 -3553 16659 END
START -12260 -26296 -9616 -32768 -5106 18280 END
START -15468 -32736 -2196 -32768 -3978 21671 END
START -19212 -32768 11564 -32768 -1019 29380 END
START -17836 -32768 29424 -32768 -2563 32767 END
START -7800 -32768 32767 -32768 -6802 32767 END