START 12636 4428 -13092 -2069 -352 -3467 END
START 14172 -632 -10140 -3870 -3816 -4678 END
START 15672 -512 -8156 -5622 -4179 -7039 END
START 9176 -1548 -3720 -7397 -3783 -9287 END
START 10032 -2220 -5124 -10213 -2406 -10910 END
START 4776 -2408 -3504 -13912 -1808 -11677 END
START 3940 -3128 -4092 -17523 -3338 -12089 END
START 4512 -3252 -4656 -21192 -6152 -12061 END
START 5076 -3616 -1908 -25055 -7082 -11328 END
START 7272 -3056 2068 -28316 -4392 -11229 END
START 7236 -2552 4644 -31044 -1657 -12736 END
START 4808 -3056 9088 -32768 -3503 -14428 END
START 4436 -3860 15984 -32768 -4985 -15823 END
START 584 -4484 24136 -32768 -2916 -16204 END
START -5508 -5632 32767 -32768 -2541 -14486 END
START -7972 -6400 32767 -29895 -2375 -10307 END
START -6220 -5852 32767 -23883 1672 -6778 END
START -6852 -4268 32767 -17673 4869 -4657 END
START -7648 -2984 32767 -12114 3622 -2575 END
START -7460 -1736 32767 -6070 197 21 END
START -5524 -400 32767 -392 -2851 2533 END
START 920 1420 32767 5547 -2666 3911 END
START 5208 2412 32767 10605 585 2868 END
START 6404 2368 32767 14613 2605 1070 END
START 7184 1868 32767 18305 2774 -1456 END
START 7172 764 32767 22551 2802 -4517 END
START 5764 0 31784 26024 3426 -6541 END
START 6200 -408 28132 28666 4350 -7917 END
START 6468 4 23336 30519 6415 -9979 END
START 8840 516 20324 31837 7949 -12525 END
START 9824 1040 16232 32565 10820 -17373 END
START 10616 924 11516 32309 13346 -22936 END
START 7164 -44 7068 30440 15259 -27971 END
START 5184 -1468 6036 29359 15187 -29817 END
START 4600 -1532 3416 28892 16688 -32125 END
START 3036 -2572 2240 27869 17121 -32768 END
START 1120 -3228 -672 26687 18799 -32768 END
START -2748 -4128 -3040 24290 20102 -32768 END
START -6468 -4468 -5548 21013 19402 -28310 END
START -8284 -4332 -7776 17373 17690 -23553 END
START -7648 -4900 -9004 13083 15810 -20314 END
START -8568 -5948 -10020 9176 14886 -19252 END
START -11204 -7452 -10704 5259 13136 -18628 END
START -16176 -9140 -11320 1686 9991 -15683 END
START -18932 -10208 -12024 -2030 5466 -10199 END
START -21020 -11740 -13660 -6636 1983 -2720 END
START -22120 -13000 -15256 -12156 -1367 6420 END
START -20520 -14940 -20456 -19940 -3824 15144 END
START -21756 -16628 -26832 -32410 -10741 23871 END
START -17300 -21848 -31024 -32768 -19960 32767 END
START -7984 -28476 -32068 -32768 -18805 32767 END
START -4368 -32768 -28044 -32768 384 32767 END
START -7464 -32768 -8552 -32768 17026 32767 END
START -13824 -32768 32767 -32768 24787 32767 END