START 17176 2004 -7128 -5724 1122 -7089 END
START 18136 -2136 -11240 -7384 -1422 -8293 END
START 8268 -4296 -1992 -12735 -2179 -10108 END
START 11908 -4124 -1052 -15504 -2806 -12342 END
START 9728 -4652 1088 -17935 -1245 -15584 END
START 6988 -6276 612 -20539 -365 -17165 END
START 6808 -7056 1092 -23998 -1218 -17714 END
START 6568 -8052 3100 -27176 -2013 -18678 END
START 7264 -8216 6448 -28708 -3958 -19168 END
START 7716 -8384 7672 -30361 -3412 -21017 END
START 6496 -9356 9856 -32768 -3320 -23261 END
START 3872 -10928 14256 -32768 -2145 -26012 END
START -1272 -14248 21400 -32768 -1344 -28079 END
START -9780 -15700 30984 -32768 -1948 -27698 END
START -17880 -16212 32767 -32508 -5270 -24557 END
START -20600 -14740 32767 -28193 -3924 -18349 END
START -22100 -11736 32767 -23089 2105 -12145 END
START -24836 -10292 32767 -18279 2489 -7419 END
START -25572 -8740 32767 -11760 -2763 -2473 END
START -20476 -7388 32767 -4078 -5596 2434 END
START -14212 -5736 32767 3375 -3998 5522 END
START -9524 -4932 32767 10102 -1865 6960 END
START -4736 -4352 32767 15721 -2379 7192 END
START -112 -5276 32767 20861 -2263 5917 END
START 2776 -6400 32767 25994 -2961 4336 END
START 6912 -7956 32767 30751 -4353 2721 END
START 12156 -8980 32767 32767 -3494 -42 END
START 17472 -9756 31060 32767 -1072 -4752 END
START 19064 -11472 24996 32767 -553 -13559 END
START 13380 -13480 17556 32767 -5637 -22766 END
START 8784 -13988 10036 32767 -10904 -27545 END
START 6244 -11948 3572 32767 -10512 -30146 END
START 3536 -9384 -1748 32767 -4681 -30668 END
START 592 -7108 -5024 32767 3277 -29292 END
START -1704 -5944 -6344 26987 9328 -27260 END
START -5104 -4932 -6776 21041 11830 -25619 END
START -10044 -3860 -6312 17469 7824 -24320 END
START -12956 -2972 -6344 15007 1903 -21909 END
START -14412 -2904 -7216 11739 -875 -19051 END
START -14656 -3072 -9388 6480 1769 -15842 END
START -16968 -3660 -11600 -685 7856 -12951 END
START -22748 -4884 -12580 -8162 12275 -7480 END
START -27524 -6220 -13272 -15518 12065 255 END
START -29912 -8072 -13744 -22528 8009 9159 END
START -28660 -10596 -12304 -30080 3469 18617 END
START -24520 -13404 -10284 -32768 1810 27700 END
START -19476 -16772 -9268 -32768 3094 32767 END
START -13464 -20488 -7588 -32768 6925 32767 END
START -9024 -25708 -4536 -32768 16503 32767 END
START -9072 -30240 6060 -32768 23180 32767 END
START -10768 -32768 26780 -32768 20995 32767 END
START -1316 -32768 32767 -32768 16800 32767 END
START 3992 -29328 32767 -32768 8227 31519 END