START 29772 13976 -7764 5394 -6350 -3403 END
START 13752 532 -3724 2950 -5543 -8540 END
START 9888 220 -6620 -1217 -3098 -10114 END
START 4564 -464 -7372 -5614 -3499 -8593 END
START 2012 -836 -7036 -10973 -3956 -6351 END
START 5452 -1168 -8272 -16580 -4459 -4747 END
START 7276 -1680 -5992 -21905 -2934 -5146 END
START 9692 -2568 -3448 -25432 -583 -7857 END
START 10024 -3580 -2324 -27810 1833 -12015 END
START 7012 -5616 -2428 -30856 2671 -15792 END
START 3452 -8528 -2148 -32768 1687 -17519 END
START 64 -10772 1460 -32768 -2494 -17275 END
START 320 -11504 8116 -32768 -4685 -16233 END
START -1468 -11832 14712 -32768 -4523 -15060 END
START -180 -12004 24464 -32768 -3060 -13912 END
START -552 -11764 32767 -32768 682 -15323 END
START -4376 -12096 32767 -31566 -2205 -17766 END
START -8988 -12532 32767 -26704 -7112 -18872 END
START -13648 -12836 32767 -21361 -12239 -16243 END
START -13896 -11736 32767 -14011 -12398 -10650 END
START -14476 -10640 32767 -7524 -6727 -4145 END
START -14424 -9432 32767 -1307 -4709 2490 END
START -8676 -7544 32767 5281 -5046 6671 END
START -4484 -6508 32767 11460 -5438 6959 END
START -2488 -6668 32767 17103 -8355 6222 END
START 1296 -7304 32767 23552 -11596 4716 END
START 9000 -7784 32767 31521 -9251 1046 END
START 12668 -7996 32767 32767 -3452 -3610 END
START 16784 -7852 29728 32767 4286 -7589 END
START 19396 -7640 22864 32767 12194 -12186 END
START 19920 -6432 15556 32767 16816 -17595 END
START 20692 -5036 8452 32767 19233 -23957 END
START 17856 -5716 3472 32767 20200 -31231 END
START 12116 -7160 156 32767 17995 -32768 END
START 7428 -7784 -1980 32767 13785 -32768 END
START 3828 -7104 -4024 32767 9064 -32768 END
START 2268 -5736 -6408 32767 5256 -32768 END
START 700 -4644 -8916 29185 3879 -32768 END
START -1632 -4524 -10588 23664 5233 -32768 END
START -5288 -4564 -12356 16839 8581 -32208 END
START -10772 -4876 -13212 9119 9797 -30167 END
START -15328 -4940 -14016 1059 9218 -27042 END
START -19452 -6104 -13268 -7959 7346 -22475 END
START -22900 -7148 -11056 -15184 5633 -15266 END
START -24548 -7600 -8480 -21471 2859 -7726 END
START -26012 -9100 -4920 -25175 322 790 END
START -25088 -10324 -2796 -26576 -1341 10204 END
START -21428 -11276 -3632 -28991 -2197 19254 END
START -16328 -13256 -5876 -32768 -3501 25549 END
START -11296 -16768 -7460 -32768 -1920 29971 END
START -10544 -21228 -7608 -32768 2404 32767 END
START -10996 -26812 -5060 -32768 3759 32767 END
START -9036 -32768 3720 -32768 6404 32767 END
START -4356 -32768 19624 -32768 13782 32767 END