START 7368 11856 -13644 -408 874 -256 END
START 2452 1996 -15164 -3407 -6368 -384 END
START 1680 -184 -11852 -6582 -8082 -670 END
START 2124 -1668 -10404 -9908 -8514 -1075 END
START 2544 -2884 -9116 -13049 -8020 -1276 END
START 5384 -4308 -10528 -16562 -7260 -983 END
START 6308 -5944 -11436 -21552 -6020 -508 END
START 9156 -7112 -10524 -27489 -4288 -125 END
START 13984 -9840 -7744 -32768 -1964 -1225 END
START 15956 -11832 -4348 -32768 -927 -3553 END
START 17204 -11924 -1360 -32768 -2494 -4633 END
START 20964 -11636 -1764 -32768 -2413 -6285 END
START 22916 -12944 2736 -32768 430 -9930 END
START 19692 -15712 11876 -32768 2210 -15886 END
START 10048 -19640 22008 -32768 1091 -21125 END
START -1556 -22208 32767 -32768 -2669 -21911 END
START -9156 -23148 32767 -32768 -3411 -17478 END
START -10532 -21904 32767 -32768 783 -11868 END
START -11528 -18796 32767 -25514 2651 -8574 END
START -10528 -15004 32767 -17134 -398 -6411 END
START -7508 -10460 32767 -9536 -1235 -4284 END
START -5108 -7072 32767 -3399 526 -1692 END
START -3660 -4560 32767 1500 1043 711 END
START -880 -3340 32767 5877 1467 2387 END
START 332 -2996 32767 10210 1840 3422 END
START 2108 -3408 32767 14482 1330 3870 END
START 2116 -4364 32767 18305 -223 3472 END
START 3220 -6152 32767 22068 -329 2858 END
START 1708 -8188 32767 26344 -327 2735 END
START 1768 -10452 32767 30410 -313 4251 END
START 5080 -11060 31456 32767 -581 5878 END
START 13468 -10664 30176 32767 448 4307 END
START 22488 -9604 27176 32767 3434 -2058 END
START 24064 -8644 19792 32767 7016 -11694 END
START 20956 -8804 12704 32767 9242 -20400 END
START 17212 -8628 6212 32767 10792 -27736 END
START 11520 -8220 1012 32767 11935 -32288 END
START 6932 -8024 -2340 32767 12012 -32768 END
START 2644 -7820 -4264 30877 11420 -32768 END
START -448 -7908 -5300 27068 10369 -32768 END
START -4268 -8556 -6216 23600 9894 -32194 END
START -7584 -8572 -8072 18802 10898 -28787 END
START -13184 -8668 -9560 13611 12874 -23871 END
START -19440 -8496 -11328 7647 13110 -16915 END
START -23744 -7552 -14004 -141 10987 -8737 END
START -24508 -7252 -15580 -9950 11307 1128 END
START -22008 -8060 -15396 -21730 16591 9522 END
START -21084 -9480 -13132 -32191 23221 15287 END
START -22580 -11736 -9120 -32768 23402 19360 END
START -23216 -13392 -8232 -32768 15184 23850 END
START -20460 -15196 -11552 -32768 3625 28909 END
START -15040 -17172 -13844 -32768 -1033 32767 END
START -11780 -20504 -12504 -32768 7075 32767 END
START -15264 -26648 -7704 -32768 17142 32767 END
START -17928 -32768 4916 -32768 11131 32767 END
START -7252 -32768 32767 -32768 -564 32767 END
START 14956 -32768 32767 -32768 -2515 32767 END