START 15408 5200 -9940 -454 -5465 -3086 END
START 9972 1420 -13612 -5464 -12416 -4916 END
START 15460 360 -9108 -9875 -14524 -7955 END
START 15900 508 -8652 -15906 -8104 -11137 END
START 11764 -1120 -4092 -20818 -2437 -11830 END
START 9756 -1944 -1140 -24175 818 -11613 END
START 9608 -3216 -1560 -27680 2781 -11846 END
START 11104 -4724 1876 -30513 2151 -13645 END
START 11360 -6536 4716 -31357 2077 -17383 END
START 8200 -8688 6160 -32163 -773 -20663 END
START 4692 -10052 9460 -32638 -5545 -22515 END
START 1932 -10416 12824 -32768 -7379 -22337 END
START -1232 -9408 17316 -32768 -5436 -19935 END
START -5212 -9016 22544 -32768 -3013 -17260 END
START -3536 -10100 32767 -32768 -2036 -15407 END
START -4820 -10200 32767 -32058 716 -16948 END
START -10696 -11248 32767 -24522 -3583 -16981 END
START -12808 -9664 32767 -15928 -6136 -13601 END
START -15904 -8572 32767 -9078 -5250 -8703 END
START -16864 -7012 32767 -3591 -3795 -2038 END
START -12024 -5548 32767 995 -23 4405 END
START -6892 -4052 32767 6832 4347 7122 END
START -3280 -2388 32767 13667 3237 8664 END
START 6500 -1240 32767 20675 1771 8023 END
START 16264 -1700 32767 26931 3414 4778 END
START 22120 -3308 32767 32767 6455 -1502 END
START 22504 -4972 32767 32767 7236 -10231 END
START 19640 -7312 24564 32767 7220 -19097 END
START 16648 -9140 16320 32767 9349 -25557 END
START 12340 -10284 8732 32767 13724 -30506 END
START 6300 -11144 2980 32767 16963 -32704 END
START 836 -11268 -652 32767 17805 -32382 END
START -2672 -10984 -3240 31363 16175 -31421 END
START -5416 -10536 -5676 29049 12772 -30901 END
START -8772 -10116 -8468 26183 8974 -30586 END
START -13780 -11216 -9972 22407 5659 -28243 END
START -20768 -10688 -11756 17670 2760 -21845 END
START -26636 -9452 -13956 9543 1099 -11251 END
START -28948 -8448 -14424 -36 445 1126 END
START -27112 -9244 -12496 -8460 991 11852 END
START -23032 -10388 -9688 -15152 1712 21030 END
START -18468 -11088 -8488 -20850 2621 26954 END
START -17268 -11956 -8092 -25992 1658 30752 END
START -16792 -13916 -8388 -31750 -1984 32767 END
START -16836 -16852 -8184 -32768 -3902 32767 END
START -12436 -20416 -5004 -32768 1015 32767 END
START -12340 -25256 900 -32768 9391 32767 END
START -9472 -31116 13608 -32768 17223 32767 END
START -2472 -32768 32767 -32768 20308 32767 END
START 13776 -27320 32767 -32768 18592 32767 END