START 17040 9548 -9300 -3658 -5160 -4345 END
START 18068 -2620 -18212 -5773 -4512 -5188 END
START 7628 -5048 -11292 -11590 -4537 -5131 END
START 2644 -5052 -5364 -17371 -4746 -6959 END
START 3984 -5888 -5376 -21016 -3595 -8942 END
START 4024 -5872 -5388 -23401 -3805 -9383 END
START 9888 -5864 -6916 -26635 -1948 -10369 END
START 10716 -6508 -6640 -30347 1581 -12091 END
START 11696 -7288 -5980 -32768 2864 -14551 END
START 11648 -8864 -2672 -32768 2432 -18344 END
START 9436 -12024 1688 -32768 1661 -22475 END
START 6700 -15684 9696 -32768 2279 -24687 END
START -456 -18736 19132 -32768 2779 -25093 END
START -8044 -18904 28580 -32768 -2688 -22675 END
START -10208 -18608 32767 -32768 -4492 -18810 END
START -10180 -18756 32767 -32768 -2297 -14913 END
START -11432 -15212 32767 -27189 5264 -11948 END
START -14216 -12236 32767 -21398 6601 -8417 END
START -15008 -9868 32767 -15485 3366 -4435 END
START -12656 -7656 32767 -7356 -382 -599 END
START -7440 -5164 32767 443 -1314 1495 END
START -4304 -4008 32767 6695 -1634 2822 END
START -1064 -3696 32767 12588 -918 3280 END
START 1916 -4528 32767 17555 -357 3413 END
START 4296 -5316 32767 21700 -311 2325 END
START 6432 -6468 32767 25918 -540 283 END
START 8780 -7656 32767 30107 461 -2534 END
START 10904 -8884 31368 32767 1765 -6436 END
START 10412 -9900 25744 32767 3568 -10655 END
START 11412 -9972 20308 32767 5103 -14433 END
START 12800 -9212 14836 32767 7179 -20430 END
START 12608 -9272 10132 32767 9155 -26984 END
START 8364 -9712 4104 32767 10441 -32768 END
START 3360 -10456 -444 32767 8673 -32768 END
START -892 -10144 -3124 32767 5775 -32768 END
START -3164 -9064 -4652 32767 2958 -32034 END
START -3940 -8464 -5576 29451 2288 -29503 END
START -5072 -7528 -6888 25256 3703 -26629 END
START -6552 -6792 -7740 20322 5914 -23521 END
START -7916 -6336 -8280 15039 7731 -20302 END
START -9300 -5824 -8540 9500 8285 -16788 END
START -11468 -5252 -7924 4788 6190 -13216 END
START -12204 -5024 -6564 556 1539 -9473 END
START -12356 -4632 -4980 -2478 -2784 -6028 END
START -12092 -4216 -4568 -6009 -4499 -3167 END
START -13628 -3996 -4512 -10687 -3679 -919 END
START -17628 -4848 -4924 -16316 -2564 2631 END
START -26548 -6808 -5104 -22557 -3015 10475 END
START -32768 -11168 -4296 -29765 -8778 26892 END
START -30080 -15868 -3052 -32768 -11501 32767 END
START -19420 -21156 -2024 -32768 -428 32767 END
START -15268 -29800 2520 -32768 12717 32767 END
START 1268 -32768 21356 -32768 20677 32767 END