START 18664 5520 -10384 3942 -5460 -9520 END
START 13632 -488 -14316 -145 -4533 -10727 END
START 7364 -2504 -8052 -3942 -3158 -11118 END
START 7848 -2212 -8972 -8303 -3410 -11602 END
START 5644 -2808 -7456 -12985 -4323 -11928 END
START 6612 -3028 -7520 -18290 -6462 -11922 END
START 10072 -3456 -6668 -24665 -6879 -13655 END
START 13732 -5516 -1928 -29515 -4939 -15228 END
START 16348 -7544 2064 -32308 311 -19067 END
START 15368 -9876 2908 -32768 4637 -23288 END
START 11984 -12784 5320 -32768 4903 -27273 END
START 7312 -15044 9904 -32768 3850 -31029 END
START -1864 -15932 14380 -32768 -3655 -32391 END
START -8496 -14284 18956 -32768 -13073 -31095 END
START -8444 -13628 23860 -32768 -8742 -28262 END
START -13496 -17124 32767 -32768 7031 -25750 END
START -27528 -21604 32767 -32768 9071 -23529 END
START -32768 -21536 32767 -22608 -2495 -16144 END
START -32768 -18024 32767 -14008 -11054 -7579 END
START -26424 -14564 32767 -8492 -6718 -645 END
START -23412 -11820 32767 -2600 186 4303 END
START -18860 -9136 32767 4563 1522 7563 END
START -14588 -7560 32767 11309 423 9855 END
START -9496 -6884 32767 17248 -1287 11174 END
START -2540 -7776 32767 23031 -2852 10478 END
START 3520 -8960 32767 29304 -646 7027 END
START 5272 -10004 32767 32767 3387 3334 END
START 5904 -10572 30532 32767 7423 932 END
START 8172 -10584 26588 32767 9549 -1541 END
START 10916 -10440 21840 32767 11375 -5983 END
START 11168 -10672 16092 32767 11314 -11747 END
START 10408 -10484 9636 32767 9830 -16777 END
START 7256 -10096 3120 32767 8165 -21071 END
START 4288 -9612 -348 32767 4805 -22703 END
START 2772 -9248 -1068 32767 400 -23434 END
START -340 -8820 -2868 32767 -3506 -24625 END
START -5140 -8836 -4488 32767 -9649 -23813 END
START -6724 -7936 -6276 32767 -14793 -21376 END
START -7012 -5992 -8744 32767 -16790 -19041 END
START -8364 -4368 -10476 30249 -14744 -16766 END
START -9644 -2512 -11820 21151 -10182 -13360 END
START -10448 -1296 -13276 10762 -4983 -9984 END
START -10196 -1780 -14176 -94 -140 -8322 END
START -10968 -3564 -14416 -10532 3984 -8069 END
START -15544 -6420 -13120 -20530 6203 -6434 END
START -21372 -8768 -11988 -29529 5301 -520 END
START -25068 -11524 -11092 -32768 2940 7407 END
START -30588 -15792 -11220 -32768 -1369 20381 END
START -28736 -22316 -9892 -32768 -5667 32767 END
START -20584 -30344 -5520 -32768 -5645 32767 END
START -12952 -32768 1452 -32768 2203 32767 END
START -7012 -32768 16116 -32768 12480 32767 END
START 1412 -32768 32767 -32768 25183 32767 END
START 1248 -32768 32767 -32768 32767 32767 END