START 22036 10276 -5836 272 -1985 -4333 END
START 12912 2724 -9204 -2079 -2718 -5977 END
START 10012 180 -5096 -4580 -2045 -6855 END
START 10392 116 -6676 -8042 -2124 -8381 END
START 6956 -908 -4456 -11937 -2299 -10223 END
START 7496 -2232 -5136 -15631 -1391 -10939 END
START 7224 -3180 -4076 -19299 -138 -11123 END
START 8124 -4104 -2748 -23303 1233 -11476 END
START 10292 -5128 -176 -26749 4059 -13133 END
START 9356 -6712 1900 -29982 7154 -15851 END
START 8092 -8788 4936 -31062 4967 -19288 END
START 4116 -9900 6428 -31226 -1963 -22047 END
START 3200 -9988 11784 -32522 -6959 -22831 END
START 1708 -10092 17044 -32768 -2920 -22485 END
START -2360 -11076 19356 -32768 2833 -21402 END
START -6204 -12212 24984 -32768 5922 -20779 END
START -14860 -13840 32767 -32768 1726 -20117 END
START -19696 -14248 32767 -26695 -6414 -16218 END
START -20376 -13168 32767 -19762 -7442 -10180 END
START -18652 -9952 32767 -15040 -861 -4278 END
START -20136 -8420 32767 -11617 2883 626 END
START -18088 -7020 32767 -7257 4274 5230 END
START -12692 -5580 32767 -1398 4790 8385 END
START -6284 -4796 32767 5419 2955 8847 END
START 684 -4244 32767 12894 693 6203 END
START 5068 -4740 32767 19148 -139 2585 END
START 6136 -5916 32767 24338 689 -852 END
START 6020 -7128 32767 28716 1699 -2705 END
START 7840 -7432 32767 32616 3228 -4091 END
START 11388 -7696 28052 32767 5873 -6043 END
START 15100 -7316 21988 32767 8410 -10804 END
START 15872 -7200 18056 32767 10511 -16989 END
START 16448 -6060 9760 32767 11479 -25625 END
START 8716 -12012 9476 32767 8442 -32144 END
START 4392 -13180 4936 32767 4981 -32768 END
START 2124 -12836 600 32767 3183 -32768 END
START -1276 -11608 -3068 32767 2320 -32768 END
START -4124 -10944 -4612 31935 2404 -32768 END
START -6684 -10472 -5532 28398 6691 -32768 END
START -9320 -11676 -7976 23575 13182 -32768 END
START -14552 -13028 -12444 17568 18380 -29365 END
START -22888 -12644 -13284 10382 12108 -23285 END
START -28736 -11584 -11956 4556 2896 -14098 END
START -31960 -10720 -11652 -2183 -3192 84 END
START -29704 -10916 -12436 -10384 -1918 15041 END
START -25948 -12212 -15272 -22035 -115 29665 END
START -19644 -15208 -16236 -32768 -2291 32767 END
START -12684 -20220 -15972 -32768 -1988 32767 END
START -7232 -24672 -13392 -32768 -3449 32767 END
START -68 -29528 -2508 -32768 -2526 32767 END
START 5880 -29448 11724 -32768 5198 32767 END
START 6292 -30660 24752 -32768 8972 32767 END
START 1768 -29744 32767 -32768 -1843 32767 END