START 26132 5816 -14680 -9652 1125 -5833 END
START 17684 1684 -12180 -9574 -126 -8664 END
START 13920 -540 -9524 -10834 -89 -11060 END
START 9548 -2128 -7440 -14100 -1358 -12430 END
START 10840 -3824 -5492 -17545 -2202 -13478 END
START 9196 -5516 -60 -20024 -2010 -14723 END
START 9928 -6904 2620 -22271 -313 -17191 END
START 11352 -8668 4592 -24095 1628 -20755 END
START 9672 -11300 5324 -25480 2108 -23330 END
START 9600 -12316 6980 -26344 830 -25339 END
START 8240 -14380 8548 -27550 1489 -26951 END
START 6832 -16244 10684 -28982 3468 -27464 END
START 2452 -17016 13952 -29365 4656 -29022 END
START -4940 -16428 18404 -27901 -10 -30533 END
START -9456 -15372 22208 -27542 -2663 -31963 END
START -20108 -18496 30544 -28439 -517 -32768 END
START -32768 -23732 32767 -25398 -1046 -27855 END
START -32768 -23920 32767 -18061 -3402 -15882 END
START -32768 -19840 32767 -10382 -4539 -5293 END
START -32768 -15624 32767 -4580 -5771 2511 END
START -29032 -12244 32767 1176 -4084 7561 END
START -24624 -9564 32767 7562 -4582 12189 END
START -16024 -7804 32767 13148 -5140 14812 END
START -9612 -7568 32767 18463 -4675 14421 END
START -6060 -8800 32767 23885 -4122 12584 END
START -3212 -10596 32767 29610 -2954 10947 END
START -728 -11516 32767 32767 -176 9091 END
START 1256 -12372 28404 32767 1278 7994 END
START 2964 -12552 25848 32767 1398 6315 END
START 5944 -12528 23696 32767 1332 3880 END
START 10208 -11712 18676 32767 3138 -387 END
START 12520 -10752 13192 32767 5728 -5165 END
START 11752 -9368 5780 32767 10876 -9280 END
START 10628 -7856 -592 32767 15973 -10910 END
START 8452 -5920 -4716 32767 18145 -12705 END
START 6068 -4596 -7612 32767 18072 -14886 END
START 2684 -3976 -9788 29006 17360 -17057 END
START -1848 -4584 -11888 25565 17253 -18279 END
START -8656 -4748 -15876 21999 16338 -18240 END
START -16280 -4880 -23172 15978 14763 -15447 END
START -26372 -4436 -28900 4159 11756 -7985 END
START -30908 -4936 -31100 -11174 8750 2125 END
START -29780 -8152 -27888 -25386 6812 13657 END
START -24928 -10968 -25800 -32768 10339 23322 END
START -21400 -15640 -21788 -32768 14063 30703 END
START -16788 -20092 -18584 -32768 16786 32767 END
START -14372 -24864 -15028 -32768 19883 32767 END
START -7140 -28084 -11284 -32768 18413 32767 END
START 1316 -29948 -2536 -32768 18268 32767 END
START 4616 -32548 21192 -32768 18083 27381 END
START -3076 -29844 32767 -32768 4801 14383 END