START 3736 5224 -4648 10624 8133 1948 END
START 812 -2260 -2000 7629 7843 2384 END
START -3380 -2828 -4056 4130 7452 4550 END
START -3428 -3540 -7260 -606 2758 6734 END
START -692 -3792 -9348 -6439 -2608 10110 END
START 2836 -4004 -9956 -12627 -6659 12786 END
START 6848 -3836 -6660 -19265 -5306 12955 END
START 7436 -4716 -3852 -22340 -1943 13416 END
START 9208 -3932 -3820 -25044 -1940 13624 END
START 14648 -3096 -2308 -28093 -3142 11434 END
START 15052 -2860 2008 -30646 -3642 7949 END
START 15884 -3244 5956 -31774 -6692 5263 END
START 17440 -2376 11040 -32227 -6671 2117 END
START 17316 -2392 15960 -32568 -5836 -509 END
START 19284 -2204 24156 -32768 -4946 -2931 END
START 22016 -1476 32767 -31176 -1816 -6416 END
START 23476 -1824 32767 -26687 1878 -11948 END
START 21356 -2732 32767 -20103 4349 -17764 END
START 16532 -4272 32767 -12956 5297 -22431 END
START 12648 -4704 32767 -4580 5728 -25702 END
START 9396 -5180 32767 2975 7816 -29010 END
START 5904 -5552 32767 9415 9947 -31795 END
START 3324 -6788 32767 15575 11500 -32768 END
START -1348 -7672 32767 21988 11444 -32768 END
START -3608 -7988 29616 26947 10140 -32768 END
START -4380 -7964 23212 30689 8453 -32768 END
START -5316 -8328 17488 32767 6748 -32661 END
START -8092 -8064 11196 32767 5500 -30685 END
START -9968 -7712 6176 32767 4916 -27254 END
START -11604 -6828 2124 30784 4280 -23294 END
START -12824 -6136 -484 27816 4548 -18614 END
START -13004 -4656 -3452 23510 5978 -13298 END
START -13604 -4072 -4452 18768 6651 -8181 END
START -13128 -3344 -6144 14371 6397 -3678 END
START -12732 -3316 -7424 9746 5228 228 END
START -12704 -2964 -8624 5307 3658 4089 END
START -12076 -3244 -9936 181 2611 8443 END
START -12224 -4020 -11876 -5883 -410 13235 END
START -10924 -4784 -12848 -13353 -4719 18102 END
START -9328 -6260 -12980 -22702 -6075 22854 END
START -8280 -9216 -12320 -32768 -2806 28006 END
START -8220 -13096 -9716 -32768 1775 32767 END
START -7212 -18160 -3184 -32768 7854 32767 END
START -9660 -22380 2964 -32768 9479 32767 END
START -5152 -26888 10720 -32768 9190 32767 END
START 11076 -27292 23284 -32768 9385 32767 END
START 21580 -20548 32767 -32768 15585 32767 END
START 12336 -19020 32767 -32768 11205 22830 END
START 7020 -18344 32767 -31480 3177 17776 END
START 6684 -16092 32767 -20812 876 17494 END