START 6132 9848 -13660 -5196 2824 5087 END
START 6852 2036 -12820 -8981 1811 5287 END
START 1292 1264 -7400 -13704 1225 6137 END
START 3352 1080 -4664 -17469 866 6430 END
START 7132 1152 -2552 -20912 2826 4069 END
START 8700 316 -2276 -24754 4780 1262 END
START 8576 -1204 64 -28051 4468 -936 END
START 9676 -2232 2824 -30703 1846 -1870 END
START 13240 -3500 7980 -32768 2092 -3137 END
START 15552 -4748 13984 -32768 6275 -5214 END
START 16540 -5956 21920 -32768 10452 -8164 END
START 16012 -6992 28824 -32768 10952 -12781 END
START 15552 -8116 32767 -28837 8146 -18908 END
START 13240 -9564 32767 -23095 3273 -25073 END
START 11320 -10756 32767 -16164 -390 -30471 END
START 7772 -12172 32767 -9811 197 -32768 END
START 5392 -13528 32767 -4875 5560 -32768 END
START -300 -15172 32767 124 13192 -32768 END
START -4796 -16588 32767 6624 15938 -32768 END
START -9044 -17712 32767 15689 12941 -32052 END
START -9996 -17724 32767 24810 7861 -29726 END
START -8108 -17536 32767 31526 5258 -28465 END
START -8132 -17080 27508 32767 5244 -27622 END
START -9336 -16416 21092 32767 5856 -25655 END
START -10352 -15236 15396 32767 5847 -22365 END
START -10716 -13544 10612 32767 5299 -18621 END
START -10852 -11712 6732 32767 4851 -14620 END
START -10368 -10036 3644 32767 4220 -11069 END
START -9340 -8376 1056 30994 3024 -8437 END
START -9104 -7016 -876 29104 2118 -6295 END
START -8552 -5648 -2804 26696 749 -4654 END
START -8388 -4868 -4096 24415 -541 -3148 END
START -8124 -4036 -5612 21731 -1656 -1569 END
START -8184 -3272 -7084 18565 -3047 -166 END
START -7764 -2796 -8516 14698 -4217 1093 END
START -7936 -2328 -10444 9924 -4907 2229 END
START -9436 -2224 -12080 3910 -6468 4188 END
START -9928 -2440 -13344 -2922 -8290 6758 END
START -10272 -2820 -15188 -10878 -9796 9952 END
START -9284 -3992 -15452 -20226 -9773 13224 END
START -8940 -5740 -15568 -31346 -5292 17216 END
START -8944 -9048 -14752 -32768 -34 21056 END
START -7924 -13396 -11240 -32768 1660 24374 END
START -6580 -18476 -6784 -32768 2946 26570 END
START -6052 -24500 5072 -32768 1203 30621 END