START -2400 6668 -9856 -9809 -2139 9025 END
START 2444 -148 -5812 -11197 252 10430 END
START 2960 -984 -4844 -12885 1146 11144 END
START 3040 -1404 -4964 -14954 2003 11137 END
START 3512 -2528 -7548 -18441 2842 10502 END
START 1332 -3776 -8384 -23373 372 10741 END
START 1724 -5284 -5316 -28122 -2930 11574 END
START 4168 -6304 392 -30572 -4617 12591 END
START 9048 -6752 4524 -31428 -3365 12547 END
START 14264 -5844 7100 -32719 -231 11610 END
START 17896 -4196 10448 -32768 2005 8306 END
START 19236 -2360 14284 -32744 -3579 4308 END
START 24232 216 19072 -30206 -13749 114 END
START 31528 2056 23020 -28786 -19204 -3559 END
START 32767 3020 30240 -29245 -13598 -8926 END
START 32767 -4 32767 -31134 2095 -15871 END
START 32767 -5352 32767 -32075 16921 -21625 END
START 29112 -13060 32767 -25487 19000 -29132 END
START 17608 -18860 32767 -8923 7885 -32768 END
START 10488 -20648 32767 6415 -2199 -32768 END
START 5080 -19312 32767 15095 -2630 -32768 END
START 4436 -17304 32767 19007 3733 -32768 END
START 4684 -15044 32767 20514 11930 -30929 END
START 2768 -14960 29108 22644 15437 -29283 END
START 804 -14616 24680 25821 13482 -28949 END
START -1072 -14564 20836 29602 10642 -28643 END
START -3292 -14204 15556 32300 10036 -27303 END
START -6200 -13048 9244 32767 9616 -23736 END
START -7212 -11172 4092 31926 7265 -19418 END
START -6996 -8652 448 29604 4851 -16332 END
START -7080 -7224 -1304 27148 3854 -14272 END
START -7884 -5992 -2812 24700 3393 -12173 END
START -8832 -4816 -4832 22228 2333 -9715 END
START -9536 -3968 -5968 19551 -124 -6776 END
START -9240 -3264 -5888 17170 -2747 -3941 END
START -8288 -2892 -5180 15728 -5740 -1585 END
START -7148 -2684 -3912 15401 -8879 -239 END
START -5808 -2172 -4576 14581 -9629 772 END
START -5196 -1200 -6076 12234 -7529 1632 END
START -5852 -540 -9496 7738 -4663 2690 END
START -8072 360 -12900 794 -4527 3963 END
START -10236 -160 -13560 -7189 -5804 5897 END
START -12920 -1916 -11652 -15722 -5979 9593 END
START -19696 -4568 -9840 -23966 -5899 17079 END
START -24544 -9424 -6972 -31768 -6017 30754 END
START -24924 -15344 -4784 -32768 -4387 32767 END
START -20976 -26540 -716 -32768 -1133 32767 END
START -9840 -32768 11156 -32768 4350 32767 END
START 9588 -32768 32767 -32768 19167 32767 END
START 26816 -32768 32767 -32768 31960 32767 END