START 19232 5616 -12636 2603 3467 8135 END
START 9696 2180 -15316 -2878 3197 8340 END
START 4232 1072 -11348 -7146 4583 8923 END
START -1464 1112 -7440 -11194 4693 9788 END
START -340 856 -8088 -15231 4415 9837 END
START 1788 552 -9096 -19690 5272 8926 END
START 3008 -576 -9452 -23826 3869 7583 END
START 4368 -1924 -7092 -26927 1118 6023 END
START 6156 -3076 -6348 -29629 -1582 4871 END
START 10052 -4404 -4176 -32768 -2716 3256 END
START 13456 -6132 592 -32768 -1412 1153 END
START 17280 -7452 6560 -32768 1939 -1128 END
START 21724 -8648 12164 -32768 8450 -4749 END
START 22924 -10012 20320 -32768 14699 -9794 END
START 19504 -12228 32767 -32768 15366 -15751 END
START 18308 -12976 32767 -31771 8621 -21400 END
START 16920 -13216 32767 -25129 626 -27890 END
START 15848 -13280 32767 -18764 -2890 -32703 END
START 14724 -13500 32767 -13588 2992 -32768 END
START 7532 -15292 32767 -8242 11729 -32768 END
START 3192 -14884 32767 -2730 17483 -32768 END
START -1580 -15728 32767 4779 17342 -32768 END
START -3940 -15012 32767 14134 11405 -32237 END
START -2412 -13836 32767 21750 7656 -32289 END
START -1404 -13520 32767 27145 7106 -32768 END
START -3428 -14628 30220 31735 7566 -32768 END
START -5672 -14720 24028 32767 5976 -32768 END
START -5464 -14360 17848 32767 5944 -32424 END
START -8472 -13756 13760 32767 4874 -29663 END
START -9384 -12584 9724 32767 3617 -25665 END
START -9948 -11368 6376 32767 2604 -21623 END
START -10768 -9824 3736 32767 790 -17266 END
START -9640 -8212 1400 32767 -1366 -13452 END
START -8452 -7132 -976 31888 -3029 -10727 END
START -7216 -6092 -3036 29843 -4050 -9014 END
START -7340 -5392 -5328 27117 -4123 -7548 END
START -8356 -4652 -7344 23034 -4178 -5663 END
START -9972 -3972 -11168 17551 -4834 -2540 END
START -12024 -3400 -14692 9542 -7313 1995 END
START -12144 -3460 -17284 -740 -7653 7445 END
START -14084 -5072 -17556 -12959 -5381 13736 END
START -18376 -9152 -18396 -25396 -2498 23071 END
START -19460 -13912 -15152 -32768 -2627 32767 END
START -22728 -21728 -11984 -32768 -410 32767 END
START -27472 -31612 -11828 -32768 -2773 32767 END
START -22088 -32768 -4708 -32768 -10790 32767 END
START -6436 -32768 7696 -32768 -4037 32767 END
START 14632 -32768 25072 -32768 4210 32767 END