START 5732 4892 -11320 -3032 4157 8794 END
START 6440 2952 -14468 -6632 -1280 8611 END
START 5812 1160 -11596 -10683 -2817 9104 END
START 4080 1116 -10000 -15865 -2005 9892 END
START 4312 416 -8284 -21344 -721 10983 END
START 5236 -352 -6944 -26469 1095 11792 END
START 6892 -1092 -3300 -31402 450 12238 END
START 12464 -1484 1540 -32768 1683 10618 END
START 15972 -1880 7176 -32768 4126 7421 END
START 17092 -2488 12092 -32768 5912 3998 END
START 19372 -3496 18544 -32768 6698 642 END
START 20628 -4308 28036 -32768 7393 -3715 END
START 21724 -4896 32767 -32761 5846 -10139 END
START 19780 -5288 32767 -26247 4020 -17310 END
START 16044 -6336 32767 -20081 2498 -22608 END
START 11696 -6544 32767 -14162 2235 -25666 END
START 9124 -6644 32767 -8686 4600 -27058 END
START 6684 -7172 32767 -3679 9008 -27904 END
START 4800 -8016 32767 1297 11970 -29092 END
START 2180 -9116 32767 7555 11333 -31677 END
START -1944 -10752 32767 14801 8992 -32768 END
START -4548 -12620 32767 21663 5711 -32768 END
START -6512 -13860 32767 26818 4322 -32563 END
START -8324 -13924 28440 30200 5449 -30442 END
START -10168 -13848 22192 32065 6930 -26797 END
START -11300 -12964 16672 32767 6664 -22407 END
START -11624 -11820 11972 32767 5090 -18343 END
START -10836 -9992 7812 32585 3445 -14720 END
START -10040 -8588 4524 31175 2385 -11833 END
START -9444 -6952 1552 29232 1536 -9468 END
START -9308 -5436 -500 27086 850 -7501 END
START -9028 -4480 -2864 24540 4 -5766 END
START -9892 -3240 -4912 21615 -2063 -4062 END
START -9492 -1984 -6644 17828 -3723 -2417 END
START -10144 -1324 -8008 13545 -4944 -666 END
START -11760 -636 -10444 8375 -6765 2167 END
START -11904 -624 -12112 1827 -9650 5335 END
START -11292 -588 -13180 -5363 -11702 7970 END
START -10360 -2228 -12152 -12898 -11466 10320 END
START -9628 -3976 -10704 -20911 -6822 13038 END
START -12140 -6760 -10228 -28277 -1417 16481 END
START -14212 -9756 -9684 -32768 -802 21356 END
START -17264 -13444 -8408 -32768 -3351 27777 END
START -17916 -17136 -6876 -32768 -9285 32767 END
START -10520 -21088 -6684 -32768 -10347 32767 END
START -1960 -26308 -4200 -32768 -2485 32767 END
START 3036 -32768 17020 -32768 8519 32767 END