START 10108 8680 -12824 -3396 11194 8108 END
START 5840 2540 -16744 -8636 9419 7385 END
START 3216 1984 -11800 -12793 9032 5596 END
START 2728 1040 -11116 -14928 7049 4273 END
START 1660 1044 -10980 -17572 4017 2960 END
START 2176 104 -9924 -21104 807 2227 END
START 3768 204 -9660 -25283 16 1614 END
START 6480 -8 -7816 -30571 68 876 END
START 8696 -476 -3376 -32768 2556 4 END
START 13364 -692 1860 -32768 8112 -2045 END
START 14888 -2376 9432 -32768 14815 -6018 END
START 13172 -5044 18896 -32768 17398 -11062 END
START 9220 -7904 30972 -32768 13038 -16020 END
START 9176 -9588 32767 -32768 7533 -20243 END
START 9452 -11348 32767 -26700 6977 -25360 END
START 5868 -13068 32767 -19373 7917 -30073 END
START 2636 -15192 32767 -12212 9411 -32768 END
START -4624 -17600 32767 -4073 9640 -32768 END
START -9468 -17968 32767 4278 9840 -32278 END
START -12124 -17192 32767 11175 10971 -27768 END
START -9688 -16780 32767 17332 13075 -23627 END
START -9536 -16720 32767 23500 13068 -21937 END
START -9384 -16844 32767 29983 9639 -21684 END
START -10152 -16972 27340 32767 8115 -21299 END
START -10932 -16964 21068 32767 8209 -19146 END
START -12404 -16212 16184 32767 8497 -15431 END
START -12700 -15160 11424 32767 7161 -11156 END
START -12388 -13144 7280 32767 3960 -7682 END
START -11308 -11144 3708 32767 835 -4680 END
START -9472 -8520 -160 32767 -2271 -3229 END
START -8172 -6452 -3580 32767 -4304 -2914 END
START -8328 -4640 -6444 31238 -6213 -2394 END
START -9240 -3332 -8180 27650 -8500 -1291 END
START -10888 -2076 -10212 23946 -13201 702 END
START -9424 -1096 -10984 20454 -17700 2469 END
START -9676 -2308 -11996 16705 -20311 4492 END
START -11400 -3588 -13880 13095 -26365 7759 END
START -12988 -4476 -12408 9517 -32768 11918 END
START -14312 -5488 -10968 7411 -32768 18475 END
START -12116 -7176 -12360 2922 -32768 26851 END
START -7784 -9072 -17248 -7202 -23261 32767 END
START -7236 -12156 -17892 -20622 -15511 32767 END
START -8320 -17548 -12224 -32768 -7818 32767 END
START -11964 -25048 -5960 -32768 -3461 32767 END
START -5284 -32768 1828 -32768 -3506 32767 END