START -676 11000 -21392 11638 -16357 -54 END
START 1472 2612 -21872 6820 -23285 877 END
START 1344 2536 -22688 -2087 -24389 3746 END
START 3472 2336 -19736 -13337 -12757 6965 END
START 2716 72 -13468 -23106 3150 11628 END
START 3116 -1524 -9448 -30577 12926 14271 END
START 6360 -4152 -4276 -32768 14089 14064 END
START 9748 -5120 316 -32768 8804 11186 END
START 12392 -6468 3860 -32768 3192 7802 END
START 14124 -7848 9816 -32768 1398 4517 END
START 14156 -9484 13904 -32768 2429 2818 END
START 16292 -10484 17504 -32768 4881 1955 END
START 17516 -10588 22280 -32768 8947 124 END
START 18820 -10176 28176 -32768 10875 -3329 END
START 18728 -9588 32592 -28609 10313 -9469 END
START 15764 -9392 32767 -24945 8465 -15195 END
START 11908 -9484 32767 -21974 6718 -18640 END
START 10692 -9544 32767 -17460 5951 -21033 END
START 9916 -9648 32767 -12810 8382 -23842 END
START 6900 -10916 32767 -8506 11754 -26276 END
START 1548 -12780 32767 -2085 12829 -27572 END
START -2720 -13204 32767 6911 8760 -27394 END
START -3816 -13244 32767 14826 6191 -25706 END
START -2368 -12980 32767 20695 6168 -24241 END
START -788 -13804 32767 24863 7764 -24375 END
START -1928 -14860 32767 28518 8833 -25440 END
START -3456 -16176 28684 32094 8334 -26119 END
START -6136 -16596 24184 32767 7040 -25198 END
START -7240 -16064 19332 32767 5108 -22912 END
START -7580 -14712 14112 32767 4148 -20225 END
START -6468 -12668 8692 32767 3747 -18045 END
START -6496 -10900 4696 32767 3765 -15985 END
START -6012 -8880 1192 32767 3756 -14444 END
START -6128 -7680 -1344 31849 3400 -13261 END
START -7048 -6600 -3440 29538 2110 -11742 END
START -8208 -5356 -5908 26636 -149 -9842 END
START -10116 -4216 -7776 23328 -4004 -7486 END
START -10632 -3176 -9304 19257 -7806 -4568 END
START -10044 -2044 -10196 14305 -10041 -2058 END
START -9512 -2232 -10296 8515 -8862 505 END
START -10036 -2680 -11080 2437 -6075 3324 END
START -10364 -4092 -11636 -4555 -2631 6105 END
START -12936 -7688 -11988 -11308 474 9272 END
START -18980 -11628 -12920 -17662 -138 14564 END
START -25480 -16748 -11600 -23133 -5184 20958 END
START -32768 -23908 -10204 -25585 -14793 32767 END
START -31508 -30688 -13112 -26336 -25888 32767 END
START -9460 -32768 -17688 -32768 -17611 32767 END
START 16088 -32768 -11568 -32768 5771 32767 END