START 18032 8588 -10172 16658 4775 433 END
START 12372 2728 -18760 11624 3939 1574 END
START 6228 1852 -13860 4549 4237 1609 END
START -4 496 -10664 -696 4023 2961 END
START -1860 76 -8696 -3727 3513 4547 END
START 276 -868 -10668 -6509 1680 5886 END
START -2080 -372 -10260 -10655 -438 7108 END
START 888 -1052 -11636 -16417 922 7993 END
START -84 -1936 -11060 -21563 2451 9785 END
START 2360 -2420 -9960 -25870 2178 11453 END
START 6348 -2900 -7488 -30377 2004 11872 END
START 10780 -3140 -3252 -32768 2387 10901 END
START 16044 -3064 1920 -32768 2548 8377 END
START 20540 -2416 6044 -32768 4706 4504 END
START 21744 -3376 12988 -32768 6025 33 END
START 24028 -4560 20632 -32768 7190 -3958 END
START 25652 -6352 32764 -32768 9720 -9068 END
START 24916 -8640 32767 -30054 11854 -15990 END
START 18288 -10748 32767 -22024 8225 -24330 END
START 13096 -12256 32767 -13249 2116 -29949 END
START 10296 -12296 32767 -6048 2422 -32768 END
START 6128 -12428 32767 -1150 10176 -31999 END
START 2292 -11148 32767 2571 14526 -28458 END
START 2132 -11356 32767 6797 16427 -26593 END
START 1212 -11496 32767 13321 13635 -28105 END
START 0 -11988 32767 20476 8601 -30186 END
START -1080 -12648 32767 26216 5309 -31720 END
START -4208 -12804 29016 31032 4582 -31252 END
START -6108 -12440 22760 32767 5700 -28683 END
START -8780 -11296 16608 32767 6830 -23987 END
START -9412 -9688 11400 32767 7156 -19314 END
START -9040 -7992 6764 32069 6488 -15795 END
START -9148 -6444 3184 29835 4315 -13205 END
START -9388 -5204 928 27706 1600 -10852 END
START -9600 -4028 -648 25796 -1191 -8895 END
START -9364 -2928 -2552 23605 -3359 -6870 END
START -9040 -2168 -4300 20994 -5242 -4838 END
START -8700 -1428 -5492 18019 -6492 -2913 END
START -7936 -732 -7072 14725 -7371 -1190 END
START -6852 -324 -8396 10677 -7211 -26 END
START -7536 -216 -8980 6526 -6340 1446 END
START -7968 -624 -9640 2005 -5571 3261 END
START -9384 -1096 -10016 -2683 -5173 5884 END
START -8860 -2500 -9544 -7328 -4994 8704 END
START -8476 -5004 -8752 -11572 -3448 10126 END
START -13540 -10448 -3944 -12715 -5066 10823 END
START -23956 -18724 -1944 -7061 -17668 15345 END
START -32768 -24092 -8340 -1732 -32768 27519 END
START -27416 -27664 -23112 -15623 -32768 32767 END
START -16184 -32768 -20876 -32768 7383 32767 END
START -3380 -32768 4896 -32768 19664 32767 END
START 29676 -32768 32767 -32768 1462 32767 END