START 5632 7552 -15616 -4267 2816 2254 END
START 7184 3520 -14604 -9320 531 2577 END
START 3316 1292 -7844 -13698 -2466 2272 END
START 4128 436 -4104 -16033 -3694 1020 END
START 4564 424 -1584 -17373 -3514 -1621 END
START 5388 -708 -2472 -19400 -3318 -3948 END
START 5208 -1444 -1180 -21737 -4744 -6235 END
START 6464 -2080 48 -24655 -6241 -7806 END
START 7280 -2548 2404 -28820 -4631 -8924 END
START 7332 -3132 5960 -32768 -621 -9541 END
START 7436 -3968 13048 -32768 2032 -9408 END
START 13344 -3448 20784 -32768 5741 -11292 END
START 16460 -3664 30252 -32768 12265 -17627 END
START 12560 -5352 32767 -32768 13936 -26022 END
START 5640 -8696 32767 -29553 11462 -32301 END
START -1800 -12008 32767 -20448 8616 -32768 END
START -9168 -13672 32767 -10926 7492 -32768 END
START -12720 -15508 32767 -2170 6134 -30790 END
START -12900 -16876 32767 6220 4859 -27853 END
START -14428 -17788 32767 12927 4924 -25178 END
START -15844 -18424 32767 19271 5686 -21439 END
START -16988 -18572 32767 26323 5478 -16181 END
START -14672 -17956 32767 32767 3837 -11334 END
START -11120 -17028 31872 32767 2800 -8581 END
START -8900 -15888 24984 32767 2179 -7293 END
START -8088 -14948 18228 32767 1321 -6277 END
START -7092 -13772 12152 32767 -11 -5372 END
START -6336 -12264 6328 32767 -1301 -4729 END
START -6216 -9960 1316 32767 -3696 -4313 END
START -6168 -7776 -2588 32767 -5889 -3818 END
START -4552 -4836 -6152 32767 -5615 -3825 END
START -4656 -3532 -7672 27789 -2465 -3325 END
START -5672 -2752 -8356 22218 -676 -2146 END
START -6844 -2292 -8828 18314 -1112 -939 END
START -6888 -1852 -9612 15328 -3593 454 END
START -6192 -1168 -11004 11893 -5234 740 END
START -6896 -1152 -11876 7837 -5833 1082 END
START -8144 -1216 -13008 2614 -5348 2069 END
START -10328 -1348 -14160 -4022 -3594 4629 END
START -12712 -2684 -15388 -12500 -1315 8582 END
START -15700 -5204 -14920 -21033 -1510 14755 END
START -15020 -8336 -14280 -29586 -2351 21297 END
START -12348 -12644 -12600 -32768 -1130 27242 END
START -11732 -17956 -11520 -32768 1354 32767 END
START -13912 -24140 -9908 -32768 -853 32767 END
START -11040 -31460 -8056 -32768 -6084 32767 END
START -1676 -32768 -3180 -32768 -11333 32767 END
START 18048 -32768 5140 -32768 -4047 32767 END
START 23576 -32768 19872 -32768 5392 32767 END
START 26016 -32768 32767 -32768 8027 32767 END
START 18504 -32768 32767 -32768 1422 20922 END