START 15872 6732 248 5122 7427 5241 END
START -5508 -2100 3756 2779 1089 5758 END
START -5072 -2108 324 -2253 -172 5664 END
START -452 -2088 -2156 -5670 441 6459 END
START 3944 -1684 -5084 -7837 -751 6189 END
START 1660 -1652 -4728 -11229 -2670 6482 END
START 1388 -1240 -4204 -15084 -4171 7342 END
START 2948 -1340 -3344 -18584 -5225 8176 END
START 4448 -548 -1156 -21799 -8046 8888 END
START 7192 -148 1644 -23932 -10693 9619 END
START 12280 1040 3868 -27396 -11521 9389 END
START 17240 1504 9356 -31143 -10452 8614 END
START 20916 2004 17260 -32768 -7383 6093 END
START 24604 2776 25712 -31434 -6055 1922 END
START 27036 2360 31620 -29208 -5561 -4200 END
START 28940 2116 32767 -26156 -4597 -11258 END
START 26156 656 32767 -19142 -1329 -19406 END
START 21736 -1680 32767 -12113 250 -26251 END
START 16784 -5260 32767 -4343 1951 -32091 END
START 10292 -8676 32767 4501 2382 -32768 END
START 4668 -10892 32767 12446 1631 -32768 END
START 580 -13356 32767 20324 2126 -32768 END
START -4000 -14468 32767 27004 3674 -32768 END
START -5232 -14908 31640 31335 5154 -32768 END
START -5672 -15260 23620 32767 8649 -32542 END
START -6744 -15024 16276 32767 9623 -30005 END
START -7596 -14416 8948 32767 8825 -27688 END
START -8028 -12404 1932 32767 6073 -25539 END
START -9240 -11108 -2800 31010 5224 -23796 END
START -11648 -9600 -6452 26598 4994 -20895 END
START -13344 -8268 -8804 22006 4470 -17078 END
START -14188 -6928 -11292 16811 4884 -12626 END
START -14020 -6128 -12340 11190 4329 -7707 END
START -13288 -5688 -13416 6030 4360 -3118 END
START -12460 -5128 -14328 539 2544 785 END
START -11560 -5260 -13788 -4093 0 4292 END
START -9688 -5932 -14220 -8927 -1379 7145 END
START -10072 -7220 -15856 -15787 -1863 10246 END
START -13096 -9880 -16752 -25968 -922 15215 END
START -16868 -14692 -16084 -32768 40 23503 END
START -24556 -22948 -14084 -32768 -244 32767 END
START -31848 -32768 -4700 -32768 -5190 32767 END
START -28140 -32768 8480 -32768 -5765 32767 END
START 1880 -32768 32767 -32768 -187 32767 END
START 32767 -32768 32767 -32768 13563 32767 END
START 32767 -32768 32767 -30192 -379 32767 END