START -2884 5252 -18768 2763 3453 -294 END
START -344 -108 -18872 -2408 -715 3237 END
START -6100 -1184 -13620 -9553 -4110 7463 END
START -5180 -1432 -10928 -15996 -1843 10368 END
START -880 -2268 -9048 -21875 2102 12182 END
START 1656 -3124 -7968 -26316 4882 13149 END
START 3980 -3548 -6192 -30333 5329 13167 END
START 5564 -4176 -2196 -32768 3357 12203 END
START 9104 -4892 3120 -32768 336 9983 END
START 12364 -4856 7960 -32768 -1240 7723 END
START 16544 -5560 16428 -32768 1227 5072 END
START 20896 -5652 25680 -32768 6335 2043 END
START 23288 -5460 32767 -32768 10240 -3881 END
START 23588 -6288 32767 -29168 6820 -12699 END
START 21688 -8444 32767 -20470 178 -22059 END
START 18432 -10196 32767 -11875 -3364 -28767 END
START 13428 -11668 32767 -4393 1830 -32368 END
START 7920 -12408 32767 2462 8811 -32395 END
START 4784 -12084 32767 8374 13708 -31339 END
START 1340 -12620 32767 14378 15652 -31469 END
START -1712 -12968 32767 20781 12091 -31265 END
START -2924 -12924 29888 26189 7369 -32503 END
START -3032 -13292 24464 30612 4917 -32768 END
START -4288 -13408 18692 32767 5132 -32768 END
START -6136 -13472 12908 32767 6058 -32768 END
START -7940 -12868 8576 31983 7247 -30681 END
START -9380 -11808 5288 29764 7234 -27500 END
START -10764 -10388 3224 27853 6553 -23902 END
START -11716 -8960 1492 25664 5260 -20581 END
START -11504 -7984 -304 23275 3953 -17856 END
START -12196 -7056 -1092 20717 3486 -15470 END
START -12944 -6472 -2120 18280 3074 -12821 END
START -13572 -6064 -3352 15741 2644 -9870 END
START -14288 -5808 -4792 12879 2589 -6607 END
START -14356 -6104 -6844 9235 2670 -2830 END
START -14832 -6088 -9312 4175 2241 762 END
START -16208 -6712 -12136 -1647 940 4367 END
START -19848 -8024 -14564 -9258 -4334 10111 END
START -19568 -10472 -15140 -18086 -7855 17259 END
START -20816 -13600 -15604 -29586 -6175 26014 END
START -23976 -19984 -17412 -32768 -1246 32767 END
START -21136 -29128 -14328 -32768 2530 32767 END
START -17016 -32768 -6936 -32768 6459 32767 END
START -10276 -32768 2484 -32768 7440 32767 END
START -236 -32768 22752 -32768 12612 32767 END
START 12676 -32768 32767 -32768 14319 32767 END