START 12116 10136 -13820 -5508 19516 7353 END
START -5728 568 -5604 -8364 18489 9343 END
START 4044 1340 -11908 -11732 13178 10235 END
START 5500 1512 -8724 -15925 10189 9748 END
START 6416 1104 -5324 -19405 8759 7586 END
START 3700 224 -3316 -21010 5764 5621 END
START 1020 -944 -872 -23085 1797 5395 END
START 1464 -1936 784 -26055 441 5958 END
START 5132 -2324 3844 -29432 1237 5915 END
START 9276 -2360 8216 -31621 3505 4199 END
START 10096 -2764 13080 -32150 5334 865 END
START 10900 -2944 15872 -32391 5283 -2648 END
START 10200 -3776 22084 -32283 4037 -6022 END
START 11548 -3832 28740 -30345 3351 -9277 END
START 12540 -3248 32767 -26870 4569 -12236 END
START 15048 -2212 32767 -23945 8656 -16760 END
START 13100 -3676 32767 -20351 11429 -23063 END
START 8152 -6484 32767 -13929 8556 -29034 END
START 4876 -8836 32767 -7269 6326 -32768 END
START 1284 -11448 32767 -1870 8453 -32768 END
START -4368 -14104 32767 4091 10273 -32768 END
START -9316 -15856 32767 11077 9779 -32768 END
START -11636 -16692 32767 17889 8145 -31081 END
START -14308 -16756 32767 24713 4733 -27318 END
START -15332 -15636 32767 31011 1061 -22307 END
START -13524 -14144 27220 32767 -57 -17389 END
START -11880 -12512 20408 32767 1723 -13200 END
START -11036 -10936 15012 32767 3117 -9174 END
START -10160 -9448 10220 32767 3574 -5910 END
START -9144 -7916 6432 32767 2892 -3730 END
START -7984 -6548 3680 31914 1909 -1995 END
START -6972 -5352 1872 30200 2046 -719 END
START -5804 -4356 -516 28005 2285 -307 END
START -5132 -3364 -3056 25364 1507 -531 END
START -4960 -2532 -4616 22610 -549 -853 END
START -5556 -1856 -5404 20254 -3378 -610 END
START -5776 -1020 -6152 17674 -6138 98 END
START -5792 -368 -7544 14811 -8228 1047 END
START -5468 400 -9676 10646 -9450 2455 END
START -6000 1204 -11924 4608 -9178 4128 END
START -6612 1244 -12788 -3266 -8936 6308 END
START -7352 1004 -13360 -11864 -7033 8763 END
START -8748 -488 -12040 -20588 -4684 12195 END
START -8880 -2948 -9436 -29649 97 16412 END
START -7872 -7028 -7764 -32768 8752 20584 END
START -8044 -11248 -7008 -32768 21354 25349 END
START -10428 -16736 -5852 -32768 32767 29374 END
START -14384 -23700 100 -32768 32767 32599 END
START -16892 -29780 8364 -32768 32767 32767 END
START -17540 -32768 18376 -32768 32767 29952 END
START -14780 -32436 27348 -32768 11946 23099 END
START -8152 -28284 32767 -32768 -3277 17245 END
START -5252 -24316 32767 -32768 -5570 14026 END