START 16252 4620 -1220 16948 -8222 10442 END
START 11928 -1048 -6484 13434 -14786 9399 END
START 12688 -1484 -8960 9420 -10828 9281 END
START 12656 -788 -12256 -886 -5242 8861 END
START 9896 -1060 -9968 -10796 -1282 7869 END
START 7128 -2480 -4680 -16479 627 7484 END
START 6440 -3784 -396 -18145 1488 7312 END
START 6284 -3380 -1260 -18917 1594 6938 END
START 5312 -3648 -2900 -21599 -396 7134 END
START 7496 -3728 -1648 -25217 -1712 7620 END
START 10080 -3724 1044 -28245 -1802 6991 END
START 12344 -3884 3420 -30950 -1150 6344 END
START 16888 -2952 8008 -32768 371 3818 END
START 19500 -2748 13252 -32768 2271 291 END
START 21188 -2672 20832 -32768 3203 -3610 END
START 23980 -3280 31692 -32768 6097 -9008 END
START 20452 -5160 32767 -31441 10669 -15209 END
START 15392 -7200 32767 -24684 12176 -20386 END
START 11832 -8632 32767 -17046 13032 -24505 END
START 5580 -9312 32767 -9033 16660 -28332 END
START -2232 -8964 32767 1061 18317 -29031 END
START -5576 -7932 32767 10542 16992 -27546 END
START -3572 -6520 32767 19717 16258 -27541 END
START -3536 -6384 32767 27944 15359 -29667 END
START -5884 -7408 32767 32767 12385 -31394 END
START -8940 -7988 26564 32767 9064 -30860 END
START -10568 -9204 20264 32767 6278 -28664 END
START -10492 -8836 14040 32767 5177 -25005 END
START -10628 -8452 8116 32767 5836 -21153 END
START -11392 -7904 3984 32767 6815 -17275 END
START -11560 -7164 180 32767 6047 -13491 END
START -11644 -6304 -3792 32767 5500 -9962 END
START -11536 -4908 -8080 31409 3925 -6566 END
START -11556 -3352 -11220 26848 1126 -3570 END
START -11008 -1944 -15008 21235 -1718 -974 END
START -9564 -468 -17848 13208 -2886 536 END
START -8924 -732 -17348 5165 -2727 1319 END
START -9076 -1524 -17576 -2514 -1023 2805 END
START -11320 -2624 -17120 -11357 -18 5934 END
START -12932 -4332 -14496 -18341 -347 10788 END
START -11804 -5648 -13016 -24307 -791 16065 END
START -5748 -7208 -13308 -30106 955 18156 END
START -2756 -8560 -12940 -32768 4844 16924 END
START -4476 -10956 -10720 -32768 7521 14892 END
START -7724 -13916 -9536 -32768 6446 15432 END
START -8900 -17472 -7112 -32768 4915 16716 END
START -13368 -21556 -2368 -32768 3767 21102 END
START -10072 -25660 8184 -32768 8290 26498 END
START -7776 -30308 28712 -32768 16558 29329 END
START 124 -30276 32767 -32768 21068 25988 END
START -1296 -24924 32767 -32768 14928 16511 END