START 12400 568 -9628 10392 4493 4475 END
START 6040 1280 -15872 6562 -1114 5466 END
START -5668 -232 -5880 2672 -2596 6306 END
START -5052 -588 -6564 -1193 -915 7543 END
START -4348 -620 -7872 -4955 1069 8256 END
START -1196 -604 -10984 -9234 1242 8455 END
START -2184 -1268 -10928 -13336 -609 8565 END
START -2652 -1920 -10948 -17355 -3567 9117 END
START -1132 -2792 -10292 -21778 -4087 9445 END
START -124 -3624 -9640 -26530 -2965 9857 END
START 1964 -4444 -8836 -31166 -2111 10304 END
START 5192 -4888 -5728 -32768 -2605 9900 END
START 8364 -5808 156 -32768 -3384 9200 END
START 12956 -5768 7664 -32768 -4623 9102 END
START 22140 -4424 16140 -32768 475 7558 END
START 28408 -2172 24444 -32768 10289 1995 END
START 28200 -2820 32767 -32768 14515 -6486 END
START 24840 -5784 32767 -32768 11317 -14795 END
START 22704 -8460 32767 -25776 7098 -22848 END
START 17160 -11232 32767 -14300 4854 -28794 END
START 10412 -12456 32767 -2865 3747 -30633 END
START 7364 -12812 32767 5384 5734 -30754 END
START 2216 -12872 32767 11699 8542 -29460 END
START -992 -12160 32767 17110 9505 -26593 END
START -224 -11180 32767 22563 9133 -24625 END
START -304 -10576 32767 28235 7901 -24648 END
START -1156 -10172 28300 32767 4381 -24840 END
START -1864 -9988 21444 32767 1641 -25079 END
START -2988 -9644 15392 32767 468 -24753 END
START -4368 -9092 10628 32767 771 -23473 END
START -6096 -8404 7064 32767 1507 -21100 END
START -7064 -7288 3912 31448 1962 -18130 END
START -7208 -6156 1108 28822 2202 -15322 END
START -7528 -5120 -1412 25839 1411 -13025 END
START -7716 -4204 -3584 22985 -148 -11391 END
START -8320 -3636 -5188 20012 -2766 -10219 END
START -8904 -2916 -6284 17010 -4920 -9085 END
START -10116 -2448 -7060 13673 -6124 -7666 END
START -11136 -2028 -8260 9980 -6296 -5393 END
START -12824 -1648 -9412 5372 -5715 -2353 END
START -14280 -1680 -10552 -178 -4561 1834 END
START -14508 -2120 -11600 -6597 -3636 6983 END
START -13904 -3128 -11752 -13923 -1984 12387 END
START -15516 -5356 -11228 -21703 -1583 18570 END
START -16244 -8944 -9064 -28565 -2394 25981 END
START -18996 -14476 -6288 -32768 -3040 32767 END
START -20652 -20240 -4288 -32768 -6513 32767 END
START -13476 -27104 -1628 -32768 -4483 32767 END
START -7996 -32768 2504 -32768 10363 32767 END
START -4860 -32768 12780 -32768 22192 32767 END
START 2704 -32768 32767 -32768 25337 32767 END
START 22048 -32768 32767 -32768 22551 32767 END