START 13116 9324 -15440 -471 268 2188 END
START 2772 3268 -18868 -7341 -2337 4244 END
START 1412 1328 -13872 -13449 -198 7371 END
START 2364 1424 -12280 -19303 2599 9273 END
START 4480 672 -9296 -24651 5458 8863 END
START 4956 -64 -5932 -27995 7375 7534 END
START 8628 -1100 -5392 -30980 7169 5581 END
START 9628 -2152 -2736 -32768 4830 3005 END
START 10600 -3716 308 -32768 2278 922 END
START 13912 -5500 7048 -32768 2132 -825 END
START 16804 -6732 14064 -32768 7812 -3415 END
START 17140 -8536 23212 -32768 14958 -6319 END
START 17952 -9592 31200 -32768 19322 -10396 END
START 17064 -10720 32767 -32768 16356 -16806 END
START 14736 -11796 32767 -26615 10067 -24018 END
START 11340 -12340 32767 -19139 8251 -28401 END
START 8808 -11964 32767 -13864 14510 -30069 END
START 6052 -13620 32767 -11386 26049 -30660 END
START 1296 -17252 32767 -7922 32767 -30628 END
START -9232 -21920 32767 60 32767 -30166 END
START -17616 -25396 32767 12372 31760 -27738 END
START -22952 -25912 32767 28553 16162 -23128 END
START -20964 -23276 32767 32767 1470 -17796 END
START -15008 -19228 24744 32767 -5757 -15323 END
START -11196 -15968 15636 32767 -5277 -14411 END
START -10488 -13816 8632 32767 -3220 -13134 END
START -10292 -12124 4492 32767 -2884 -11308 END
START -9920 -10404 2012 32767 -3610 -9481 END
START -9468 -8668 -12 32767 -4602 -8053 END
START -7636 -7100 -2464 32767 -5332 -7337 END
START -6156 -5804 -5176 32767 -5521 -7597 END
START -5832 -4776 -7068 32767 -5868 -8052 END
START -6040 -4148 -8120 30166 -6993 -8332 END
START -6928 -3372 -8928 26550 -8347 -7688 END
START -7048 -2924 -9912 22157 -8733 -6382 END
START -6712 -2264 -11328 16332 -6892 -4418 END
START -6396 -1520 -13740 7761 -1369 -2001 END
START -7736 -1192 -16416 -3581 6377 1106 END
START -11304 -2164 -18736 -16026 10664 5473 END
START -13912 -4792 -20220 -29615 9930 10148 END
START -13996 -8348 -19776 -32768 9131 14512 END
START -16276 -13984 -15204 -32768 10778 20750 END
START -16304 -20680 -11488 -32768 17457 28529 END
START -17676 -26884 -7516 -32768 18471 32767 END
START -14320 -32768 -1236 -32768 13436 32767 END
START -4332 -32768 10480 -32768 13449 32767 END
START -3092 -32768 27736 -32768 22039 30935 END
START -6704 -32768 32767 -32768 18739 25864 END