START 7008 8212 -17304 3127 6352 3101 END
START 2404 3292 -10940 332 -1373 1814 END
START -4624 396 -3524 -2253 -3040 1437 END
START -2856 376 -4800 -5142 -3895 1477 END
START -1628 224 -6044 -8758 -3461 2381 END
START 168 -508 -8124 -13220 -2266 4621 END
START 16 -1208 -6888 -17792 -1569 7462 END
START 3340 -1216 -5264 -22430 -1076 9007 END
START 6924 -1584 -4016 -26881 144 8073 END
START 8312 -2156 -488 -30939 -251 6171 END
START 9652 -3112 4296 -32768 -1712 4622 END
START 12844 -3048 8172 -32768 -1795 2915 END
START 13676 -3356 13048 -32768 -1385 2184 END
START 18324 -2256 20232 -32768 216 1414 END
START 23616 -1036 30144 -32768 3709 -2435 END
START 27052 360 32767 -31174 5075 -9595 END
START 26832 -124 32767 -27025 4392 -18172 END
START 24384 -3520 32767 -21394 2037 -26021 END
START 18952 -7104 32767 -13303 3004 -31508 END
START 12724 -10144 32767 -4766 6847 -32768 END
START 6552 -13284 32767 3007 10856 -32768 END
START -372 -15564 32767 12019 10480 -32768 END
START -3660 -15944 32767 21431 5805 -31916 END
START -3872 -14800 32767 28156 3143 -30557 END
START -4464 -13888 31816 32222 3292 -28940 END
START -5252 -13116 24844 32767 3835 -27450 END
START -7660 -12680 18596 32767 3548 -24918 END
START -8704 -10832 13036 32767 3175 -21669 END
START -9804 -9668 8980 32767 2510 -18080 END
START -9804 -8048 5064 32767 2506 -14957 END
START -9728 -6416 1756 30252 2573 -11877 END
START -9612 -5112 -1060 27347 2346 -9019 END
START -9232 -3880 -3460 24150 1646 -6706 END
START -8820 -2852 -6016 20443 1292 -4543 END
START -8372 -1996 -7720 16387 492 -2674 END
START -8664 -1520 -9572 12340 -93 -721 END
START -8960 -1124 -10836 7909 -909 1541 END
START -8376 -832 -11588 2813 -1229 3795 END
START -7748 -1248 -11680 -2144 -932 5953 END
START -7108 -2012 -11832 -7261 -1135 7301 END
START -8160 -4064 -11452 -12092 -1492 8787 END
START -9904 -6320 -11484 -16926 -3149 11807 END
START -11672 -8832 -11552 -22177 -5768 16470 END
START -13184 -11504 -12388 -28540 -8326 23368 END
START -12940 -16472 -12528 -32768 -7313 32670 END
START -13572 -23172 -9168 -32768 -214 32767 END
START -10468 -30772 -6592 -32768 10110 32767 END
START -832 -32768 2772 -32768 19772 32767 END
START 6848 -32768 18220 -32768 24253 32767 END
START 4340 -32768 32767 -32768 14890 32767 END
START 2904 -32768 32767 -32768 -14366 32767 END