START 22908 12476 -15028 -2023 5469 4092 END
START 6080 984 -12848 -4863 2451 4155 END
START 3480 1064 -9668 -8075 -634 4511 END
START 1264 684 -7320 -10907 -2060 4892 END
START -2356 304 -4252 -13825 -1195 4998 END
START 596 -32 -5472 -17648 -1037 5091 END
START 3656 -948 -4480 -20852 -712 4882 END
START 7228 -1756 -3792 -23701 -762 4586 END
START 8888 -2200 -2160 -26544 177 4167 END
START 9288 -3376 388 -29623 1433 3704 END
START 9660 -4684 3860 -32407 2025 4420 END
START 11516 -5696 9768 -32768 2508 5307 END
START 15276 -5672 17388 -32768 3945 6686 END
START 19800 -4020 23136 -32188 7146 5594 END
START 24012 -3916 26812 -30979 11388 538 END
START 22540 -5292 31604 -30507 11085 -5767 END
START 21480 -7032 32767 -27822 4914 -13055 END
START 20372 -8464 32767 -23675 -1821 -21051 END
START 16896 -10332 32767 -18649 -6194 -27074 END
START 13544 -11748 32767 -11830 -6598 -29533 END
START 12120 -12400 32767 -4888 -663 -31569 END
START 8224 -13232 32767 1096 7988 -32768 END
START 4592 -14232 32767 7126 12197 -32768 END
START 460 -15220 32767 13548 11727 -32768 END
START -2604 -15588 32767 20314 8901 -32768 END
START -5800 -15384 31184 26263 6171 -32768 END
START -6484 -14716 24808 30785 4253 -32768 END
START -6944 -13460 18144 32767 3721 -30833 END
START -7036 -11960 13056 32767 4255 -28687 END
START -8368 -10732 8832 32767 5249 -26220 END
START -8108 -9428 4460 32767 5512 -24098 END
START -8532 -8320 1316 31216 5311 -22066 END
START -9516 -7428 -1000 29217 5185 -19729 END
START -10232 -6332 -3336 26717 5402 -16685 END
START -11132 -5212 -5796 23545 5136 -13187 END
START -12728 -3968 -8552 19691 3726 -8865 END
START -12988 -2468 -10620 14811 1065 -4689 END
START -13392 -1656 -11752 9366 -1899 -679 END
START -12148 -1216 -12184 3763 -4174 3243 END
START -11264 -1240 -11812 -1944 -3635 6818 END
START -11160 -1644 -12660 -8677 -1440 11056 END
START -12040 -3004 -14284 -15888 -121 15492 END
START -12856 -5336 -14632 -23563 -1976 21086 END
START -13064 -8872 -14312 -31320 -3443 27726 END
START -14828 -13844 -13048 -32768 -4930 32767 END
START -14948 -21900 -11160 -32768 -7388 32767 END
START -15288 -30884 -8404 -32768 -6014 32767 END
START -7284 -32768 -864 -32768 -803 32767 END
START -904 -32768 17032 -32768 8751 32767 END
START 3612 -32768 32767 -32768 8351 32767 END