START 8840 12268 -17916 -1007 4530 3010 END
START 5508 -92 -17820 -4978 -61 6624 END
START -300 -2392 -9504 -9967 -2603 8546 END
START -528 -2404 -7732 -14727 -1327 8855 END
START -980 -3464 -6584 -19709 994 8984 END
START -1936 -4864 -5624 -23210 689 9962 END
START -1636 -6788 -4868 -25354 -2888 11882 END
START 3264 -7560 -5964 -29051 -5495 14079 END
START 8824 -8376 -2320 -32768 -4557 14672 END
START 16452 -8472 4412 -32768 -929 12505 END
START 19188 -8484 10828 -32768 2815 8860 END
START 21604 -7680 16300 -32768 2560 4639 END
START 24640 -6140 23340 -32768 2210 423 END
START 29260 -4112 32204 -32768 4895 -4929 END
START 31928 -2756 32767 -31531 11161 -13050 END
START 25960 -3556 32767 -25428 12143 -21699 END
START 21864 -5544 32767 -19271 9384 -29310 END
START 16424 -8316 32767 -11289 7204 -32768 END
START 11208 -11176 32767 -1891 6774 -32768 END
START 6208 -13308 32767 6758 7800 -32768 END
START 516 -15060 32767 15507 8212 -32768 END
START -1860 -14968 32767 23022 7179 -32768 END
START -2148 -14332 32767 28560 7850 -32768 END
START -3952 -14248 27940 32241 8255 -32768 END
START -5480 -13520 19840 32767 7622 -31968 END
START -5652 -12404 13176 32767 6721 -29582 END
START -6696 -11900 8308 32767 6307 -27814 END
START -8168 -11496 4468 32193 5685 -26054 END
START -9444 -10936 1568 30508 4988 -24449 END
START -11252 -10804 -716 28351 5325 -21928 END
START -12848 -10432 -2968 25694 5673 -18325 END
START -14440 -9528 -5308 22401 4558 -14570 END
START -16196 -9052 -7620 18477 2313 -9887 END
START -17100 -9280 -9968 14393 -2628 -3752 END
START -17492 -7856 -12292 8919 -8485 2706 END
START -16368 -7840 -14444 1048 -11434 9637 END
START -15876 -8792 -16780 -10041 -10219 18252 END
START -18524 -11812 -17520 -25243 -2329 30515 END
START -24464 -19476 -15100 -32768 4985 32767 END
START -25100 -29480 -8600 -32768 7379 32767 END
START -11376 -32768 876 -32768 16830 32767 END
START -3048 -32768 12064 -32768 31799 32767 END