START 3200 6008 -16452 13270 2347 -428 END
START -3780 2532 -11464 7906 -2223 1297 END
START -4476 1200 -9704 2538 -1860 2971 END
START -5432 792 -9784 -2568 269 5631 END
START -4824 480 -10276 -7246 1909 9044 END
START -3380 464 -10168 -11495 2306 11777 END
START -1220 520 -10148 -15961 2502 13292 END
START 572 148 -10252 -20492 2367 13912 END
START 2020 -628 -9132 -25042 1782 14303 END
START 4620 -1592 -7188 -29067 1180 14017 END
START 6204 -2780 -3696 -31737 -126 13790 END
START 9652 -3280 -1200 -32768 -1894 13603 END
START 16948 -3168 3252 -32768 -1451 11781 END
START 25092 -2608 9876 -32768 3732 7117 END
START 28072 -2736 17452 -32768 12443 322 END
START 25500 -5036 26728 -32768 17549 -7247 END
START 20556 -7884 32767 -32768 13729 -13981 END
START 18152 -10032 32767 -30092 4880 -20924 END
START 14032 -11184 32767 -19942 -3335 -26110 END
START 11392 -10568 32767 -10090 -4151 -28569 END
START 8676 -10408 32767 -3372 3629 -27658 END
START 5200 -9876 32767 1878 10859 -25479 END
START 2028 -9428 32767 8301 13808 -23710 END
START 812 -9240 32767 15406 11484 -23386 END
START 928 -10260 32767 22426 7125 -25336 END
START 72 -11144 32767 28636 3100 -27736 END
START -2036 -11920 27964 32767 1335 -29093 END
START -4564 -12416 21528 32767 1050 -27210 END
START -5884 -11976 16008 32767 757 -24205 END
START -5668 -12116 11892 32767 -119 -21849 END
START -6616 -12156 8456 32767 -2812 -21386 END
START -8348 -11908 4960 32767 -6105 -22173 END
START -12260 -12008 1736 32767 -10481 -21772 END
START -15260 -10004 -4196 32767 -13467 -17930 END
START -16472 -7304 -8904 27890 -10177 -10954 END
START -17956 -4952 -11876 19771 -5695 -1867 END
START -16192 -4412 -13248 11498 -5380 6582 END
START -12332 -3724 -13676 4240 -5428 11979 END
START -9560 -4016 -12968 -3122 -4438 15979 END
START -9052 -5172 -10836 -9064 -3264 19220 END
START -9872 -6608 -9236 -14763 -1420 24065 END
START -10848 -8144 -8308 -20009 -1667 29528 END
START -10128 -10956 -7188 -26894 287 32767 END
START -11440 -14272 -4612 -32768 5981 32767 END
START -12488 -20736 1532 -32768 16151 32767 END
START -18100 -29124 9588 -32768 25583 32767 END
START -24000 -32768 14944 -32768 26674 32767 END