START 17384 8432 -15036 -14387 3632 8169 END
START 272 1216 -8012 -18544 -1941 9152 END
START 10880 812 -9152 -22182 -3877 8878 END
START 13264 1200 -5600 -26325 -2229 6401 END
START 14848 276 -1940 -29717 692 1834 END
START 10184 -1028 3560 -30873 -973 -1389 END
START 9520 -2668 6208 -32082 -3132 -4107 END
START 10980 -4880 10204 -32768 -4602 -5863 END
START 11332 -6828 17964 -32768 -1028 -6742 END
START 14288 -8604 27324 -32768 6101 -8573 END
START 11648 -10088 32767 -32768 9669 -12567 END
START 9752 -11028 32767 -29066 7318 -17018 END
START 7520 -11892 32767 -21849 3418 -21529 END
START 5688 -12336 32767 -14861 2761 -24804 END
START 2744 -13060 32767 -7722 4895 -27831 END
START -1444 -13716 32767 -925 6289 -29321 END
START -4420 -14152 32767 5068 6719 -29325 END
START -6908 -15324 32767 11927 7862 -28942 END
START -9320 -15976 32767 19286 6571 -27698 END
START -9588 -16220 32767 26180 3885 -26610 END
START -8984 -16196 32767 32501 1417 -26016 END
START -8980 -16324 29432 32767 -93 -26137 END
START -9768 -15976 22896 32767 -1246 -24963 END
START -9396 -14892 16808 32767 -803 -22900 END
START -9264 -13760 11636 32767 694 -20198 END
START -9584 -12532 7776 32767 1581 -16895 END
START -9208 -10692 4288 32767 1347 -13882 END
START -9024 -8684 1192 32767 81 -11532 END
START -8440 -7472 -708 32767 -1174 -9869 END
START -8304 -6296 -2572 30785 -2447 -8080 END
START -8680 -5244 -4324 28011 -3795 -6119 END
START -9120 -4208 -5856 25286 -5433 -3979 END
START -8700 -3284 -7624 21251 -5375 -2157 END
START -8928 -2948 -9724 16011 -4004 -341 END
START -9388 -2552 -11572 9674 -2229 1725 END
START -9504 -2696 -13468 1834 1206 3890 END
START -11184 -3224 -16316 -7169 4941 7296 END
START -14724 -3736 -18292 -18125 6230 11969 END
START -14888 -5908 -18512 -30029 6247 17949 END
START -13116 -8844 -16712 -32768 8328 23627 END
START -12824 -12300 -14172 -32768 9313 29283 END
START -11088 -15764 -10716 -32768 11156 32767 END
START -10112 -20408 -3028 -32768 8707 32767 END
START -6764 -25080 8476 -32768 5215 32767 END
START 2940 -29944 23864 -32768 9634 32767 END
START 7956 -30684 32767 -32768 16566 32767 END
START 9008 -28808 32767 -32768 9484 28679 END
START 7320 -24576 32767 -32768 -7454 18103 END