START 7672 3568 7416 -1790 11547 7709 END
START 8972 196 -1140 -535 10732 7946 END
START 9316 5164 3912 -2236 11541 8316 END
START 8080 3012 7332 -1497 11556 8292 END
START 7804 2440 8404 -1874 10632 8198 END
START 7876 2832 8976 -1832 9794 8105 END
START 7964 3324 9004 -2062 8772 7957 END
START 9104 3028 9000 -2002 7808 7807 END
START 9676 2732 9872 -1784 6904 7644 END
START 9968 2704 10808 -1484 6217 7473 END
START 10604 2660 11436 -1090 5500 7295 END
START 11468 2728 11608 -618 4669 7024 END
START 12228 2976 11808 -69 3771 6672 END
START 12796 3168 12600 455 2661 6245 END
START 13424 3036 12760 1090 1478 5728 END
START 14044 3036 12780 1741 60 5242 END
START 14768 2960 12520 2314 -1344 4715 END
START 15204 3052 12180 2847 -2893 4204 END
START 16176 3324 11568 3341 -4329 3659 END
START 17148 3656 11140 3755 -5687 3058 END
START 18276 3884 10520 4044 -6909 2347 END
START 19652 3968 9952 4226 -7933 1559 END
START 20920 3988 9312 4320 -8710 657 END
START 22156 4156 8760 4309 -9370 -423 END
START 23264 4296 8208 4280 -9873 -1544 END
START 24520 4444 7564 4188 -10150 -2792 END
START 25612 4544 6824 4067 -10221 -4141 END
START 26720 4816 6092 3872 -10068 -5634 END
START 27540 5140 5248 3578 -9755 -7184 END
START 28160 5364 4688 3180 -9323 -8803 END
START 28288 5452 4368 2671 -8976 -10400 END
START 28096 5568 4004 2115 -8783 -12091 END
START 27736 5712 3532 1528 -8633 -13676 END
START 26832 5768 3004 896 -8483 -15215 END
START 26412 5880 2812 233 -8345 -16498 END
START 25668 5828 2508 -458 -8159 -17729 END
START 24900 5656 2544 -1091 -8030 -18833 END
START 24252 5528 2760 -1672 -7968 -19877 END
START 23412 5440 2928 -2144 -7945 -20875 END
START 22692 5216 3068 -2491 -7965 -21875 END
START 21868 5040 3388 -2783 -8072 -22773 END
START 21228 4788 3264 -3127 -8108 -23696 END
START 20936 4848 3284 -3467 -8137 -24588 END
START 20868 4976 3000 -3867 -8054 -25499 END
START 20736 4904 2996 -4345 -7861 -26499 END
START 20524 4760 2896 -4731 -7635 -27563 END
START 19964 4380 2732 -5175 -7425 -28673 END
START 19372 4260 3196 -5571 -7302 -29789 END
START 18724 4052 3464 -6020 -7319 -30831 END
START 17952 3876 3836 -6383 -7433 -31876 END
START 17272 3624 4004 -6709 -7632 -32768 END
START 16656 3264 4372 -7071 -7920 -32768 END
START 15660 2972 4764 -7381 -8326 -32768 END
START 14556 2588 5024 -7640 -8838 -32768 END
START 13216 2420 5256 -7932 -9383 -32768 END
START 11812 2328 5532 -8253 -9984 -32768 END
START 10636 2304 5672 -8624 -10477 -32768 END
START 9328 2200 5632 -9035 -10827 -32768 END
START 8292 2024 5960 -9444 -10955 -32768 END
START 7368 1792 5944 -9870 -10947 -32768 END
START 6032 1440 5924 -10323 -10774 -32768 END
START 4736 1176 6328 -10869 -10471 -32768 END
START 3628 796 6448 -11435 -10095 -32768 END
START 2108 464 6780 -11996 -9639 -32768 END
START 564 116 7076 -12602 -9132 -32768 END
START -1356 -304 7748 -13170 -8634 -32768 END
START -3108 -636 8040 -13792 -8167 -32768 END
START -4912 -856 8808 -14361 -7776 -32768 END
START -6660 -1104 9768 -14885 -7470 -32768 END
START -8396 -1336 10928 -15213 -7242 -32768 END
START -10136 -1560 11956 -15550 -7081 -32768 END
START -11612 -1908 13284 -15719 -6938 -32768 END
START -13168 -2160 14456 -15774 -6806 -32768 END
START -15204 -2624 16408 -15675 -6780 -32768 END
START -16928 -3088 17800 -15464 -6710 -32768 END
START -18852 -3468 19640 -15142 -6799 -32768 END
START -21024 -3484 21416 -14556 -6964 -32768 END
START -23084 -3180 23344 -13924 -7149 -31144 END
START -25004 -3024 24940 -12966 -7256 -29372 END
START -26940 -2808 26696 -11678 -7364 -27289 END
START -28800 -2624 28272 -10280 -7476 -25263 END
START -30792 -2524 29652 -8574 -7536 -22842 END
START -32192 -2552 30772 -6924 -7717 -20517 END
START -32768 -2528 31368 -5133 -7919 -17955 END
START -32768 -2368 31884 -3281 -8166 -15313 END
START -32768 -2304 31636 -1452 -8415 -12615 END
START -32768 -2224 31284 237 -8545 -10005 END
START -32768 -2056 30632 1886 -8651 -7277 END
START -32768 -2036 29916 3306 -8686 -4652 END
START -32768 -1876 28860 4612 -8572 -2027 END
START -32768 -1588 27448 5690 -8294 551 END
START -32768 -1456 25980 6555 -7789 3117 END
START -32768 -1236 24364 7163 -7128 5545 END
START -31884 -1128 22928 7604 -6358 7892 END
START -30884 -1020 21772 7873 -5545 10247 END
START -29856 -944 20608 7995 -4723 12436 END
START -28840 -756 19408 7971 -3906 14355 END
START -27720 -696 18324 7858 -3013 16317 END
START -26820 -652 17396 7653 -2073 18246 END
START -25696 -664 16488 7363 -1244 20016 END
START -24624 -836 15528 7057 -437 21690 END
START -23592 -760 14724 6666 321 23259 END
START -22740 -720 14308 6183 1006 24825 END
START -21608 -572 13964 5681 1585 26242 END
START -20752 -408 13708 5120 2155 27680 END
START -19784 -436 13164 4605 2825 29069 END
START -19076 -524 13140 4106 3521 30468 END
START -18320 -708 13300 3703 4244 31903 END
START -17568 -676 13332 3359 5011 32767 END
START -16944 -996 13396 3146 5752 32767 END
START -16164 -1264 13508 3009 6408 32767 END
START -15700 -1452 13808 3021 6831 32767 END
START -14964 -1744 13928 3138 7050 32767 END
START -13608 -2192 13792 3305 7022 32767 END
START -12440 -2564 13244 3477 6914 32767 END
START -11152 -2836 12616 3614 6858 32767 END
START -9864 -3224 12132 3591 6775 32767 END
START -8588 -3564 11524 3547 6750 32767 END
START -7276 -3900 11104 3405 6731 32767 END
START -5736 -4088 10440 3239 6920 32767 END
START -4248 -4272 9796 2983 7218 32767 END
START -2492 -4396 9256 2661 7680 32767 END
START -684 -4612 8488 2272 8304 32767 END
START 1308 -4736 8200 1751 9023 32767 END
START 3212 -4860 7776 1141 9971 32767 END
START 4560 -4708 7560 457 10948 32767 END
START 6372 -4532 7312 -313 12038 32767 END
START 8080 -4188 7220 -1157 13147 32767 END
START 9576 -3828 7100 -2025 13861 32767 END
START 11180 -3688 6936 -2893 14894 32767 END
START 12756 -3376 7016 -3768 15840 32767 END
START 14340 -3192 6896 -4667 16824 32767 END
START 16116 -2532 7128 -5570 17840 32767 END
START 17228 -2016 7252 -6417 18806 32767 END
START 18288 -1516 7216 -7313 19800 32767 END
START 19080 -952 7468 -8159 20692 32767 END
START 19380 -468 7416 -8943 21475 32767 END
START 19540 -128 7936 -9735 22174 32767 END
START 19176 260 8176 -10444 22687 32767 END
START 18820 348 8864 -11125 23054 31715 END
START 18476 344 8904 -11697 23289 30446 END
START 18068 432 9088 -12165 23514 29321 END
START 17856 644 9376 -12635 23754 28388 END
START 17768 940 9160 -13152 24101 27622 END
START 17636 1020 9080 -13724 24599 27065 END
START 17556 1404 8832 -14461 25201 26665 END
START 17500 1440 8836 -15186 25905 26297 END
START 17324 1460 9108 -16152 26445 25996 END
START 17544 1328 9404 -16998 26828 25741 END
START 17732 1384 10216 -17905 27044 25504 END
START 18316 1148 11292 -18720 27072 25280 END
START 19248 1072 12656 -19373 26907 25056 END
START 20944 1160 14304 -19826 26597 24738 END
START 22440 1284 16132 -20086 26201 24260 END
START 23816 1616 18040 -20023 25603 23516 END
START 25796 1964 19524 -19689 25016 22506 END
START 27808 1988 21176 -19028 24303 21197 END
START 29504 2044 22244 -18155 23440 19530 END
START 30684 2252 23712 -17146 22288 17561 END
START 31692 2576 24412 -16111 21068 15442 END
START 32576 2964 25196 -14859 19747 13070 END
START 32767 3660 25164 -13895 18476 10673 END
START 32767 3960 25632 -12794 17100 8220 END
START 32767 4068 25240 -11869 15791 5869 END
START 32767 4240 25132 -11023 14428 3536 END
START 32767 4324 24932 -10282 12906 1217 END
START 32767 4544 24832 -9660 11665 -964 END
START 32767 4308 24464 -9036 10278 -3051 END
START 32767 4368 24248 -8475 8819 -5157 END
START 32640 4180 23964 -7950 7473 -7045 END
START 31932 4160 23356 -7428 6231 -8815 END
START 31476 4188 23096 -6976 5101 -10551 END
START 31024 4096 22408 -6583 4092 -12162 END
START 30704 3888 21996 -6263 3253 -13770 END
START 30232 3860 21812 -6011 2569 -15251 END
START 29508 3640 21392 -5758 1882 -16726 END
START 28960 3508 21268 -5554 1295 -18085 END
START 28128 3224 21148 -5430 828 -19350 END
START 27424 2944 21044 -5286 389 -20608 END
START 26804 2648 21144 -5162 -29 -21724 END
START 25988 2236 21176 -4947 -398 -22699 END
START 25144 2124 20956 -4670 -695 -23747 END
START 24580 1864 20920 -4399 -905 -24695 END
START 24024 1712 20928 -4031 -1043 -25684 END
START 23532 1372 20764 -3668 -1087 -26645 END
START 22900 1008 20228 -3243 -1022 -27699 END
START 22108 608 20280 -2867 -971 -28753 END
START 21452 292 20260 -2516 -962 -29777 END
START 20672 44 20056 -2129 -1015 -30765 END
START 20248 -328 19664 -1786 -1094 -31736 END
START 19748 -484 19080 -1524 -1095 -32768 END
START 19448 -864 18388 -1359 -1141 -32768 END
START 18688 -944 17624 -1259 -1238 -32768 END
START 18196 -1312 16876 -1277 -1393 -32768 END
START 17604 -1660 15580 -1472 -1545 -32768 END
START 16784 -1844 14540 -1811 -1633 -32768 END
START 16144 -2136 13560 -2339 -1794 -32768 END
START 15132 -2316 12700 -3048 -1928 -32768 END
START 14168 -2472 12012 -3962 -2082 -32768 END
START 13136 -2692 11076 -4959 -2194 -32768 END
START 12088 -3052 10328 -6150 -2377 -32768 END
START 10856 -3392 10100 -7304 -2646 -32768 END
START 9632 -3772 9940 -8492 -3033 -32768 END
START 8304 -4164 9624 -9508 -3570 -32768 END
START 7076 -4608 9172 -10518 -4128 -32768 END
START 5704 -5052 8820 -11464 -4770 -32768 END
START 4700 -5196 8440 -12496 -5448 -32768 END
START 3604 -5372 8600 -13664 -6041 -32768 END
START 2188 -5340 8872 -14985 -6646 -32768 END
START 1184 -5384 9556 -16129 -7110 -32768 END
START 704 -5384 10772 -17341 -7508 -32768 END
START 172 -5396 12272 -18356 -7716 -32768 END
START -256 -5600 14236 -19183 -7733 -32768 END
START -872 -5780 16184 -19701 -7531 -32768 END
START -1768 -6056 18228 -19930 -7091 -32768 END
START -3136 -6328 20756 -19759 -6547 -32768 END
START -4324 -6656 22688 -19240 -5869 -32768 END
START -5916 -6892 25128 -18347 -5318 -32768 END
START -7224 -7272 26864 -17072 -4608 -32768 END
START -8776 -7412 28128 -15549 -3886 -32768 END
START -10696 -7484 29484 -13772 -3250 -32768 END