START 29580 13276 -8008 7715 2704 11931 END
START 24304 5324 -9332 6823 -3842 11127 END
START 30640 7000 -5672 4844 -7569 7205 END
START 32767 9220 -3912 885 -6412 563 END
START 30632 9000 1192 -2658 -4909 -5189 END
START 32767 9824 1940 -4749 -4247 -9715 END
START 32767 10048 2704 -6677 -3509 -15420 END
START 32767 10952 2372 -8231 -1686 -22001 END
START 32767 10176 3856 -9773 -1417 -29683 END
START 32767 8864 5140 -9946 -1322 -32768 END
START 32767 6220 5644 -10461 768 -32768 END
START 32052 868 6660 -11132 2004 -32768 END
START 24580 -6164 9988 -10895 -1755 -32768 END
START 16852 -13576 14520 -10288 -5381 -32768 END
START 8092 -21868 18340 -9147 -7022 -32768 END
START -5148 -28272 21568 -6076 -10054 -32768 END
START -22788 -32748 22548 -2905 -13729 -32768 END
START -32768 -31216 22656 -2081 -14527 -32768 END
START -32768 -27692 21800 -2789 -10737 -31634 END
START -32768 -24148 19800 -5052 -7572 -15634 END
START -32768 -21768 20112 -6661 -3803 -6639 END
START -32768 -19876 22504 -5477 -721 -1870 END
START -32768 -18284 22420 -766 -2223 3378 END
START -32768 -15924 18264 3382 -4226 9588 END
START -29400 -13732 13040 3958 -3596 15718 END
START -26100 -12096 9856 1873 -831 21505 END
START -23880 -11996 8944 -371 1425 26737 END
START -22072 -12484 8700 -2339 1737 30945 END
START -21900 -13772 9604 -3211 861 32767 END
START -22068 -15216 10316 -2929 -1516 32767 END
START -21464 -17252 10540 -2415 -2789 32767 END
START -20752 -20860 9580 -2638 -2390 32767 END
START -16940 -26428 9468 -4200 631 32767 END
START -9320 -30424 7336 -7200 3867 32767 END
START 2448 -32320 6772 -12078 6817 32767 END
START 17228 -31928 11856 -15368 7738 32767 END
START 31368 -25348 18772 -13694 2578 32767 END
START 32767 -18852 18852 -9158 -3131 32767 END
START 32767 -14616 18168 -7624 -6031 32767 END
START 32767 -10012 17856 -6840 -4034 32767 END
START 32767 -3568 15268 -7837 946 32767 END
START 32767 784 13072 -10362 7386 22326 END
START 32767 2824 13284 -11857 11441 7350 END
START 32767 2728 11440 -12489 13434 -7232 END
START 32767 948 8652 -14192 17537 -20048 END
START 32767 -2768 6916 -16080 22705 -31178 END
START 32767 -7804 5892 -17526 24607 -32768 END
START 32767 -13032 5708 -18430 24150 -32768 END
START 32767 -20852 4256 -19877 25405 -32768 END
START 27916 -30632 4984 -20800 24906 -32768 END
START 14672 -32768 9120 -20026 16540 -32768 END
START 684 -32768 20452 -14101 1567 -32768 END
START -3012 -32768 27076 -7247 -7141 -32768 END
START -5584 -32768 25004 -5068 96 -32768 END
START -11624 -32768 22440 -5692 7555 -32768 END