START 25420 13216 2588 3333 652 9521 END
START 12868 6300 8948 4298 -8580 9502 END
START 18216 5520 11840 3565 -12080 7234 END
START 27380 7608 10832 2000 -9541 2950 END
START 29280 8016 11628 -68 -5506 -4011 END
START 29048 7936 10124 -1010 -3080 -8204 END
START 29312 8412 9680 -1742 -3225 -11496 END
START 30852 8740 8688 -2831 -3029 -17016 END
START 30944 8200 8724 -3629 -3407 -23159 END
START 29048 6560 10176 -3976 -3738 -29730 END
START 25488 4548 11800 -3494 -5060 -32768 END
START 22812 2024 12800 -2817 -5501 -32768 END
START 19412 -604 13872 -3325 -4673 -32768 END
START 14912 -3784 15528 -2867 -4546 -32768 END
START 7912 -7248 17264 -1641 -6337 -32768 END
START -932 -10336 20164 813 -10348 -32768 END
START -10940 -12820 20984 4274 -14126 -32768 END
START -19628 -13868 19020 6690 -17382 -32768 END
START -29804 -15384 16392 7433 -19026 -32768 END
START -32768 -15908 13584 5809 -17237 -32768 END
START -32768 -14248 12124 2799 -14435 -21038 END
START -32768 -12280 11616 -223 -11529 -4949 END
START -32768 -9856 11428 -2987 -7730 6905 END
START -32768 -8432 12628 -4879 -3524 14250 END
START -30536 -7620 13944 -4635 -2044 18326 END
START -27760 -7284 14764 -2426 -3725 21786 END
START -26352 -7700 13844 128 -5655 24986 END
START -26756 -9372 12224 2399 -7421 28956 END
START -26500 -11064 9268 3081 -7241 32767 END
START -23768 -13640 7240 1839 -5154 32767 END
START -15676 -16052 4464 -1664 -1457 32767 END
START -8376 -18180 4072 -5893 1927 32767 END
START -1384 -17992 3784 -10455 4098 32767 END
START 5544 -18636 7216 -14808 8419 32767 END
START 14364 -17396 12424 -18238 14930 32767 END
START 21384 -15128 17012 -18484 22598 32767 END
START 20048 -14256 19664 -18435 22960 32767 END
START 19668 -13912 23964 -16050 17617 32767 END
START 24332 -13460 28572 -13979 14293 32767 END
START 32767 -9396 32767 -11437 15027 32767 END
START 32767 -4056 32767 -8903 18546 26068 END
START 32767 -616 30416 -8078 18566 14020 END
START 32767 -284 29992 -8126 15162 5577 END
START 32767 -356 31176 -6275 13711 -269 END
START 32767 -80 29320 -3568 14415 -5597 END
START 32767 -156 25352 -1700 15138 -11920 END
START 32767 -1064 22092 187 13802 -19775 END
START 32767 -2892 18024 1495 11124 -27334 END
START 29652 -4960 14164 883 8906 -32768 END
START 25784 -7432 12884 -567 8626 -32768 END
START 22212 -10036 12536 -1380 8241 -32768 END
START 21116 -12272 10808 -2508 10518 -32768 END
START 17532 -15224 8824 -4129 12426 -32768 END
START 11632 -18976 9524 -4216 11660 -32768 END
START 11164 -18156 7464 -3689 9281 -32768 END
START 11680 -17984 5036 -6062 8631 -32768 END
START 12844 -19888 4716 -9174 10216 -32768 END
START 5100 -25556 9984 -12011 10563 -32768 END
START -13388 -31680 22756 -6045 2149 -32768 END