START 30432 13540 -9568 7783 34 1645 END
START 10648 9020 1132 3884 -5009 -356 END
START 8588 6256 5964 -828 -4630 -2553 END
START 13364 6012 6336 -841 -5563 -1834 END
START 20192 7596 6220 -1039 -7800 -4535 END
START 22192 7844 6652 -326 -10703 -8439 END
START 26588 8436 6772 -920 -14656 -12655 END
START 27736 8460 8572 -305 -15510 -16369 END
START 27492 9956 6456 -2118 -13644 -20906 END
START 28248 9104 6632 -5528 -8942 -26199 END
START 22124 7892 8136 -6777 -5390 -30670 END
START 14392 5836 9904 -7573 -3252 -32768 END
START 7092 4260 10656 -7553 -3709 -32768 END
START -488 2040 11536 -6845 -5783 -32768 END
START -10180 -700 13408 -4719 -9779 -32768 END
START -18184 -1980 13596 -2601 -13187 -32768 END
START -24636 -2264 12424 -2491 -12513 -30970 END
START -29132 -2276 11064 -4682 -8804 -23532 END
START -32768 -2640 11548 -6610 -4519 -14348 END
START -32768 -2772 11940 -7853 -2403 -3851 END
START -32768 -2624 12932 -7563 -2221 5675 END
START -29224 -1708 11180 -6669 -2039 12976 END
START -24844 -1404 9084 -6466 -2042 19015 END
START -21116 -1964 6792 -7248 -2790 24460 END
START -16932 -3260 5856 -9351 -1846 29838 END
START -14704 -5444 5484 -12054 451 32767 END
START -11852 -6232 6024 -15360 2592 32767 END
START -8400 -7996 8884 -18311 3652 32767 END
START -736 -7920 12324 -20649 4789 32767 END
START 6192 -7544 16992 -20180 6071 32767 END
START 12264 -5796 18928 -18273 8220 32767 END
START 13116 -5764 18732 -17945 7762 32767 END
START 18804 -5536 20644 -17241 5706 32767 END
START 25828 -2996 23160 -16742 5283 32767 END
START 32767 884 25876 -14845 6934 26665 END
START 32767 2868 28184 -11868 7808 17333 END
START 32767 4868 26220 -8762 8959 7463 END
START 32767 4796 23904 -7814 7528 -335 END
START 32767 4260 23580 -6090 5517 -7383 END
START 32767 3836 20340 -4209 3698 -15242 END
START 32767 2032 16832 -3527 4137 -23432 END
START 28884 -1088 12672 -3751 5193 -29724 END
START 25372 -2716 8696 -5711 8204 -32768 END
START 21132 -4152 7716 -8505 10441 -32768 END
START 16112 -5272 7616 -10822 10353 -32768 END
START 11240 -5280 9200 -12350 7135 -32768 END
START 6616 -4812 10396 -12537 2172 -32768 END
START 4284 -8008 12136 -13342 -1676 -32768 END
START -7236 -11568 20272 -12351 -8151 -32768 END
START -17668 -16556 31176 -7075 -14043 -32768 END
START -27412 -18328 32767 -1221 -12457 -32768 END