START 12504 10476 6620 -1193 -1892 7910 END
START 11256 5172 9552 -2788 -8810 5585 END
START 10400 4164 16596 -1311 -8930 3874 END
START 14036 4844 17628 -764 -6701 825 END
START 16220 5040 16740 -681 -4006 -2490 END
START 17592 4952 17084 -878 -3269 -6089 END
START 20220 5084 18684 -49 -3397 -10471 END
START 22256 4940 18524 1278 -1056 -16178 END
START 18864 3488 16824 2158 1113 -20150 END
START 16776 3248 15720 2309 1333 -22451 END
START 16200 2532 16148 3131 1860 -25707 END
START 14420 1688 15100 3781 1864 -29519 END
START 11792 860 15720 4655 1456 -32446 END
START 8848 412 14408 5260 1677 -32768 END
START 4772 -1024 13204 5687 2575 -32768 END
START -360 -1060 12376 5169 2581 -32768 END
START -4016 -1056 12564 4559 3292 -32768 END
START -7340 -1724 12084 4657 2837 -32768 END
START -13232 -2716 11600 4895 2345 -32768 END
START -20916 -4136 11324 5549 2643 -32768 END
START -28816 -4496 10576 6035 1341 -30142 END
START -32276 -4836 9784 6836 -1992 -23143 END
START -32768 -3860 8296 6380 -3104 -16249 END
START -32768 -2648 5700 3884 -786 -8659 END
START -32768 -1992 3600 207 288 -1526 END
START -31816 -1648 4148 -2721 -439 4479 END
START -28988 -1756 5880 -4051 -2051 9678 END
START -26080 -1888 6176 -4012 -3702 14054 END
START -22572 -1956 4388 -4443 -5904 17672 END
START -19404 -2492 3052 -6287 -6105 20690 END
START -18568 -3856 2184 -9189 -5430 24537 END
START -16960 -5376 1300 -12764 -4797 29014 END
START -13932 -6520 1160 -17353 -4051 32767 END
START -10508 -7740 3588 -21861 -3078 32767 END
START -6968 -9188 7504 -24192 -3081 32767 END
START -3920 -10632 11180 -25245 -3777 32767 END
START 6920 -10140 15984 -24922 -1146 32767 END
START 9792 -9568 19756 -24202 -39 32767 END
START 12148 -8096 21536 -22036 -1599 32767 END
START 15284 -7308 24744 -20008 -2750 32767 END
START 23860 -5228 28504 -17358 -483 30058 END
START 27840 -2428 29440 -14783 4886 21049 END
START 25744 -2676 29336 -12572 6886 13018 END
START 22952 -2788 28776 -9755 5915 7203 END
START 24608 -2804 28856 -6985 3542 2369 END
START 27840 -1780 28356 -4189 2709 -4683 END
START 27060 -2080 26144 -1508 3427 -12935 END
START 26040 -2968 22664 -351 3494 -20610 END
START 22768 -4568 22492 549 6622 -26803 END
START 21368 -5456 20712 2306 8834 -32724 END
START 14976 -7468 17992 2938 7503 -32768 END
START 9792 -8776 17212 3717 2271 -32768 END
START 11156 -8800 16852 3211 1347 -32768 END
START 9476 -10280 13420 1015 7356 -32768 END
START 420 -14784 10208 -2881 9819 -32768 END
START -10424 -16916 17512 -1507 5071 -32768 END
START -19608 -16008 19588 203 6537 -32768 END
START -28472 -15396 17588 2563 3040 -32768 END