START 15764 7268 -5796 3128 389 3665 END
START 18700 1940 -14988 2884 1057 3823 END
START 17344 8204 -3036 109 2520 4030 END
START 16676 6136 -2904 170 3205 3812 END
START 18832 6472 -4036 -1485 3489 3608 END
START 19476 6564 -1692 -2416 3783 3346 END
START 19464 5988 -312 -3358 3715 2960 END
START 20088 5768 704 -4138 3540 2396 END
START 21320 5556 624 -4759 3380 1752 END
START 22264 5568 932 -5357 3356 1016 END
START 22320 5516 1764 -5838 3036 205 END
START 22800 5600 2264 -6290 2508 -643 END
START 22928 5656 3008 -6721 1910 -1682 END
START 23116 5784 3604 -7180 1385 -2677 END
START 23588 5712 3852 -7665 861 -3819 END
START 24460 5072 3748 -8092 555 -4921 END
START 24592 5168 4308 -8485 216 -6083 END
START 24400 5408 5068 -8835 -96 -7193 END
START 24136 5328 5700 -9205 -553 -8279 END
START 24028 5472 6036 -9487 -1089 -9278 END
START 23920 5340 6268 -9788 -1604 -10263 END
START 23724 5116 6708 -9942 -2053 -11181 END
START 23156 4904 7044 -10050 -2520 -12050 END
START 22720 4740 7648 -10089 -3082 -12877 END
START 22132 4704 8032 -10055 -3636 -13520 END
START 21632 4792 8196 -9920 -4118 -14114 END
START 21440 4944 8236 -9756 -4535 -14596 END
START 21156 5032 8432 -9551 -4935 -15006 END
START 21096 5180 8340 -9392 -5408 -15379 END
START 21136 5264 8352 -9244 -5901 -15769 END
START 21300 5160 7920 -9136 -6313 -16205 END
START 21704 5324 7648 -9093 -6636 -16695 END
START 21984 5396 7256 -9123 -6865 -17218 END
START 22408 5420 6704 -9170 -7054 -17812 END
START 22712 5516 6484 -9321 -7244 -18460 END
START 23064 5356 5760 -9476 -7360 -19179 END
START 23504 5408 5040 -9740 -7413 -20000 END
START 23872 5536 4104 -10051 -7326 -20904 END
START 24056 5636 3244 -10488 -7211 -21875 END
START 24260 5452 2068 -11091 -7004 -22934 END
START 24672 5336 1188 -11928 -6745 -24115 END
START 24788 5220 240 -12881 -6499 -25387 END
START 24708 5028 -272 -13976 -6223 -26723 END
START 24212 4992 -540 -15189 -5880 -28058 END
START 23484 4864 -660 -16391 -5588 -29407 END
START 22412 4848 -736 -17705 -5247 -30697 END
START 21204 4816 -188 -19091 -4975 -31949 END
START 19812 4644 400 -20456 -4664 -32768 END
START 18472 4432 1244 -21656 -4522 -32768 END
START 17200 4168 1972 -22705 -4362 -32768 END
START 15988 3892 3112 -23567 -4315 -32768 END
START 14796 3624 4072 -24180 -4386 -32768 END
START 13680 3344 5244 -24627 -4553 -32768 END
START 12564 2800 6060 -24877 -4828 -32768 END
START 11432 2648 7004 -25035 -5148 -32768 END
START 10556 2452 7944 -25104 -5486 -32768 END
START 9660 2316 8684 -25129 -5866 -32768 END
START 8624 1936 9252 -25104 -6354 -32768 END
START 7664 1380 10164 -25076 -6857 -32768 END
START 6524 828 10972 -25067 -7495 -32768 END
START 5260 620 11772 -24992 -8239 -32768 END
START 4156 712 12908 -24910 -9034 -32768 END
START 3200 856 13820 -24728 -9691 -32768 END
START 2344 840 14556 -24486 -10269 -32768 END
START 1352 620 15168 -24117 -10673 -32768 END
START 216 176 16020 -23706 -11049 -32768 END
START -768 -156 16792 -23332 -11368 -32768 END
START -1912 -608 17808 -22975 -11788 -32768 END
START -2900 -924 18772 -22727 -12224 -32768 END
START -3976 -1224 19572 -22432 -12650 -32768 END
START -5864 -1780 20568 -22155 -12791 -32768 END
START -8256 -2228 22000 -21691 -12914 -32768 END
START -10628 -2128 24296 -21232 -13383 -32768 END
START -12452 -1928 25968 -20616 -13804 -32768 END
START -14256 -1752 27116 -19841 -13914 -32768 END
START -16312 -2560 29368 -18970 -13660 -32768 END
START -17488 -3344 29864 -17489 -12806 -32768 END
START -19356 -2684 30380 -15988 -11675 -32447 END
START -21060 -2376 31476 -14186 -10533 -30411 END
START -22500 -2124 32212 -12634 -9490 -28300 END
START -23804 -2140 32052 -11053 -8356 -26058 END
START -25136 -2356 32060 -9522 -7292 -23772 END
START -26220 -2600 31868 -8211 -6308 -21415 END
START -27040 -2604 31896 -6975 -5490 -18993 END
START -27908 -2620 31568 -5890 -4872 -16519 END
START -28668 -2804 31464 -4888 -4344 -14191 END
START -29060 -2876 31072 -3904 -3954 -11728 END
START -29260 -2884 30716 -3005 -3694 -9352 END
START -29428 -2992 30476 -2141 -3541 -7131 END
START -29248 -3144 30144 -1220 -3428 -4849 END
START -28784 -3364 29484 -370 -3295 -2758 END
START -28100 -3548 29180 461 -3083 -772 END
START -27632 -3632 28472 1284 -2871 1178 END
START -27168 -3568 27840 2010 -2569 2965 END
START -26488 -3512 27028 2674 -2242 4709 END
START -25788 -3404 26336 3271 -1835 6361 END
START -25432 -3352 25300 3758 -1353 7932 END
START -24752 -3400 24584 4136 -872 9428 END
START -24120 -3232 23860 4570 -364 10868 END
START -23728 -3048 22916 4869 248 12344 END
START -22928 -2948 21852 5136 885 13668 END
START -22596 -2904 21296 5355 1459 15022 END
START -22144 -2940 20596 5543 2057 16374 END
START -21580 -2744 19932 5729 2545 17646 END
START -21044 -2816 19356 5859 3035 18849 END
START -20624 -2660 18708 5944 3422 20090 END
START -20260 -2764 18384 6078 3832 21330 END
START -20092 -2600 17860 6220 4208 22525 END
START -20080 -2696 17280 6392 4595 23830 END
START -19984 -2788 17084 6576 4882 25123 END
START -19784 -2896 16620 6824 5160 26502 END
START -19588 -2904 15860 7024 5456 27998 END
START -19496 -3160 15156 7232 5714 29455 END
START -19092 -3436 14472 7368 6002 30997 END
START -18712 -3584 13756 7428 6320 32446 END
START -18276 -3968 13432 7465 6534 32767 END
START -18088 -4224 12716 7452 6697 32767 END
START -17624 -4360 12096 7422 6780 32767 END
START -17048 -4456 11208 7374 6894 32767 END
START -16416 -4684 10264 7223 7023 32767 END
START -15488 -4864 9396 7013 7203 32767 END
START -14648 -4856 8272 6639 7436 32767 END
START -13440 -5080 7400 6099 7773 32767 END
START -12340 -5188 6564 5418 8165 32767 END
START -11292 -5352 5660 4552 8672 32767 END
START -10120 -5596 4568 3589 9376 32767 END
START -9172 -5680 4100 2455 10062 32767 END
START -8484 -5792 3320 1253 10836 32767 END
START -7524 -6024 2792 12 11744 32767 END
START -6628 -6140 2560 -1349 12598 32767 END
START -5964 -6212 2380 -2588 13542 32767 END
START -5300 -6468 2128 -3918 14365 32767 END
START -4656 -6712 2324 -5168 15116 32767 END
START -3996 -6860 2412 -6414 15777 32767 END
START -3312 -7080 2516 -7651 16547 32767 END
START -2508 -7132 2384 -8868 17343 32767 END
START -1508 -7204 2412 -10026 18293 32767 END
START -224 -7000 2728 -11213 19429 32767 END
START 936 -6972 3128 -12377 20697 32767 END
START 2180 -7092 3356 -13596 22189 32767 END
START 3604 -7084 4024 -14855 23610 32767 END
START 4968 -6828 5208 -15955 24974 32767 END
START 6388 -6812 6448 -17041 26276 32767 END
START 8408 -6528 8048 -18052 27616 32767 END
START 9760 -6260 9440 -18870 28792 32767 END
START 11000 -6188 10928 -19415 29734 32767 END
START 12528 -5768 12000 -19638 30465 32767 END
START 14068 -5336 12960 -19622 30975 32767 END
START 15172 -4904 13716 -19442 31095 32767 END
START 16128 -4528 14548 -19192 30642 32767 END
START 17132 -4372 15064 -18966 29747 32767 END
START 18128 -4072 15480 -18767 28390 32767 END
START 19132 -3736 16040 -18682 26664 32767 END
START 20352 -3064 16824 -18573 24543 32767 END
START 21412 -2580 17228 -18497 22311 32767 END
START 22908 -2384 17796 -18409 20083 30975 END
START 24140 -2216 18160 -18291 18007 29253 END
START 25500 -2032 18912 -18222 16132 27522 END
START 26812 -1836 19612 -18163 14368 25804 END
START 28420 -1568 20584 -18152 12930 24154 END
START 30008 -1312 21508 -18084 11467 22495 END
START 31832 -1076 23524 -17945 10321 20918 END
START 32767 -1032 24940 -17658 9326 19333 END
START 32767 -600 26244 -17160 8602 17750 END
START 32767 -192 27520 -16454 8190 16183 END
START 32767 172 28448 -15668 8208 14667 END
START 32767 760 29352 -14864 8461 13149 END
START 32767 1312 30044 -13800 9001 11523 END
START 32767 1740 30620 -12825 9615 9815 END
START 32767 2536 31420 -11860 10093 8044 END
START 32767 2780 31556 -10800 10547 6101 END
START 32767 2456 31216 -9808 10990 4106 END
START 32767 2292 30884 -8696 11302 1882 END
START 32767 2500 30348 -7775 11417 -279 END
START 32767 3104 29356 -6979 11329 -2449 END
START 32767 3632 28516 -6392 10996 -4634 END
START 32767 3872 27588 -5979 10507 -6875 END
START 32767 3896 26532 -5782 9969 -9066 END
START 32767 3788 25544 -5677 9294 -11258 END
START 32767 3536 25212 -5642 8537 -13402 END
START 32767 3168 24556 -5608 7575 -15538 END
START 32767 3096 24380 -5518 6483 -17567 END
START 32767 2928 24064 -5343 5277 -19553 END
START 32767 2684 23932 -5055 3977 -21433 END
START 32767 2444 23368 -4732 2648 -23350 END
START 32767 2012 22992 -4404 1421 -25196 END
START 32767 1552 22564 -4132 231 -27034 END
START 32767 1312 22344 -3866 -909 -28825 END
START 32156 1012 21948 -3674 -1964 -30546 END
START 30920 764 21700 -3475 -2927 -32211 END
START 29996 296 21304 -3277 -3691 -32768 END
START 29024 -104 20828 -3029 -4129 -32768 END
START 28380 -548 20180 -2687 -4382 -32768 END
START 27956 -876 19568 -2386 -4456 -32768 END
START 27872 -1460 18684 -2121 -4264 -32768 END
START 27604 -1856 17908 -1914 -3902 -32768 END
START 27488 -2384 16932 -1815 -3427 -32768 END
START 26976 -2808 16244 -1841 -2852 -32768 END
START 26016 -3572 15528 -1971 -2390 -32768 END
START 24692 -4156 14808 -2067 -1963 -32768 END
START 23268 -4872 14096 -2302 -1724 -32768 END
START 21272 -5620 13128 -2495 -1553 -32768 END
START 20036 -6032 12264 -2857 -1472 -32768 END
START 18720 -6552 11636 -3292 -1534 -32768 END
START 17604 -7056 11212 -3834 -1614 -32768 END
START 16160 -7644 10880 -4430 -1832 -32768 END
START 14828 -8108 10856 -5120 -2144 -32768 END
START 13244 -8596 11000 -5767 -2538 -32768 END
START 11560 -9168 11360 -6460 -3082 -32768 END
START 9988 -9588 11644 -7058 -3638 -32768 END
START 8372 -9796 11836 -7563 -4234 -32768 END
START 6920 -9952 12268 -7982 -4720 -32768 END
START 5536 -10440 12792 -8297 -5106 -32768 END
START 4036 -10692 13048 -8552 -5420 -32768 END
START 2444 -10972 13648 -8731 -5666 -32768 END
START 848 -11128 14236 -8843 -5934 -32768 END
START -1100 -11204 15032 -8918 -6311 -32768 END
START -3612 -11116 16228 -8893 -6683 -32768 END
START -5520 -10936 17152 -8835 -7153 -32768 END
START -7188 -10812 18264 -8646 -7623 -32768 END
START -8772 -10688 19096 -8378 -8033 -32768 END
START -10176 -10548 20056 -7986 -8365 -32768 END
START -11308 -10352 20352 -7435 -8289 -32768 END
START -12548 -10000 20828 -6901 -7993 -32768 END
START -13784 -9712 21168 -6261 -7496 -32768 END
START -15016 -9736 21380 -5698 -6778 -32768 END
START -16400 -9720 21708 -5113 -6067 -32768 END
START -18436 -9644 22176 -4629 -5369 -32768 END
START -19944 -9388 22684 -4217 -4906 -32768 END
START -21544 -8984 23552 -3858 -4659 -32768 END