START 6328 7096 120 739 660 6656 END
START 10244 1012 -11408 1348 116 7262 END
START 9892 8720 1000 -329 455 7625 END
START 9436 5844 1928 589 707 7666 END
START 10724 6504 2900 -61 342 7738 END
START 12048 6712 2368 38 128 7509 END
START 14704 7300 1072 -168 -431 7075 END
START 16268 7328 1160 -204 -544 6434 END
START 17196 7216 1908 -244 -573 5654 END
START 18164 7024 1912 -286 -824 4718 END
START 19180 7296 1324 -341 -1025 3713 END
START 19716 7716 688 -466 -1189 2650 END
START 19948 7876 544 -724 -1332 1490 END
START 20476 8096 56 -1054 -1488 340 END
START 20592 8312 -76 -1546 -1533 -702 END
START 20520 8552 -416 -2058 -1570 -1688 END
START 20624 8652 -880 -2678 -1668 -2584 END
START 20660 8920 -1012 -3434 -1865 -3459 END
START 20592 9332 -1196 -4216 -2030 -4300 END
START 20932 9404 -816 -5035 -2287 -5117 END
START 21104 9508 -556 -5839 -2544 -5915 END
START 21432 9676 -508 -6550 -2733 -6727 END
START 21708 9444 -88 -7266 -2919 -7558 END
START 21824 9420 452 -7866 -3151 -8364 END
START 21680 9720 640 -8431 -3429 -9235 END
START 21492 9832 1320 -8940 -3743 -10028 END
START 21584 10016 1592 -9392 -4116 -10843 END
START 22036 9888 1804 -9866 -4003 -11724 END
START 21840 9760 2016 -10233 -4110 -12573 END
START 21104 10044 2528 -10581 -4290 -13449 END
START 20876 10236 2980 -10947 -4459 -14241 END
START 20736 10464 3228 -11321 -4550 -14987 END
START 20724 10404 3424 -11635 -4502 -15693 END
START 20852 10240 3436 -11968 -4306 -16432 END
START 20956 10316 3320 -12329 -4041 -17215 END
START 20828 10340 3492 -12714 -3752 -18046 END
START 20876 10420 3400 -13201 -3395 -18966 END
START 20632 10432 3332 -13651 -2993 -19933 END
START 20132 10380 3376 -14162 -2608 -20896 END
START 19428 10108 3712 -14765 -2369 -21746 END
START 18856 10112 4028 -15103 -2190 -22601 END
START 18332 9992 4332 -15675 -2145 -23379 END
START 17800 10032 4696 -16084 -2045 -24107 END
START 17492 9768 4984 -16527 -2066 -24846 END
START 17084 9620 5292 -16911 -2206 -25597 END
START 16612 9472 5968 -17240 -2522 -26364 END
START 15976 9132 6488 -17575 -3062 -27157 END
START 15544 8808 6800 -17835 -3585 -27978 END
START 15008 8584 7020 -18074 -4178 -28864 END
START 14176 8184 7768 -18307 -4871 -29694 END
START 13492 7728 8128 -18527 -5525 -30519 END
START 12908 7252 8636 -18781 -6211 -31297 END
START 12316 6868 9132 -19070 -6883 -32043 END
START 11576 6480 9876 -19310 -7521 -32768 END
START 10624 6140 10836 -19534 -8119 -32768 END
START 9612 5652 11676 -19633 -8673 -32768 END
START 8620 5152 12612 -19593 -9157 -32768 END
START 7464 4764 13420 -19528 -9569 -32768 END
START 6184 4496 14308 -19381 -9892 -32768 END
START 4812 4120 15048 -19258 -10115 -32768 END
START 3208 3744 15680 -19001 -10179 -32768 END
START 1484 3500 16064 -18679 -10128 -32768 END
START -228 3280 16660 -18376 -9982 -32768 END
START -2496 3064 17148 -18071 -9762 -32768 END
START -4416 2784 17960 -17781 -9561 -32768 END
START -6088 2676 18672 -17474 -9347 -32768 END
START -7984 2416 18988 -17143 -9108 -32768 END
START -9740 2368 19756 -16718 -8858 -32768 END
START -11628 2156 20664 -16215 -8492 -32444 END
START -13188 1976 21584 -15569 -8293 -31229 END
START -14576 2000 22140 -14854 -7908 -29928 END
START -16308 1648 23044 -14165 -7655 -28485 END
START -17620 1416 23796 -13300 -7502 -27022 END
START -18868 1200 24240 -12398 -7338 -25388 END
START -20480 992 25288 -11465 -7228 -23700 END
START -21448 932 25624 -10408 -7294 -21947 END
START -22108 1124 25664 -9270 -7237 -20153 END
START -22776 1092 25772 -8172 -7131 -18486 END
START -23556 1148 25408 -7055 -6832 -16701 END
START -24148 1124 26136 -5862 -7421 -14925 END
START -24180 808 25464 -4872 -8047 -13140 END
START -24124 84 24124 -4082 -8030 -11547 END
START -24812 -320 23748 -3741 -6217 -9931 END
START -25796 392 24500 -3125 -5801 -8109 END
START -26180 632 23408 -2609 -5419 -6109 END
START -26044 544 22988 -2037 -5020 -4095 END
START -25548 308 22344 -1515 -4576 -2158 END
START -25132 80 22112 -1035 -4002 -341 END
START -24280 -24 21164 -660 -3283 1312 END
START -23556 -64 20560 -389 -2676 2757 END
START -23104 -136 20176 -135 -2256 4094 END
START -22084 -504 18928 11 -1786 5371 END
START -22296 -368 19808 128 -1537 6524 END
START -22580 -536 19756 387 -1672 7677 END
START -22304 -732 19116 649 -1772 8833 END
START -21500 -836 17304 926 -1661 9833 END
START -19972 -440 14884 366 1218 10746 END
START -20308 100 14736 -402 3811 11870 END
START -22108 292 16440 -742 4394 13288 END
START -22108 -36 16672 -890 4595 14733 END
START -21836 -712 16732 -655 4214 16341 END
START -20724 -1100 15780 -564 4562 17772 END
START -19920 -1248 14136 -666 5730 19016 END
START -19876 -1000 14488 -1135 7899 20150 END
START -20704 -684 15536 -1218 8416 21504 END
START -20804 -692 15164 -1218 8828 22951 END
START -20600 -1032 15468 -988 9013 24493 END
START -20168 -1368 15424 -672 8938 26025 END
START -19208 -1532 14480 -481 9216 27438 END
START -18852 -1872 14672 -243 9257 28750 END
START -18520 -1804 14784 161 8609 30017 END
START -17412 -2036 13616 522 8267 31228 END
START -16496 -2620 12224 526 8957 32277 END
START -16652 -2688 12708 493 9286 32767 END
START -16288 -2864 11664 372 9789 32767 END
START -15856 -3184 11552 316 9903 32767 END
START -15016 -3300 10920 230 10049 32767 END
START -14120 -3448 10112 43 10390 32767 END
START -13436 -3672 9772 -222 10922 32767 END
START -12396 -3812 9304 -525 11406 32767 END
START -11292 -3756 8932 -921 11952 32767 END
START -9872 -4016 8492 -1358 12424 32767 END
START -8424 -4168 8052 -1856 12983 32767 END
START -7048 -4208 7728 -2411 13530 32767 END
START -5844 -4204 7504 -3023 14307 32767 END
START -4684 -4184 7136 -3719 14949 32767 END
START -3360 -4296 6972 -4460 15630 32767 END
START -2216 -4516 6628 -5209 16262 32767 END
START -1036 -4676 6444 -6040 16832 32767 END
START 44 -4548 6544 -6930 17354 32767 END
START 904 -4420 6644 -7788 17757 32767 END
START 1828 -4308 6936 -8666 18191 32767 END
START 2760 -4212 6956 -9499 18640 32767 END
START 3924 -4168 7060 -10300 19280 32767 END
START 5064 -4080 7352 -11157 20026 32767 END
START 6568 -4076 7784 -11939 20751 32767 END
START 7912 -3844 8408 -12847 21402 32767 END
START 9064 -3620 8944 -13796 22009 32767 END
START 10192 -3392 9544 -14567 22577 32767 END
START 11456 -2980 10288 -15497 23086 32767 END
START 12992 -2460 11396 -16198 23361 32767 END
START 14568 -1864 12460 -16789 23603 32767 END
START 16304 -1508 13940 -17196 23558 32767 END
START 18212 -1100 15536 -17434 23352 32767 END
START 21280 -936 17680 -17403 23001 32767 END
START 23624 -692 19076 -17114 22587 32767 END
START 25640 -148 20200 -16532 22301 32767 END
START 27248 544 21456 -15780 21854 32767 END
START 29324 1312 23016 -14797 21094 30708 END
START 31824 2308 25012 -13967 19578 28304 END
START 32767 2524 24636 -12932 18255 25515 END
START 32767 2884 24284 -11823 17095 22339 END
START 32767 3244 24264 -10737 15800 19041 END
START 32767 3876 24364 -9792 14302 15798 END
START 32767 4172 23888 -8962 12650 12708 END
START 32767 4676 23348 -8323 11098 10190 END
START 32767 4872 22648 -7867 9551 7943 END
START 31604 5084 22728 -7519 7898 6205 END
START 30888 5352 22016 -7307 6361 4912 END
START 30332 5624 21432 -7171 5068 3774 END
START 30060 5932 21320 -7102 4035 2904 END
START 29976 6132 20956 -7044 3327 2057 END
START 30484 6456 20864 -6944 2955 1288 END
START 31068 6652 20936 -6863 2829 485 END
START 31860 6748 21120 -6748 2864 -396 END
START 32448 6844 21680 -6567 3052 -1368 END
START 32767 6968 21900 -6240 3255 -2528 END
START 32767 7012 21984 -5907 3579 -3769 END
START 32767 7188 22128 -5455 3909 -5157 END
START 32767 7404 22060 -5022 4269 -6642 END
START 32767 7484 21744 -4510 4648 -8223 END
START 32767 7500 21252 -4043 4999 -9886 END
START 32767 7492 20680 -3614 5280 -11574 END
START 32767 7304 19964 -3243 5550 -13270 END
START 32767 7136 19288 -2904 5701 -15050 END
START 32016 7052 18580 -2702 5747 -16706 END
START 30956 6868 17840 -2562 5707 -18397 END
START 29980 6620 16680 -2518 5644 -19944 END
START 28712 6236 15880 -2542 5427 -21488 END
START 27464 6104 15064 -2635 5160 -23033 END
START 26304 5592 14136 -2840 4820 -24509 END
START 24948 5204 13124 -3120 4340 -25901 END
START 23608 4636 12440 -3578 3822 -27276 END
START 22048 4336 12192 -4016 3200 -28465 END
START 20612 4084 11700 -4520 2591 -29583 END
START 19212 3676 11396 -5119 1905 -30565 END
START 17820 3448 11208 -5680 1298 -31395 END
START 16420 3136 11220 -6233 654 -32129 END
START 15252 2864 11304 -6746 31 -32758 END
START 14200 2452 11240 -7200 -585 -32768 END
START 13268 2168 11304 -7600 -1106 -32768 END
START 12708 1860 11296 -8009 -1573 -32768 END
START 12120 1548 11276 -8395 -2032 -32768 END
START 11516 1324 11424 -8804 -2488 -32768 END
START 11156 1036 11664 -9189 -2926 -32768 END
START 10592 772 11468 -9599 -3375 -32768 END
START 9928 300 11576 -10028 -3789 -32768 END
START 9228 -188 11844 -10440 -4283 -32768 END
START 8476 -528 11916 -10850 -4781 -32768 END
START 8040 -808 12296 -11246 -5225 -32768 END
START 7496 -1192 12300 -11617 -5544 -32768 END
START 6944 -1400 12332 -11947 -5620 -32768 END
START 6324 -1700 12620 -12305 -5523 -32768 END
START 5528 -1996 12768 -12582 -5329 -32768 END
START 4740 -2228 13324 -12851 -5073 -32768 END
START 3704 -2432 13572 -13082 -4856 -32768 END
START 2628 -2596 13932 -13307 -4635 -32768 END
START 1612 -2728 14116 -13475 -4531 -32768 END
START 336 -2888 14548 -13694 -4487 -32768 END
START -780 -2952 14968 -13946 -4543 -32768 END
START -2052 -3068 15588 -14195 -4744 -32768 END
START -3448 -3296 16464 -14359 -5182 -32768 END
START -5372 -3484 17844 -14639 -5874 -32768 END
START -6648 -3828 19124 -14705 -6758 -32768 END
START -7896 -3924 20456 -14638 -7758 -32768 END
START -9032 -3904 21960 -14437 -8831 -32768 END
START -9988 -3984 23332 -13960 -9803 -32768 END
START -11040 -3916 24840 -13432 -10670 -32768 END
START -11980 -3776 26440 -12662 -11420 -32768 END
START -12760 -3588 27892 -11815 -11989 -32768 END
START -13952 -3408 30104 -10843 -12442 -32768 END
START -14424 -3668 31448 -9685 -12696 -32768 END
START -14820 -3932 32424 -8360 -12517 -32429 END