START 18704 4428 -11608 12037 21993 10973 END
START 6572 1572 -2252 9302 12464 11479 END
START 16400 1420 -1772 9886 9263 10475 END
START 16760 6980 -2684 8214 10019 7926 END
START 18384 6616 -2636 3815 8801 3178 END
START 19224 7072 356 2527 4212 1611 END
START 29292 10948 -1300 1184 111 -389 END
START 32767 12148 -1008 -1998 -841 -7389 END
START 32767 13176 792 -5319 263 -14555 END
START 32767 12032 2276 -8266 1009 -22170 END
START 32767 9836 3492 -9728 1319 -30063 END
START 32767 6816 5140 -10825 1272 -32768 END
START 30804 3748 6992 -11441 820 -32768 END
START 25956 228 8864 -11977 -556 -32768 END
START 19884 -3704 11348 -12689 -1127 -32768 END
START 11860 -9236 16492 -12523 -3416 -32768 END
START 3468 -12804 22608 -8925 -10021 -32768 END
START -3588 -15200 25120 -3719 -16272 -32768 END
START -11200 -17568 24768 346 -19188 -32768 END
START -20792 -19400 23140 1646 -18296 -32768 END
START -32112 -22040 23756 1414 -13693 -32768 END
START -32768 -23472 24484 2454 -10711 -29705 END
START -32768 -22148 22388 4051 -9546 -12309 END
START -32768 -19588 17888 3023 -7191 3302 END
START -32768 -17904 15084 757 -4180 14596 END
START -32768 -16652 13232 -1304 -1369 23748 END
START -32768 -15680 11824 -2273 -206 32767 END
START -27972 -15012 8996 -2660 -938 32767 END
START -21368 -15008 6320 -4103 -1862 32767 END
START -14604 -16092 4148 -6777 -1910 32767 END
START -9484 -17828 3556 -10546 -1125 32767 END
START 2416 -21384 3536 -14380 624 32767 END
START 9884 -19072 8100 -16909 7386 32767 END
START 16296 -15664 10980 -20504 21969 32767 END
START 14684 -14516 12732 -23580 30103 32767 END
START 10480 -15180 13508 -23252 25619 32767 END
START 16392 -15420 14232 -24124 11086 32767 END
START 30624 -14416 21140 -25007 2555 32767 END
START 32767 -11100 29012 -21161 1639 30023 END
START 32767 -6632 28876 -18879 12600 12130 END
START 32767 -5596 29160 -19830 29612 -5989 END
START 32767 -8348 30160 -19860 32767 -20314 END
START 32767 -11116 30140 -15721 32767 -32768 END
START 31216 -14496 26584 -8586 32767 -32768 END
START 20984 -17920 20300 -2639 31677 -32768 END
START 14568 -20972 15056 1409 16300 -32768 END
START 6512 -25144 13328 3695 2447 -32768 END
START -1108 -28300 12552 5267 -6615 -32768 END
START -11168 -28832 13840 3586 -10339 -32768 END
START -15404 -26148 18624 1051 -7547 -32768 END