START 16360 7700 -6836 9796 12335 17634 END
START 9832 956 -6380 9280 2726 20056 END
START 10244 2308 772 8917 -4404 19778 END
START 17648 5060 820 6845 -4659 15230 END
START 26960 7220 -16 3921 -1605 8607 END
START 29912 8424 -796 1216 1046 2703 END
START 31008 9844 1016 -77 -1611 -1969 END
START 32767 11616 1044 -786 -3955 -8133 END
START 32767 12452 624 -2774 -4482 -15317 END
START 32767 12548 224 -4914 -2980 -22736 END
START 32767 10996 456 -7750 -652 -30590 END
START 29564 8560 1208 -10399 1416 -32768 END
START 23864 5520 3684 -12594 1364 -32768 END
START 19736 1316 8320 -12729 -2346 -32768 END
START 15600 -3244 12272 -12471 -5450 -32768 END
START 9136 -8964 16324 -11307 -7237 -32768 END
START -760 -13764 19668 -9174 -9432 -32768 END
START -8484 -15804 23200 -5932 -12177 -32768 END
START -13988 -17864 23404 -2890 -11380 -32768 END
START -21940 -19384 22432 -385 -10927 -32768 END
START -27408 -19948 20056 327 -9577 -32768 END
START -32512 -19392 18136 -869 -7280 -23672 END
START -32768 -18860 17340 -1741 -5843 -12351 END
START -32768 -18104 16996 -1048 -7362 189 END
START -32768 -16808 15388 -478 -7984 10042 END
START -29964 -15128 13628 -780 -7204 18406 END
START -26952 -14628 13160 -888 -6760 26438 END
START -23460 -15012 13096 -772 -6362 32767 END
START -22120 -16108 13404 107 -6859 32767 END
START -17972 -17368 12620 1175 -7516 32767 END
START -14704 -18544 11316 1699 -7330 32767 END
START -9984 -19940 9480 994 -5462 32767 END
START -6772 -20284 8168 -503 -2636 32767 END
START -3008 -22424 7280 -3649 1016 32767 END
START 1836 -23452 7312 -8412 6869 32767 END
START 10224 -22276 9784 -14496 12880 32767 END
START 19056 -19884 16564 -16499 11573 32767 END
START 29936 -14364 18012 -14572 4877 32767 END
START 32767 -8924 17860 -14283 1517 32767 END
START 32767 -6092 19372 -13959 2180 32767 END
START 32767 -3132 19192 -12943 1478 30331 END
START 32767 2136 18100 -12800 3604 20875 END
START 32767 6028 15628 -14059 8077 6508 END
START 32767 6380 14276 -15363 12636 -9429 END
START 32767 2692 11400 -17123 16906 -23216 END
START 32767 -700 11260 -18281 18188 -31279 END
START 32767 -3492 10632 -18444 18304 -32768 END
START 32767 -7100 9888 -19169 17389 -32768 END
START 29148 -12092 7128 -21126 15758 -32768 END
START 24396 -17588 8700 -22386 13458 -32768 END
START 13092 -24456 11092 -22189 12386 -32768 END
START 952 -27584 15948 -18388 6301 -32768 END
START -2944 -26608 17992 -13759 3781 -32768 END