START 16240 5616 7312 3460 2220 9721 END
START 18388 1056 -4280 5254 1458 9527 END
START 18852 7428 3180 3079 1701 9494 END
START 17000 6048 7788 4739 1004 9223 END
START 17756 5912 5740 3942 17 8892 END
START 17904 6300 6560 3939 -713 8516 END
START 19256 6564 5612 3518 -1577 8088 END
START 20996 6592 4236 3204 -2143 7454 END
START 21972 6640 4568 2892 -2547 6765 END
START 22664 6568 4752 2584 -2630 6066 END
START 23364 6628 4744 2222 -2706 5260 END
START 24628 6560 4232 1854 -2691 4371 END
START 25472 6632 4284 1509 -2560 3518 END
START 27020 6872 3556 1236 -2090 2486 END
START 27412 6784 4080 844 -1697 1452 END
START 28040 6724 4000 544 -1274 217 END
START 28528 6640 3892 291 -1097 -1004 END
START 28856 6528 3756 81 -1031 -2318 END
START 29296 6528 3092 -209 -999 -3678 END
START 29360 6516 2940 -470 -1041 -5122 END
START 29384 6380 2548 -789 -1130 -6599 END
START 29284 6424 2124 -1209 -1299 -8117 END
START 29060 6376 1692 -1755 -1537 -9573 END
START 28840 6424 1216 -2330 -1779 -10974 END
START 28364 6480 716 -3012 -1982 -12404 END
START 27748 6580 400 -3661 -2102 -13695 END
START 27176 6648 316 -4354 -2200 -14950 END
START 26552 6620 164 -5076 -2257 -16115 END
START 26048 6564 -228 -5773 -2281 -17250 END
START 25600 6184 28 -6471 -2215 -18304 END
START 24820 5916 80 -7106 -2138 -19328 END
START 24068 5624 276 -7639 -2052 -20260 END
START 23296 5560 364 -8178 -2046 -21173 END
START 22492 5428 620 -8669 -2046 -22018 END
START 21704 5500 540 -9038 -2108 -22809 END
START 20984 5572 848 -9390 -2182 -23484 END
START 20408 5752 720 -9734 -2267 -24219 END
START 20084 5700 588 -10066 -2287 -24891 END
START 19960 5860 744 -10379 -2340 -25588 END
START 20108 5848 912 -10696 -2380 -26394 END
START 20236 5872 1084 -10994 -2375 -27233 END
START 20116 5952 900 -11262 -2407 -28232 END
START 20032 6116 1092 -11590 -2508 -29267 END
START 19560 6068 1300 -11900 -2691 -30422 END
START 19296 6156 1428 -12196 -2924 -31569 END
START 19100 5920 1296 -12462 -3171 -32748 END
START 18880 5908 1300 -12669 -3531 -32768 END
START 18856 5780 1540 -12926 -3908 -32768 END
START 18332 5504 1812 -13176 -4454 -32768 END
START 17640 5412 1908 -13460 -5164 -32768 END
START 16820 5112 2352 -13773 -6135 -32768 END
START 15956 4780 2504 -14045 -7173 -32768 END
START 14864 4432 2804 -14276 -8348 -32768 END
START 13700 4052 2820 -14690 -9478 -32768 END
START 12264 3724 3060 -14834 -10576 -32768 END
START 10876 3092 3240 -15265 -11659 -32768 END
START 9540 2720 3468 -15519 -12620 -32768 END
START 8180 2100 3656 -15875 -13433 -32768 END
START 6896 1492 4016 -16252 -14194 -32768 END
START 5320 1096 4804 -16672 -14828 -32768 END
START 4136 752 5204 -17110 -15295 -32768 END
START 2804 488 5672 -17519 -15622 -32768 END
START 1516 292 6300 -17903 -15663 -32768 END
START 124 -168 6940 -18208 -15544 -32768 END
START -1220 -692 7552 -18504 -15247 -32768 END
START -2380 -1056 8132 -18786 -14770 -32768 END
START -3692 -1664 8764 -19056 -14124 -32768 END
START -5704 -2072 9448 -19303 -13297 -32768 END
START -7188 -2560 10224 -19574 -12461 -32768 END
START -8984 -2952 11308 -19826 -11682 -32768 END
START -10660 -3284 12424 -20031 -10944 -32768 END
START -12628 -3496 13384 -20154 -10346 -32768 END
START -14800 -3704 14820 -20235 -9788 -32768 END
START -16948 -3604 16052 -20139 -9319 -32768 END
START -20308 -3572 17944 -19927 -8927 -32768 END
START -22672 -3580 19516 -19543 -8715 -32768 END
START -25204 -3432 21424 -18986 -8540 -32768 END
START -27196 -3344 22672 -18148 -8492 -32768 END
START -29408 -3260 24452 -17024 -8215 -30903 END
START -31076 -3356 25720 -15647 -7832 -28084 END
START -32276 -2996 26496 -14174 -7382 -25077 END
START -32768 -2744 27812 -12410 -6896 -21849 END
START -32768 -2420 28636 -10684 -6414 -18506 END
START -32768 -2036 29108 -8934 -5827 -15085 END
START -32768 -2076 29384 -7167 -5390 -11632 END
START -32768 -2008 29524 -5542 -4993 -8295 END
START -32768 -2032 29444 -3906 -4706 -4849 END
START -32768 -1948 29056 -2395 -4505 -1602 END
START -32768 -1740 28288 -970 -4340 1532 END
START -32768 -1524 27436 333 -4209 4550 END
START -32664 -1268 26320 1509 -3980 7416 END
START -31352 -1124 25044 2533 -3690 10086 END
START -29764 -1128 23564 3348 -3269 12787 END
START -27996 -1176 22072 3941 -2775 15104 END
START -26208 -1256 20564 4291 -2072 17418 END
START -24352 -1268 19568 4502 -1375 19470 END
START -22496 -1344 18756 4522 -657 21376 END
START -20588 -1304 17860 4406 41 22948 END
START -18616 -1252 17184 4152 824 24332 END
START -16768 -1152 16744 3849 1591 25513 END
START -15168 -1160 16164 3514 2354 26501 END
START -13784 -1172 15916 3040 3120 27396 END
START -12412 -1128 15844 2590 3865 28163 END
START -11384 -844 16040 2159 4504 28815 END
START -10528 -776 15800 1859 5053 29340 END
START -9696 -836 16132 1551 5485 29826 END
START -9076 -920 16396 1359 5846 30276 END
START -8480 -940 16812 1232 6131 30666 END
START -8312 -1168 17096 1250 6315 31079 END
START -8044 -1248 17460 1369 6456 31604 END
START -7964 -1272 17672 1607 6619 32224 END
START -7960 -1292 17672 1918 6766 32767 END
START -8124 -1432 17680 2332 6885 32767 END
START -8084 -1788 17428 2780 7037 32767 END
START -7872 -1796 17232 3209 7170 32767 END
START -7788 -1924 16748 3591 7387 32767 END
START -7808 -1984 16200 3961 7635 32767 END
START -7616 -2168 15540 4266 7855 32767 END
START -7328 -2136 14808 4470 8121 32767 END
START -6808 -2264 14008 4562 8462 32767 END
START -6168 -2448 12876 4609 8836 32767 END
START -5456 -2296 11664 4515 9305 32767 END
START -4572 -2216 10380 4238 9948 32767 END
START -3612 -2188 9012 3801 10796 32767 END
START -2440 -2096 7404 3125 11891 32767 END
START -1412 -1908 6076 2176 13236 32767 END
START 60 -1644 4324 867 14929 32767 END
START 1020 -1624 3672 -552 16599 32767 END
START 1984 -1648 3192 -2222 18329 32767 END
START 2908 -1536 2784 -4000 19978 32767 END
START 4084 -1396 2772 -5830 21547 32767 END
START 5188 -1276 3072 -7676 23103 32767 END
START 6388 -1020 3352 -9451 24638 32767 END
START 7632 -824 3844 -11171 26147 32767 END
START 9260 -708 4384 -12717 27813 32767 END
START 10748 -624 5112 -14182 29460 32767 END
START 11780 -616 5984 -15537 30939 32767 END
START 12836 -188 6812 -16861 32274 32767 END
START 13556 144 8056 -18089 32767 32767 END
START 13880 404 9124 -19294 32767 32767 END
START 13920 608 10096 -20446 32767 32767 END
START 13660 900 11396 -21271 32767 32767 END
START 13152 992 12800 -21878 32767 32767 END
START 12588 1292 14672 -22219 32767 32749 END
START 12312 1492 16444 -22310 32403 31950 END
START 12040 1832 18252 -22173 30743 31293 END
START 12260 2252 19884 -21750 28718 30640 END
START 12784 2552 21424 -21022 26494 29959 END
START 13676 2376 22824 -20074 24156 29195 END
START 14624 1976 23488 -18959 22026 28439 END
START 15164 1848 24668 -17622 19777 27613 END
START 15416 2224 25004 -16277 17663 26832 END
START 15900 2708 25060 -14865 15685 26194 END
START 16372 3148 25084 -13756 13857 25775 END
START 16920 3488 25056 -12586 12417 25528 END
START 17740 3652 24804 -11621 11137 25454 END
START 19084 3912 24616 -10775 10114 25363 END
START 20620 4284 24308 -10114 9316 25227 END
START 22428 4688 24220 -9493 8733 24964 END
START 24112 4864 24200 -8966 8491 24569 END
START 26164 5244 24072 -8445 8454 24020 END
START 28328 5560 23460 -7941 8616 23282 END
START 31568 6460 22772 -7504 9056 22312 END
START 32767 7308 22464 -7130 9639 21176 END
START 32767 8376 22368 -6880 10417 19768 END
START 32767 9244 21984 -6667 11250 18011 END
START 32767 9820 21280 -6487 12161 15968 END
START 32767 10408 20984 -6320 13060 13348 END
START 32767 10908 20180 -6199 13627 10434 END
START 32767 11532 19484 -6106 14231 7204 END
START 32767 12156 18856 -6159 14563 3963 END
START 32767 12916 18384 -6348 14597 549 END
START 32767 12904 17808 -6746 14316 -2857 END
START 32767 12456 16788 -7154 13943 -6592 END
START 32767 11572 15980 -7636 13452 -10400 END
START 32767 10512 14764 -8122 12911 -14223 END
START 32767 10612 13944 -8559 12869 -17701 END
START 32767 10656 13800 -9092 12181 -20776 END
START 32767 10520 13672 -9847 11445 -23471 END
START 32767 10132 13340 -10681 10672 -25870 END
START 32767 9516 13584 -11587 9997 -27932 END
START 32767 8744 14076 -12386 9223 -29753 END
START 32767 8116 15028 -13062 8380 -31364 END
START 32767 7648 15852 -13500 7779 -32768 END
START 31808 6792 16768 -13649 7432 -32768 END
START 30592 6044 17388 -13493 7280 -32768 END
START 28968 5288 18064 -13119 7208 -32768 END
START 27704 4624 18512 -12628 7158 -32768 END
START 26544 4336 18392 -12089 7147 -32768 END
START 25568 3960 17912 -11595 7227 -32768 END
START 24920 3644 17468 -11136 7388 -32768 END
START 24096 3284 16972 -10749 7625 -32768 END
START 23444 2804 16140 -10382 7693 -32768 END
START 22524 2352 15612 -10156 7701 -32768 END
START 21560 1704 14636 -10043 7723 -32768 END
START 20092 852 13348 -10167 7575 -32768 END
START 18420 148 12684 -10446 7279 -32768 END
START 16856 -540 12512 -10839 6682 -32768 END
START 15280 -1200 12228 -11330 6021 -32768 END
START 13888 -1872 11808 -11828 5243 -32768 END
START 12632 -2660 12020 -12278 4396 -32768 END
START 11672 -3472 12060 -12645 3633 -32768 END
START 10544 -4288 12672 -12929 2861 -32768 END
START 9220 -5156 13144 -13131 2128 -32768 END
START 7596 -5952 14116 -13226 1240 -32768 END
START 5660 -6748 15208 -13187 181 -32768 END
START 3584 -7496 16072 -12904 -1105 -32768 END
START 1328 -8288 16892 -12479 -2463 -32768 END
START -644 -9116 17632 -11844 -3869 -32768 END
START -2832 -9772 17964 -11156 -5278 -32768 END
START -4192 -9856 18296 -10436 -6497 -32768 END
START -5720 -9712 18336 -9840 -7458 -32768 END
START -7156 -9876 18696 -9382 -8258 -32768 END
START -8932 -10192 18828 -9040 -8912 -32768 END
START -10604 -10700 19148 -8686 -9420 -32768 END
START -12412 -11000 19600 -8307 -10007 -32768 END
START -14052 -10948 19768 -7881 -10531 -32768 END
START -15592 -11112 19780 -7399 -11109 -32768 END
START -17636 -11556 19656 -6999 -11512 -32768 END
START -19296 -11740 19816 -6810 -11809 -32768 END
START -21072 -11708 19984 -6858 -11822 -32768 END
START -22976 -11312 20088 -7134 -11566 -32768 END
START -25292 -10872 20584 -7399 -11132 -32768 END
START -27484 -10324 21792 -7618 -10491 -32768 END
START -30144 -9832 23328 -7587 -9841 -32768 END
START -31752 -9804 24924 -7446 -9281 -32768 END
START -32768 -9788 26296 -6995 -8668 -32768 END
START -32768 -9940 27668 -6363 -8252 -31281 END
START -32768 -9860 28588 -5433 -7853 -28478 END
START -32768 -9948 29468 -4297 -7616 -25778 END
START -32768 -9740 29916 -3059 -7383 -23289 END
START -32768 -9512 30108 -1780 -7259 -20782 END
START -32248 -9472 29740 -518 -7014 -18437 END
START -30760 -10036 29976 549 -6780 -16372 END
START -29932 -10000 29332 1758 -6405 -14414 END
START -28920 -8880 28652 2662 -6092 -12602 END
START -28380 -8392 28264 3487 -5920 -10888 END
START -27444 -8000 27624 4043 -5908 -9382 END