START 32512 16356 -5076 7563 -966 7072 END
START 26620 8880 -8180 5782 -8038 3709 END
START 22904 7784 -452 1140 -10996 1274 END
START 25988 8632 5012 -2480 -9094 -2746 END
START 29908 8280 9564 -3374 -6461 -8799 END
START 31808 8900 9580 -3150 -7820 -16293 END
START 32400 8844 9936 -3798 -10963 -22397 END
START 32767 9532 10944 -4204 -12143 -27580 END
START 32767 7996 11188 -5942 -9941 -32768 END
START 32767 4652 11696 -8179 -5657 -32768 END
START 30616 -612 13240 -9493 -2252 -32768 END
START 21100 -7628 15148 -8910 -198 -32768 END
START 7180 -14176 18388 -5768 -4506 -32768 END
START -4968 -17884 18780 -543 -14242 -32768 END
START -12608 -20472 15952 633 -16742 -32768 END
START -25808 -23896 13120 -1746 -12443 -32768 END
START -32768 -26376 13140 -4316 -10179 -32768 END
START -32768 -26424 17340 -3794 -13181 -29446 END
START -32768 -24012 17596 -2907 -13648 -9443 END
START -32768 -21220 16724 -3144 -10363 7749 END
START -32768 -18660 16068 -3415 -7995 20895 END
START -32768 -17016 15064 -2718 -7755 31160 END
START -32092 -16572 14068 -1342 -8143 32767 END
START -24892 -16404 11952 -1193 -6888 32767 END
START -18836 -17060 11072 -1749 -4478 32767 END
START -12592 -17452 10116 -2580 -2021 32767 END
START -5900 -18112 9692 -3735 503 32767 END
START 1324 -17324 9836 -4475 2872 32767 END
START 11200 -15512 9032 -5044 3065 32767 END
START 22656 -11660 5764 -7014 1409 32767 END
START 31796 -7924 4744 -10281 -1254 32767 END
START 32767 -6136 8316 -11420 -4410 32767 END
START 32767 -4160 8160 -10252 -6669 32341 END
START 32767 -560 5796 -10705 -6047 22043 END
START 32767 1756 3680 -13175 1983 8701 END
START 32767 1144 4500 -16545 10420 -5396 END
START 32767 -196 6408 -19191 16902 -19420 END
START 32767 -3992 6320 -21184 24619 -32768 END
START 32767 -10916 6680 -22626 28943 -32768 END
START 32767 -14944 7432 -23790 26334 -32768 END
START 30432 -20520 9340 -24105 21404 -32768 END
START 22648 -27228 11076 -22934 17497 -32768 END
START 12844 -32192 12608 -22275 8248 -32768 END
START -544 -32768 18532 -19510 -7662 -32768 END
START -13804 -32768 28432 -15179 -22107 -32768 END
START -24152 -32768 32767 -16425 -8685 -32768 END