START 27016 12000 -6620 7033 10031 14406 END
START 26576 3252 -10652 6388 5089 13603 END
START 25232 3388 -3024 5026 2982 11234 END
START 32088 5716 -5192 3460 1729 5578 END
START 32767 6944 -5148 1771 -813 -550 END
START 31972 7936 -4708 -581 -1865 -6785 END
START 32767 8276 -6952 -4527 -1266 -13321 END
START 32028 7400 -7168 -8595 114 -18881 END
START 29188 6420 -7716 -12317 1362 -23487 END
START 27152 5280 -6300 -15822 404 -28457 END
START 23820 3064 -2824 -17580 -2051 -32768 END
START 21160 1152 448 -18582 -6308 -32768 END
START 16488 -1044 5788 -18821 -10958 -32768 END
START 12336 -3052 11064 -19274 -15049 -32768 END
START 8720 -5992 16252 -21152 -13795 -32768 END
START -2392 -12292 25300 -21383 -11873 -32768 END
START -18068 -16240 32767 -17378 -13448 -32768 END
START -31652 -18728 32767 -11702 -12425 -32768 END
START -32768 -18524 32767 -7111 -8859 -27541 END
START -32768 -16624 32767 -4009 -5595 -14853 END
START -32768 -14940 30348 -929 -2769 -5654 END
START -32768 -13036 26636 2189 -1813 1763 END
START -32768 -11164 21888 5433 -1563 9244 END
START -29184 -9636 16212 7215 -1569 16293 END
START -25180 -8368 11676 7009 -1463 22971 END
START -22300 -8460 8876 5522 -1259 29509 END
START -19412 -8792 7272 3772 -719 32767 END
START -15112 -9868 6376 1058 1439 32767 END
START -12940 -11168 6092 -2058 3640 32767 END
START -9652 -12368 6700 -5047 5583 32767 END
START -5408 -13232 8104 -8347 8813 32767 END
START -2020 -15064 11920 -10882 12608 32767 END
START 1840 -16520 16816 -9364 10807 32767 END
START 8960 -16168 16632 -6063 5207 32767 END
START 19040 -13488 14912 -5501 -473 32767 END
START 32656 -9072 13964 -7264 -2375 32767 END
START 32767 -5488 14180 -9001 -2036 32767 END
START 32767 -4536 12128 -10481 -3018 31964 END
START 32767 -2316 7972 -12457 -7288 24930 END
START 32767 2288 6760 -15389 -9183 13498 END
START 32767 5376 4320 -17811 -1927 -4968 END
START 32767 2316 -2460 -21578 8709 -25790 END
START 32767 -5300 -6480 -26280 12201 -32768 END
START 32767 -10452 -1852 -29065 6723 -32768 END
START 32767 -17224 -64 -30230 1521 -32768 END
START 31944 -23916 3572 -32630 -2639 -32768 END
START 25004 -29656 5584 -32768 -1177 -32768 END
START 8104 -32768 12292 -32768 1613 -32768 END
START -7252 -32768 21680 -32768 728 -32768 END
START -13736 -32768 29860 -30910 -748 -32768 END
START -9436 -27936 32767 -23710 -5724 -25782 END