START 23784 7572 -960 13358 5050 948 END
START 304 5136 4588 14565 -8006 3878 END
START 6500 6636 1128 11437 -16565 5344 END
START 20364 6952 -1164 7248 -13814 3739 END
START 24148 8136 -2640 1253 -3636 1578 END
START 26648 8604 -3336 -3095 2886 -321 END
START 28772 9100 -3456 -6173 4574 -4387 END
START 29820 9128 -3092 -7584 287 -9124 END
START 31940 9496 -2252 -8323 -5970 -14380 END
START 32496 8808 -1616 -9347 -11516 -19764 END
START 32767 7992 -680 -11286 -14024 -24717 END
START 32767 7204 868 -13811 -12999 -29844 END
START 30580 5352 2668 -16635 -11561 -32768 END
START 28068 2616 6220 -19505 -9123 -32768 END
START 23764 -1324 11200 -21264 -7192 -32768 END
START 16800 -5448 17264 -19814 -12431 -32768 END
START 9900 -9780 21292 -15484 -20537 -32768 END
START 2376 -12524 21500 -12184 -24082 -32768 END
START -6076 -16016 19900 -12764 -22302 -32768 END
START -19356 -19984 22100 -14207 -17834 -32768 END
START -32768 -21016 26152 -12704 -16451 -32768 END
START -32768 -19776 30228 -8770 -14833 -23782 END
START -32768 -17548 28224 -5662 -12247 -4785 END
START -32768 -14912 25608 -4558 -9010 5611 END
START -29496 -13048 24488 -3197 -6340 11119 END
START -28144 -11592 23088 -2346 -2762 16442 END
START -26932 -11084 21960 -808 653 23869 END
START -23224 -10856 19460 944 2902 30764 END
START -20900 -10900 16312 2548 3801 32767 END
START -17528 -11124 12944 2988 3781 32767 END
START -13844 -11596 10780 2573 4696 32767 END
START -9260 -13428 10824 1659 6585 32767 END
START -6372 -15248 11076 1392 9606 32767 END
START -1680 -18044 10708 21 12943 32767 END
START 4392 -20604 11600 -1151 12776 32767 END
START 13808 -21932 14536 -1986 1607 32767 END
START 24660 -20776 18524 421 -15278 32767 END
START 32767 -16528 21800 6073 -23242 32767 END
START 32767 -8448 15200 7830 -13863 32767 END
START 32767 -1072 7828 3331 2489 32767 END
START 32767 2688 636 -1567 11184 26888 END
START 32767 6296 -5696 -6088 9942 15853 END
START 32767 10536 -7124 -11480 6440 1110 END
START 32767 7748 -8884 -16436 6646 -13551 END
START 32767 3168 -8568 -23358 10889 -27602 END
START 32767 -1776 -6520 -28680 17056 -32768 END
START 32767 -8708 -464 -31304 18761 -32768 END
START 32767 -13256 1140 -32768 14765 -32768 END
START 31912 -18240 1884 -32768 15839 -32768 END
START 24220 -30480 9084 -32768 16290 -32768 END
START 6724 -32768 20160 -32083 10834 -32768 END
START -4776 -32164 26748 -24721 1756 -32768 END
START -10888 -30932 30084 -18920 -55 -32768 END