START 12004 232 3360 835 -386 15265 END
START -988 5756 15520 1755 -8137 12501 END
START 6384 4956 13100 2052 -10285 10105 END
START 16480 4928 13684 1917 -11408 5193 END
START 22240 4696 17072 2280 -11975 -225 END
START 25736 4228 19756 3941 -11968 -6009 END
START 29468 3900 21852 5653 -13511 -8520 END
START 32767 5436 19164 5280 -10665 -13178 END
START 32767 5568 18512 4791 -5379 -19598 END
START 32448 4268 15196 4756 -162 -25659 END
START 27336 3244 11256 4335 12 -30509 END
START 22604 2292 8696 3218 -1404 -32768 END
START 16036 -428 8464 2428 -2379 -32768 END
START 8208 -3080 8056 1628 -4428 -32768 END
START 2108 -5308 8524 -101 -4458 -32768 END
START -6236 -8292 9680 -2591 -138 -32768 END
START -16960 -11204 12152 -4556 3212 -32768 END
START -28728 -13312 15676 -3107 4127 -32768 END
START -32768 -12712 15988 604 846 -32768 END
START -32768 -11640 14524 3879 -2020 -27980 END
START -32768 -9096 10996 6064 -4055 -17914 END
START -32768 -6152 7644 6144 -4819 -7643 END
START -32768 -3804 4232 3840 -2589 1748 END
START -32768 -1476 2164 229 -540 8837 END
START -29064 -656 2232 -2510 -150 14443 END
START -24632 216 2636 -4445 -284 18768 END
START -21628 -516 3064 -6252 196 22357 END
START -19920 -1292 2780 -8429 400 25907 END
START -18524 -2776 3680 -10293 272 30011 END
START -17092 -4544 4372 -11907 505 32767 END
START -15896 -6380 4808 -13818 537 32767 END
START -13340 -8556 4924 -15734 -761 32767 END
START -9492 -9900 4672 -17962 -1738 32767 END
START -6256 -11628 5076 -20930 -2096 32767 END
START -2872 -14616 7940 -23649 -3336 32767 END
START 8252 -14544 12932 -23976 -6538 32767 END
START 20880 -12008 17184 -23037 -4520 32767 END
START 25348 -10172 20452 -21745 -2287 32767 END
START 27168 -9504 24992 -18679 -3385 28490 END
START 31024 -7364 24904 -14770 -4150 23065 END
START 32767 -5048 23376 -13124 -2992 17295 END
START 32767 -3160 23384 -12553 1558 10113 END
START 32767 -1456 23240 -11589 7581 449 END
START 32767 -2644 21604 -10391 10352 -9022 END
START 32767 -3672 21600 -9141 9184 -16905 END
START 32767 -5964 20568 -7427 9976 -24393 END
START 29104 -7544 18940 -7051 11112 -30595 END
START 25084 -9432 17968 -6881 13412 -32768 END
START 19216 -11344 16756 -7300 15021 -32768 END
START 11100 -13820 18408 -5909 10380 -32768 END
START 3372 -14448 18520 -2883 -826 -32768 END
START -3468 -14132 19348 -623 -11240 -32768 END
START -12064 -13236 21636 2045 -17956 -32768 END
START -21008 -12960 21460 2799 -20355 -32768 END