START 32767 13148 -2640 444 -1254 21666 END
START 32767 6428 -5268 1059 208 13340 END
START 32767 8112 -1572 637 -4591 6793 END
START 28988 9572 6180 -712 -8758 85 END
START 32767 10000 6208 -1829 -9376 -5416 END
START 32767 10444 5328 -3267 -8540 -13306 END
START 32767 9608 5244 -5828 -2763 -21813 END
START 32767 7040 4624 -8254 2585 -28368 END
START 31900 5224 4980 -10193 4916 -32768 END
START 29300 2740 7036 -11215 4939 -32768 END
START 25452 -592 9400 -11486 2992 -32768 END
START 21896 -4248 11892 -10920 265 -32768 END
START 16188 -7544 13756 -9690 -3469 -32768 END
START 8456 -10996 14688 -8174 -8147 -32768 END
START 3708 -12316 15204 -6870 -11943 -32768 END
START -5568 -14556 16508 -6058 -12893 -32768 END
START -15604 -16392 17364 -4860 -14049 -32768 END
START -26788 -18716 17608 -4571 -12504 -32768 END
START -32768 -20208 20424 -3811 -12165 -32768 END
START -32768 -19980 22880 -1323 -14334 -24155 END
START -32768 -17536 21928 429 -12009 -6958 END
START -32768 -15628 18764 -979 -5902 5695 END
START -32768 -14088 17360 -3424 -160 14662 END
START -32768 -13756 18772 -3793 2403 21891 END
START -31872 -13580 18628 -1932 1608 29531 END
START -27692 -13776 17140 -9 339 32767 END
START -21812 -13988 14356 389 876 32767 END
START -16368 -15080 12484 -688 2961 32767 END
START -10912 -17020 10244 -3093 5931 32767 END
START -6124 -19480 7840 -6985 7407 32767 END
START -1300 -21872 7556 -10634 7431 32767 END
START 10616 -21984 10312 -14059 8601 32767 END
START 19612 -19444 12864 -14923 10907 32767 END
START 21676 -18512 14912 -14546 7222 32767 END
START 31740 -15320 17224 -12625 674 32767 END
START 32767 -11384 19616 -11511 -1002 32767 END
START 32767 -6880 20860 -8883 -2227 32767 END
START 32767 -3452 20396 -6926 -3435 27522 END
START 32767 808 17200 -5645 -3682 18827 END
START 32767 4212 14736 -6100 -2351 7693 END
START 32767 5224 11840 -7265 -976 -5707 END
START 32767 2964 9588 -8142 -2334 -20390 END
START 32767 -1080 8348 -9105 -8419 -31775 END
START 32767 -2620 8576 -11005 -12066 -32768 END
START 32767 -4224 2864 -17669 357 -32768 END
START 32767 -10588 492 -26287 11795 -32768 END
START 32767 -18380 2380 -30622 11900 -32768 END
START 20816 -27036 11656 -28526 783 -32768 END
START 4888 -29168 19068 -22246 -8142 -32768 END
START -4072 -27436 19756 -19778 -2959 -32768 END