START 17236 5752 1260 6364 -597 11587 END
START 19360 536 -9040 7467 -957 11156 END
START 18956 6440 -1364 5127 344 10888 END
START 17004 5680 1236 6193 -12 10387 END
START 17816 6308 64 5083 -60 9840 END
START 16896 6436 1420 4703 -69 9578 END
START 17752 6720 976 3900 -356 9247 END
START 19332 6564 16 3316 -284 8938 END
START 20192 6188 -16 2708 176 8685 END
START 20532 5816 476 2191 795 8362 END
START 21428 5728 412 1657 1562 7921 END
START 21576 5732 416 1082 2388 7452 END
START 21668 5736 648 562 2975 6846 END
START 21852 5972 524 32 3376 6209 END
START 21900 6524 820 -486 3591 5596 END
START 22108 6752 968 -1064 3719 4924 END
START 22536 6952 1256 -1745 3799 4271 END
START 23140 6764 1368 -2389 3860 3582 END
START 23708 6584 1500 -3024 3991 2833 END
START 24408 6684 2116 -3558 4075 2014 END
START 24860 6604 2624 -4019 4043 1086 END
START 25828 6672 2912 -4348 4018 125 END
START 25852 6636 4012 -4596 3532 -944 END
START 26748 6704 3896 -4790 3039 -2105 END
START 26828 6584 4888 -4917 2445 -3416 END
START 27588 6536 5220 -5017 1759 -4871 END
START 28496 6460 4852 -5110 974 -6410 END
START 29096 6388 4844 -5156 295 -7951 END
START 29060 6320 4972 -5284 -231 -9555 END
START 28780 6340 5052 -5409 -792 -11212 END
START 28464 6264 4572 -5551 -1300 -12831 END
START 27964 6376 4252 -5735 -1799 -14349 END
START 27076 6464 4052 -5928 -2305 -15809 END
START 26216 6428 3760 -6143 -2803 -17099 END
START 25556 6428 3720 -6426 -3345 -18303 END
START 25064 6392 3620 -6756 -3985 -19429 END
START 24768 6412 3460 -7085 -4669 -20543 END
START 24660 6436 3704 -7428 -5327 -21648 END
START 24616 6512 3480 -7727 -5942 -22841 END
START 24880 6276 3516 -8011 -6524 -24087 END
START 24832 6156 3656 -8291 -7062 -25379 END
START 24548 6020 3636 -8558 -7552 -26721 END
START 24140 5944 3652 -8848 -8126 -28166 END
START 23428 6052 3660 -9161 -8665 -29495 END
START 22840 6072 3564 -9475 -9200 -30812 END
START 22020 6160 3568 -9877 -9727 -32080 END
START 21232 6204 3784 -10282 -10252 -32768 END
START 20236 5960 3832 -10741 -10704 -32768 END
START 19152 5824 3980 -11133 -11076 -32768 END
START 18212 5540 4132 -11549 -11389 -32768 END
START 17200 5504 4432 -11906 -11605 -32768 END
START 16416 5360 4640 -12260 -11823 -32768 END
START 15568 5288 4952 -12558 -11976 -32768 END
START 14856 5104 5052 -12853 -11991 -32768 END
START 14180 4872 5232 -13189 -11923 -32768 END
START 13580 4788 5392 -13499 -11836 -32768 END
START 12980 4512 5404 -13792 -11716 -32768 END
START 12024 4116 5844 -14187 -11652 -32768 END
START 11008 3860 6020 -14439 -11603 -32768 END
START 9960 3636 6136 -14819 -11675 -32768 END
START 8832 3440 6652 -15370 -11758 -32768 END
START 7548 3096 6812 -15779 -11917 -32768 END
START 6268 2940 7304 -16284 -12047 -32768 END
START 4876 2568 7724 -16742 -12184 -32768 END
START 3436 2240 8076 -17235 -12279 -32768 END
START 2068 1828 9092 -17679 -12436 -32768 END
START 600 1376 9808 -18104 -12502 -32768 END
START -956 1012 10456 -18442 -12558 -32768 END
START -2516 712 11332 -18695 -12596 -32768 END
START -4216 352 12352 -18891 -12671 -32768 END
START -5812 -16 13600 -18986 -12833 -32768 END
START -7380 -344 14936 -19022 -13007 -32768 END
START -9044 -572 16268 -18892 -13167 -32768 END
START -10988 -760 18216 -18576 -13264 -32768 END
START -12200 -1380 19472 -18086 -13226 -32768 END
START -13308 -1808 20632 -17310 -12977 -32768 END
START -14516 -2216 22008 -16437 -12594 -32768 END
START -15832 -2388 22996 -15339 -12209 -32768 END
START -17276 -2260 24020 -14120 -11891 -32768 END
START -18848 -2616 25060 -12933 -11464 -32768 END
START -19944 -3004 25716 -11614 -11117 -32768 END
START -21456 -3500 26276 -10389 -10763 -32565 END
START -22856 -4104 27184 -9165 -10488 -30948 END
START -24780 -4376 28100 -7935 -10402 -29122 END
START -26680 -4264 28664 -6664 -10247 -27089 END
START -28396 -4140 29208 -5357 -10094 -24817 END
START -30512 -3776 29860 -3939 -9713 -22337 END
START -31672 -3552 29896 -2465 -9071 -19710 END
START -32768 -3548 30024 -925 -8276 -16871 END
START -32768 -3660 30108 580 -7467 -14043 END
START -32768 -3816 29800 2084 -6783 -11090 END
START -32768 -3824 29896 3553 -6224 -7932 END
START -32768 -3464 29504 4946 -5817 -4808 END
START -32768 -3148 28844 6250 -5479 -1719 END
START -32768 -2868 27652 7573 -5129 1438 END
START -32768 -2656 26248 8683 -4584 4336 END
START -32768 -2600 24836 9534 -3920 7167 END
START -32768 -2760 23704 10138 -3210 9932 END
START -32768 -2676 22600 10678 -2600 12791 END
START -32768 -2456 21292 10982 -1855 15333 END
START -32224 -2532 20296 11189 -1002 17959 END
START -31172 -2668 19204 11268 -103 20435 END
START -30212 -2692 18312 11245 792 22696 END
START -29112 -2760 17440 11119 1688 24925 END
START -27872 -2672 16696 10891 2719 27188 END
START -26860 -2700 16148 10717 3675 29196 END
START -26036 -2760 15732 10465 4599 31165 END
START -25248 -2940 15188 10277 5396 32767 END
START -24592 -3132 15064 10025 5995 32767 END
START -24060 -3468 15112 9824 6425 32767 END
START -23452 -3872 15040 9628 6626 32767 END
START -22840 -4184 15144 9496 6761 32767 END
START -22188 -4260 14860 9486 6862 32767 END
START -21508 -4700 14428 9565 6938 32767 END
START -21060 -5092 14188 9727 7040 32767 END
START -20348 -5504 13744 9904 7107 32767 END
START -19464 -5536 12876 10058 7203 32767 END
START -18508 -5712 12012 10093 7274 32767 END
START -17232 -5904 10868 9994 7319 32767 END
START -15676 -6196 9940 9764 7264 32767 END
START -14508 -6512 8988 9395 7126 32767 END
START -13132 -6740 7756 8926 7070 32767 END
START -11556 -6800 6492 8393 7134 32767 END
START -9888 -6820 5208 7665 7318 32767 END
START -8116 -6748 3744 6814 7778 32767 END
START -6872 -6672 3016 5771 8335 32767 END
START -4848 -6320 2084 4425 9047 32767 END
START -2464 -5864 1384 2898 9900 32767 END
START -112 -5568 936 1240 10822 32767 END
START 2440 -5452 684 -437 11898 32767 END
START 4928 -5228 484 -2216 13166 32767 END
START 7584 -4800 560 -4056 14256 32767 END
START 9896 -4228 988 -5776 15402 32767 END
START 12360 -3536 1588 -7535 16578 32767 END
START 14764 -2904 2408 -9245 17703 32767 END
START 17260 -2288 3732 -10826 18825 32767 END
START 19716 -1436 4776 -12264 19756 32767 END
START 22156 -656 6352 -13538 20544 32767 END
START 24392 -104 8052 -14623 20984 32767 END
START 26764 416 9908 -15225 21193 32767 END
START 29116 1316 12336 -15763 21076 32767 END
START 30516 2116 13936 -15801 20689 32767 END
START 31472 2836 15464 -15500 20127 32767 END
START 32064 3700 16284 -14755 19393 32767 END
START 32160 4244 16936 -13952 18475 32767 END
START 32252 4928 17240 -13004 17393 30921 END
START 32324 5340 17576 -12111 16150 28457 END
START 32616 5748 17440 -11360 14914 26276 END
START 32767 6276 17248 -10705 13656 24098 END
START 32767 6920 16880 -10141 12301 21993 END
START 32767 7304 16264 -9666 10978 19979 END
START 32767 7480 15500 -9231 9853 17953 END
START 32767 7480 14668 -8897 8940 16098 END
START 32767 7688 13608 -8690 8161 14278 END
START 32767 7804 12704 -8669 7513 12416 END
START 32767 8068 12040 -8837 7009 10914 END
START 32767 8268 11860 -9148 6473 9448 END
START 32767 8560 11584 -9534 5935 8106 END
START 32767 8784 11704 -9963 5509 6891 END
START 32767 8976 11808 -10335 5275 5727 END
START 32767 9000 11892 -10625 5217 4629 END
START 32767 9096 12468 -10822 5265 3535 END
START 32767 9160 13240 -10853 5294 2383 END
START 32767 9220 13824 -10803 5311 1162 END
START 32767 9216 14332 -10619 5453 -85 END
START 32767 9224 14728 -10327 5556 -1392 END
START 32767 9892 15196 -9933 5692 -2870 END
START 32767 10396 15188 -9441 5939 -4571 END
START 32767 10764 15064 -8984 6259 -6646 END
START 32767 11144 14616 -8589 6684 -8954 END
START 32767 10768 14008 -8293 7133 -11475 END
START 32767 10480 13124 -8110 7447 -14297 END
START 32767 10116 12248 -8105 7703 -16976 END
START 32767 9900 11076 -8316 7966 -19792 END
START 32767 9608 9792 -8660 8237 -22407 END
START 32767 9252 8660 -9125 8531 -24895 END
START 32767 8916 7804 -9697 8634 -27238 END
START 32767 8384 7088 -10369 8594 -29500 END
START 32767 7580 6016 -11209 8487 -31788 END
START 32767 6940 5740 -12096 8318 -32768 END
START 31788 6164 5216 -12973 8011 -32768 END
START 29884 5448 5256 -13812 7625 -32768 END
START 27992 4696 5040 -14686 7140 -32768 END
START 25872 3708 5188 -15314 6525 -32768 END
START 23548 2860 5600 -16079 5747 -32768 END
START 21204 2052 6200 -16760 4663 -32768 END
START 18692 1388 7276 -17353 3373 -32768 END
START 16664 916 8116 -17878 2039 -32768 END
START 14776 632 9032 -18212 675 -32768 END
START 13472 384 9788 -18422 -463 -32768 END
START 12248 88 10684 -18396 -1443 -32768 END
START 11308 -312 11312 -18191 -2211 -32768 END
START 10256 -864 12096 -17897 -2928 -32768 END
START 9192 -1320 12928 -17535 -3577 -32768 END
START 7996 -1792 13436 -17091 -4230 -32768 END
START 6880 -2140 13820 -16684 -4792 -32768 END
START 5464 -2324 14028 -16324 -5374 -32768 END
START 4216 -2476 14300 -16052 -5960 -32768 END
START 2900 -2728 14616 -15815 -6572 -32768 END
START 1664 -2904 14692 -15688 -7127 -32768 END
START -160 -3376 14684 -15653 -7557 -32768 END
START -1592 -3488 14944 -15708 -7750 -32768 END
START -3140 -3620 15120 -15844 -7729 -32768 END
START -4952 -3716 15852 -15974 -7649 -32768 END
START -6708 -3788 16492 -16191 -7498 -32768 END
START -8656 -3828 17504 -16338 -7303 -32768 END
START -10604 -3936 18812 -16448 -7232 -32768 END
START -12264 -3820 19900 -16451 -7085 -32768 END
START -13996 -3784 21180 -16322 -6964 -32768 END
START -15816 -3664 22716 -16047 -6804 -32768 END
START -18408 -3276 24796 -15625 -6767 -32768 END