START 16804 3896 7220 3447 5072 11717 END
START 20760 -2140 -4552 4708 4506 10920 END
START 17264 4388 10244 2759 4518 10060 END
START 18228 1692 7612 4141 3967 8830 END
START 19040 2172 7216 3707 2530 7756 END
START 18408 2832 7996 4078 1505 6646 END
START 17712 3608 8340 4030 521 5693 END
START 17992 4080 7192 3952 -170 4726 END
START 18552 4500 5852 3678 -530 3822 END
START 18316 4652 5636 3247 -656 3067 END
START 17632 4604 5944 2773 -836 2348 END
START 17356 4484 5904 2215 -873 1694 END
START 17480 4480 5280 1717 -724 1158 END
START 17244 4536 5300 1192 -303 740 END
START 17724 4428 5024 776 106 384 END
START 18356 4644 4944 347 721 110 END
START 18920 4924 5196 -56 1368 -191 END
START 19440 5160 5800 -434 1958 -509 END
START 20308 5556 5876 -795 2583 -979 END
START 21392 5788 6328 -1133 3250 -1567 END
START 22016 5880 6968 -1402 3887 -2249 END
START 22680 5904 7412 -1571 4374 -3094 END
START 23244 6052 7660 -1718 4791 -3990 END
START 23500 6048 8292 -1736 4954 -5034 END
START 24108 6192 8824 -1657 5074 -6152 END
START 25204 6208 8968 -1510 5160 -7345 END
START 25528 6100 9624 -1231 4990 -8637 END
START 25324 6252 10416 -877 4488 -10059 END
START 25388 6368 10732 -456 3742 -11534 END
START 25208 6496 11020 43 2764 -13028 END
START 25136 6452 11196 570 1708 -14509 END
START 24648 6492 11312 1125 523 -16050 END
START 24256 6440 10960 1650 -807 -17623 END
START 23660 6620 10796 2101 -2134 -19059 END
START 22916 6488 10408 2553 -3511 -20502 END
START 21940 6724 10340 2947 -4863 -21718 END
START 20908 6712 10108 3257 -6269 -22739 END
START 20036 6828 9832 3620 -7701 -23715 END
START 19160 6868 9616 3951 -9167 -24571 END
START 18500 6672 9556 4354 -10610 -25401 END
START 17812 6752 9216 4763 -12047 -26214 END
START 17276 6824 8996 5131 -13303 -27006 END
START 16892 6948 8768 5459 -14452 -27820 END
START 16404 7064 8408 5696 -15485 -28521 END
START 15848 7316 8048 5909 -16399 -29234 END
START 15208 7480 7580 6041 -17203 -29989 END
START 14972 7560 6888 6093 -17805 -30680 END
START 14448 7668 6588 6080 -18162 -31325 END
START 14016 7740 5784 6083 -18186 -31914 END
START 13788 7840 4728 5991 -17902 -32448 END
START 13524 8116 3604 5821 -17308 -32768 END
START 13076 8216 2264 5506 -16518 -32768 END
START 12500 8588 1232 4892 -15705 -32768 END
START 11552 8860 -184 4073 -14830 -32768 END
START 10568 8888 -876 2940 -14136 -32768 END
START 9396 8900 -1800 1631 -13499 -32768 END
START 8224 8804 -2332 103 -12894 -32768 END
START 6776 8704 -2648 -1438 -12389 -32768 END
START 5356 8384 -2852 -3123 -11874 -32768 END
START 3744 8260 -2392 -4668 -11489 -32768 END
START 2328 8060 -1760 -6129 -11231 -32768 END
START 896 7864 -1160 -7408 -10851 -32768 END
START -328 7776 -340 -8550 -10512 -32768 END
START -1496 7492 604 -9412 -10122 -32768 END
START -2748 7164 1592 -10189 -9882 -32768 END
START -4204 6864 2848 -10807 -9703 -32768 END
START -5692 6444 3932 -11231 -9685 -32768 END
START -7248 6016 5232 -11602 -9767 -32768 END
START -8688 5596 6376 -11755 -10014 -32768 END
START -11164 5484 8348 -11805 -10422 -32768 END
START -12640 5780 9896 -11635 -10845 -32591 END
START -14080 6008 11028 -11311 -11264 -31659 END
START -15420 5880 12620 -10867 -11718 -30650 END
START -16900 5736 14120 -10217 -12307 -29586 END
START -17904 5480 15508 -9392 -12908 -28389 END
START -18888 5240 16684 -8424 -13387 -27199 END
START -19908 5148 17508 -7413 -13837 -25919 END
START -21196 4904 18240 -6318 -14128 -24539 END
START -21976 5048 18528 -5244 -14113 -23111 END
START -22684 5040 18496 -4287 -13754 -21609 END
START -23212 5028 17956 -3492 -13129 -20015 END
START -24236 5092 17560 -2897 -12259 -18364 END
START -25340 5264 17160 -2517 -11384 -16594 END
START -26452 5336 16780 -2396 -10568 -14731 END
START -27484 5356 16576 -2399 -9764 -12714 END
START -28656 5296 16600 -2490 -9079 -10739 END
START -30116 5080 16576 -2656 -8411 -8505 END
START -30988 4900 16840 -2759 -7591 -6127 END
START -31488 4752 16840 -2792 -6795 -3749 END
START -32128 4816 17076 -2807 -5865 -1262 END
START -32464 4728 17372 -2743 -4984 1237 END
START -32304 4492 17924 -2690 -4201 3713 END
START -31832 4076 17980 -2543 -3425 6181 END
START -31044 3896 18100 -2458 -2574 8449 END
START -30316 3700 17988 -2416 -1697 10596 END
START -29176 3300 18020 -2337 -742 12725 END
START -28104 2940 17936 -2306 241 14561 END
START -27064 2664 17832 -2300 1269 16479 END
START -26004 2420 18048 -2259 2322 18145 END
START -24832 2232 18232 -2227 3232 19697 END
START -23524 2104 18084 -2195 4302 21141 END
START -22400 1984 18044 -2126 5206 22344 END
START -21128 1740 17996 -2031 6112 23358 END
START -19976 1596 17808 -1915 6941 24243 END
START -18784 1704 17624 -1784 7687 24929 END
START -17812 1692 17520 -1624 8366 25533 END
START -17068 1576 17376 -1389 8890 26044 END
START -16256 1588 17452 -1120 9207 26523 END
START -15748 1512 17136 -804 9319 26946 END
START -15132 1864 16616 -440 9193 27315 END
START -14456 1964 16140 -89 8947 27623 END
START -13856 2044 15380 203 8602 27834 END
START -13344 2136 14828 460 8168 28091 END
START -12568 2284 13924 648 7735 28269 END
START -11940 2556 13248 739 7273 28460 END
START -11416 2736 12388 772 6891 28608 END
START -10840 2904 11720 754 6520 28777 END
START -10120 2892 10888 697 6220 28969 END
START -9428 2832 10048 548 5956 29180 END
START -8760 2652 9228 374 5795 29404 END
START -7992 2696 8540 125 5742 29603 END
START -7300 3000 7576 -159 5864 29776 END
START -6508 3308 6736 -586 6074 29944 END
START -5540 3780 6052 -1018 6425 30045 END
START -5028 3988 5632 -1605 6893 30098 END
START -4340 4020 4952 -2234 7426 30109 END
START -3804 4060 4728 -2915 8139 30108 END
START -3628 3964 4332 -3673 8891 30180 END
START -3432 3884 4032 -4456 9745 30335 END
START -3488 4048 3624 -5275 10642 30528 END
START -3652 4000 3920 -6036 11471 30814 END
START -3772 4140 4024 -6801 12317 31128 END
START -3488 4216 4204 -7565 13117 31446 END
START -2804 4148 3940 -8234 13923 31758 END
START -2088 4056 3760 -9034 15045 32058 END
START -1216 3764 3952 -9800 16196 32307 END
START -324 3656 3996 -10596 17400 32492 END
START 616 3340 4236 -11441 18577 32527 END
START 1396 3272 4644 -12263 19736 32482 END
START 2396 3248 5100 -13136 20911 32288 END
START 3024 2972 5656 -13907 21957 32029 END
START 3500 2892 6392 -14642 22775 31713 END
START 3788 2628 7304 -15066 23373 31292 END
START 3840 2364 7888 -15580 23691 30905 END
START 3780 2280 8768 -15833 23650 30515 END
START 3652 2120 9524 -15977 23346 30245 END
START 3476 2280 9940 -16098 22811 30032 END
START 3844 2176 10480 -16123 22142 29868 END
START 4376 2148 10876 -16128 21364 29722 END
START 5056 2156 11296 -16143 20535 29550 END
START 5632 2172 11788 -16254 19545 29283 END
START 6564 2232 12212 -16262 18577 28974 END
START 7088 2148 12952 -16268 17547 28612 END
START 7840 2252 13684 -16145 16475 28157 END
START 8652 2340 13880 -16007 15510 27763 END
START 9552 2464 13900 -15764 14723 27320 END
START 10776 2732 14068 -15524 14212 26813 END
START 12144 2816 13728 -15366 13972 26119 END
START 13668 2896 13648 -15311 13745 25194 END
START 14620 3028 13644 -15303 13672 24169 END
START 15320 3368 13616 -15411 13436 23029 END
START 15876 3620 13808 -15584 13567 21966 END
START 16288 3864 14252 -15774 13130 21024 END
START 16784 4132 14548 -15985 13171 20164 END
START 17156 4316 14772 -16207 13147 19416 END
START 17392 4212 15160 -16394 13065 18604 END
START 17888 4184 15872 -16522 12585 17811 END
START 18176 4208 16544 -16585 12322 16964 END
START 18708 4268 17388 -16596 11873 16063 END
START 19116 4204 18196 -16515 11385 15201 END
START 19504 4340 18844 -16358 10872 14377 END
START 19920 4468 19548 -16193 10270 13597 END
START 20784 4700 20548 -15906 9642 12762 END
START 21476 4792 21008 -15564 9197 11965 END
START 22476 4704 21632 -15200 8791 10999 END
START 23264 4720 22224 -14788 8422 9997 END
START 24228 4804 22908 -14302 8087 8995 END
START 25208 4964 23588 -13776 7685 7898 END
START 26272 5188 24020 -13216 7331 6664 END
START 27188 5576 24576 -12594 6928 5261 END
START 27740 5800 24868 -11962 6455 3851 END
START 28400 5792 25340 -11350 5934 2332 END
START 28976 5868 25580 -10758 5317 808 END
START 29708 5908 25744 -10108 4655 -777 END
START 30468 5936 25820 -9524 4085 -2394 END
START 31224 6096 25584 -8954 3602 -4074 END
START 32020 6076 25556 -8441 3294 -5863 END
START 32404 6120 25264 -7931 3099 -7721 END
START 32767 6132 24744 -7505 3053 -9640 END
START 32767 5976 24232 -7118 3217 -11668 END
START 32767 5720 23396 -6836 3593 -13652 END
START 32767 5348 22648 -6595 4103 -15557 END
START 32524 5092 21580 -6475 4848 -17455 END
START 31684 4800 20404 -6451 5816 -19240 END
START 30792 4392 19496 -6592 6867 -20883 END
START 29416 3876 18208 -6809 7985 -22513 END
START 27896 3284 17448 -7085 8981 -23888 END
START 26584 2808 16584 -7423 9965 -25120 END
START 25552 2608 15768 -7740 10942 -26247 END
START 24200 2324 14804 -8188 11894 -27408 END
START 23328 2032 14376 -8627 12683 -28586 END
START 22272 1396 14332 -9058 13415 -29784 END
START 21128 996 13888 -9392 13947 -30957 END
START 19760 360 13804 -9677 14365 -32090 END
START 18436 -332 13716 -9834 14545 -32768 END
START 17040 -820 13524 -9917 14493 -32768 END
START 16056 -1132 13252 -9934 14302 -32768 END
START 15864 -1196 12744 -9899 14076 -32768 END
START 16144 -1540 11992 -9996 14125 -32768 END
START 16892 -1672 11168 -10162 14436 -32768 END
START 17864 -2164 10432 -10466 15068 -32768 END
START 18320 -2624 9740 -10772 15714 -32768 END
START 18564 -3244 9668 -11148 16356 -32768 END
START 18540 -3824 9204 -11567 16996 -32768 END
START 18256 -4432 8588 -12018 17616 -32768 END
START 17540 -4928 8304 -12485 18223 -32768 END
START 16304 -5540 8132 -12955 18659 -32768 END
START 14920 -6368 7612 -13409 18878 -32768 END
START 13100 -7132 7572 -13864 18817 -32768 END
START 10964 -7996 7712 -14356 18389 -32768 END
START 7644 -9048 8328 -14656 17552 -32768 END
START 4568 -9588 8848 -15138 16235 -32768 END
START 1644 -9864 9520 -15435 14568 -32768 END
START -1148 -9872 10776 -15725 12564 -32768 END
START -3860 -9616 11896 -15865 10477 -32768 END
START -6188 -9456 12764 -15996 8501 -32768 END
START -8408 -9280 14312 -16050 6606 -32768 END
START -10420 -9160 16112 -15942 4573 -32768 END
START -12156 -8984 17868 -15754 2455 -32768 END
START -13608 -8884 19668 -15458 480 -32768 END
START -15176 -9036 21260 -14923 -1037 -32768 END
START -15380 -10112 22540 -14266 -2299 -32768 END
START -16632 -10968 23696 -13302 -2377 -32768 END
START -19808 -10524 26304 -12323 -3305 -32768 END
START -21644 -10092 27972 -10949 -3839 -32768 END
START -22864 -9512 27980 -9635 -3748 -32768 END
START -24128 -9108 29240 -8255 -3723 -32768 END