START 32767 12868 -7612 -4679 -7846 30434 END
START 32767 6540 644 -6910 1601 12976 END
START 32767 7512 5708 -6421 7085 221 END
START 32767 6012 3872 -5602 5817 -9715 END
START 32767 4296 3744 -6608 1437 -19141 END
START 32767 2260 5040 -6811 -307 -26977 END
START 32767 -120 3856 -7422 1093 -32768 END
START 31124 -2404 2336 -9480 2465 -32768 END
START 25680 -4616 3076 -11263 2593 -32768 END
START 20752 -6484 2844 -13076 2462 -32768 END
START 14696 -10424 4348 -15298 2706 -32768 END
START 8932 -12296 8104 -16631 714 -32768 END
START 5124 -15604 14048 -17460 -2216 -32768 END
START -1216 -20168 21668 -15039 -5734 -32768 END
START -7072 -21968 26080 -10417 -7293 -32768 END
START -13408 -24992 27660 -6459 -4602 -32768 END
START -27228 -26864 29316 -991 -4260 -32768 END
START -32768 -26228 28000 3042 -5600 -32768 END
START -32768 -23516 24408 4600 -2043 -25854 END
START -32768 -20624 20124 3645 1927 -11998 END
START -32768 -17604 16292 2829 2785 52 END
START -32768 -15488 13552 2173 1011 9011 END
START -32316 -13852 11632 1609 -916 17797 END
START -28620 -13060 10732 535 -2036 26633 END
START -24360 -13604 9912 -955 -2727 32767 END
START -19320 -14884 9380 -3092 -2589 32767 END
START -14972 -16556 9504 -4078 -2330 32767 END
START -10676 -18172 9304 -5464 -987 32767 END
START -7120 -20360 8508 -6764 329 32767 END
START -3928 -22592 7172 -9608 2987 32767 END
START 888 -24500 7320 -13622 6865 32767 END
START 11076 -23664 9604 -18889 11179 32767 END
START 26856 -21404 17604 -20866 11890 32767 END
START 32767 -13316 19380 -19527 12531 32767 END
START 32767 -12752 19448 -18526 7219 32767 END
START 32767 -12708 21152 -17166 -3199 32061 END
START 32767 -10948 21328 -14045 -9034 26055 END
START 32767 -8044 20248 -13326 -6102 17437 END
START 32767 -4468 22920 -11745 3760 3561 END
START 32767 -1592 19896 -11152 17917 -16204 END
START 32767 -6652 14480 -12426 29266 -32768 END
START 32767 -12204 13016 -11869 29472 -32768 END
START 32767 -15184 11520 -11042 26148 -32768 END
START 31528 -18892 8864 -11474 23460 -32768 END
START 23124 -25872 8096 -12014 16642 -32768 END
START 10184 -32768 12184 -8128 2418 -32768 END
START -2860 -32768 18692 -3341 -10546 -32768 END
START -15424 -32620 24880 1131 -12102 -32768 END