START 20352 4648 -9860 -4820 17443 8922 END
START 20696 936 -15972 -4781 16733 7534 END
START 19080 6116 -4412 -7293 17609 6445 END
START 18996 2356 -5772 -6785 16931 5262 END
START 20268 2924 -5228 -7777 16363 4032 END
START 20592 3120 -5292 -7898 16244 2747 END
START 18204 4176 2136 -8518 14475 1528 END
START 17416 5052 5244 -8465 11350 391 END
START 16308 6248 7304 -8171 7667 -554 END
START 14948 7360 8184 -7391 4054 -1322 END
START 14160 8216 9460 -6384 446 -1840 END
START 14628 8152 9032 -5194 -2440 -2230 END
START 15436 7664 8312 -3836 -4664 -2542 END
START 16172 7000 7044 -2449 -6352 -2764 END
START 16836 6832 6272 -1295 -7386 -3035 END
START 17436 6772 5416 -375 -8185 -3284 END
START 18088 7064 4284 208 -8715 -3462 END
START 18764 7476 2716 519 -9003 -3753 END
START 19592 8196 1356 462 -9004 -4027 END
START 20236 8508 -16 166 -8879 -4479 END
START 21004 8684 -660 -401 -8570 -4939 END
START 22044 9096 -1312 -1180 -8054 -5556 END
START 22916 9024 -1484 -2098 -7480 -6226 END
START 24176 8928 -1436 -2995 -6841 -6996 END
START 25096 8932 -1452 -3884 -6138 -7888 END
START 26052 9004 -960 -4683 -5446 -8920 END
START 26760 9116 -540 -5335 -4826 -10074 END
START 27320 9208 56 -5970 -4296 -11327 END
START 27824 9360 668 -6536 -3883 -12671 END
START 28196 9400 872 -6980 -3524 -14123 END
START 28468 9584 1304 -7456 -3171 -15641 END
START 28596 9560 1836 -7880 -2915 -17229 END
START 28368 9724 2384 -8331 -2947 -18907 END
START 27896 9700 2780 -8792 -3179 -20526 END
START 27324 9780 3216 -9227 -3576 -22197 END
START 26276 9768 3908 -9657 -4287 -23880 END
START 25436 9676 4340 -10050 -4920 -25352 END
START 24676 9604 4776 -10402 -5614 -26729 END
START 23684 9448 5484 -10726 -6246 -28063 END
START 22300 9248 6664 -10971 -6982 -29381 END
START 21168 9160 7428 -11094 -7796 -30561 END
START 20192 9148 8032 -11162 -8472 -31642 END
START 19124 9028 8772 -11099 -9096 -32648 END
START 18072 8776 9156 -10996 -9524 -32768 END
START 17012 8620 9460 -10806 -9896 -32768 END
START 15956 8320 9656 -10575 -10170 -32768 END
START 14676 7948 9716 -10326 -10344 -32768 END
START 13388 7688 9652 -10091 -10436 -32768 END
START 12280 7648 9364 -9985 -10416 -32768 END
START 11316 7708 9172 -9975 -10313 -32768 END
START 10236 7588 9088 -10068 -10224 -32768 END
START 9080 7224 9236 -10282 -10182 -32768 END
START 7668 6864 9708 -10521 -10236 -32768 END
START 5612 6544 10280 -10839 -10290 -32768 END
START 4152 6528 11052 -11028 -10340 -32768 END
START 2600 6716 11680 -11124 -10244 -32768 END
START 1104 6768 12416 -11083 -10106 -32768 END
START -276 6736 13204 -10845 -9926 -32768 END
START -1428 6528 13712 -10498 -9828 -32768 END
START -2764 6384 14556 -10110 -9819 -32768 END
START -3996 6136 14932 -9663 -9931 -32768 END
START -5156 5952 15688 -9219 -10148 -32768 END
START -6364 5776 16068 -8758 -10369 -32768 END
START -7316 5648 16272 -8332 -10536 -32768 END
START -8372 5524 16392 -7961 -10585 -32768 END
START -9744 5408 16772 -7604 -10578 -32765 END
START -10900 5308 16776 -7250 -10465 -32158 END
START -11892 4872 16896 -6914 -10206 -31525 END
START -12964 4460 16892 -6619 -9865 -30760 END
START -14308 4372 16936 -6350 -9375 -29935 END
START -15820 4384 16976 -6081 -8814 -28933 END
START -17400 4268 17040 -5851 -8323 -27849 END
START -18780 4192 17228 -5567 -7812 -26609 END
START -20088 3988 17352 -5303 -7309 -25321 END
START -21584 3676 17400 -5047 -6865 -23830 END
START -22788 3584 17572 -4790 -6484 -22251 END
START -23876 3572 17796 -4492 -6189 -20645 END
START -24952 3680 17804 -4235 -5834 -18927 END
START -25720 3696 17740 -3940 -5479 -17155 END
START -26376 3796 18040 -3643 -5129 -15334 END
START -26840 3704 18092 -3340 -4805 -13633 END
START -27196 3436 18168 -2989 -4477 -11834 END
START -27576 3320 17984 -2672 -4109 -10018 END
START -27784 3148 17904 -2329 -3630 -8281 END
START -28176 3024 17896 -2023 -3196 -6470 END
START -28360 2940 17660 -1610 -2706 -4642 END
START -28080 2900 17408 -1246 -2276 -2871 END
START -28160 2940 17180 -905 -1920 -1160 END
START -27892 2864 16844 -555 -1567 490 END
START -27448 2784 16492 -248 -1232 2091 END
START -27080 2524 16228 45 -897 3579 END
START -26564 2368 15484 297 -567 5027 END
START -26088 2124 15208 477 -247 6475 END
START -25400 2116 14796 624 26 7825 END
START -24868 1984 14288 716 226 9136 END
START -24504 1948 14052 762 467 10364 END
START -23736 1812 13800 836 725 11625 END
START -23220 1608 13372 865 971 12915 END
START -22564 1612 13332 933 1251 13949 END
START -22012 1496 13168 1009 1545 15128 END
START -21492 1388 12832 1127 1891 16297 END
START -21152 1136 12780 1294 2127 17440 END
START -20724 1044 12284 1441 2429 18563 END
START -20480 1032 11900 1623 2655 19711 END
START -20056 952 11548 1696 2934 20844 END
START -19588 972 10828 1747 3200 21913 END
START -18748 996 10196 1766 3508 22990 END
START -18116 876 9828 1652 3800 24015 END
START -17520 784 8948 1516 4138 24996 END
START -16844 576 8120 1272 4473 25896 END
START -16276 220 7624 1056 4741 26793 END
START -15648 -48 6752 734 4996 27661 END
START -14980 -204 5920 372 5268 28481 END
START -14268 -316 5344 -138 5579 29271 END
START -13476 -560 4600 -684 6010 30071 END
START -12672 -508 3996 -1348 6592 30810 END
START -12040 -708 3372 -2097 7359 31546 END
START -11248 -632 3048 -2886 8187 32273 END
START -10552 -776 2576 -3748 9085 32767 END
START -9944 -908 2544 -4609 9970 32767 END
START -9368 -1124 2232 -5489 10880 32767 END
START -8912 -1244 2396 -6360 11797 32767 END
START -8500 -1236 2424 -7237 12762 32767 END
START -7984 -1268 2504 -8055 13368 32767 END
START -7504 -1392 2616 -8827 14332 32767 END
START -7032 -1604 2632 -9615 15048 32767 END
START -6388 -1680 2892 -10468 15813 32767 END
START -5820 -1848 3228 -11326 16582 32767 END
START -5340 -1752 3420 -12183 17214 32767 END
START -4756 -1756 3824 -13018 17904 32767 END
START -4172 -1820 4240 -13787 18384 32767 END
START -3504 -1864 4996 -14509 18810 32767 END
START -2892 -1864 5616 -15167 19031 32767 END
START -2164 -1964 6492 -15658 19144 32767 END
START -1392 -2164 7416 -16132 19124 32767 END
START -648 -2288 8308 -16497 19026 32767 END
START 80 -2376 9088 -16757 18759 32767 END
START 996 -2372 10072 -16948 18513 32767 END
START 2236 -2212 11104 -17054 18209 32767 END
START 4372 -1820 12072 -17088 17978 32767 END
START 6424 -1728 13052 -17100 17820 32767 END
START 8800 -1604 13944 -17004 17738 32767 END
START 10996 -1636 14960 -16769 17602 32767 END
START 13316 -1288 16032 -16357 17380 32767 END
START 15904 -1044 16648 -15859 17132 32767 END
START 18184 -604 17324 -15297 16924 32767 END
START 20240 -152 17848 -14549 16613 32767 END
START 21996 112 18200 -14193 16184 32767 END
START 23036 684 18668 -13537 15584 32767 END
START 23892 1336 18984 -13003 14793 32767 END
START 25012 2384 19416 -12517 13745 32767 END
START 25832 2996 19648 -12015 12743 32595 END
START 26480 3352 19964 -11496 11449 31061 END
START 27132 3708 20140 -10987 10253 29444 END
START 27444 4020 20652 -10405 8952 27914 END
START 27444 4128 21264 -9758 7439 26522 END
START 27344 4464 22060 -9010 5655 25165 END
START 27444 4644 22760 -8194 3706 23974 END
START 27744 4708 22920 -7280 1861 22799 END
START 28012 4748 22980 -6338 185 21700 END
START 28452 5108 23256 -5342 -1404 20620 END
START 28880 5388 23056 -4321 -2968 19574 END
START 29308 5832 22840 -3335 -4404 18517 END
START 29976 6296 22468 -2430 -5722 17480 END
START 30620 6536 21904 -1625 -7047 16311 END
START 31224 6800 21628 -965 -8339 15151 END
START 31620 7032 21208 -350 -9579 13942 END
START 32168 7232 20632 166 -10614 12715 END
START 32767 7640 19568 689 -11342 11290 END
START 32767 8188 18160 1094 -11743 9904 END
START 32767 8760 15904 1309 -11790 8376 END
START 32767 9052 14324 1241 -11415 6901 END
START 32767 9108 12640 961 -10829 5398 END
START 32767 9140 11060 355 -10003 3896 END
START 32767 9456 9868 -473 -9037 2357 END
START 32767 9632 9124 -1461 -7977 907 END
START 32767 9724 8344 -2544 -6790 -666 END
START 32767 9948 7812 -3660 -5575 -2235 END
START 32767 10056 7640 -4761 -4426 -3816 END
START 32767 9788 7684 -5788 -3358 -5339 END
START 32767 9564 8036 -6676 -2310 -6838 END
START 32712 9348 8264 -7375 -1444 -8209 END
START 31688 9076 8536 -7981 -594 -9519 END
START 30568 8808 8768 -8449 108 -10739 END
START 29248 8724 8908 -8899 671 -11912 END
START 28300 8460 8960 -9314 1066 -12951 END
START 27020 8284 8748 -9711 1437 -14011 END
START 25832 7808 9040 -10120 1572 -15077 END
START 24796 7516 9220 -10480 1510 -15997 END
START 23736 7232 9232 -10740 1376 -16868 END
START 22708 6944 9316 -11006 1079 -17710 END
START 21712 6736 9472 -11197 659 -18439 END
START 21060 6520 9356 -11313 183 -19120 END
START 20436 6388 9536 -11422 -389 -19797 END
START 20160 6192 9416 -11524 -968 -20439 END
START 20320 6044 9160 -11678 -1517 -21117 END
START 20588 5808 8684 -11821 -2021 -21944 END
START 20868 5552 8344 -12042 -2452 -22832 END
START 21140 5332 8272 -12270 -2787 -23794 END
START 21308 5292 7852 -12467 -3022 -24879 END
START 21312 5212 7700 -12704 -3307 -25963 END
START 21256 5092 7176 -13018 -3662 -27146 END
START 21080 4984 6872 -13396 -3977 -28316 END
START 21032 4684 6272 -13880 -4339 -29557 END
START 20896 4456 5704 -14416 -4542 -30747 END
START 20584 4096 5408 -14984 -4700 -31974 END
START 20344 3944 5256 -15711 -4828 -32768 END
START 19852 3716 5040 -16430 -4887 -32768 END
START 19296 3620 4776 -17122 -4798 -32768 END
START 18968 3568 4848 -17888 -4615 -32768 END
START 18456 3200 4764 -18689 -4364 -32768 END
START 18032 2884 4868 -19414 -3980 -32768 END
START 17104 2240 5208 -20173 -3551 -32768 END
START 16448 1896 5476 -20907 -3193 -32768 END
START 15660 1400 5612 -21622 -2851 -32768 END
START 14728 824 6064 -22354 -2534 -32768 END
START 13560 240 6680 -23098 -2299 -32768 END
START 12160 -296 7468 -23837 -2307 -32768 END
START 10584 -636 8424 -24535 -2430 -32768 END
START 9228 -1032 9708 -25164 -2724 -32768 END
START 7916 -1112 10756 -25683 -3055 -32768 END
START 6652 -1120 12104 -26052 -3416 -32768 END
START 5524 -1232 13792 -26288 -3813 -32768 END
START 4608 -1348 14924 -26393 -4284 -32768 END
START 3780 -1596 16428 -26366 -4708 -32768 END
START 2788 -2064 17820 -26247 -5150 -32768 END
START 1828 -2364 19548 -26070 -5680 -32768 END
START 608 -2600 21240 -25775 -6189 -32768 END
START -496 -2660 22952 -25379 -6691 -32768 END
START -1856 -2700 24408 -24909 -6978 -32768 END
START -3276 -2612 25908 -24357 -7222 -32768 END
START -5540 -2752 27876 -23690 -7300 -32768 END
START -7340 -3200 29560 -22898 -7263 -32768 END
START -8964 -3576 30896 -21926 -6942 -32768 END
START -11120 -3656 32276 -20809 -6495 -32768 END
START -12960 -3640 32767 -19618 -6046 -32768 END
START -14996 -3928 32767 -18313 -5629 -32768 END
START -16656 -4508 32767 -16888 -5144 -32768 END
START -18808 -4740 32767 -15317 -4845 -32393 END
START -20824 -4472 32767 -13556 -4812 -30287 END