START 22920 7652 -13680 13439 4043 11544 END
START 18996 4160 -8400 8399 -1771 9246 END
START 25728 4648 -3644 5517 -2162 4598 END
START 27872 6204 -1492 3900 -1801 -578 END
START 30368 7676 -420 1676 -976 -7102 END
START 32767 8092 -2476 -1891 1161 -14533 END
START 32536 6816 -1268 -5057 1325 -22052 END
START 29872 5596 -36 -6397 -405 -27773 END
START 29128 4992 472 -7658 -2085 -32768 END
START 26624 3436 1352 -9628 -2330 -32768 END
START 22844 1076 3120 -12005 -1441 -32768 END
START 16636 -3412 5784 -14095 -865 -32768 END
START 9044 -7688 10740 -14594 -3544 -32768 END
START 3184 -10340 15916 -12325 -10570 -32768 END
START 236 -12748 19640 -9136 -16634 -32768 END
START -3628 -15012 20348 -7580 -15368 -32768 END
START -12096 -18552 20276 -7645 -10726 -32768 END
START -21204 -21728 21244 -7985 -7049 -32768 END
START -32768 -23144 23720 -6172 -6612 -32768 END
START -32768 -23248 25588 -3190 -5753 -30681 END
START -32768 -22176 23844 -1092 -3328 -13772 END
START -32768 -20164 20748 -330 -2603 3699 END
START -32768 -17980 18456 295 -3470 16676 END
START -32232 -16184 16472 1057 -4636 26617 END
START -27588 -15284 14540 1573 -5075 32767 END
START -23268 -15532 12432 1532 -4836 32767 END
START -19172 -15832 10536 725 -3890 32767 END
START -13564 -16912 9296 -1526 -1979 32767 END
START -8980 -18728 9176 -4688 1096 32767 END
START -3216 -21088 10432 -7903 5729 32767 END
START 2876 -22076 14468 -11040 12627 32767 END
START 14404 -20448 19936 -11302 21219 32767 END
START 20436 -15780 19624 -8835 23610 32767 END
START 23548 -11828 11076 -9926 16581 32767 END
START 24528 -9620 7804 -14755 3018 32767 END
START 28156 -9848 14008 -16316 -10584 32767 END
START 32767 -6192 15300 -14342 -13740 32767 END
START 32767 -2144 11332 -15092 -4205 24393 END
START 32767 -916 8716 -18395 5442 12956 END
START 32767 -644 7660 -20762 6674 2391 END
START 32767 -612 6068 -22186 5303 -9521 END
START 32767 -3132 5612 -23652 4128 -23064 END
START 32767 -7416 5368 -24401 3110 -32768 END
START 32767 -10936 2120 -25688 7645 -32768 END
START 32767 -16084 -3248 -30369 13875 -32768 END
START 31656 -25496 -2900 -32768 17485 -32768 END
START 24000 -32768 -2188 -32768 19352 -32768 END
START 11816 -32768 8120 -32768 16527 -32768 END
START -2188 -32768 25364 -32768 8751 -32768 END