START 32767 16704 -920 7849 1688 -919 END
START 30368 10084 4536 7051 274 -4720 END
START 27152 11036 5036 4878 -3201 -5204 END
START 32767 12712 3800 1609 -4603 -8160 END
START 32767 12200 4656 -3268 -1087 -16309 END
START 32767 9084 5868 -6375 2842 -23880 END
START 30292 6732 7208 -6845 3538 -29080 END
START 25596 4840 6968 -6381 424 -32719 END
START 24632 4064 7448 -6092 -3542 -32768 END
START 23644 2200 8644 -6367 -6939 -32768 END
START 19936 72 10572 -6859 -8882 -32768 END
START 14984 -2672 13756 -6685 -12115 -32768 END
START 9400 -5776 17888 -6285 -16128 -32768 END
START 2704 -9544 22908 -5768 -18099 -32768 END
START -5484 -12296 29552 -2874 -19945 -32768 END
START -11400 -13636 32500 1827 -20682 -32768 END
START -14648 -15832 30088 6391 -20180 -32768 END
START -18136 -17416 26372 7267 -18309 -32768 END
START -25008 -19748 24656 7073 -14712 -32768 END
START -31268 -19788 21780 6438 -11120 -27384 END
START -32768 -19448 18816 5086 -6130 -17876 END
START -32768 -17872 16088 4014 -2831 -7687 END
START -32768 -16212 13192 3746 -1854 1861 END
START -32768 -14076 10504 3596 -2010 9909 END
START -32084 -12888 8300 3353 -3564 17819 END
START -28544 -11744 6412 1602 -3923 25888 END
START -24852 -12128 7040 -1267 -2206 32767 END
START -22668 -13716 9660 -3771 -784 32767 END
START -19772 -15796 13024 -4974 -573 32767 END
START -14764 -17436 15140 -6141 663 32767 END
START -8856 -19184 16732 -7402 3147 32767 END
START -4420 -20056 17840 -7362 5260 32767 END
START 496 -19892 16956 -6385 6559 32767 END
START 5364 -19176 14372 -6944 9930 32767 END
START 7756 -19100 10756 -8982 11075 32767 END
START 14260 -19000 13032 -10349 5424 32767 END
START 30948 -14828 14188 -9781 2805 32767 END
START 32767 -9716 14708 -9677 4766 32767 END
START 32767 -5760 13280 -9564 5782 32767 END
START 32767 -372 10952 -10348 8213 31468 END
START 32767 3072 9472 -12258 10966 18490 END
START 32767 4660 7864 -15012 13396 4540 END
START 32767 3852 8708 -16702 15059 -7997 END
START 32767 1956 7820 -17466 16734 -21802 END
START 32767 -2352 6932 -18262 17731 -32768 END
START 32767 -7152 5640 -19164 18055 -32768 END
START 32767 -14180 5064 -21841 19395 -32768 END
START 32767 -22444 6044 -23136 21010 -32768 END
START 27804 -30032 6144 -23648 19539 -32768 END
START 19388 -32768 9628 -22473 13793 -32768 END
START 12032 -32768 14672 -20413 6790 -32768 END
START 736 -32768 23424 -17658 1439 -32768 END