START 28560 8332 6824 4960 -7313 15391 END
START 27332 2840 2136 6903 -16114 14591 END
START 32492 2240 2660 5766 -19466 10484 END
START 32767 4708 2760 2989 -17292 2535 END
START 32767 5320 2404 -991 -9570 -9024 END
START 32767 3388 1384 -5037 -5816 -16567 END
START 32767 2404 2604 -8307 -5752 -22729 END
START 32767 796 4212 -10122 -5071 -29627 END
START 32767 -1876 5204 -12029 -3073 -32768 END
START 30332 -5440 6744 -13348 -1117 -32768 END
START 25972 -9052 8720 -14663 971 -32768 END
START 18856 -13324 12556 -14866 404 -32768 END
START 10024 -15172 16816 -13555 -2704 -32768 END
START 4156 -16012 21500 -11249 -5066 -32768 END
START 720 -17048 22812 -8437 -4641 -32768 END
START -8392 -20252 22224 -6328 -2126 -32768 END
START -22860 -23572 23640 -3329 -3198 -32768 END
START -32768 -24348 24156 657 -5553 -32768 END
START -32768 -22948 22388 2186 -4030 -31906 END
START -32768 -22076 19664 3069 195 -18805 END
START -32768 -21488 16104 3518 801 -6179 END
START -32768 -19436 12776 3236 -717 6199 END
START -32768 -17892 10024 1758 -876 17508 END
START -32768 -17576 8984 -648 -430 28326 END
START -29392 -18928 9212 -3102 -583 32767 END
START -25148 -20916 12080 -4890 -369 32767 END
START -21968 -23832 14804 -4187 -584 32767 END
START -17060 -26620 15780 -2375 -1136 32767 END
START -12872 -29156 15968 62 -618 32767 END
START -8316 -32768 14124 768 939 32767 END
START 88 -32768 11928 -830 1673 32767 END
START 13872 -32768 14036 -2240 -740 32767 END
START 32767 -28616 15520 -1075 -6077 32767 END
START 32767 -18512 12784 -89 -5257 32767 END
START 32767 -11024 10176 -998 -2171 32767 END
START 32767 -4240 7520 -2589 2792 32767 END
START 32767 -140 4908 -5257 7846 22910 END
START 32767 2068 2972 -7331 9559 12366 END
START 32767 3728 2036 -9440 11156 -1294 END
START 32767 3908 264 -11697 13582 -18845 END
START 32767 -2008 -1720 -14728 17035 -32768 END
START 32767 -8292 -700 -17722 17106 -32768 END
START 32767 -13692 1440 -19781 16829 -32768 END
START 32767 -21656 3740 -21956 17756 -32768 END
START 30032 -28904 5980 -24650 17001 -32768 END
START 18600 -32768 13812 -25583 12251 -32768 END
START 3592 -32768 26260 -19891 3090 -32768 END
START -8348 -32768 32767 -11269 -4841 -32768 END