START 32767 10972 424 7530 2583 13396 END
START 19040 5952 1052 7913 -6919 12120 END
START 18104 5692 7004 7865 -11776 10003 END
START 24832 8236 4096 5754 -12308 5820 END
START 30916 9064 2880 2255 -10549 -286 END
START 32767 10152 2140 -723 -6477 -7114 END
START 32767 9780 452 -4419 -3628 -14665 END
START 32767 9068 372 -7574 -3781 -20251 END
START 32767 8428 2152 -9976 -3389 -25577 END
START 32767 7012 3920 -11601 -3282 -31624 END
START 32767 4740 6544 -12232 -4338 -32768 END
START 29800 1640 8344 -12574 -5249 -32768 END
START 23208 -2816 12464 -12886 -7237 -32768 END
START 15316 -7864 18228 -11457 -10907 -32768 END
START 5372 -12728 23736 -7675 -16438 -32768 END
START -3488 -16724 25876 -2471 -22940 -32768 END
START -12156 -19440 25156 -154 -23932 -32768 END
START -22480 -20912 23276 -1125 -20875 -32768 END
START -30360 -20856 22276 -5371 -13548 -32768 END
START -32768 -20144 24704 -9501 -5294 -24062 END
START -32768 -20220 28156 -8375 -3000 -14296 END
START -32768 -19220 29312 -2871 -5727 -6222 END
START -32768 -16680 26092 2500 -6349 1581 END
START -32768 -14248 20188 4355 -4156 9338 END
START -31204 -12488 15436 3786 -1180 17503 END
START -28424 -12176 13452 1649 1264 25927 END
START -25076 -12748 13472 181 2354 32767 END
START -22300 -14648 13564 -422 1674 32767 END
START -18696 -16512 13204 -513 920 32767 END
START -14072 -19068 12736 -830 747 32767 END
START -8808 -21108 11836 -1172 1071 32767 END
START -712 -21888 11028 -2699 3844 32767 END
START 9000 -20984 11044 -6785 8862 32767 END
START 18028 -18616 15700 -10250 14819 32767 END
START 21068 -16896 18156 -9349 13654 32767 END
START 19532 -15584 15272 -8285 4417 32767 END
START 22400 -16336 17080 -7024 -4430 32767 END
START 32767 -12628 18412 -4172 -9661 32767 END
START 32767 -4724 16652 -2817 -6415 32767 END
START 32767 3180 11124 -4587 2680 23060 END
START 32767 5984 8796 -8104 8532 8088 END
START 32767 6016 8532 -9990 9715 -4244 END
START 32767 4180 7092 -11392 10589 -15863 END
START 32767 1136 6356 -13111 11759 -26834 END
START 32767 -3640 6668 -14739 10904 -32768 END
START 32767 -8484 7324 -15754 9411 -32768 END
START 32767 -14032 7992 -17228 8307 -32768 END
START 32767 -19164 10352 -17859 7406 -32768 END
START 27444 -25704 9056 -19234 7657 -32768 END
START 18776 -31368 10412 -22358 8231 -32768 END
START 4080 -32768 18196 -20613 2789 -32768 END
START -9480 -32768 28132 -11631 -7217 -32768 END
START -16020 -32768 27780 -4956 -7938 -32768 END