START 32767 9232 -1176 3413 -1558 7712 END
START 30412 8288 -4648 2009 -11477 4882 END
START 32767 8700 -320 911 -14035 -570 END
START 32767 10064 3096 -1593 -10789 -7136 END
START 32767 11128 -176 -5470 -3814 -14307 END
START 32767 10692 172 -9180 -1252 -21040 END
START 32767 9440 1632 -11178 -1742 -27151 END
START 31604 7444 3280 -11777 -2653 -32768 END
START 27864 4968 5160 -12547 -4303 -32768 END
START 22336 1100 8420 -13069 -6211 -32768 END
START 16252 -3048 12216 -13465 -8738 -32768 END
START 9196 -8164 17068 -12571 -11307 -32768 END
START -1512 -13832 19980 -11841 -11333 -32768 END
START -18820 -20260 23780 -10544 -10469 -32768 END
START -32768 -23652 27512 -6988 -12871 -32768 END
START -32768 -22308 28376 -2279 -15130 -30194 END
START -32768 -18996 25428 -1206 -12071 -11965 END
START -32768 -16392 22812 -2260 -6180 2753 END
START -32768 -14208 21412 -2341 -2717 11887 END
START -31876 -12552 19712 -470 -2717 18800 END
START -27852 -11576 16904 1914 -3909 25122 END
START -25104 -11392 13792 3993 -4924 32767 END
START -21032 -12008 10012 3713 -3990 32767 END
START -15680 -12136 7860 877 -598 32767 END
START -10328 -12636 6484 -2955 3811 32767 END
START -7292 -13592 6320 -6702 7641 32767 END
START -3524 -14636 5900 -10461 9204 32767 END
START 2512 -14660 6276 -14512 11101 32767 END
START 10572 -12440 8900 -19215 14216 32767 END
START 16068 -10112 15144 -20190 18080 32767 END
START 18260 -10288 14524 -20227 17772 32767 END
START 24744 -9908 17136 -21341 12124 32767 END
START 32767 -9308 22116 -21058 7984 32767 END
START 32767 -5936 28064 -18596 6135 26699 END
START 32767 -496 28972 -15254 10555 12317 END
START 32767 1908 26464 -14031 18169 -6943 END
START 32767 -1276 23872 -13367 22716 -24377 END
START 32767 -5344 22456 -11009 23699 -32768 END
START 32767 -7940 17936 -9806 24420 -32768 END
START 32767 -13184 13608 -10523 23666 -32768 END
START 27628 -21228 12568 -10166 15827 -32768 END
START 18952 -28524 15440 -7272 1148 -32768 END
START 10576 -32440 17272 -3084 -12635 -32768 END
START 3480 -32768 16528 -1761 -18354 -32768 END
START -6228 -32768 16312 -2757 -12598 -32768 END